-10381.522122053244
-5536.787029467776
-4670.065856429076
-2202.7584301535576
-1666.4527026541914
-1338.312631629283
-1282.1479096722298
-1167.1635276659215
-1000.7409086640746
-836.7541186440491
-827.8592633483485
-822.3004125181753
-674.4424822917562
-673.6594676620603
-550.5342174911384
-537.8054578959691
-438.0323113212541
-425.36565322364805
-404.78836237001246
-389.2682743225138
-375.23520237521575
-345.7588053936653
-316.3481720804783
-295.7136425708292
-264.1823399347455
-235.16581482546454
-226.0015745473607
-200.95908117004004
-177.94924508338377
-174.7604942684878
-174.45538465840343
-171.14805576219558
-153.34815887892393
-151.89208740080446
-150.5080164415486
-144.29050347725016
-141.22100759692913
-140.78812364957463
-137.66744696517964
-127.74331452947176
-121.23227810807157
-113.33842181357242
-113.05066678267835
-107.71946384529042
-105.81572400484032
-98.7406924122508
-96.27389368289349
-96.22654872186304
-94.47781032450892
-92.86202208852818
-90.8980606001583
-89.99088675572322
-89.31800617940671
-87.10133023429258
-84.9811248453889
-82.40142652854924
-80.43273744819851
-80.40687441694757
-80.26367107310776
-78.7612650320041
-75.89969283460727
-74.61277706929667
-72.1115661500274
-67.7026024251726
-67.0471861032022
-66.30237035285445
-65.49151221450701
-64.73555100443606
-64.69957959167034
-64.42285575710343
-62.436336100290134
-61.361770217606136
-60.67286952097826
-60.35469621075995
-60.16011356900928
-59.87752050132082
-59.234617237233024
-59.1214786306901
-58.65775810866466
-57.19911223317898
-56.91703290263919
-56.76508658617451
-55.16282404804598
-54.263588026796135
-53.88578779314265
-52.61634504957858
-52.23090762896723
-51.95290760078129
-51.56475120331001
-51.42253633410596
-50.38256196524849
-49.37670347329517
-47.94854919003281
-47.926034340790736
-47.76883120452508
-46.697049960915294
-46.514768579179304
-46.29666877954525
-46.00294313996626
-45.268790640369915
-44.885808129632714
-43.84728155604519
-43.38982844273249
-43.09614741576911
-41.94581585423742
-41.86047534382763
-41.129689676078
-40.501032301486845
-40.1875186761782
-40.18380964273529
-40.12197428610267
-39.16230597889039
-38.702058911206464
-38.478720832990646
-38.25588877450484
-37.945855240892605
-36.641899425684585
-36.59932807300897
-36.333999849531466
-36.32217082552555
-36.29001338128497
-36.19518540093517
-35.565148354597355
-35.11352393349426
-34.99206321973942
-34.94650930238929
-34.93471419885311
-34.81293715950708
-34.54531650461
-34.154812500005704
-34.12362134678081
-33.85901630646156
-33.71993838661075
-33.37443683164682
-32.881275539862976
-32.81517664965721
-32.78382594709227
-32.5165077439291
-32.350325816750235
-32.261500647959835
-32.07354353612114
-31.724214130998096
-31.677753140295604
-31.48526590468559
-31.349216594743055
-30.72074235703979
-30.628444756581274
-30.412721859238836
-30.35820838227016
-30.083264438319294
-29.936271828826385
-29.903260404618276
-29.69058642396361
-29.64144226263792
-29.289521189707465
-29.191138558633128
-29.011685601535792
-28.935350595030936
-28.82322577612332
-28.798892187210082
-28.18946573706566
-28.093007929601384
-27.380606010085998
-27.218549841689608
-27.217899033595288
-27.000031334607627
-26.973224073988874
-26.858915130166114
-26.68944085272619
-26.619413533120017
-26.52204749990163
-26.25553477749624
-26.184292698595453
-26.042875205512257
-26.042283387139715
-25.99913495050508
-25.896889418810993
-25.874866885087393
-25.755800367111373
-25.740184167952382
-25.648088211896386
-24.86864097516282
-24.758342068071876
-24.342857468753166
-24.14793668112903
-24.128144638800674
-23.78955824785844
-23.633449292620263
-23.631376349174815
-23.514627246855575
-23.470512631890625
-22.89133290694702
-22.86068978530975
-22.84800561488641
-22.28741489778688
-22.216822918706107
-22.210565854962066
-22.075742263650103
-21.711248950119725
-21.363224571378602
-21.19098990099107
-21.14631982566334
-21.09667642967112
-21.056544314458677
-21.01906754974555
-20.973002103840102
-20.889258481455965
-20.878517509551966
-20.758439677167125
-20.694661139354817
-20.675716439267706
-20.647294484285485
-20.61056278673343
-20.430824355490728
-20.37496883440179
-20.22306611895468
-20.156012942470632
-19.907155615486946
-19.879552183471873
-19.80107241035291
-19.4747914735151
-19.447415400220425
-19.431383774465342
-19.370955342145393
-19.297018952473707
-19.021346447501788
-18.999339566433008
-18.890348642888267
-18.842387773764678
-18.834977457296752
-18.636861905298552
-18.61529547217499
-18.48887018287172
-18.389423600576468
-18.29875917759818
-18.25739207361828
-18.12091055942894
-17.9703665279908
-17.964213523756133
-17.916793114207287
-17.910808951603453
-17.888419715251878
-17.858319092420327
-17.852556296855006
-17.844887323077952
-17.771385511591387
-17.759061151163838
-17.724758482168745
-17.71953830251382
-17.607452793790785
-17.582945755902614
-17.502346664097054
-17.44092347566067
-17.410617578815156
-17.315796435482532
-17.299736702905548
-17.187722019806536
-16.94482425372404
-16.91751320390262
-16.90367133143945
-16.902334491582646
-16.883204704329025
-16.85369689847102
-16.776366511947938
-16.55774634045128
-16.533336305615645
-16.508497805441003
-16.398485141394644
-16.363867792591236
-16.337675852675385
-16.331548303578675
-16.316696911229123
-16.308293143707115
-16.305385966138477
-16.252805394489915
-16.223497055173503
-16.22092858641331
-16.20914670036986
-16.160011417071345
-15.92251207383073
-15.889461719922092
-15.764472488230336
-15.702395903428094
-15.64731970664215
-15.558066314729784
-15.468461305757403
-15.425276402569034
-15.409127494581059
-15.351578409218543
-15.204620585270678
-15.155131429872302
-15.119782558570979
-15.086253954410765
-15.064548928469712
-15.013581546146252
-14.724794988303302
-14.710835671018046
-14.699790912527309
-14.69245784377885
-14.68032895303331
-14.626356024341723
-14.618855944582169
-14.589566509212052
-14.562465423614986
-14.398590758546536
-14.38712642325477
-14.333477827362517
-14.224105597590423
-14.195808231238743
-14.195479223382812
-14.139915355353805
-14.076184517806094
-14.072575775219743
-14.061161481071883
-14.03766900649368
-13.896110602541375
-13.86051819691045
-13.859718754241543
-13.851834619909999
-13.816421763555416
-13.804433117800922
-13.756497500694914
-13.746557643385866
-13.707114396565139
-13.664149069644246
-13.591226252919736
-13.558734012922564
-13.499452683033972
-13.495957246225665
-13.466919769129264
-13.444456046971927
-13.428059110725608
-13.407862231322387
-13.373524359433974
-13.365014131333053
-13.317876551921888
-13.309645913914203
-13.282537259036694
-13.277425072419847
-13.218276493301934
-13.188038409189202
-13.165787351115478
-13.12281006922181
-13.122256497658162
-13.107134146504965
-13.09827058472053
-13.0838642991328
-13.046023433490369
-13.012451138251388
-12.97818726317822
-12.937979263498327
-12.887812184796097
-12.853975858696469
-12.828951944180625
-12.820817212011715
-12.713200532324283
-12.678994677103194
-12.598033869819371
-12.580884687967355
-12.551275281125312
-12.444943495334696
-12.34505783227198
-12.342794771259939
-12.327275399321218
-12.316601832003283
-12.297563659104009
-12.201375202480559
-12.179777296797619
-12.169490317328046
-12.129720069675423
-12.088259750127097
-12.055466716118836
-12.050114940293666
-12.0407835590482
-11.948906141480538
-11.945163497450018
-11.905134066429392
-11.90300967478533
-11.880946557404998
-11.862846583884863
-11.855573624103652
-11.822290319570932
-11.820230622444868
-11.76198182689595
-11.734221325469548
-11.688139206226838
-11.651958520902086
-11.650042324526824
-11.644156113843376
-11.610812746579462
-11.531328971031131
-11.42277427480099
-11.40874978324756
-11.389628372648168
-11.343515621995826
-11.28142401973611
-11.275983053052725
-11.208270162146764
-11.174699198322795
-11.174425181720524
-11.173252321781503
-11.166767550046899
-11.163218782116541
-11.108722897557747
-11.08388234261059
-11.077895750610182
-11.069702438764477
-10.960667700177629
-10.9591276915094
-10.93068590714212
-10.89094702563069
-10.850081171267954
-10.841765538580182
-10.806058335449093
-10.78852619517305
-10.788202709662901
-10.763150888696186
-10.760347916096691
-10.73681258062383
-10.714671239598129
-10.708069219530413
-10.682115176303979
-10.678410295349048
-10.661644788846596
-10.597536193490912
-10.579959027840816
-10.545722536442167
-10.531774616674138
-10.488697256140316
-10.45386688351225
-10.452936353125208
-10.431088933256499
-10.421844564469238
-10.404569982012587
-10.392404415887743
-10.368221409749738
-10.360913380141112
-10.321708356734177
-10.317146448729986
-10.296415337906163
-10.278790611078582
-10.265256491098784
-10.2595969071151
-10.222847366655087
-10.204475022227715
-10.190401823053733
-10.155931984142974
-10.152347078310676
-10.147848500889406
-10.134718860438666
-10.086382860684203
-10.07964630853024
-10.06908255998772
-10.058863376432647
-10.030957105785246
-10.029272093993777
-10.019731609827332
-9.997688983591441
-9.989460233932379
-9.971571387339552
-9.921673936595225
-9.90801610077768
-9.907947482566847
-9.899679797086252
-9.89363235468147
-9.869809017650649
-9.861109305038017
-9.85565732406099
-9.846892490444212
-9.838428921776828
-9.828896785562991
-9.817701738669907
-9.799655797619053
-9.780154039867577
-9.770448612726014
-9.7613322107137
-9.743850816556929
-9.727439231865514
-9.702669237427642
-9.662249211396322
-9.646476283771545
-9.634584364511381
-9.611083603859448
-9.61044997263154
-9.609139239817242
-9.59973248330799
-9.599715940314788
-9.585143491206312
-9.567916815989893
-9.56703020828411
-9.54855540580061
-9.538208978767504
-9.52237531649652
-9.501718060905032
-9.500179534032121
-9.496587884605308
-9.478543454068125
-9.46384684052494
-9.443541392192756
-9.43896064151268
-9.435997357597843
-9.426123626408902
-9.380301963421152
-9.36484317512756
-9.355551071649778
-9.313714775665634
-9.27430435574491
-9.266621538848549
-9.259822549748424
-9.218262767343505
-9.201752632587306
-9.197452529556424
-9.1186790810674
-9.096369893268072
-9.077342059515656
-9.066436257592265
-9.058316494009762
-9.037040881391324
-9.030696167341432
-9.028235605529536
-9.026973001919554
-9.019966114233497
-8.981082124619087
-8.980597523701109
-8.975966844178776
-8.968831809551743
-8.95840346029415
-8.951719389458601
-8.873487815068252
-8.849213303523936
-8.803689281579635
-8.797004216887236
-8.79166488663541
-8.788494867440093
-8.788220250658775
-8.784986829150318
-8.75022858733347
-8.740195099587764
-8.731295397962441
-8.722540700791422
-8.700701829247521
-8.668128509597539
-8.64560487952817
-8.616285261241586
-8.613281691578358
-8.611931125986251
-8.584272403716213
-8.581333869486889
-8.54094040444988
-8.53757202656993
-8.517171742986438
-8.504419915699966
-8.493477361054788
-8.49219708605319
-8.465012079257924
-8.45448542128453
-8.453691394979925
-8.441967154984676
-8.410539660390159
-8.401285980908199
-8.362484161232036
-8.349611678669781
-8.336014401031386
-8.296552215088704
-8.289456405539523
-8.264032721082028
-8.258324110896961
-8.239023370207534
-8.22363808263501
-8.21913783973261
-8.206405006115109
-8.203263536045093
-8.200689440251308
-8.166646692104234
-8.163896291470182
-8.15725221487621
-8.153693990153094
-8.1426072867821
-8.140088097722868
-8.13792624304712
-8.13468417832511
-8.121518736448266
-8.119565567605045
-8.1194978643781
-8.110327724040912
-8.106186384038708
-8.104653639564434
-8.083592985174684
-8.081280966806146
-8.077078295326618
-8.067708842683274
-8.049080270130036
-8.048169107383302
-8.039194777625081
-8.030514764470606
-8.011517185071295
-8.011233107274572
-8.007393918826425
-7.959135681671269
-7.958004379928048
-7.951884038760656
-7.939522533005768
-7.927594055158964
-7.922101955769367
-7.909773714579989
-7.899941926856026
-7.880593000306991
-7.856796944968909
-7.846878716138429
-7.842323537204766
-7.831319003579756
-7.829638738075935
-7.820915725730179
-7.819104298375795
-7.814913113504385
-7.806738602724883
-7.789752572221094
-7.788037507982039
-7.778071567615457
-7.774051147330458
-7.7731446528523245
-7.761491256814551
-7.761338178794288
-7.748338727259518
-7.747004882969115
-7.73844363163173
-7.716051220753707
-7.694177386380684
-7.689251672852213
-7.685342337538012
-7.674220551982343
-7.663519066216753
-7.635161277247093
-7.623208176011949
-7.607717936802182
-7.60368971104427
-7.565706768637665
-7.542966243272794
-7.537916209848453
-7.531026189518048
-7.52192127004566
-7.52138872158688
-7.50405078173961
-7.493594483498778
-7.4916924000367064
-7.482198520270462
-7.478852120362433
-7.472564168911028
-7.434848712970733
-7.4313563230157405
-7.429915675866631
-7.408276806359822
-7.400941153842659
-7.398140243666679
-7.383921304850833
-7.378372845232885
-7.37357331190702
-7.3619218511089
-7.347082770300929
-7.329937583296952
-7.32250866950146
-7.296212026817415
-7.291885791865116
-7.286286415395972
-7.263488739142626
-7.248538047442782
-7.2471844002654136
-7.238951602361441
-7.200363927069907
-7.18855563336651
-7.154180395388468
-7.144019139687595
-7.12675209803381
-7.1262094427114935
-7.125570176798469
-7.123893146713698
-7.120375402628179
-7.1114427562514555
-7.110271174515308
-7.092546344003226
-7.089785325305225
-7.063466649763899
-7.050933215961571
-7.035519952033443
-7.033128479684795
-7.031185054259575
-7.015364909320322
-6.971088790667765
-6.961056762949447
-6.958584494048868
-6.953601600346561
-6.953297606027194
-6.94983225121514
-6.949537704517661
-6.945284909087628
-6.9287133036010475
-6.906507938810217
-6.892329517750319
-6.889592474384994
-6.882410489002174
-6.8720830201039655
-6.863065168874704
-6.852490163298509
-6.846966609182296
-6.818046528449099
-6.816566423898157
-6.816560030813825
-6.810054268688753
-6.80914754850454
-6.7595444676476255
-6.748396689069761
-6.721379671362692
-6.706524230810711
-6.689524919846587
-6.684670261704855
-6.655641733455607
-6.654432882810499
-6.649981473057121
-6.645769223398544
-6.611850950076337
-6.609706761385631
-6.609204103407083
-6.588516489026355
-6.584918025978794
-6.581470581358559
-6.57166765071182
-6.571483804819732
-6.560898708146759
-6.537157612542887
-6.531325195765673
-6.5252748185664515
-6.522423235138077
-6.521726734140032
-6.518391700357764
-6.509655300437089
-6.507808032379147
-6.494693345975704
-6.474684309697132
-6.473539268105846
-6.463440407447402
-6.451027776070011
-6.433142788966625
-6.429842294973978
-6.420201311363909
-6.4185229984011904
-6.416532903409396
-6.41214833066609
-6.408653086409832
-6.400977395722753
-6.400799966461621
-6.398131534759244
-6.384820030506164
-6.382727518097423
-6.380370025768027
-6.3629714446966625
-6.350471945508219
-6.345847070893844
-6.342905208914483
-6.3197181644823415
-6.310187384056431
-6.303502156384729
-6.300543310217987
-6.29903899854952
-6.285352937511471
-6.276482065319557
-6.269164958042738
-6.254537923677511
-6.249865235708617
-6.242952676869184
-6.239731192991828
-6.208429442418563
-6.20725532668147
-6.181611023869452
-6.1732717611705965
-6.169129309410756
-6.166269485713405
-6.1615602760518255
-6.159795721305212
-6.158922923247611
-6.1512132739007965
-6.143961349889193
-6.125319149753103
-6.10185363807547
-6.083089175102975
-6.081733015735189
-6.071833669224022
-6.069680418608672
-6.068205148638814
-6.061667309913907
-6.036774751943913
-6.02752266532069
-5.985589331889582
-5.978943814505962
-5.971962289197017
-5.967106203922641
-5.96594498272477
-5.963277985777873
-5.950841360369401
-5.9505731976723
-5.921391761105623
-5.919677992172787
-5.918661497824978
-5.910027526227156
-5.897890148287443
-5.892367279264672
-5.888861268792905
-5.887521257515111
-5.866271165963722
-5.862980132022457
-5.861440217526234
-5.846714242399409
-5.835554698048236
-5.833475995181962
-5.829769096802153
-5.823576937050895
-5.820517683124583
-5.819969016862571
-5.810305983264848
-5.78860943321669
-5.780342712825925
-5.76539203678024
-5.762069996094347
-5.755750588888175
-5.750797945623884
-5.75025527210063
-5.7435736297129525
-5.739873966793462
-5.732534548316288
-5.727187233617374
-5.718995609325204
-5.708302329898374
-5.70453575228829
-5.703762019768005
-5.690577988141806
-5.689330830901682
-5.683353843168774
-5.678847517647117
-5.677843678561349
-5.672588177476785
-5.667070263991201
-5.653341708588902
-5.65121361331942
-5.6510929729380655
-5.64625545013488
-5.644241319431424
-5.63573194452335
-5.634391123894927
-5.619828169300417
-5.59612259370184
-5.592690616645301
-5.571562157830081
-5.566571536600982
-5.560715905601319
-5.558956002610217
-5.554718136254122
-5.549608779903941
-5.546314150959692
-5.536839694849495
-5.5070863437534765
-5.504070512719594
-5.500722419939098
-5.499025825557025
-5.48728944006624
-5.4858107745207345
-5.480465711690153
-5.469069475092041
-5.450671024404004
-5.447865363302414
-5.439103089359835
-5.419584734634018
-5.418071969815234
-5.417682633319221
-5.393789424148881
-5.39054916441208
-5.387938275709216
-5.38161856039798
-5.3784104042931205
-5.375401409772785
-5.372324502706419
-5.364179821836563
-5.361230059245398
-5.348556179667687
-5.333707054409791
-5.333566383097735
-5.332636082042029
-5.331278885503421
-5.326141181941455
-5.318074059220423
-5.305912853058838
-5.2946686480289875
-5.27894885312321
-5.277094144948304
-5.268330013554346
-5.265110861872745
-5.261046608831009
-5.260186177762728
-5.250604679772772
-5.2454881556839155
-5.222807337923447
-5.2224367587231235
-5.219408536004095
-5.20277281452433
-5.194009244805239
-5.191462417136712
-5.187626561132403
-5.185577157221369
-5.182336388458842
-5.178978925063252
-5.176525804677112
-5.169826983298231
-5.160718115736234
-5.149449230318467
-5.144247670793286
-5.13724652040128
-5.13246764756647
-5.11661243431099
-5.107104661858529
-5.1010134046161255
-5.095900118029165
-5.089932634138216
-5.079644288877324
-5.076575746595018
-5.070307858311994
-5.062042383133358
-5.0616247610889396
-5.058007094479273
-5.044154760391525
-5.028051420809815
-5.021880119566912
-5.008806694377285
-5.006008417184273
-5.001714351223652
-5.001047757504189
-4.998560582903216
-4.992215903515843
-4.988199396921232
-4.986903641304135
-4.9857355709301485
-4.9825613422326605
-4.974600126920429
-4.963533049200444
-4.950500866644657
-4.940505531917706
-4.939000031311298
-4.936770777089049
-4.933056266489949
-4.92768743420342
-4.926777244479992
-4.91935424211337
-4.915448117195199
-4.914532975537488
-4.911918285695881
-4.90672615720362
-4.904525338430209
-4.8986488852044
-4.881797321602862
-4.881513531411885
-4.875992130221771
-4.873880705759577
-4.869434028264238
-4.857136839598249
-4.848556545083242
-4.842009362536226
-4.836350806192111
-4.834530354148834
-4.833997624673387
-4.828675071524198
-4.825541839930496
-4.824223943072159
-4.813699295555697
-4.805485196443234
-4.805397185749515
-4.800383846930711
-4.798760752616307
-4.788983652113229
-4.785440819836726
-4.780023122377141
-4.775089979242832
-4.772777700915447
-4.756613121226133
-4.754594112414874
-4.748984321172556
-4.745699637903566
-4.737396022244707
-4.736360031813472
-4.726692928807946
-4.726169564164195
-4.717121718530675
-4.71378597640112
-4.705690409354639
-4.703482117003097
-4.698451820955351
-4.696607290282914
-4.694895054811525
-4.688583193749283
-4.688256034789839
-4.685281198061869
-4.680966922546787
-4.674233941988745
-4.672358823048652
-4.665343999044044
-4.661356750094149
-4.656754420836588
-4.646879586660952
-4.6378647262628006
-4.637433493295839
-4.637349811442596
-4.631872875265488
-4.624822777085933
-4.616656969057674
-4.607329886644514
-4.605095040146308
-4.595316233245603
-4.590358268283789
-4.59033242786192
-4.5817663588686415
-4.581696359391759
-4.580078833946814
-4.576349858368754
-4.566869235033076
-4.564440358471622
-4.563529814726247
-4.5629615838371
-4.557717808991936
-4.555499227679401
-4.553042749997135
-4.54190828403046
-4.531409547584204
-4.507388288314938
-4.503210947681734
-4.5021906717006575
-4.499713628859004
-4.494303603017347
-4.489556997080709
-4.486829440441086
-4.486325610922669
-4.481025484230814
-4.4802117635365
-4.479973305998174
-4.472324669736765
-4.463609716129125
-4.463540970924094
-4.4519537780654215
-4.451101549194304
-4.442558320881645
-4.4360091075369965
-4.434774351643494
-4.427766214368088
-4.423043974216724
-4.417208289120713
-4.4170764300946495
-4.41676151618014
-4.406511559959506
-4.403007190462075
-4.398510099205166
-4.386706817244047
-4.378290886391848
-4.369160530696033
-4.364360476125044
-4.363378938290493
-4.362825933923556
-4.3616079407715596
-4.357223758914855
-4.351288598331235
-4.344285507313208
-4.342870155732055
-4.32609946380543
-4.324935219246434
-4.322260538263608
-4.320603566552325
-4.3205328892859765
-4.319455725332391
-4.314414882017747
-4.3020964795868455
-4.292137810122785
-4.287172269770577
-4.283522658012421
-4.281350658034952
-4.279730760789942
-4.279097887558611
-4.277856758039244
-4.274622237395485
-4.274608401830398
-4.269390281841014
-4.261455246032064
-4.245510090586574
-4.241302977288918
-4.2410569766852255
-4.237746942969365
-4.2207987786584695
-4.214157176073277
-4.206571812921327
-4.197322324936469
-4.195349900691721
-4.193479080975004
-4.183564730205379
-4.177927070935714
-4.173777533506353
-4.154796689470811
-4.14972482405493
-4.133667326875365
-4.126669595459576
-4.119748924916709
-4.117527602398312
-4.116030080085407
-4.109510854321486
-4.109120043184216
-4.101783060922093
-4.098068033943376
-4.078472171376677
-4.076690502733909
-4.073793422071518
-4.070514518146374
-4.064435756651167
-4.064200728775209
-4.063670529286839
-4.059673394730286
-4.054484450563013
-4.043998823438247
-4.043195224353179
-4.035525336965727
-4.026347926819431
-4.025924794778648
-4.020766455972577
-4.018552687221573
-4.010289982704445
-4.009740693055285
-4.004095487592524
-4.001911846942899
-3.9954075025901323
-3.994303759962441
-3.9827946552693145
-3.9809912537478973
-3.9762239932243433
-3.964298051623807
-3.96367838957733
-3.9574526077114354
-3.9564914080357654
-3.954263205264672
-3.9517690635994813
-3.9431062018442775
-3.940546067326501
-3.936094926988435
-3.9340972835868957
-3.9322015609970364
-3.9295223176906564
-3.926780960537944
-3.920635455381028
-3.9204796005855633
-3.9193164140836414
-3.912396169871713
-3.9036439634797575
-3.90197293767918
-3.901278284019714
-3.8984641393816144
-3.894989063215411
-3.8939997274264417
-3.8905452313889937
-3.8903394575487744
-3.8899262356777418
-3.876407384325936
-3.8753744095754628
-3.873235977346632
-3.8723539474238224
-3.869343454016902
-3.8680633196603478
-3.8656368335799574
-3.8627526474349203
-3.8599564317285924
-3.855264955313814
-3.8537865100421564
-3.840910862565387
-3.8405004219924517
-3.831493902531748
-3.8279865584296395
-3.82619808142911
-3.8191690197782386
-3.8144737779111133
-3.811229915154295
-3.8094011524964864
-3.8023744802476838
-3.7993182225193656
-3.7967981657532928
-3.796425851600471
-3.7962699728737537
-3.7960459867740513
-3.795997095578751
-3.795782743747787
-3.7952553334854553
-3.7913634625637247
-3.791276458653194
-3.7865114223605767
-3.7652296924003315
-3.7638368640420876
-3.7594815004947897
-3.7580495888510423
-3.754978795502507
-3.75240554702214
-3.7385495947487795
-3.7345238382350368
-3.733579980085983
-3.7320709803013488
-3.7280455313290863
-3.726887567644196
-3.72477348626275
-3.724558423446168
-3.7240375348347916
-3.721518797348198
-3.7167892460686396
-3.71513827373841
-3.714351953250981
-3.699136835178325
-3.69653171827788
-3.6934057790531254
-3.6892239024682882
-3.6885444025918033
-3.6832790349947993
-3.6695391326183984
-3.6666736748996787
-3.6607661808726952
-3.660130976571459
-3.6528371307702594
-3.6505321577248706
-3.643180526176252
-3.640543650023562
-3.639316510896286
-3.6356839026078758
-3.629076714683753
-3.6223302497222845
-3.6217784322011344
-3.6170333786863775
-3.616483286271758
-3.6072768808508084
-3.6022730969276617
-3.5968145263054745
-3.570220879523658
-3.5652079211955865
-3.56311315594193
-3.5624758756839223
-3.5469087808323527
-3.5456779014098925
-3.5394491095727076
-3.5394429119590027
-3.534895017410579
-3.522062853594488
-3.5205221960194653
-3.5147042701462805
-3.5139980789329046
-3.504188581065197
-3.494229735293482
-3.493820659104057
-3.491654902361068
-3.490389266492609
-3.4869787529515865
-3.4773310369131165
-3.470552562273532
-3.4624285230581595
-3.4394846922755224
-3.4388968433551113
-3.4333264819708003
-3.4321609972828337
-3.4254217899515575
-3.4185210987884895
-3.4103650250809765
-3.4097811865730767
-3.405729845681341
-3.4008824144814387
-3.3976301719951802
-3.397595477266606
-3.3946475979162005
-3.3945156820401694
-3.3875334056615376
-3.3847813604578523
-3.3846795240978476
-3.3817963313530237
-3.3733569612830676
-3.37040666176925
-3.3702655309511886
-3.3650024261608067
-3.3614928201987815
-3.3576393310114794
-3.353523731402843
-3.3484611968716154
-3.3350271204555106
-3.3312172346553464
-3.3209509914866695
-3.317101052252849
-3.3121685424882124
-3.3114726619334833
-3.3047609872023305
-3.3034394449768216
-3.2968500281839126
-3.2932226092542227
-3.2883408134179115
-3.283480186692714
-3.2801194472395427
-3.2731797735279304
-3.270500805315858
-3.2691169343728737
-3.2682558759269824
-3.2678523023508124
-3.262843205803874
-3.2610302490249667
-3.24905946867155
-3.2462691830201154
-3.239116529332648
-3.2366248755108638
-3.224526576236979
-3.2142976563248005
-3.213932203919243
-3.211534579593213
-3.210415283549456
-3.206770632959274
-3.2066798419735623
-3.1998955893872703
-3.1993942587332764
-3.193194578258181
-3.1895194518642116
-3.1864904259556304
-3.1840436817632365
-3.17222761357756
-3.171678347998466
-3.166287303703618
-3.1647665612314118
-3.162040766514064
-3.160795164426534
-3.158031849062903
-3.157605796665412
-3.1506644642986963
-3.1499481267432
-3.1493258831249387
-3.141929542870016
-3.133935855717771
-3.130226148850765
-3.1299013665690087
-3.114703174979204
-3.113929431827779
-3.113740453790323
-3.11289258906521
-3.1094351445077386
-3.09403191101783
-3.092634783217892
-3.091467750374746
-3.087684274458653
-3.078998290030741
-3.0672447315941898
-3.055522919313633
-3.053807865613274
-3.0486632206464357
-3.0444031132314944
-3.041170349028146
-3.0297027129564844
-3.0216945544391933
-3.0184388762026026
-3.018050604437474
-3.0178243479022218
-3.0170546446401456
-3.0167964590286624
-3.0145585710816607
-3.0133838830579958
-3.008733636563366
-3.005953655560461
-2.998853635621025
-2.994688231098692
-2.994085309216818
-2.9939484531963427
-2.9922829451508868
-2.984687952519769
-2.9814747359712435
-2.9812570980992223
-2.9758082938591355
-2.966985599200973
-2.9669842152692794
-2.9660580566951515
-2.9617005131812144
-2.9596035497011224
-2.9577109561489068
-2.9573898105084626
-2.9571213896547253
-2.955922456862703
-2.9526444152354054
-2.9473671087743867
-2.9470771963466538
-2.93508559904379
-2.9343276982025515
-2.926097755864852
-2.9257247596604863
-2.921147824375262
-2.920974531793472
-2.9202176729360794
-2.9185072611986635
-2.9097425985285965
-2.9082788615447575
-2.9051497262753725
-2.903728643921146
-2.8980828996601056
-2.8958630091180804
-2.889696556653401
-2.884097148067479
-2.8838254665684975
-2.879282775888218
-2.878271030159728
-2.8711187246361467
-2.8668157583827933
-2.8663231232197193
-2.8520114647734367
-2.8497780605754177
-2.84857612139543
-2.8485594771030827
-2.8484674174723894
-2.8473863648502356
-2.846980684938773
-2.8456514885625372
-2.841515017419639
-2.8385849499922404
-2.8353940701647655
-2.8336748283539523
-2.8323917110311516
-2.831340629661929
-2.8313081782592913
-2.8297856481886474
-2.827933587652599
-2.82298154775249
-2.8208074048322116
-2.8189839791172506
-2.811122601723302
-2.810669127475586
-2.7995815834961837
-2.798306743285441
-2.796488257392693
-2.7927312746078203
-2.7867022323339814
-2.783209971003237
-2.7805488662517517
-2.7783478276981644
-2.774092393707479
-2.769931993783855
-2.7627063358122843
-2.762503412412814
-2.7619479592565868
-2.7611960536297038
-2.760031315460173
-2.7557387502586326
-2.755160604162224
-2.754052962002346
-2.7534921382494995
-2.7506859657000122
-2.744716038399795
-2.7437677553236
-2.7422769396855315
-2.7391376664044644
-2.732209428842591
-2.721760792551057
-2.7174977318598135
-2.713916101378556
-2.7117972411682163
-2.706388892072384
-2.705773645655449
-2.703855006346015
-2.7011106905381284
-2.700635142084548
-2.700069768013974
-2.6991942327834453
-2.696716109584935
-2.6966204808926113
-2.689241404525381
-2.688696926112888
-2.6884926802460396
-2.687202214397814
-2.6831713733032196
-2.6820038584379025
-2.672884339697609
-2.666520804878524
-2.666137762255461
-2.6658097062931407
-2.6643054766462915
-2.6640571215324904
-2.659847077233926
-2.6567181683135948
-2.649041033740053
-2.647851614199828
-2.6446672649357907
-2.6429634100207218
-2.6421775213613468
-2.6374701999022667
-2.631168322730211
-2.6309032493567814
-2.6232454261214344
-2.621917315465732
-2.616899146850476
-2.6164497999888363
-2.6131782965778028
-2.6123022069089004
-2.6109147603982907
-2.609948809718067
-2.606264102856688
-2.60450946863698
-2.6037321886401883
-2.600472123920085
-2.5961932015479756
-2.5940779210905176
-2.5906355007102846
-2.5880301203852136
-2.5828739692290887
-2.5822518994854176
-2.581047596665784
-2.5794890511068322
-2.5790452988513475
-2.5772607502506375
-2.5747903010121
-2.5691378867720625
-2.5682363685609424
-2.5664350044685023
-2.562923366162602
-2.5603223613005643
-2.557736450410037
-2.5548956178559146
-2.551454123127474
-2.5440640808804824
-2.5385011355139433
-2.5340021414612792
-2.531888819609276
-2.5311116519242485
-2.525773501246908
-2.5250205717781697
-2.5237719730564656
-2.522235238663797
-2.5186917724781774
-2.5181673167870144
-2.5009803513516875
-2.500845022907296
-2.497686564693648
-2.495137095406358
-2.495058767621195
-2.48444065822061
-2.482471457159057
-2.481312582288742
-2.478459008111683
-2.4727038088785585
-2.4699399144200167
-2.469589459138924
-2.469091525997274
-2.467830187885633
-2.4620928907069137
-2.4597107665165234
-2.4513385340520664
-2.4473102152920587
-2.4450897194806496
-2.431407742921257
-2.428073942467351
-2.4200308094853877
-2.4119914705740944
-2.406858830202046
-2.4028246956982877
-2.402152267236258
-2.400354412140741
-2.3968437187853207
-2.395522434463418
-2.3908477932847143
-2.3902466948421073
-2.3889283936932575
-2.388250750761024
-2.3876694403531626
-2.3873825214208035
-2.380250010257698
-2.3784301677628203
-2.3768988199009833
-2.3753119104766167
-2.366208686549283
-2.3647295766234206
-2.363332176799694
-2.36073993348327
-2.3605520609131805
-2.3568943845460146
-2.3546296048584043
-2.3543960316193515
-2.3498660001558016
-2.347371249132811
-2.346903203541289
-2.3432139153291973
-2.343089727753118
-2.3414488822860964
-2.3367040543238184
-2.3354449204003984
-2.333681608947569
-2.3265569752004365
-2.325535145910611
-2.317268330502201
-2.3163742325972336
-2.3147051026900165
-2.3125778347513863
-2.3114323448113767
-2.3097422147230344
-2.3043063200313383
-2.302808890005309
-2.3010766733503303
-2.300839769592791
-2.300743653587245
-2.2998215818139016
-2.2969937821680837
-2.295899264173669
-2.2922185962310335
-2.2779686435879896
-2.2763577932233705
-2.274388081363852
-2.26959777870523
-2.2672875455291597
-2.2627721555537947
-2.2615443509302535
-2.2573787140212787
-2.249843962170626
-2.2488782312063975
-2.244555726983755
-2.2403913693652324
-2.2391992389338826
-2.2359047453391763
-2.235849106808339
-2.234403986618715
-2.231904949339257
-2.231484525522945
-2.231250470893718
-2.2310482841994843
-2.2305192230301913
-2.229067922299204
-2.225186007920757
-2.2246816578087363
-2.2142758255887487
-2.212985943407531
-2.211430937975875
-2.201498537222994
-2.2007548309060345
-2.197903577010735
-2.197082573155898
-2.1948823086103064
-2.1948153693625634
-2.1894734254979484
-2.186476787103584
-2.180410702847861
-2.180050379903618
-2.17658739838754
-2.174743406908694
-2.1733912704839295
-2.1692121698284543
-2.168894540276733
-2.167488237702826
-2.1668408457829385
-2.1655346750186637
-2.164586989911606
-2.15935445505913
-2.158560587881436
-2.1565010473783084
-2.1537396721898916
-2.1528587646579154
-2.1506134021128407
-2.145668342306744
-2.1443867680054627
-2.142709906948868
-2.1413935895081226
-2.138612015452669
-2.137816335540376
-2.1376333395388074
-2.1303461158302848
-2.126253080692214
-2.1258532747706136
-2.125607911121547
-2.124875296188356
-2.123657328540884
-2.1224831027514117
-2.122048479604643
-2.120728894809961
-2.117422919677789
-2.117302126696244
-2.1150116445109397
-2.1140423037567486
-2.1101829920683404
-2.109941591766884
-2.1040765122341814
-2.1002104024893007
-2.098090647115981
-2.0969597759354666
-2.0969334405077706
-2.0959526104763904
-2.0958455184753104
-2.0933412075924926
-2.0931173533863303
-2.0928596937212434
-2.092831787296297
-2.092264404031863
-2.089078034994698
-2.0848608131467667
-2.083522130854346
-2.08175462154245
-2.0771911716295515
-2.075587336200074
-2.0755110122803293
-2.0716317795831354
-2.0671523218816015
-2.0655483033839817
-2.0608628020102615
-2.058300342793897
-2.058031252786008
-2.055707542901664
-2.05082987185062
-2.047579237874711
-2.0465023288062265
-2.0461563790555934
-2.041933051280631
-2.0415271688969785
-2.0398061471998816
-2.038676366894777
-2.038100014603431
-2.0372959062350646
-2.036365757144889
-2.036005205113195
-2.0336053324690155
-2.032168091993687
-2.0201368309019445
-2.016284350911291
-2.0144963170793817
-2.014350828530411
-2.0127346545216276
-2.011792003570175
-2.011385682543316
-2.0094581897109043
-2.0092080006465873
-2.008216263963307
-2.006039385545356
-2.0022128885552357
-2.0013761738185005
-2.001042089735405
-1.9999460671995113
-1.9970451956069784
-1.9933146549128171
-1.9920928599504997
-1.9910754112710114
-1.990082259913982
-1.9897088265685365
-1.988165749086317
-1.9876177886898607
-1.9868792658484704
-1.9868002116226222
-1.9866075684238513
-1.9846290509694673
-1.983529951609123
-1.9826277726931607
-1.9818630177440957
-1.9809759107499907
-1.9793143014122612
-1.9778287636587788
-1.9765374894265753
-1.9746593739557285
-1.9745969446828835
-1.9715245990613903
-1.965503446051931
-1.9650773405470259
-1.9640353511661388
-1.9580172051634064
-1.9533665192544156
-1.9480339434427023
-1.9475911924833178
-1.9469599950140501
-1.9459857794885298
-1.9455261776257062
-1.939078120790618
-1.9365637855280569
-1.9350553020848251
-1.934490623631496
-1.928578446640139
-1.9284873761550125
-1.9275641551230347
-1.927487492731889
-1.925626146894205
-1.924811827939401
-1.9247325764751853
-1.923420233543569
-1.9225579181385795
-1.9155967780901384
-1.9097830385590497
-1.90819713652248
-1.9042422058840769
-1.9039776320873347
-1.9009803683989994
-1.8995366911397515
-1.899086227510192
-1.893869662588347
-1.8913043386746886
-1.8888243637114353
-1.8866622011274266
-1.8864196294933713
-1.885620444614069
-1.8845169649040834
-1.8776617678943193
-1.8747436608175163
-1.872456473513576
-1.8722996650286405
-1.870011098090413
-1.8693691243570638
-1.8655986397077016
-1.865356067008031
-1.8651119925017545
-1.8614507558032567
-1.8586518223653004
-1.852315917512229
-1.8515033920370605
-1.8487480242675192
-1.8475349499575868
-1.84398541751453
-1.843980617602849
-1.8429148235610087
-1.8381802422835922
-1.8359235448506803
-1.8356927807868257
-1.834019907240027
-1.832768476406264
-1.8315280383073802
-1.8284103638386102
-1.8264370894117192
-1.8237407540339117
-1.8221897111073768
-1.816666721164719
-1.8120421026602267
-1.8103038856888491
-1.810258642803547
-1.8089271753189333
-1.8032353605898364
-1.8017871126247376
-1.8014986791467194
-1.800272862541531
-1.7978821794352937
-1.795432107228681
-1.7939041414638144
-1.7909627240050263
-1.7908742377851332
-1.7865632263655224
-1.7808974386827159
-1.7781331231707935
-1.772969308797202
-1.767302017590897
-1.7655521509215255
-1.7653976621280565
-1.7645109958373002
-1.7633742036046478
-1.7633005857116206
-1.7628341432795138
-1.762544144234762
-1.75859522768687
-1.7545730841955778
-1.7544472278450676
-1.7536943420247897
-1.7525064638486478
-1.750777464967774
-1.7500233517541561
-1.7499347267921355
-1.7487356031845847
-1.746818054210424
-1.7460622262781798
-1.7444802959328627
-1.74200662489338
-1.7417172619912225
-1.741348536594188
-1.7413363312722299
-1.7412378674155125
-1.7408081134993543
-1.7377015705359127
-1.7363587476934814
-1.7357239518146796
-1.7349154665508155
-1.7339143002008224
-1.7332232235278258
-1.7319590549455761
-1.7306041238074152
-1.7302384991112927
-1.7291834145263545
-1.7279390276679356
-1.72303874732275
-1.722792273383819
-1.7224140711692106
-1.7196656359331395
-1.7183360245972326
-1.7151541861460198
-1.7111883197407736
-1.7069852197270303
-1.7069706173366983
-1.7069157641014914
-1.705154362419818
-1.7020598353701093
-1.7019400404476315
-1.6977280058845743
-1.6907096438114588
-1.6858137485127955
-1.6797279860130812
-1.679496482073501
-1.6784945720667954
-1.6782546182795468
-1.6765252386399006
-1.6762566406167552
-1.6739797914197596
-1.6737931678833526
-1.6710496240152377
-1.670782752769486
-1.6688798276221566
-1.6685116306787247
-1.6622305175611298
-1.655393614282458
-1.654916329598581
-1.6544576738485226
-1.6543992716577653
-1.6536282667311066
-1.6514914487855252
-1.6502195080977125
-1.6460484676352376
-1.6452577894288591
-1.642776388129658
-1.6377982691762343
-1.6316106761506224
-1.6288099108968186
-1.6269477793192313
-1.6258577059487147
-1.6240598764294023
-1.6182766328659213
-1.6182743466904046
-1.6101197645953924
-1.6083597622777548
-1.6058798869145798
-1.6056000491798041
-1.6004723006746044
-1.6000397209498125
-1.5974671822847277
-1.5970244402939473
-1.5951270093685834
-1.5948355824261153
-1.5940634487241105
-1.594018731609957
-1.5938451214065377
-1.5914559894392886
-1.5906528205008827
-1.5903636674978119
-1.5903311145934487
-1.5869939451030834
-1.585322541258447
-1.5838861694928075
-1.5836541573392857
-1.5810096369293072
-1.580820361115944
-1.5775077967468039
-1.5763369225594968
-1.5750257131347778
-1.573456799636309
-1.572092185654192
-1.5700848965263945
-1.5698917968121482
-1.5674797394896571
-1.5657689755624604
-1.565573601549621
-1.563737179837761
-1.5605589639009856
-1.558338463098972
-1.5549801867218194
-1.5521169456992263
-1.5506677569077256
-1.5501161305367444
-1.5500575451221579
-1.5498956494020273
-1.5485084803174851
-1.5464346150997113
-1.5432334866272321
-1.54254917913848
-1.5408647704485006
-1.5388990328438283
-1.5362099206352495
-1.535038459057089
-1.5331368538859111
-1.527295032481312
-1.5240331399281906
-1.5227633608345237
-1.5171228796534746
-1.5164095562940396
-1.5149987538288268
-1.5124121438734957
-1.5111478313000184
-1.5102596305874634
-1.5078603945902147
-1.5045118000001274
-1.504487158134685
-1.4993186373132443
-1.4927052263994258
-1.4925594686181936
-1.4923973776562551
-1.492395216791257
-1.4921856234522681
-1.4911781432750708
-1.4874205802801053
-1.4873991348876874
-1.4873107518950814
-1.4870856998172552
-1.4858099429065201
-1.4854528137937675
-1.4822375222118815
-1.4815056145820518
-1.4799961053273996
-1.4765424619825613
-1.4755614685308498
-1.4745405179034385
-1.4700891464080776
-1.467890329790055
-1.4677742126522562
-1.4663637229374111
-1.4631027791978006
-1.4618376629873004
-1.4537608343540598
-1.4516336524095843
-1.449787244827313
-1.449312830460078
-1.4467612410790722
-1.4466555789182345
-1.4429752359050412
-1.4403812585537628
-1.4395945513304444
-1.4394892493809135
-1.437545433191933
-1.433451868436165
-1.43091173975527
-1.4303852000146124
-1.4272935088881278
-1.4242438674955764
-1.4230827611567598
-1.4223223941525889
-1.4219743971406138
-1.420473075481211
-1.4203319653868274
-1.4201533808578501
-1.4194946818368086
-1.4142955892558695
-1.4112119738796958
-1.4098050564238622
-1.4094906545082337
-1.4092764047197464
-1.4091359421398544
-1.4000135543510719
-1.397750565195888
-1.3965740617261235
-1.395834032959976
-1.3921995607942241
-1.3918276701365706
-1.391317275209089
-1.3903679584040622
-1.3891467076909128
-1.3887971047444818
-1.387583866470411
-1.3850872346038277
-1.3823279773677692
-1.3809102993867555
-1.379721121655808
-1.3777844049442303
-1.3761942133313947
-1.3722780178594818
-1.3699147640247573
-1.3689866903952657
-1.3686747676811062
-1.3670258617304483
-1.364659784446804
-1.3628061870983246
-1.3625477181792351
-1.359240624318701
-1.359155454035632
-1.3550981907111619
-1.3531390052961685
-1.3528414895181529
-1.351981297980188
-1.3492568847214448
-1.3490010952617073
-1.3474366554060624
-1.3382890359199848
-1.3347600874636656
-1.3346143536173236
-1.3336148684096205
-1.3314687917379884
-1.3298178399090264
-1.3292425222640578
-1.3278959689119656
-1.326461889783109
-1.3264105364783165
-1.325631007977118
-1.3256302420897295
-1.3231614230810873
-1.3224608537317821
-1.3217095954275084
-1.3181282122648321
-1.317086087127179
-1.316460014290438
-1.3163213375161098
-1.31528096913165
-1.3150303506254124
-1.3112180545498546
-1.310292034163333
-1.3095160271223374
-1.3081945766560445
-1.3073157944566425
-1.3036451562223328
-1.3016063088663845
-1.2994548331810274
-1.29872999800543
-1.2976384913578995
-1.296002692435027
-1.2903348994240198
-1.2845631088746705
-1.2821314186760615
-1.2773739014576264
-1.274754248907592
-1.274731411919447
-1.2731379215475642
-1.2719155475960986
-1.2679162434613145
-1.2678241202297902
-1.2668689643153104
-1.260111956610314
-1.2576059560906605
-1.2567211835149532
-1.2566811267272966
-1.2565841929023271
-1.2527172137952975
-1.2526045308775342
-1.252429805867422
-1.250978519508643
-1.2501369551654524
-1.2490826958567487
-1.2444507025537055
-1.243863030859984
-1.2429340967589384
-1.2422671828298446
-1.2379060613947352
-1.2377409984087864
-1.235619719386845
-1.2313280947087342
-1.2283373637564978
-1.2279846877994272
-1.2206196723818377
-1.2186038216222634
-1.215496127720573
-1.2151460288765303
-1.2140835606803257
-1.2133737234941253
-1.211667229422864
-1.2116603204770013
-1.2112507774903922
-1.2110622732895304
-1.2100418547361582
-1.2098531427811443
-1.2075113145602736
-1.2000999839675697
-1.1999944121333446
-1.1982858706526338
-1.195715975284879
-1.191918961875855
-1.1917224171696317
-1.1910656211821826
-1.1888881207093942
-1.187839983600858
-1.1854244821328677
-1.1846943304920678
-1.1834812041054439
-1.1812483220754777
-1.1808434837049457
-1.1799036395414069
-1.178995140827076
-1.1787720418707768
-1.1782012166223306
-1.1742233353771123
-1.1731012652055
-1.1719973696154828
-1.171901328980127
-1.1717710402332373
-1.1714886150553818
-1.1688414609885014
-1.168238951888097
-1.1680763925604638
-1.1615649831661061
-1.1613261507702193
-1.1584892649251626
-1.157642287962072
-1.1560660548977573
-1.15520669264229
-1.154989995754053
-1.1527475104069127
-1.1523447417509534
-1.1489380898674708
-1.142326225792079
-1.140972218984345
-1.1390128885193818
-1.1377976352692665
-1.1349611759722127
-1.1344720060343574
-1.132942047734738
-1.1329077427113985
-1.1295065685488566
-1.1282039164352868
-1.1167179707237365
-1.1150145609292608
-1.1129943110079723
-1.1125721292667397
-1.111687025082579
-1.1108517045341189
-1.1099079474560811
-1.1097062600126455
-1.10876268822943
-1.1007960313175933
-1.100012214134961
-1.0993061952646808
-1.0949972931743455
-1.090451934040594
-1.0899937490449996
-1.089044641661177
-1.0881254919118752
-1.0846192001639037
-1.083829713647258
-1.083516157153831
-1.0831650545182967
-1.0821782143208436
-1.0767073335603279
-1.0762482519674443
-1.0725172856237
-1.0714899180645265
-1.0705881998236255
-1.0672916094887765
-1.0647838190827352
-1.0647000442824435
-1.0618447185306104
-1.0611644872140018
-1.0599618062837055
-1.0595627126565108
-1.0585982122277264
-1.0584656480386438
-1.055051531542924
-1.054109725757436
-1.0535856362796934
-1.0456136310396826
-1.0440964472739425
-1.0433238423572493
-1.0427830769907434
-1.0390425427076755
-1.0386798258286423
-1.0380881895003604
-1.0378955897159243
-1.0371552076321242
-1.0354185328908787
-1.0353214243589246
-1.0344193990887551
-1.0341753003459209
-1.0318221910053134
-1.0301428007588997
-1.0298775038701682
-1.0297890057410546
-1.0281487956222426
-1.0272515395448103
-1.0264924823892436
-1.022011553662929
-1.0207389373409779
-1.0139956963953431
-1.0136697625519338
-1.0133606151808738
-1.0080790863904925
-1.0054635072343376
-1.0047455005394392
-1.0046675040296533
-1.0045109954574574
-1.0015848974512553
-1.0006831135423853
-1.0003185075016061
-0.996863999642194
-0.992666009929334
-0.9915778914784965
-0.9896163945058953
-0.9892163242508665
-0.9882063754434227
-0.9870601157478428
-0.983528168281544
-0.9834766059428964
-0.9833759122139688
-0.983066644734824
-0.982215604797947
-0.9813775515064521
-0.9805297531348589
-0.9795663603621143
-0.9768875701414963
-0.9765391435165992
-0.9732294457092919
-0.9727205089217856
-0.9706440405216652
-0.9683756932315247
-0.9669061544877392
-0.9663140290353837
-0.9619672196501696
-0.9618645813947487
-0.9609485351891662
-0.9609139361622353
-0.9602477249829781
-0.9599592586820141
-0.9595553107846417
-0.9569424529520313
-0.9566607325955122
-0.9548869936909852
-0.9544193692487634
-0.9542636096833865
-0.9497250342223862
-0.9479082020822447
-0.9460485887651262
-0.9401013072232076
-0.9390766661861449
-0.937718500080828
-0.9338137422101297
-0.9316246242654302
-0.9312390490847198
-0.9273931644415989
-0.9243890637999264
-0.9236402302524853
-0.9215561412619699
-0.9205526923718297
-0.9204066901373984
-0.9199898359029338
-0.9194516021061974
-0.9179930713837109
-0.9173034078213766
-0.9131037890058027
-0.9110530015410722
-0.9109708514247843
-0.90845040120545
-0.9083069260436973
-0.9082831925026105
-0.9070218904026817
-0.9061618341019396
-0.9050843158859536
-0.9043544772466856
-0.9036148616874609
-0.9031138625730709
-0.9024240086622826
-0.9019544454696998
-0.8990481568585016
-0.8990466748713496
-0.897920445195357
-0.897297351827498
-0.8967092313989368
-0.8959804287117445
-0.8956022033899217
-0.8942293119375112
-0.8912446717019361
-0.889513074652252
-0.8874173088271289
-0.8862733714737671
-0.8862365032137863
-0.8818924370013792
-0.8814526282167557
-0.8794866367472178
-0.878644026019616
-0.876066580326556
-0.8759110630259704
-0.8751383611508721
-0.8739674547414079
-0.8732407185617703
-0.8712409946028966
-0.8683330666156064
-0.8678864714891774
-0.8663374619379408
-0.8625942261142979
-0.8615609467787071
-0.8615068226873579
-0.8613496301737286
-0.8611708879805984
-0.8611064098652581
-0.860245714694801
-0.8600164340741223
-0.8573252415477058
-0.8508843907324937
-0.8488919699154456
-0.8478965171230761
-0.8477886099009144
-0.847209871293095
-0.8462409466554099
-0.8437914764763662
-0.8436020532304266
-0.8432196397001357
-0.8405947432251105
-0.8405463821789175
-0.839306960632519
-0.8366135987218701
-0.8360579167808433
-0.8360062561706687
-0.8329592383901826
-0.8290736010262729
-0.8289906322388996
-0.8288812106384775
-0.8272496685151025
-0.8268402926328392
-0.8257077479399292
-0.8236906971605311
-0.8225659992040714
-0.8223541225777344
-0.8213857039259399
-0.8213732573227414
-0.8207722899802217
-0.8189227039511846
-0.8182264584866598
-0.8175244544908521
-0.8163628106795019
-0.8162388822812339
-0.8158972457678489
-0.8145240797712717
-0.8140893558093341
-0.8108577169511736
-0.808128042243509
-0.8060794533488426
-0.8032972316473269
-0.801873287501438
-0.800164689674193
-0.8000244849209259
-0.7982231179572228
-0.7965119983924301
-0.7941766948216571
-0.7941663496568604
-0.7939068046440338
-0.7920346435331663
-0.7910609040388382
-0.7907523964978139
-0.7898986824629257
-0.7878856257033184
-0.7872736451222557
-0.7857469354297323
-0.7855312767008705
-0.7851723288135047
-0.7805239022996227
-0.7803066978012041
-0.7785296981634819
-0.7774346523400434
-0.7761770696623532
-0.7730316013539219
-0.7725082506329135
-0.7718303540207556
-0.7715990336938044
-0.771567895688525
-0.7710731585771367
-0.7709480485083562
-0.7688949012303047
-0.7669197798201559
-0.7666878184600597
-0.765761972989793
-0.7642920876841626
-0.764195235436941
-0.7630731519676482
-0.763006006708512
-0.7608391991014369
-0.7598237530489815
-0.7581567670256774
-0.7580488417736493
-0.7577869583702963
-0.7567166019016166
-0.7549771315667358
-0.7547084974059127
-0.7543432286107132
-0.751684219678769
-0.7504983756697011
-0.748225784546303
-0.7471432925708864
-0.7470453483369919
-0.7459548768562057
-0.7444739312526595
-0.7427916808479408
-0.740960143217581
-0.7401621824817566
-0.738137154479911
-0.7365157434006825
-0.733076791762401
-0.7325440717185292
-0.7323336204991225
-0.7319475593277528
-0.730695184792383
-0.72995303235408
-0.7191515003062451
-0.716208024439002
-0.7140971708505408
-0.7112567368692126
-0.7110961303871373
-0.7057957309393604
-0.7047441689685415
-0.7038320670039973
-0.7026657668435253
-0.7021233427769635
-0.7017961796421656
-0.6993787234601212
-0.6974374533426835
-0.6964270853343839
-0.6957760923416406
-0.6944477585789673
-0.6939443022484674
-0.6915751669724725
-0.691477720236152
-0.6889882815269166
-0.6830890008601505
-0.6820617483357905
-0.6819294255459258
-0.6816039539399485
-0.6809978227915384
-0.6798507671928755
-0.677294824937148
-0.674188655167032
-0.6738318056175155
-0.6697232459829993
-0.6689648839066691
-0.6688794636924105
-0.667172032535235
-0.6631155133565542
-0.6617198756593208
-0.6607406081421492
-0.660367698894951
-0.659612468011664
-0.658693197106189
-0.6584229256926992
-0.6571880426359278
-0.6549590487967192
-0.6544250666040998
-0.6525981214327139
-0.6514057286682804
-0.6489217907063254
-0.6471998250730826
-0.6470285582898859
-0.6468832956182532
-0.6436944980406013
-0.6432837467343646
-0.6426463862955134
-0.6426044494966846
-0.6411252779260525
-0.6390973130366986
-0.6389179297953284
-0.6381999861996898
-0.6316417215969757
-0.6295182796548433
-0.6286538996440338
-0.6264762541226077
-0.6248501914923508
-0.6236638512593831
-0.617922796005843
-0.6177610392456223
-0.6145756052954089
-0.608988236012463
-0.606416619093434
-0.6055745020605356
-0.60503309743435
-0.6049629435158326
-0.5988326182387305
-0.5985103984726085
-0.595965180245128
-0.5953466719036234
-0.5932923417159423
-0.5903129797742993
-0.5891180370632498
-0.5887527054227724
-0.5862278908081834
-0.5843042323127772
-0.5837266325130808
-0.5826124387179675
-0.5783664964758761
-0.5762874060576004
-0.57595614699955
-0.5756074845058899
-0.5750349266876491
-0.5740119421450467
-0.5718513419201969
-0.5703782353792355
-0.5688092154794785
-0.566003292508603
-0.5649132866348063
-0.5639942288128186
-0.5631657336816549
-0.5590880475129779
-0.5583076599828694
-0.5564640762655789
-0.5538919218344842
-0.548830661364427
-0.5453516912264229
-0.5428668273457646
-0.5426393719643611
-0.5412875774793806
-0.5409806280615919
-0.5393648539719071
-0.5375902029989197
-0.5336999002142865
-0.5317122295078752
-0.5265599621063467
-0.5231018139181791
-0.5212196591790051
-0.5196036892157823
-0.5193019657091852
-0.5174994934193701
-0.5164978329159872
-0.5125133702755976
-0.5110943073077268
-0.5095316299180692
-0.5083120954880629
-0.5073162484991776
-0.5071329564829312
-0.5067980425393607
-0.5067704614213898
-0.5060710885667226
-0.5058582268674868
-0.5030977084835422
-0.5028150523147454
-0.4995657757252023
-0.49904961644421336
-0.49860259029347453
-0.4958874876246375
-0.4941918857200132
-0.4940830252415903
-0.4935525018971747
-0.49345117471787364
-0.4923991668911032
-0.49200667968218537
-0.4912870265245256
-0.48948306001712927
-0.4879076580632699
-0.48611730181182244
-0.4854523387401326
-0.4755548132679039
-0.47532445295141856
-0.4747351676438519
-0.47235675555076095
-0.4719770640636353
-0.4704924957743664
-0.46831422408297224
-0.46794927411689524
-0.4672236162196495
-0.4652364874305921
-0.4650065249204574
-0.46368341746740216
-0.4613710986707804
-0.46089793650775235
-0.45972767690654404
-0.4594605701062811
-0.4592909153988376
-0.45693069750167714
-0.45564102983010235
-0.45559504297063547
-0.4553756726627979
-0.4552504761311733
-0.4545068121801087
-0.4540589198197701
-0.4499409047721597
-0.4487129797559726
-0.44563713031263186
-0.44515418330647966
-0.4445021985675909
-0.44054809682544066
-0.439405048737707
-0.43553923038779535
-0.43500921828140526
-0.4323836694748834
-0.426238213086376
-0.423679117161333
-0.4223312151591777
-0.4216501730909802
-0.41883310136042684
-0.41746919932213045
-0.41746391239123143
-0.4143824492036431
-0.4123994636365044
-0.411998274749647
-0.4050372322733033
-0.404692976946715
-0.40428381170294636
-0.40377342353937007
-0.4027700990928109
-0.4002077093369987
-0.39744986171895436
-0.39733074895374293
-0.39651173636919645
-0.39640390283189564
-0.39332353331209213
-0.3913703478082968
-0.3907831628721705
-0.38718927360842986
-0.3870123110966465
-0.38644762548844236
-0.3853837030185415
-0.385126690385759
-0.38262459552262706
-0.3817476132622454
-0.37927495449172277
-0.3788679925629585
-0.3767257139869986
-0.37429595448769126
-0.3731901394630799
-0.37318071769539524
-0.3722220270388295
-0.3691159557770609
-0.36834058467043296
-0.36502922219513756
-0.36296661154546195
-0.3624727265645037
-0.3608455621638909
-0.35767621628918733
-0.3573769657883063
-0.35211517621499355
-0.3499932455785859
-0.3494617721406764
-0.3494166270878388
-0.349367585736435
-0.3491711757783948
-0.3421562502040816
-0.34129621425894974
-0.3410295132595285
-0.33838402010360397
-0.33591510044042294
-0.33551083738538157
-0.33544234822935415
-0.3353886281744721
-0.3349925837993941
-0.3317226433433097
-0.32931937153224944
-0.3284518573334583
-0.3277156858069467
-0.3275127677405535
-0.32704926974110043
-0.3266716697157228
-0.32661043699388215
-0.326279745220716
-0.3253881429979965
-0.325162730442343
-0.32066081506968924
-0.3196798306866402
-0.3193954189821946
-0.3147976254701504
-0.31405945507160865
-0.31375382990795375
-0.3127572828352796
-0.3082176932523707
-0.30745726740534685
-0.30664140053443034
-0.30346815897989693
-0.3031969727848868
-0.3009705516211556
-0.2967809236928838
-0.2933426778358753
-0.2916248069489805
-0.2908768672933545
-0.2892645021698649
-0.287137828736305
-0.2864016766439484
-0.2836131356481322
-0.2823800154454901
-0.28053755079262566
-0.279498789187805
-0.2788791430372103
-0.27486378676631495
-0.2718002272015134
-0.27043912810325543
-0.269829619874151
-0.26747259608872054
-0.2635201084168213
-0.26120559292218826
-0.25749233716198966
-0.25736561336617086
-0.2562201779352099
-0.25263663999570823
-0.25048072285392686
-0.2478307311649226
-0.24728493160542897
-0.24624282448119406
-0.24504336937563487
-0.24483241103269116
-0.24386070179942043
-0.2414532755292097
-0.24131428906865338
-0.23973958269104145
-0.2388689096598854
-0.237116768843924
-0.23426391047215106
-0.23034899453637425
-0.23001158221896534
-0.22997190446925025
-0.22684400356855372
-0.2262268322027522
-0.22546746986851587
-0.2248235166258942
-0.22204975090983836
-0.22069719863995918
-0.21823499456873513
-0.2174008284516753
-0.21511804886500427
-0.20799866355208974
-0.20375532255641193
-0.20090528652827222
-0.19899390488388702
-0.19788277496779583
-0.1950218661766625
-0.19489711030197
-0.19324733786573822
-0.19221732604241554
-0.19112817883494138
-0.19106158216403202
-0.1902497088196795
-0.1888015358721864
-0.1874907234136705
-0.18541888632561798
-0.1851760061582194
-0.18313211071212743
-0.18087824250740248
-0.17985544603453796
-0.17900845665157294
-0.17887558488610278
-0.17845173182306662
-0.1778798746769997
-0.17768645906993263
-0.17730363791405368
-0.175582926915273
-0.17391922392195136
-0.17308161938744937
-0.17303734766551515
-0.1724201968836635
-0.17127351500165652
-0.16703470460919145
-0.16693932181895543
-0.166838803568839
-0.1624172642123486
-0.16203919825566204
-0.16030871439997335
-0.1573395206436506
-0.15699645487380082
-0.15580522010540437
-0.15478188909252277
-0.1522221107506414
-0.14974195084991881
-0.14896794254665008
-0.14849107806942574
-0.14793900143636066
-0.14227608266849634
-0.14133750249522126
-0.13856490033845725
-0.12910776173871163
-0.12513687814925062
-0.12437846299903998
-0.12372898122668449
-0.1225320817864044
-0.12052053683481934
-0.11918319728684235
-0.11484892670132174
-0.11454733606305345
-0.11393359149986271
-0.1112012017541143
-0.11035753137531634
-0.10574947819592995
-0.10485008533857237
-0.10473819794233197
-0.10394989661869658
-0.10364639417396604
-0.10017158853578256
-0.09879855182784769
-0.09826392044498933
-0.09806770532487295
-0.09733435268165053
-0.09692438174508333
-0.09538105344812808
-0.09537902613393309
-0.09474356845762424
-0.09413813992748521
-0.09228318375904365
-0.09037151377728125
-0.087974364319372
-0.08511236651090837
-0.08336156389201715
-0.0829057527403133
-0.08174916938613619
-0.08124193799006896
-0.08059964144415155
-0.07932908976261
-0.07880902107171417
-0.07878063685068193
-0.07741401797030778
-0.07297854915071589
-0.07222409661695228
-0.07058042125513775
-0.06977179452624782
-0.06974053998822605
-0.06898010648504216
-0.0677388680169172
-0.06727746016966585
-0.06663680200370259
-0.06657344866784198
-0.06607789144705312
-0.06588736263488629
-0.06411023027843243
-0.06201931434824559
-0.06112268368580365
-0.05866522148357223
-0.05721324316098872
-0.05612323441716577
-0.05321059125342642
-0.05244399893127022
-0.05165833542543885
-0.05091639151455951
-0.05072818446645433
-0.05035401388971317
-0.04921030548876881
-0.048339787292340064
-0.047694889064093304
-0.044851996958817475
-0.041480143496088084
-0.03982151532275091
-0.03562222592316555
-0.03422511386837379
-0.03387934670121023
-0.0333989834993382
-0.032936312597114076
-0.032561443765624865
-0.03170708343283743
-0.03153654312576171
-0.03147444498638645
-0.030505810473748174
-0.030475258719282083
-0.029498934088044937
-0.028924548671924954
-0.028494532532384875
-0.02659312407938652
-0.02466808063013015
-0.023939813232491614
-0.023468265138586464
-0.022848530241991294
-0.022452732320156876
-0.020171197620428627
-0.01947548608527272
-0.017164645019539376
-0.014084844526737528
-0.008600818313821812
-0.008450820380825202
-0.007602161025070497
-0.007123685889566356
-0.002414914182366168
-0.0009477012349490277
3.9415110021367994e-05
0.0004733518512217705
0.0005076348449658402
0.0006796265622457387
0.0010793209393512027
0.0011223434371686603
0.001927555655381108
0.0019470715847399456
0.003655997121595589
0.005083870658868894
0.005877367900156999
0.010744077274788322
0.012462588540510189
0.018271941557237714
0.01945395834438901
0.01998617081594098
0.02045312880812669
0.022740740119844394
0.024222072928450467
0.024264004903090552
0.025840444471504354
0.027542665498602403
0.029140297707406167
0.032418781895626525
0.0341925851628514
0.036791842057251944
0.03722609594958959
0.03733282800710075
0.03943359967847615
0.04084891963251308
0.04104546031575251
0.04210441979445323
0.04329217670096319
0.04411806498289847
0.0489507022135135
0.0539515222183774
0.054582135447853286
0.054829310403134546
0.054893975336916534
0.05669917417746484
0.05845092503118593
0.058587310034092024
0.060053401332697876
0.060865188912785945
0.06122297460908882
0.061680106483895325
0.0621555641554864
0.06443827547259284
0.06686008094412099
0.06851011444929289
0.07234678444109532
0.07286855154615357
0.0735935845818112
0.07494316011317825
0.07538266732315153
0.07747137588823035
0.08004311798334929
0.0810215278682237
0.08355403445602017
0.08570079828705693
0.08593460367184191
0.08829043888543453
0.0892204342364682
0.09019741269415382
0.09100166440458016
0.0914482632942337
0.09265890585092873
0.09319092463094947
0.09387835712639847
0.09442139270026925
0.09585472766841818
0.09760094101282346
0.09893600104714584
0.10256595571007476
0.10306918022576594
0.10310226466094491
0.1055582767208566
0.10990780497654955
0.11009148278618808
0.1108036180520946
0.11414972818121172
0.11547882798879366
0.11553547348141457
0.11569062196441582
0.11908133476597604
0.1202715615895685
0.12127037814119182
0.12127212096595652
0.12286670338246974
0.12320926486558403
0.12378900752680275
0.12443385092277198
0.12461254275982156
0.12857742519138946
0.12965105613947045
0.13256586211983867
0.1336950110565278
0.134214708564667
0.134449907328649
0.13703306043296437
0.13877197962737609
0.13886573013753695
0.13964195985374417
0.1427006044576557
0.14339688013382812
0.14424405563966136
0.14488773272413502
0.1470630625210999
0.14757232896739003
0.14867128062670482
0.1487609064744937
0.14969038523167685
0.1519886310132873
0.15269634787546826
0.1579387828037427
0.15851678882960463
0.16065503916959306
0.16586682355939097
0.1671238702941622
0.16771109081253766
0.16788938330409478
0.1680745339495282
0.169194648815725
0.16961072472713712
0.1699902437564167
0.17025703594525643
0.17105927946113464
0.1713976429016521
0.17298178333809705
0.17319701826162914
0.17324407400370773
0.1735358498993691
0.177577477023524
0.18080442657703544
0.18164366194694226
0.18193818564893535
0.18395409555552017
0.18432367501752855
0.18591762869768103
0.1864631753632386
0.18715583801507252
0.18879616769765684
0.18911305452129068
0.1891827608708645
0.19145179640183338
0.19284643394594458
0.19360084928923016
0.19465716034468128
0.19624747671868004
0.19720868930986035
0.19758222625363675
0.19811436703983198
0.19882871701018368
0.20118640363885554
0.2020431151290152
0.20249764450317953
0.20290898260807438
0.20340827301066788
0.20361901559720952
0.20414425739625142
0.20696214948486852
0.2071611191922791
0.21013919488806965
0.21048662911429136
0.21107944288202932
0.21127456663722682
0.21139893229691753
0.21275674342811735
0.21317417435587138
0.2154824646002197
0.21888798037847512
0.21915205108569483
0.22096931798313202
0.22163271341452123
0.22280488006565574
0.22584531342415848
0.23026871772822843
0.23238297851993295
0.23435842086483527
0.2349599313353119
0.23776076125773038
0.23951055030766943
0.2399700752532834
0.24002791740784346
0.24080511893623113
0.2415527542244676
0.24293927236928645
0.24611526607823564
0.24819113473823823
0.24960957066718206
0.25000522699690986
0.25058828553955703
0.2513460194622279
0.25194292686958075
0.25302494783366747
0.2575754839977178
0.2577056471326058
0.257815042078934
0.25838908451475473
0.2602146575435376
0.26321151805415366
0.2655339050518669
0.2669364708287224
0.26833483995443486
0.2710958172974646
0.2712808173966731
0.27364209653066335
0.2748040411190468
0.2773200868894968
0.28010693084850713
0.2823575294695676
0.28300826064604767
0.28567984463954155
0.2861493005149579
0.29312335969749714
0.2936246896185407
0.2942725656228824
0.29511341568633115
0.29538716304002965
0.29669316478022406
0.2967244128357309
0.29696665710918924
0.297831426790654
0.29838993114864826
0.30269192412432666
0.30368371316894094
0.30461159191804693
0.3074092261414825
0.3090064062020701
0.31062271915729145
0.3116418091667865
0.3117638739127786
0.3133450389141891
0.3134601196734762
0.31537297200183767
0.31651552245401227
0.317963457085784
0.31902295462529284
0.32356685452898193
0.330076271956837
0.330810401440508
0.3316284652786937
0.33190679994602224
0.3329535479181834
0.33442483919540694
0.3347003394879714
0.3360300182124697
0.33673440562023316
0.33697680157180576
0.33867166286236217
0.33897663380339016
0.3390291689532825
0.3397034027542247
0.3427193563936054
0.3432828295283532
0.34377852963652245
0.3447216609276696
0.34630246403975473
0.34715885675130553
0.3507786907478552
0.35126011730324724
0.35317918041778495
0.35360701080404344
0.35364806475321475
0.354265419345945
0.3554244515358763
0.3558372382249951
0.3575889662516443
0.3604813428070196
0.36385683636130045
0.3646389790347822
0.3649378741317583
0.36807377166063915
0.36827117284942223
0.3702587166620677
0.37035263344753167
0.37113827073588296
0.3712112885111743
0.37124300227773455
0.3762766617528943
0.37802712699886104
0.38228384361579615
0.3839180452035116
0.38420031918159947
0.38497924742274614
0.38570415429467403
0.3860401752017837
0.3870712323324733
0.38779448593740734
0.38866009058999185
0.39192131113291695
0.3944722263551351
0.3952710114756235
0.39567997857392223
0.3971082483836882
0.39819784644145406
0.39994197676562726
0.40103586313281236
0.40263004235328625
0.4036000408574102
0.4061822511862595
0.40656512925946814
0.40696433947858646
0.4077216010213175
0.4084405565532083
0.41050562692061704
0.4114044920659409
0.4128584671897415
0.4147614848690565
0.41480547487360536
0.4150844163899
0.4152312709352128
0.4174330779573999
0.41861595794770057
0.4190503589761387
0.41931635783223853
0.419600939962643
0.41999616062334577
0.4210722659382379
0.42210750786531215
0.423704630596918
0.4237088113791971
0.42413920927867677
0.42620090072533096
0.4262727330291006
0.4268456077465925
0.42755445813986537
0.428029281192262
0.42811321192146506
0.42927752113560247
0.43349081475051887
0.4348319318791467
0.4358337207172486
0.4367306646687122
0.43701938809707774
0.4370413278926253
0.43743587906647535
0.44050220695294173
0.44140006327159353
0.4430497888001126
0.4439020823143981
0.44536035667576096
0.4477692238977065
0.4478676614045672
0.4478884058364435
0.44800501746082855
0.4500307935201271
0.4528698220129578
0.4535512027884494
0.4540800498594796
0.4556404072863237
0.4640463179998612
0.4648342779711572
0.46715543720202307
0.46794684078457915
0.47271681582760494
0.4741674507735354
0.47417065023673377
0.47680559535319605
0.4792200919522376
0.4835978171433837
0.4840010639419612
0.48780474394059614
0.4879404824183755
0.4921352225903026
0.4932541597678704
0.4936704254419221
0.4956354121795677
0.49618064369972503
0.500974666301766
0.5010465802149406
0.5054908637675888
0.5060255420343518
0.5086579040116557
0.5088818497456684
0.5118019153521112
0.5122471266993042
0.5130628608019737
0.5136816759297127
0.5158773439079462
0.5161671421051646
0.5169115900278342
0.5170914711354544
0.5190667979913286
0.5191312662581873
0.522739125168414
0.5246488427036606
0.5259126030882288
0.5264054360668593
0.5277910280790661
0.5291590751274343
0.5296729138735068
0.531245683507145
0.5319721655976253
0.5323970814656734
0.5328089727136156
0.5335340980046772
0.5341342735104699
0.5346911490240198
0.5351399833388697
0.5386714976225523
0.5403510974145476
0.5407086888686793
0.5412068235171856
0.5438630519987475
0.5444585945911196
0.5447362617021483
0.5485664535155199
0.5516948016310095
0.5533829956222467
0.5559401909602362
0.5568479228076137
0.5572174499188699
0.5584015316601637
0.5587906397494788
0.5594365349088618
0.5596221563585527
0.5598356246849825
0.5615072174742438
0.5621639819368018
0.5685846252339778
0.5697524721268074
0.5741949483211766
0.5755161112511396
0.5777039782882767
0.5785135340383827
0.5793650036003439
0.5819541917139721
0.5868587110528497
0.5887888167861066
0.5904783940018226
0.590784100742588
0.591155281152183
0.5913539376044885
0.5913568537773691
0.593382260993296
0.5950023650435348
0.5952247105484195
0.5959544140505036
0.5960885905303381
0.6072539425042296
0.6092815382926748
0.6094515574149775
0.6095634816718742
0.6096375673086369
0.6104591988279847
0.6144799797789967
0.6146552652911496
0.615078526093982
0.6162657513578247
0.6175375162327186
0.6182906153028325
0.6184773027287895
0.622373622248971
0.6229901750544304
0.6233985947061365
0.6255072813933711
0.6266430150042547
0.6270031488589327
0.628331263584861
0.6283938231419934
0.629384945108996
0.6299083957171699
0.6321394253725126
0.6331679085222576
0.6332951295700109
0.6371615863757102
0.6401047455504908
0.640412160818465
0.6422599274067491
0.6461315918746118
0.646672484929133
0.650023078513162
0.6506963132579262
0.6520350117680965
0.6558036023685858
0.6562745506508124
0.6564488758081035
0.6590049567522296
0.6631111074814273
0.6638395795067363
0.664783479746209
0.6685793192049481
0.6686376576933819
0.6689577252655298
0.669346720832523
0.6706269968566148
0.6706896273745601
0.6716567703331814
0.671723637329015
0.6768675950840073
0.677809775123912
0.6785893113736194
0.6793343657112086
0.6816979754275923
0.6828800047579977
0.683805320061468
0.687529396196062
0.6877768946090035
0.690767949406481
0.6942697981155865
0.6943217455881475
0.694352772624989
0.6973439025958732
0.6986560215979569
0.6997120023329161
0.7003438048448486
0.7013541596813
0.7073116608906604
0.7122282388640248
0.713490456325237
0.7154396433258453
0.7166041919573806
0.7180257499927902
0.7186579813576502
0.7204939593728761
0.7222994342396959
0.7237727750118039
0.7276517146093444
0.7281525199025783
0.7291457880470266
0.7301645407632403
0.7304373963560733
0.7329317289402861
0.7330873105933225
0.7368350602219191
0.7373740770504928
0.7376107263025689
0.737835758028236
0.7383292900059442
0.7439257997523484
0.745031850333614
0.7456558263925519
0.7516178990264586
0.7522727512541886
0.7547716767356039
0.7570801102263415
0.7590793198576188
0.7598416076473538
0.7605235490613989
0.761221071436369
0.7639053554899065
0.7652722240896896
0.7660135224863351
0.7661301403476394
0.7670812399493835
0.7672621423961501
0.7681126285062558
0.7701563394344202
0.7706212737523908
0.7748824683163176
0.7761206332725887
0.7762869207897535
0.7792309489305714
0.7792644452472187
0.7845031411427876
0.7863323299968019
0.7883705241381844
0.7893502285913822
0.7893892105864687
0.7900281931465362
0.7908519016719706
0.7922810159547985
0.792909832689919
0.7947140791884748
0.7955235913974298
0.7990294096095376
0.8001807605530509
0.8003305142842392
0.8018136430065751
0.8026628267524779
0.8039867299096913
0.8056391302758505
0.8078031078482022
0.8089241743315452
0.8095299180479687
0.8207152713420108
0.8222890713301856
0.8230355665311949
0.8267630950048714
0.827536935793308
0.8287551259739956
0.8298063632672452
0.8317061548368099
0.8317837667403962
0.8368040976888302
0.8404375328705752
0.8429318641041829
0.8447292591574633
0.8467147317907858
0.8508401512827128
0.851832231053639
0.8526741363118928
0.8530406795220757
0.8535232761601216
0.8553626341348929
0.8555354116779887
0.856189385306223
0.8581583643837026
0.8614642806229622
0.8684431197115812
0.8703715398048908
0.8716585135228138
0.8720088069095134
0.874605200904277
0.8755268008599595
0.8767136285570308
0.8786398667397413
0.8800093167423542
0.882399854925654
0.883039605912384
0.8845972679610582
0.8852997077717751
0.8870137736860542
0.8892218137486396
0.8894523132724126
0.8923588151446775
0.8929504904345513
0.893234180408238
0.893356188669313
0.8947446029240248
0.8975021260845646
0.8994624183320179
0.9000185596457113
0.9002922377757805
0.9008050105402101
0.9025768044920662
0.9030646712691943
0.9036168852814503
0.9039745906054135
0.9046616163831903
0.9047890458168327
0.9058039138473764
0.9087300654130601
0.9089549444325222
0.9134545336480387
0.9153736011709508
0.9167712076756009
0.9244378634128485
0.9248719003186652
0.9275459699666072
0.9277119020359141
0.9302132700520008
0.9316225250832495
0.9319843149527538
0.9383105149670353
0.9448597122257376
0.947265656594427
0.9550879509210585
0.959094233299462
0.9604026730048847
0.9623283508624564
0.9655263813255983
0.9660882723690041
0.9661794768731662
0.9664844210904402
0.9675671614360052
0.9676891372839682
0.9685091635945615
0.9726175227673924
0.9729665063061269
0.9745581507447673
0.9754524196553734
0.9776642477129727
0.9782055197165961
0.9782234674593084
0.9824003670157935
0.9857494031882841
0.9877269197618084
0.9896711703228308
0.9960643133520755
0.9961878926476726
0.99647682692149
0.9983111167544685
0.9989266464013823
0.9992308925341211
0.9997024861896735
1.000067021358782
1.0030242898483135
1.0042126747532905
1.0045855147395089
1.005267127435783
1.005398348385222
1.0059319214782803
1.007321454595531
1.0102355116360155
1.0109380905388652
1.0114903421384225
1.013687019200603
1.0155078708311684
1.0164723063592567
1.016561481077375
1.0170029273683663
1.0178627078566096
1.0184640721450375
1.01980025320081
1.0208230525166697
1.0216840965817473
1.0219457298010677
1.0243488121787725
1.028696416538682
1.0313878679599617
1.0324492223074948
1.0328232292503077
1.0329835145074118
1.0331076270931123
1.0340500846831795
1.0353570948624373
1.0365760561743547
1.0373993824423713
1.0433958032064004
1.0448033136859063
1.0453198883098704
1.0484788685114808
1.0489599999383636
1.0492384291663948
1.0500028357481577
1.0508617261766562
1.0512667043177457
1.0544430898925343
1.0564417560243498
1.0573099974886593
1.0575896836742331
1.0601189730621927
1.0614872602517385
1.0615024193191023
1.062601866438643
1.0655262173930786
1.0667845799990108
1.0668648159954426
1.0682519215398503
1.069041043054068
1.0696161717478296
1.071157346470266
1.076446757741834
1.0829281238737047
1.0837784826967214
1.0839089058216935
1.0872992043813556
1.0874565120315252
1.0897241974546938
1.0916874520786803
1.0921448759077994
1.0924833091613855
1.0969870415463017
1.102125945786181
1.1056396764597975
1.1070013245090236
1.1091077501836881
1.109403202836607
1.110393643604446
1.111396537618286
1.1123387782752232
1.1134210618438436
1.1138789392941795
1.1139871269141253
1.1170862871122602
1.1184395617035017
1.1202112144816105
1.1202511805614281
1.1228525636827829
1.1240112237316278
1.1247852488259475
1.1249210042261966
1.130367979511449
1.1363059533403503
1.137271333228561
1.138340137320571
1.1403348481777085
1.140903584012422
1.14316634021542
1.1440362518254827
1.1440997855837018
1.1462273157934195
1.1510640685419096
1.1519734574787563
1.1534650900627659
1.1579801471753794
1.158030295799879
1.1614668576798195
1.1631393253623081
1.1645101488565104
1.1646447430577442
1.1661911367708249
1.1676455667971655
1.1680222740623847
1.1683674521044107
1.1697337996738617
1.1701344817462158
1.1714880144079998
1.1718320573468368
1.1751141615612302
1.1755960114428983
1.1790322889788651
1.1791644807689154
1.1801511178597197
1.18129080960876
1.1813810787085735
1.182680483262501
1.1829220143625176
1.1842902279461953
1.185517125902026
1.1865188022353013
1.1866643939233987
1.1893604745595154
1.1907285753728771
1.192265605916174
1.1949398219259044
1.195764730913445
1.197149582887279
1.2004029683554598
1.2040349753651567
1.2089225923914242
1.2092456978858643
1.2092855838535783
1.2103432571373423
1.2114368297591644
1.2158222007371056
1.2247842249102803
1.2300654814854164
1.231004774632514
1.232346409589709
1.2387009313490116
1.2416014416787426
1.2425554136017045
1.243551500206804
1.2464896943730435
1.2477010412849245
1.2480782743470544
1.2488890297974753
1.249582059376444
1.2539694932235579
1.2578864769717435
1.2585376978817018
1.2586108784144825
1.2611360432974323
1.2613067238557423
1.262196008913898
1.2653404637096015
1.274394952001424
1.2746194522942895
1.2753126302811042
1.2796275888702309
1.2797303002111966
1.2798540158010852
1.2849114654311986
1.2866069139876624
1.286746825780415
1.287674720267995
1.2908960253928528
1.2958332733752584
1.296184458744553
1.2974022639526634
1.3011662293480606
1.3038376324255299
1.3061159033043408
1.307673701285505
1.3258563304908693
1.32605482426233
1.3264695734370866
1.3316495608778591
1.336231882737596
1.3372174412541207
1.3387311758434173
1.3394887129213047
1.3409357560995343
1.3433904149466391
1.3448798486813043
1.3453315073511867
1.3469651767077995
1.3478713896883479
1.352072023991342
1.3545379922504583
1.357297005233302
1.3608201440881877
1.361022090280983
1.3618580580758644
1.3624333968883302
1.3643371403492304
1.3659973644506564
1.3661751377319218
1.3666413708429492
1.3710582634551631
1.3725926150492898
1.3760569702547802
1.3784137849811464
1.3842567278596296
1.3861231090076478
1.3862398330380454
1.3890815178760065
1.3900886215113528
1.3901574145960822
1.3978121795871195
1.4001225778957789
1.4032116520039688
1.4042572324430456
1.407780290740649
1.4087500744238528
1.408930912724828
1.4128973906071043
1.41292318275582
1.4160466311228026
1.4182202314740737
1.4190000606870785
1.423229393658481
1.433213848390794
1.4333863842859098
1.4342587971706025
1.4352934832939037
1.437817929269883
1.4385500743429884
1.4396215560858847
1.440491180351347
1.4415055665339245
1.4430217708920843
1.449886555663557
1.450413608258684
1.4505770145793566
1.457063127548306
1.4589108119622662
1.459815052235048
1.4621425611834047
1.4635699240642834
1.467229535920038
1.4729304565817325
1.4747555171455602
1.4752824938886127
1.4769150245030662
1.4801344287250926
1.487167282416709
1.4882111165983911
1.4885774175475812
1.4942250330075604
1.4966042414581935
1.497002558812465
1.5011279901733596
1.5027462117241845
1.5117482374383675
1.5122093041176161
1.5168948258181703
1.517898047702243
1.5227310646336047
1.528659741417218
1.532045294509449
1.535865929015043
1.5377935632784872
1.541076052676945
1.5440601658956328
1.544593478070051
1.5467494287516659
1.5485469838464627
1.559739080495826
1.5600297676258577
1.5657521095783828
1.5657611688083348
1.5666169749598966
1.567692516030335
1.568267081872066
1.5687052518265994
1.569411276062307
1.5716917946547815
1.5785801156913102
1.5821690397061885
1.5862404407205424
1.5867905261820994
1.588773878477708
1.590575935709634
1.5924926968681266
1.598728485573599
1.5990274825888793
1.601135967368005
1.6060734478201484
1.6135626629262378
1.6137227204964377
1.6188229916953472
1.619690358961889
1.6224050169961495
1.6233615176333194
1.6259939938554382
1.6260279995339988
1.6276566706686175
1.6304354313530105
1.6374674340012494
1.637843630735732
1.6450324581175984
1.646698013770851
1.6522904518488781
1.6531567744541071
1.6550258229016792
1.6553097382716886
1.6574067242240913
1.6600268847373465
1.6613100810386543
1.6648374711434535
1.670100322402999
1.67218399599284
1.67335170436741
1.6756224277912422
1.6851736939955004
1.686667365146862
1.6883499367049217
1.6893933280300844
1.6906145678864881
1.691495067270616
1.6915438550502846
1.6927773451025914
1.6964207366269886
1.700099885423831
1.7060641196248518
1.7066173650767882
1.706693795278809
1.7077251306108372
1.7089137712691687
1.7120558153033343
1.7142992190192952
1.7202721790921236
1.7214690969379807
1.7284704899832306
1.730645202443236
1.7312166352931913
1.7379768092629289
1.739964529149706
1.741578520880472
1.7458950047290065
1.7464269712157576
1.7465664261473965
1.7469174811488155
1.7475841262606158
1.7524622387095556
1.7574539565685496
1.7589149176966707
1.7643709131687566
1.767548921590579
1.7687043302801286
1.769033589219271
1.7710567991657844
1.7745636645897052
1.7760041708805137
1.785706367785827
1.786859226274446
1.7880491922414257
1.7904863446234658
1.797456436737992
1.7983843054514146
1.8013880415493246
1.8018395727554757
1.804244230977718
1.8062721463703033
1.8093647432346516
1.8213520285398794
1.8227613311533462
1.8228290606768929
1.8287518170388002
1.8305050599385044
1.8325900890752964
1.8334015405916069
1.8355813215272367
1.8425430672457437
1.8482137919809483
1.84890966362158
1.849585122706956
1.8514493730271702
1.8525185816113021
1.856408497668528
1.8580403489852741
1.8627432945587943
1.8629583808895078
1.8637370065872627
1.8659277459020278
1.871497048748803
1.8725730887100585
1.874835290972714
1.8753817528475292
1.8859644241384992
1.89015955919999
1.8917494486964355
1.893561371108329
1.8991837490742869
1.9005056112370857
1.9006153940105484
1.906415177304686
1.9076436864499122
1.914460836665624
1.916660850263669
1.92597223865711
1.9358778891044655
1.9364377126351757
1.9436408029932646
1.9547828459559087
1.9553124862419036
1.963160251879463
1.9706099990284005
1.9773506405857004
1.9780854596062065
1.9781806371667157
1.9797288657140684
1.997644374660622
1.9987630713991305
2.007263511839355
2.008664982297786
2.02660692061365
2.027537324056793
2.03085797299539
2.0330366210003956
2.0343784652006294
2.0444883684728796
2.052424287778212
2.0526455057588135
2.054246219073211
2.057054881421564
2.0612391954447964
2.0692428601540143
2.0757921803647377
2.0964666340712785
2.0986298536914525
2.099430260818485
2.1042983652591944
2.1078252961711796
2.119232401110097
2.1253524599375546
2.1363727366972824
2.145626964530071
2.154964190741243
2.1707225889058943
2.171952270645234
2.1738768206045505
2.174784120093396
2.182881134079574
2.186878981731388
2.200575710715575
2.2206976490574633
2.2208240379860404
2.226643800261516
2.2318017950380353
2.2434949217291296
2.257184049189449
2.259935158737143
2.2634667348111086
2.2691830903800465
2.2740269847019876
2.2935825402877335
2.2953939290935805
2.3014614883460096
2.330420619248149
2.3349824739425262
2.356286211099141
2.364580844449422
2.3966966928364903
2.4356163777069986
2.4620046963580418
2.4685244743456627
2.4815554721766286
2.4890264532605495
2.5149177704905252
2.6234706995115427
2.6470109916950726
2.6722604045421683
2.6837460355538916
2.7074600126084376
2.769574299697545
2.8316347759635674
2.8406822462533907
