-5821.049138868912
-1983.8117816228762
-963.9955749975119
-812.0425928386501
-707.7329387850447
-669.4733748028794
-608.0929394616978
-557.1208654069205
-521.6370121701341
-492.3814584041886
-394.6154569716377
-374.60924463682625
-355.816354446608
-351.31802349968257
-330.28525326466433
-284.54443547129483
-251.7753308833321
-231.68258712344402
-219.68923109237963
-191.67981627887306
-186.57173614341292
-185.1302331262316
-183.57165731733
-171.96443505002432
-167.32925214873873
-159.3369569189914
-153.41789912294044
-152.97575074155833
-146.2405372736464
-145.24229300428237
-140.74362512862115
-139.0439953360132
-137.50199660146245
-132.0975331459516
-130.6057866148108
-128.81217532835956
-127.552923110083
-127.11032906894397
-121.31603165819239
-120.66639260185198
-120.19592876360656
-120.09177830054385
-119.13256223106667
-116.83882479659844
-109.27182881959433
-105.94922852961112
-104.58656297656046
-103.48623902057273
-102.37613693324104
-100.1279903607662
-99.80092665999805
-99.39564613150763
-98.87808901834077
-93.50860877551159
-92.68102543944579
-92.47156573878686
-88.50475746061656
-88.07087717794613
-86.4903291792208
-85.64440140582954
-83.61981814871494
-81.29506983009748
-81.1651836913279
-80.69681191348646
-79.65878115682155
-77.4524243258931
-71.10489748335291
-69.50464128202395
-68.92479708975704
-68.21851483265729
-68.0136714023961
-67.0007760234563
-66.69939779374164
-66.54895640852602
-65.51562310951908
-64.86937445677664
-64.78753901676609
-63.32559167423162
-60.60071051184955
-60.42472258213466
-60.2036987626605
-59.12799677191347
-59.11285579589009
-59.04993962878555
-58.39324408795696
-57.39659482800965
-57.158139661864254
-56.32849241636386
-56.08741214936142
-55.00247233934566
-54.19453369969512
-53.765467629710734
-52.2779587928137
-52.27093715775344
-50.92289183367526
-50.9057733787296
-50.81024992757558
-50.80202282019643
-50.30607421244253
-49.85739403858907
-49.83189592875808
-48.73718258485518
-47.453505968736536
-46.3819250145461
-45.881348219132114
-45.69019244038113
-45.45150250825688
-45.07043225802068
-44.927759971236696
-44.91436725480416
-44.87163893268476
-44.14547503648773
-43.68929733010749
-43.45228094625179
-42.908963540040354
-42.88064189664783
-42.62944601718306
-42.42501220044579
-42.09098579444701
-41.98785775140027
-41.261804257848404
-39.46791838232646
-38.759338971040904
-38.61247735137148
-38.598849346542394
-37.96880174500796
-37.912122262635535
-37.79360993767878
-37.531090872323105
-37.50988686997015
-37.491024436490946
-37.46193974499708
-37.35836148143017
-36.90082778820572
-36.788835203339275
-36.54734173210687
-36.426588269460005
-36.29134074960186
-36.27960708399466
-35.863798801740565
-35.74888186709765
-35.62993030390966
-34.78282468908136
-34.157691767573986
-33.69257031982585
-33.609453191028685
-33.22323457595144
-33.196074911833776
-33.12629726676591
-32.633127910193664
-32.57051301681195
-32.39434717321059
-32.37083446921355
-32.30764457279578
-32.06109218686201
-32.03371435323216
-31.786413184801248
-31.750842129871465
-31.64731743991129
-31.281858313747705
-31.25649927982006
-31.18217519549399
-30.94355432290546
-30.84493352266064
-30.824165732595805
-30.740145903311607
-30.70040759703636
-30.242547448120472
-30.140363845433434
-30.06694430845235
-29.615063242485697
-29.37605494032858
-29.358055996226355
-29.324189892259927
-29.244433168465285
-29.227643131007447
-29.165124611557328
-29.006701780297103
-28.959418651418428
-28.535099360599226
-28.14308644548108
-27.715382259483558
-27.629208242269836
-27.214425835559087
-27.157091870411136
-26.86734745777674
-26.84072765905889
-26.78997228495276
-26.61580317089437
-26.596444834481947
-26.578350695265666
-26.520848012457343
-26.390902539914517
-26.197054122325852
-26.108607004920785
-25.99392253537318
-25.939814246244694
-25.803313635886774
-25.710405810009867
-25.673572987268063
-25.53742011028386
-25.456782814650346
-25.3637607932881
-25.32092600922229
-25.032052963199177
-24.955936758903864
-24.923236749066398
-24.450192124794196
-24.354145420406066
-24.289728600017227
-24.202438407408927
-24.155997779857895
-24.14005053570456
-24.112451036614537
-24.100757450545615
-24.044246016576828
-23.715346855058403
-23.41952850527889
-23.244539083994525
-23.139303404631484
-23.017149107913237
-22.967896465250607
-22.940132616024155
-22.913597910028834
-22.82406852857479
-22.749558465561798
-22.60749677730571
-22.58906138256232
-22.58198309878908
-22.51110819214433
-22.363585700659147
-22.28954982431956
-22.214823395276085
-22.150315119879586
-22.14092146966094
-22.121092361926472
-22.119514771518936
-22.11856446821062
-22.090942328635848
-21.913637248422454
-21.883720094312483
-21.876087866680567
-21.779750244821034
-21.618894671772487
-21.55801363135832
-21.501878119173796
-21.348342882660415
-21.32153903898763
-21.292930158086858
-21.156049077690277
-21.122886377030156
-20.928513848023552
-20.787908324267327
-20.629486817324896
-20.602868125881198
-20.463846244175038
-20.444725304198403
-20.442876649088955
-20.293756854262575
-20.2812651309354
-20.27806311041189
-20.048253548868406
-19.94828632664449
-19.929242290674413
-19.904330770186135
-19.885587080967998
-19.868852358175108
-19.830712510884297
-19.747285085178426
-19.69677077691742
-19.619681948594803
-19.59462531724197
-19.584699506224293
-19.501158220553933
-19.498913527317125
-19.478709832587917
-19.458650724543332
-19.31392314945341
-19.24969467494736
-19.129706670818567
-19.126064839877923
-19.033067088267416
-19.00276167413814
-18.903024022543423
-18.744684384645314
-18.719942858499852
-18.56351335083535
-18.29699570465494
-18.28202928022175
-18.196671516929893
-18.154044524903743
-18.126411287049553
-18.113170536260853
-17.984694045169213
-17.839650608633367
-17.793779652056212
-17.74679109586007
-17.736991100791727
-17.673306170128306
-17.67181478685947
-17.655417620711873
-17.445412965337944
-17.230361213932607
-16.98627914766441
-16.918870544197375
-16.880387544269396
-16.847809879800856
-16.818492465964617
-16.76481598961377
-16.714550627909194
-16.71394925272205
-16.633252366948422
-16.631055545647747
-16.582734985532248
-16.57493674547233
-16.5716081647132
-16.510849836733794
-16.5056384356614
-16.4704985191003
-16.371295066033607
-16.36885817017131
-16.359726334484797
-16.278145476853382
-16.25957311600084
-16.181679054592266
-16.131920935942667
-16.115349039793863
-16.07567723886133
-16.062774638574503
-16.00641747394085
-15.977997934636491
-15.918134470008155
-15.828618275322365
-15.733584016540426
-15.673899618398082
-15.636708341335481
-15.632931455539333
-15.623491437147676
-15.604395088225647
-15.467690975575236
-15.454633445023589
-15.43643165467395
-15.43064552481111
-15.3991217193619
-15.344576482034247
-15.343176533783021
-15.325434151033983
-15.275170085558756
-15.24261752658034
-15.188322707491064
-15.081248858618263
-15.071934766372923
-15.047714698569257
-15.007462665240752
-14.975909074947948
-14.952208259278517
-14.951529145933208
-14.944589075945958
-14.916688173102386
-14.906277924930055
-14.810983499128568
-14.726134625345365
-14.671571964269202
-14.670352016512938
-14.583338632203203
-14.459181971007125
-14.427292292609133
-14.423476049421424
-14.40164919403925
-14.399987608711129
-14.355182727770472
-14.25636891220954
-14.234873587179237
-14.214806165655228
-14.203256369575879
-14.193577380110709
-14.164319058358107
-14.103906357430173
-14.002542138957562
-13.890160132210577
-13.845605232021748
-13.722739660743716
-13.720676911992859
-13.671034211994687
-13.578809585160897
-13.530798039507875
-13.506328189023757
-13.489082971673977
-13.478487781035842
-13.409549321186304
-13.33301080292145
-13.325626608189456
-13.269934922988586
-13.250079316861182
-13.233027246649074
-13.1999292194525
-13.108381334542754
-13.081925618880668
-13.047815242788847
-12.991893563817094
-12.908515720457723
-12.900003371597677
-12.884823761956241
-12.77367831789978
-12.745688677319627
-12.703494565891258
-12.67233657436555
-12.61622468070299
-12.473818841650782
-12.43216978811975
-12.428627705721834
-12.422571393222405
-12.410434661064558
-12.389843798308688
-12.310349397661339
-12.305710197099536
-12.276833602581606
-12.276372224976802
-12.273694522712642
-12.25272809196061
-12.177313882166715
-12.166847063918928
-12.162513395448752
-12.162319454775545
-12.11958857385968
-12.096471689913093
-12.058402469602362
-12.033943024399932
-12.006398888868981
-11.999774819055688
-11.979444302624916
-11.967445487692567
-11.961993067440986
-11.918527951387851
-11.888828232724524
-11.880520509010829
-11.874320496433008
-11.854609670615712
-11.775441726235066
-11.764557665242872
-11.70658439654324
-11.680540519362953
-11.642919601538871
-11.598329045948162
-11.597339116523298
-11.56796410862296
-11.552379245429414
-11.484206443279557
-11.465207986573203
-11.455776542402072
-11.451989703337881
-11.448159868428098
-11.414201041339306
-11.386311077638124
-11.295306521464482
-11.281286940651084
-11.260230448680334
-11.208324853671131
-11.139602801644443
-11.130938551357394
-11.125980879660816
-11.121181538506463
-11.113369225423938
-11.111255210856022
-11.09780013696475
-11.024573545757178
-11.014287984962595
-11.002599305402669
-10.9944558440486
-10.986957367005619
-10.980410712772787
-10.977021811404626
-10.94492007276579
-10.887702218144321
-10.880989532092425
-10.879370122403726
-10.851982702299733
-10.791782856154027
-10.764537251531802
-10.716534812185825
-10.71397705277726
-10.699280288501754
-10.684055903434219
-10.652852985950469
-10.635697976522344
-10.634815349078474
-10.61731087798619
-10.611516051575656
-10.594579852929128
-10.58150860138231
-10.568600287285879
-10.498496687574471
-10.474644747404735
-10.342700512732192
-10.338409763595944
-10.32442191289721
-10.273920987422608
-10.252073044582854
-10.237821497127475
-10.213912902543324
-10.20593481457528
-10.197621059243694
-10.16023762484366
-10.155691515853084
-10.147397016329586
-10.146768614449474
-10.068143989888412
-10.056668090156053
-10.038549428960922
-9.978966001655447
-9.97515816329621
-9.964937268480226
-9.939381847738915
-9.92971382881682
-9.875979002907428
-9.852281245567656
-9.825841042347445
-9.819282877461548
-9.741895442677157
-9.726267572494498
-9.700022055666475
-9.640317958081887
-9.637090258231087
-9.614686209427557
-9.592669278662036
-9.514957673184117
-9.504548425402044
-9.495187122054245
-9.444806898892578
-9.441657264259513
-9.43771479988218
-9.435667205290518
-9.421319287764355
-9.356089663808072
-9.342317022194727
-9.316013971375577
-9.311837150545466
-9.301887786117748
-9.276590495486024
-9.266015155206617
-9.243770422163912
-9.241313693085054
-9.23139894645444
-9.221094941492026
-9.213728880169896
-9.210186098226945
-9.195179234945204
-9.192783828825574
-9.187106391442711
-9.165233282787653
-9.12144835367301
-9.08357780718405
-9.081615034382787
-9.07084038242628
-9.046832552475738
-9.024845103206786
-9.02064707661759
-8.996405639502399
-8.995525044836858
-8.988697184221959
-8.979138243981309
-8.977595093412763
-8.966934052819544
-8.956900411729599
-8.948743531729955
-8.934673578289205
-8.91344877105315
-8.894683093114049
-8.871815511622593
-8.833803841368354
-8.812307430365589
-8.808006693468275
-8.800595267154918
-8.772109461337635
-8.766085520484545
-8.753191114604359
-8.751035144077433
-8.740292882298181
-8.736050170073042
-8.714790790254032
-8.710896697447154
-8.704161971158126
-8.700135538444952
-8.694040441671332
-8.648373488031341
-8.646140066553848
-8.63874457776425
-8.62563133398466
-8.622606283479307
-8.604290366819045
-8.588698763251527
-8.585978417120941
-8.584712754094364
-8.565421944628396
-8.564303715960325
-8.550569882216315
-8.507873880257831
-8.494524292471562
-8.485198004054118
-8.45039452103666
-8.445281268560482
-8.424548209649775
-8.424506420452929
-8.420267690952947
-8.378608225950028
-8.358833025393384
-8.35323006828515
-8.335424042956106
-8.324171444061486
-8.308940733706546
-8.308415615659165
-8.308225778292613
-8.307368426767994
-8.295265029292075
-8.288584164064925
-8.274212714964449
-8.25929836169498
-8.25196165945469
-8.241511347774654
-8.210706828425156
-8.19957218819519
-8.194382203580199
-8.158747187157683
-8.130252135908123
-8.104063915757793
-8.094512204221035
-8.08497456472772
-8.071715038416151
-8.04648948704123
-8.037785862951615
-8.033695498340006
-8.011233645977324
-8.00405171298658
-7.9338588493887325
-7.932443222005089
-7.902714914279047
-7.901645643360635
-7.862489198273199
-7.861846857113276
-7.861816720112872
-7.850457916922457
-7.841372767933786
-7.78271301553657
-7.778967129416571
-7.775026111872108
-7.765444000703225
-7.758736979739302
-7.741835671836659
-7.716306444645246
-7.713654911317843
-7.702997334736761
-7.7017369953750485
-7.678682166366095
-7.6602181580942785
-7.650272876546463
-7.64208707904276
-7.612766277291522
-7.6091584631004245
-7.604605673124226
-7.591247283535056
-7.5827751618509325
-7.5775127684956
-7.532407348557057
-7.5196062860307045
-7.518140531533442
-7.516551770678545
-7.516502932818277
-7.514887324451529
-7.5091592511948555
-7.5012161033245
-7.479248466092688
-7.467784262458254
-7.458401528668338
-7.452517452391318
-7.432715024765191
-7.423920885910982
-7.39801223056502
-7.3916088907298025
-7.388553118892726
-7.388081075484469
-7.385353783597543
-7.380279555660255
-7.378417214865623
-7.358611989689429
-7.349875412396441
-7.345667828959948
-7.333384716136376
-7.316705331365604
-7.315040003117848
-7.3129242610256675
-7.277690298412341
-7.2610081558323305
-7.248669661076276
-7.245325822234085
-7.23613830714929
-7.207540873075017
-7.205386434746676
-7.200297206927419
-7.1602017694967985
-7.159750086976481
-7.146817422897701
-7.14368190582196
-7.121525425072048
-7.115203968106745
-7.0640413500768915
-7.057536306294789
-7.057483125092703
-7.049817637424142
-7.045879315398706
-7.039328700573958
-7.038826599658318
-7.032289826768183
-7.018009415113896
-7.014853619255626
-7.006915302493413
-7.001542767009262
-6.998665064537303
-6.996168825978989
-6.993714253473784
-6.98690926303342
-6.985157664710783
-6.9727700989588035
-6.971239051522148
-6.9648304017746945
-6.9613557341666725
-6.955548338372903
-6.954074923308264
-6.9464709257205
-6.93226600337462
-6.925277535684694
-6.9175803944822665
-6.9117139307305555
-6.90807845069242
-6.897545523053671
-6.8933010219836985
-6.888106931336129
-6.887303627299521
-6.880362066540766
-6.877869040793492
-6.864707568335488
-6.859063752025478
-6.856837814640999
-6.827557399121383
-6.811839335220604
-6.80510886916994
-6.802743850637981
-6.8013946193115915
-6.795120677938221
-6.7885295260811915
-6.784685687986665
-6.7610622649530185
-6.760211713050685
-6.7578262915756255
-6.752167455579544
-6.7442721527048715
-6.732054950606377
-6.718927947771881
-6.711383866954167
-6.710229186182074
-6.6877408655448995
-6.685451268677505
-6.675132381041947
-6.67116042344445
-6.643148122085423
-6.625310017308877
-6.6245102061508145
-6.618293102871115
-6.611968341773997
-6.610796793874848
-6.610480408975684
-6.6040971528446875
-6.603367854711339
-6.5940954583630695
-6.591621930464893
-6.577380625427295
-6.568023915746794
-6.567130085290918
-6.561956979492422
-6.547389739558857
-6.547075572922649
-6.533802095680063
-6.532588363665921
-6.521803042260274
-6.512028090168754
-6.503188322660815
-6.48846103726563
-6.478451918382007
-6.454533447269227
-6.442845774152177
-6.429724870088865
-6.427513608123954
-6.422509431681802
-6.419083150577489
-6.407406399144405
-6.40521268299617
-6.3900440955724935
-6.369311123406456
-6.350962049476828
-6.334579087378781
-6.328433512300557
-6.325061880278396
-6.311846959424974
-6.307630585530616
-6.293364767194165
-6.291709592050903
-6.278743313582575
-6.269260307769784
-6.266732806884566
-6.26213798333914
-6.2498360707079605
-6.233101658753146
-6.224563911730828
-6.213128200369537
-6.20985072346169
-6.209040365354132
-6.1940654272868265
-6.181886336210159
-6.1617655132402005
-6.145397719621686
-6.144316512783375
-6.128964027315288
-6.127087275512851
-6.123896259755821
-6.121962788906473
-6.087242705701981
-6.073242699819437
-6.0684623291275415
-6.06735525820724
-6.064675267337401
-6.063217946030559
-6.0524710326042905
-6.02518400035304
-6.022282223032529
-6.013044789167303
-5.995756002400805
-5.994213824210714
-5.984663572505626
-5.950722212000278
-5.944267953973027
-5.9405879413434
-5.936002764910334
-5.929534966673585
-5.9030281701528295
-5.9025009054787425
-5.8992125666561
-5.880763409576758
-5.875388727819281
-5.8626663017492735
-5.853469458421387
-5.8352670663131985
-5.831368780858408
-5.8247846483991
-5.810302002094061
-5.803559427936949
-5.795336339359732
-5.795296488496581
-5.793511623924482
-5.792192686803212
-5.791726215387003
-5.791685373577316
-5.76876449922681
-5.7459279861208845
-5.742637414365688
-5.741795307033808
-5.724113913765288
-5.721362077805262
-5.719938031681063
-5.719797274942472
-5.707495743193117
-5.706086577904424
-5.7029133165807835
-5.686139833935682
-5.674811754280171
-5.661565879380515
-5.650913905035717
-5.635155542959609
-5.610153046176483
-5.605334162845394
-5.605183942045458
-5.588575365502762
-5.583407138947484
-5.5818254169787105
-5.580167868918386
-5.576671259734447
-5.571473629308911
-5.569202552765015
-5.555019370699054
-5.551156813057445
-5.530793284652884
-5.526382984219566
-5.524671390913912
-5.522548072566735
-5.503406120126171
-5.501578782314347
-5.491414705030377
-5.488219975024412
-5.4866178870957185
-5.484788390623535
-5.470747397747291
-5.470037088753439
-5.45753142177233
-5.455236957746046
-5.4549434253816
-5.446682811531414
-5.427503196396633
-5.42007302910391
-5.381591272929198
-5.3804167169102985
-5.371246248941961
-5.366122789369022
-5.363736629548639
-5.3544584396587975
-5.348178096100234
-5.339429670332358
-5.33233980695664
-5.325552443855464
-5.321478488743171
-5.317239377653335
-5.306835552717047
-5.291543742336884
-5.289463254177169
-5.28331323238508
-5.276268177852764
-5.2685191054880445
-5.264053538136677
-5.259820648477599
-5.249944085483435
-5.2491869979082635
-5.242793944870702
-5.239190315902018
-5.237805857524747
-5.224607970419894
-5.2047475775045005
-5.203661382418781
-5.1831095604092
-5.167938265386637
-5.157232566254195
-5.149979970086448
-5.1452624048883955
-5.115919680240236
-5.10692519663206
-5.0947679833957755
-5.092308619858495
-5.081025081978032
-5.067413847050321
-5.06355672675201
-5.061141717179005
-5.054988924063553
-5.035953895673094
-5.006115744871068
-5.005521716479338
-4.9953522096241905
-4.985912823099962
-4.9686695648202015
-4.9674311692898225
-4.955360302631411
-4.94844810411265
-4.9398688250889595
-4.936193535742531
-4.917083077666032
-4.916356387916336
-4.909199320348877
-4.905271196326316
-4.903389092931248
-4.902037647606642
-4.89543270366333
-4.894959289365205
-4.871492243236754
-4.87104067265551
-4.864546822395601
-4.862214200441874
-4.861067682826967
-4.860848580811024
-4.851167811021303
-4.8429727587454146
-4.834570467198617
-4.830794767403308
-4.8297875905970304
-4.829357396560577
-4.827435135426432
-4.8246006933743555
-4.824301376306687
-4.817161306387467
-4.8171257365448765
-4.816194079479775
-4.816125294212749
-4.807631817713442
-4.806198408504458
-4.803541215073098
-4.79930667108597
-4.788724653005224
-4.786845638757317
-4.77695290062611
-4.772616326056135
-4.771099023617461
-4.769638424412327
-4.769225287721334
-4.763617771727577
-4.761703969432413
-4.738925781159875
-4.73114002068384
-4.729309919334947
-4.723853316375743
-4.721348069925099
-4.710990460643747
-4.710940638998207
-4.710277752443355
-4.698783236062079
-4.687986060531733
-4.679445630413345
-4.673189805694726
-4.67023500928664
-4.667850394504918
-4.649610642828806
-4.648211372320252
-4.644866333568015
-4.639579347530446
-4.6339511952365555
-4.628432126469807
-4.627355926573616
-4.622623299414754
-4.611500474288655
-4.609154412262905
-4.606619357931486
-4.5879981822270075
-4.585422016458006
-4.580237605688132
-4.577687752121987
-4.5680885800580695
-4.555380140596307
-4.55485579766652
-4.553054249077228
-4.548455669891124
-4.539661656522808
-4.533089902259967
-4.5321682819472295
-4.531922477440384
-4.526409438722106
-4.515726233460982
-4.514380927107518
-4.504500297470696
-4.499417197253746
-4.4976511505100305
-4.494167805961912
-4.483171337871578
-4.476508356169493
-4.476326681807411
-4.476326289261609
-4.461408495216318
-4.4582754711273385
-4.444529342240319
-4.441106414973009
-4.440317418447991
-4.439326457777548
-4.43575527980512
-4.430358050660233
-4.4211201508606495
-4.414216828109815
-4.41401927176728
-4.405868036819881
-4.404414172642902
-4.400158740110236
-4.396490209074292
-4.395196166181141
-4.393752239167401
-4.38804038869374
-4.387659881023946
-4.387196671892241
-4.386950016938867
-4.386596971472732
-4.38611795494704
-4.372653300102409
-4.370901736580021
-4.3694781197860575
-4.3687347613135445
-4.367622617029613
-4.361646985012202
-4.35927684726917
-4.354500083617616
-4.351420429274494
-4.344150761846883
-4.33494627999702
-4.318324475413677
-4.312402343153855
-4.308254048276501
-4.305785683799793
-4.295143387724075
-4.291859581671414
-4.2781512326124576
-4.272507718153129
-4.267781824407205
-4.26612587920039
-4.2550598543074445
-4.2508002154100435
-4.250755296837818
-4.247979702690277
-4.245635737026934
-4.236077284233292
-4.217978842122464
-4.213618284511321
-4.2054655406622246
-4.204625253195139
-4.204085357703974
-4.196541800660027
-4.192371693144974
-4.189673740434963
-4.175963302081826
-4.169958090173498
-4.1650336663094425
-4.162712264207345
-4.153431986156228
-4.144137904367506
-4.134715364603797
-4.134581569491628
-4.129514131361215
-4.117104110662466
-4.106122737979465
-4.098113814329469
-4.092231481445129
-4.09189782934867
-4.089994189387428
-4.08660227091378
-4.084196445372148
-4.083473786226021
-4.080965865475169
-4.079805498085082
-4.072249824612788
-4.069883702994704
-4.063055371285218
-4.0623719332679435
-4.060258464605342
-4.054843864728378
-4.051366510509292
-4.044334966294009
-4.031500758465252
-4.030322203061636
-4.021446748811492
-4.020563604560998
-4.019404011415977
-4.017399965444275
-4.016772406691095
-4.01485234414078
-4.001120586466155
-3.9974887485789905
-3.996882896416097
-3.9948157566429656
-3.987381938058182
-3.980524898457979
-3.9737202401096723
-3.97321351951217
-3.965834584614428
-3.9575492365365346
-3.944661414320595
-3.943433650107349
-3.941892431158953
-3.93226653742997
-3.923658866807147
-3.9191523801059853
-3.9148071693027466
-3.9094856075834015
-3.9048495404873464
-3.8939753459667408
-3.891779969121417
-3.8893767653159754
-3.87916549904652
-3.8691745253143335
-3.863590348929484
-3.8622540628440776
-3.857461306031503
-3.854527911960741
-3.851775072257408
-3.851495829325476
-3.845767747313542
-3.840408284930392
-3.8379269024133293
-3.836277016330694
-3.833955592185276
-3.8289707654308103
-3.826867201351668
-3.825994217899654
-3.818724240987134
-3.812696017014237
-3.8115632626909095
-3.810895776473505
-3.81015549786692
-3.8055210503951753
-3.8045188758547734
-3.8000083808596816
-3.799862538696096
-3.798260981724754
-3.7945023586169877
-3.783731769751231
-3.7781034432372302
-3.772884756764385
-3.771921165548007
-3.768607346522856
-3.7611536629302655
-3.756327478515211
-3.7523221609060013
-3.750275532955888
-3.7435622019707466
-3.743357648375983
-3.74102911883985
-3.7402582153239576
-3.732906114251438
-3.718341277402647
-3.7165374296570537
-3.71594757732435
-3.7021868258082717
-3.701331404737468
-3.6997371869779925
-3.6988143113378666
-3.6967241279005583
-3.6962788224438814
-3.693191459741761
-3.692191415785166
-3.6866619642128127
-3.6493850802452683
-3.6492867293195372
-3.648786963810933
-3.643122000074981
-3.6407771321477025
-3.6386593805026215
-3.638488478808052
-3.638285260317587
-3.6321125205015874
-3.628960110488906
-3.626414431457423
-3.621492323101178
-3.6172415398159883
-3.606786062653485
-3.601445851572515
-3.5984122596134975
-3.591251383231119
-3.590958218570401
-3.5897865378884624
-3.5722754238271577
-3.56426110939229
-3.561479128411997
-3.5417765542524244
-3.541739670719165
-3.540990383925946
-3.5362983333264806
-3.5316759883141193
-3.53096505754708
-3.5306068960560024
-3.5285541328522223
-3.5226053134979063
-3.5201670387789648
-3.5163874776391735
-3.5083541298834655
-3.500561301807829
-3.4978703887763887
-3.497384854180856
-3.4965943620613356
-3.493761708552846
-3.4896245661122594
-3.4886458907827715
-3.4870659534264687
-3.48479516579355
-3.4800497785593985
-3.479865586136991
-3.4782049881069126
-3.469602299058862
-3.4649874632325797
-3.458799702226357
-3.4551044715345056
-3.4534934480861965
-3.4458241152662383
-3.444243452910535
-3.4432201912798632
-3.4425690699405664
-3.442522617316716
-3.435957071857532
-3.429510129222363
-3.4268201584635607
-3.4228239583272764
-3.4187014928577506
-3.416483144099158
-3.4158210213844313
-3.413964537346239
-3.399392686462745
-3.3977821120952063
-3.396102944907774
-3.3918567731409874
-3.3908648625520064
-3.384216444899052
-3.383187321241212
-3.3772798579942283
-3.366104902179192
-3.363869738653102
-3.3622519223475567
-3.362177790484003
-3.3620227334822896
-3.3616750805288875
-3.36020865139787
-3.3599406101259364
-3.348821025362925
-3.347662113026117
-3.3435474063689954
-3.34277770284392
-3.3396376036224678
-3.337550117266561
-3.33454649739301
-3.3317575626400586
-3.3221323479391778
-3.3158399321174645
-3.3141137684346806
-3.311310794837432
-3.3110260051865095
-3.3109374319601987
-3.30167525898657
-3.3002286337642293
-3.299312919006029
-3.293854487156021
-3.2920681507750005
-3.291527174324983
-3.2897316318812355
-3.2863711152117325
-3.270089655233728
-3.269237946367696
-3.268832022390623
-3.265866234716447
-3.2657404227877267
-3.263700826840577
-3.2572485781907154
-3.249672890681184
-3.249043938562025
-3.2487084896444403
-3.247621088895334
-3.2416705881881462
-3.2407593858333543
-3.2343789219129824
-3.2287487193103774
-3.2283840901325522
-3.226633194851196
-3.2257261638962262
-3.223337153662839
-3.219621108338028
-3.2173679345698543
-3.2146548292827
-3.20961457648752
-3.202137372128581
-3.1973728910951436
-3.1960030506989705
-3.1939095768788284
-3.1929071129082303
-3.190472594615752
-3.1885735082926026
-3.172481684781645
-3.16967855300974
-3.1657691974424598
-3.163622489160735
-3.150183617293431
-3.144399380905754
-3.14149894314178
-3.1343481037730387
-3.1220970782036486
-3.116737977023016
-3.1164006389413847
-3.1004948530282412
-3.09921069288951
-3.098914359573371
-3.096787849805009
-3.0967503815728437
-3.088529021876104
-3.0870277550835024
-3.0783938855380946
-3.0724949429443256
-3.068234207003339
-3.0678034898839175
-3.065344267320933
-3.063656060384454
-3.059827384150178
-3.059676527457853
-3.052130667961438
-3.051439616616389
-3.050628149763449
-3.03884409139852
-3.0306657021722727
-3.029688725761418
-3.0295781087362244
-3.019173817959862
-3.0186177682534012
-3.014971803505372
-3.0118917242905745
-3.009796737635541
-3.005363028944006
-3.003570119731016
-3.0028773311755756
-2.996937555316615
-2.9960150326646007
-2.9954447070884775
-2.9941096383940438
-2.9887467278740676
-2.986916512351104
-2.9856542292151342
-2.983355702040959
-2.978427207426098
-2.9690416551246344
-2.9689524880802156
-2.953257889877748
-2.9519624224784136
-2.951486390763608
-2.9490686642159805
-2.9460151824396887
-2.945843065963877
-2.943597088376417
-2.9327056914277225
-2.9327006023116353
-2.9319610558986464
-2.9284667843912993
-2.9281927146814573
-2.9198571094339774
-2.918513805374873
-2.917817590804574
-2.9176563415228918
-2.9169018357161325
-2.9145904500548143
-2.9139223293601764
-2.912975036364554
-2.899354471919369
-2.895969039218451
-2.895772414514746
-2.8927032124273837
-2.890483641089507
-2.8877695835062904
-2.8860251789466056
-2.885530983566411
-2.8828295507555364
-2.879907455132246
-2.8748182170732823
-2.8740573683272657
-2.870939748876408
-2.8688095712986557
-2.866745356366269
-2.86495081234725
-2.8582391606571584
-2.8570631634367674
-2.856295628537035
-2.854965603931144
-2.8549339919047716
-2.852625839755876
-2.842022638057913
-2.8417451655927013
-2.8370560265658398
-2.8327428441852875
-2.8324423793277886
-2.8324261939874695
-2.8222886735157027
-2.80912223713193
-2.805432809501033
-2.8034616854619454
-2.803135438954411
-2.8021996410337677
-2.796828140322898
-2.79540339058429
-2.79392719513572
-2.791450076649813
-2.791056006233977
-2.7870984305621667
-2.7839618094169647
-2.7831426911913164
-2.7825066997747445
-2.781562492226424
-2.7810499008244367
-2.7751643202266276
-2.774278886821917
-2.7675513157597327
-2.762545555802266
-2.7617633435515376
-2.7567469201832724
-2.7551646432693158
-2.7516435877112797
-2.7515469797935665
-2.7438257818599068
-2.74352860084161
-2.7412419889764754
-2.7371484147667813
-2.736507143746516
-2.732453540563056
-2.7244120414086455
-2.724323574365786
-2.723051431867148
-2.7175583948541955
-2.7123895098690993
-2.7123064964280466
-2.697584759265156
-2.6972505351312
-2.6925758399900808
-2.6729324417694773
-2.6712014191160454
-2.669784727435382
-2.6661433672220896
-2.6638440871910363
-2.6631501292940465
-2.6605698165284024
-2.6596628739325427
-2.6552724545664645
-2.6491468446359043
-2.6469553216683437
-2.639175956119341
-2.6390894687064517
-2.638193996751718
-2.6379677291506223
-2.6374976439488442
-2.632574437269284
-2.63122319095522
-2.6300622814613663
-2.623209932116655
-2.622074201275621
-2.6078981977952616
-2.604283577655686
-2.602862557972502
-2.5998383483681193
-2.5986072599910757
-2.5868800159418286
-2.5865623691816673
-2.5857884641516837
-2.582750408711943
-2.580873084680917
-2.573624183427942
-2.562697701064252
-2.559389606200626
-2.5584297794577147
-2.55214310046927
-2.551618056427094
-2.5484363648328334
-2.540351282071438
-2.539383463787468
-2.5372924567130584
-2.5349675811626446
-2.534421899876944
-2.532680337710995
-2.5310108262009563
-2.530490814310349
-2.5292354711661464
-2.526673460209417
-2.517115622016892
-2.5141186911836275
-2.5081389887102836
-2.5055889378175036
-2.495904689835745
-2.489861137871116
-2.4833592845561916
-2.4815390114970577
-2.4807198168131386
-2.480206179054723
-2.4800068833329654
-2.479975338975115
-2.4758443795968
-2.4750683842192536
-2.4750577973135135
-2.471754919164854
-2.462681178207231
-2.4619317817627646
-2.459237568462885
-2.456928825845524
-2.4567744309961674
-2.4543709374082847
-2.454093461697788
-2.4461034775842974
-2.4421978399575255
-2.434604552775968
-2.429669852390968
-2.4291595542913056
-2.4289896552470918
-2.4253447995409907
-2.422219218388638
-2.421946743198552
-2.411412139901791
-2.4101199235954835
-2.407735424779172
-2.4012953253706097
-2.400279657758982
-2.3999668820079774
-2.3995899098719446
-2.396522486298903
-2.394333606793634
-2.386167959816785
-2.385293165734817
-2.3794087741500984
-2.3743605860319046
-2.3705472394281326
-2.3694706389495384
-2.369121012585866
-2.3671604564978534
-2.3668653297505218
-2.3662857414145964
-2.365263672634803
-2.3650506026840006
-2.35595401314138
-2.3551841762766927
-2.35314715861998
-2.3526833161387497
-2.3518193162180294
-2.349366227052829
-2.3452802486308846
-2.343168112156235
-2.3425964935593746
-2.342521269114608
-2.3401837305691644
-2.3362609924568534
-2.3341546329665324
-2.3309146459370362
-2.329021312861655
-2.3270946434940822
-2.3265015585483018
-2.3243694507231414
-2.3232970720651345
-2.3224254748612516
-2.312856383565471
-2.309743715530117
-2.3093349062709096
-2.3070987460282684
-2.3048665843673093
-2.304556142925088
-2.2975628460549107
-2.2933203348877247
-2.291496871317054
-2.2910845653294665
-2.2909782158057617
-2.289660403861488
-2.2896260990192023
-2.288160479648746
-2.286842212098292
-2.28665341527427
-2.2866066322386405
-2.284869185999768
-2.282162231261564
-2.2800914944886936
-2.279114939421249
-2.276946577385048
-2.276712833611113
-2.274810085818834
-2.2717930268194424
-2.2715575648720963
-2.271017380739167
-2.268578787500042
-2.26562121780631
-2.2637275864207886
-2.261766184051139
-2.261748905246842
-2.256298597918701
-2.250085569492783
-2.242474020753398
-2.2414870248724914
-2.2405617114744856
-2.240428037238848
-2.2390787412014674
-2.238941676843308
-2.235247163042607
-2.2320582149764263
-2.2314552778233443
-2.226589360583064
-2.2246598735023646
-2.2218760936732025
-2.2215283743360468
-2.21364665476939
-2.204677409126174
-2.2032725876736903
-2.2013570793361166
-2.1955373958476607
-2.1938878472481402
-2.193036845787335
-2.1858888850814426
-2.183680425177757
-2.18089641498915
-2.1784272497454213
-2.1779549046118674
-2.177827984682793
-2.163161635377582
-2.1617724286877653
-2.161320637656749
-2.160149493740626
-2.1588369248155637
-2.1522241754458262
-2.1475398522180056
-2.139690396526402
-2.1381516345837777
-2.1342496275387157
-2.130586548853584
-2.128558178737908
-2.1246966009615833
-2.124678796738863
-2.1213174218513076
-2.115791746435316
-2.1108575803994407
-2.1107104226353206
-2.1067615756551357
-2.10617462237324
-2.105156417750328
-2.104705476354524
-2.098370801205837
-2.096846066782858
-2.0960278923299147
-2.095441190356733
-2.0941944677422404
-2.0939634766446282
-2.090767083811678
-2.0844293053471956
-2.083806578773749
-2.081526183350336
-2.0761489859252356
-2.0754157340231325
-2.0697680840188406
-2.0676154214991764
-2.0633456364138465
-2.0621700981874356
-2.0620477386309775
-2.06051159268943
-2.053993617755791
-2.0510028080340703
-2.0474160658687324
-2.046179309963374
-2.044424194980888
-2.044287780293696
-2.0386396516911036
-2.0332134889741185
-2.0320573651861418
-2.031552449135961
-2.0257880430632476
-2.022613212688206
-2.0204459762899365
-2.017919364753883
-2.0177015553600217
-2.0151084242382677
-2.0147315815072124
-2.013477981965732
-2.012480625912937
-2.0122308406401954
-2.0115567334391384
-2.007281580241666
-2.0055428979021883
-2.002419355671268
-2.0014459414591474
-1.9993822629695168
-1.9982544914136424
-1.9935812242670299
-1.9924987130539995
-1.991182071068355
-1.986543562698099
-1.9837705173132822
-1.9821793347729875
-1.9815322472056058
-1.978539314623767
-1.976915198909511
-1.9686041117607493
-1.9682678375075051
-1.9662581690600953
-1.9647697987300523
-1.964738276365317
-1.9643287347209089
-1.9631130760203026
-1.9610457408266473
-1.9579178314727312
-1.9572336135646233
-1.9527182590378018
-1.9498027097496748
-1.9478429730532665
-1.9475785787390985
-1.9442733822649152
-1.930997258745178
-1.9276856352337588
-1.9270751209251236
-1.9215105707374347
-1.9187467102611886
-1.9153374690761613
-1.9151391774360769
-1.9137606656227568
-1.9094417169513727
-1.908819098439925
-1.907904136497022
-1.9060966136701922
-1.903135937295291
-1.897835270174554
-1.896697849547154
-1.8880254108768932
-1.8874806685473606
-1.875866948043237
-1.8673904389420217
-1.863752581133951
-1.86285976989457
-1.862575287333444
-1.8615701228325165
-1.8598344883606681
-1.8573670332248802
-1.8573241535928044
-1.8556363842794306
-1.8554955694172124
-1.8526968919428066
-1.8514788848032726
-1.8503089199218175
-1.845251626067507
-1.8404558860864815
-1.839274484140141
-1.8392362696642295
-1.8335451078314895
-1.8331663577989001
-1.8310165774969294
-1.8297466332131544
-1.8200432795036798
-1.819965615230655
-1.8183064756674345
-1.8172061778053594
-1.810544907557115
-1.809201883047531
-1.8071816990703895
-1.8062996121131516
-1.8055005149289585
-1.802345800144469
-1.7945109944390691
-1.7937608540906411
-1.7915463108569254
-1.788798238645395
-1.7883157310159215
-1.7874028895822827
-1.7861205335703274
-1.784254871428785
-1.7842428673744921
-1.781004250391803
-1.7798857321350134
-1.7797812078359359
-1.7793606005337224
-1.7771031722093804
-1.775986490108115
-1.773378843264835
-1.7692957971827024
-1.7646338322174526
-1.7637773705507773
-1.7604435857324376
-1.7592798658933009
-1.7518615745492683
-1.7516131721246655
-1.7493727871172948
-1.7391651859035901
-1.7364992854544794
-1.7359062000564283
-1.7342183968466878
-1.7323611213753405
-1.7293876476754644
-1.7279432474828824
-1.7241193108644568
-1.7222082368092322
-1.7181874700804727
-1.717569890501661
-1.714110096778052
-1.7122408157388342
-1.7106139981055022
-1.7093835887081685
-1.709097483782253
-1.7088906260972396
-1.706524647573412
-1.7055879140323196
-1.7035157966099799
-1.7031698514436526
-1.6996739103958958
-1.6918731392182673
-1.686559842219228
-1.6844435898636827
-1.6824326270436543
-1.67984328736223
-1.6765893964050806
-1.6745203070169772
-1.6742715785096491
-1.6735945568764388
-1.673484746668376
-1.6726011400345704
-1.6720742333384535
-1.6713321424270666
-1.6680855642675496
-1.6672634688591232
-1.6666217415337246
-1.6607610584101051
-1.659822252684975
-1.6559300947973523
-1.6479542150494204
-1.6476739932869
-1.6434516362128226
-1.6332745522945218
-1.63148358785923
-1.6304074014638141
-1.630046415315106
-1.6298752364483458
-1.625399007988408
-1.6230186274112142
-1.620342803529756
-1.6193713714370008
-1.6176698403602066
-1.6153815752208938
-1.6132091736449565
-1.6099553345833777
-1.6086112799426155
-1.608234065726843
-1.6066011769265442
-1.6059500126894544
-1.6045899577330154
-1.6031971197294141
-1.6013024343109488
-1.6008319224437195
-1.6000335604524456
-1.5972254273534847
-1.5959016358614413
-1.5912208883153969
-1.5898910462011335
-1.5898495845943788
-1.5873364367346698
-1.5855360589472873
-1.5850263338337505
-1.584832897170979
-1.583102031483798
-1.580550002162283
-1.5770913645481703
-1.575827365892454
-1.575788374227013
-1.5741221922976074
-1.5736923103883818
-1.5686733540688578
-1.5678166441517267
-1.5661316526345528
-1.5660128578240387
-1.5639993056158665
-1.5636700690615966
-1.5625482119801184
-1.5602545621773403
-1.559300360815889
-1.5569423963656432
-1.55603686799952
-1.5484977116027003
-1.548258099646763
-1.5479679772320294
-1.5466765742510902
-1.5425190939120417
-1.5421120587449988
-1.5404852336199388
-1.5396733471514965
-1.5393875530315297
-1.5364225104575646
-1.5361149937241905
-1.5360474589860384
-1.5329707632889604
-1.5323923245051345
-1.5308285067579894
-1.5306840919314912
-1.5283386724864354
-1.5219592691055839
-1.5196485684420464
-1.516168048644623
-1.5147556626078835
-1.5136565842287468
-1.5076170064983598
-1.5024699977201021
-1.4969353771950762
-1.4961685565851428
-1.4941710330448585
-1.4840530487017995
-1.4839038709113874
-1.4818029653799067
-1.4808331219481154
-1.4794944792833542
-1.4765310971759151
-1.4757468666280236
-1.473821524343121
-1.4730364445486748
-1.4721371801129095
-1.471111788664523
-1.4692152180145441
-1.4655350811921775
-1.4650397489353817
-1.463558584499139
-1.4623208505444119
-1.4607753203278606
-1.456478280252607
-1.4557986312749653
-1.4535541076377034
-1.4514222761213942
-1.4507466735053929
-1.449624273637682
-1.4456123568022599
-1.4438933489633912
-1.44198470752633
-1.4413790770376251
-1.437983258535301
-1.4298220110999142
-1.4269449183361456
-1.4218151239316268
-1.4212004916058019
-1.4210426762280994
-1.4206665570777317
-1.420524129525726
-1.4202449857591004
-1.4176134139527288
-1.417555716758941
-1.4160982916406963
-1.414382379222083
-1.4129735106498171
-1.411023982663358
-1.4103849098707357
-1.4090721407477018
-1.4061376186124184
-1.40595391326858
-1.4021448405925199
-1.4007031374948427
-1.398335113005082
-1.3973991157042382
-1.3951933010669095
-1.3950519055029313
-1.3934780873430392
-1.3917571218421774
-1.3860555620715758
-1.3820944245640647
-1.381590163500244
-1.3814481005582053
-1.3806465957408853
-1.3757614050366342
-1.3748420769833416
-1.3748221346893073
-1.371968675769732
-1.3682237679081422
-1.3676671589005176
-1.3675704328628093
-1.3665558455208087
-1.3632871156284045
-1.3615429417266791
-1.3606983099267613
-1.3605567050224026
-1.3597699133934262
-1.3570585853080774
-1.3566459870916094
-1.3561188464708307
-1.3542137795548403
-1.3542011094742943
-1.3540883278787428
-1.3516041733320534
-1.351219271872642
-1.3507343225996524
-1.3485998703880648
-1.347793528969492
-1.3476409711291664
-1.347422950979638
-1.3466215678793954
-1.3463276450243185
-1.3430496024961407
-1.3426965375519178
-1.340518408245103
-1.339847280495539
-1.3394894678233382
-1.3394512134834962
-1.3375642163904649
-1.3326024567658679
-1.3299470486660248
-1.3289992947488627
-1.328915255835457
-1.3288056780839148
-1.3285702937833341
-1.3270444321016686
-1.3262477847389693
-1.3207992971924978
-1.3201961647991869
-1.3199052701034122
-1.3177571693484968
-1.3110356271534158
-1.3089385492112204
-1.308893011446092
-1.3073608732652693
-1.3064977505409932
-1.3062514591097107
-1.3045748320008397
-1.304155057502075
-1.3022695624766067
-1.3017998070863173
-1.3007449932625659
-1.2990808558465772
-1.2988738793110048
-1.298493198070576
-1.2960805855106572
-1.2953578696388774
-1.294594542186768
-1.2931988708541375
-1.2925669478418327
-1.2914227061211425
-1.2909313975352175
-1.2892663132977296
-1.286509223822779
-1.285946041547756
-1.2840725328429057
-1.2822136175022216
-1.2799565533706678
-1.2758141065490962
-1.2735540884556942
-1.2713797186913438
-1.270538739022962
-1.2676522653697153
-1.2654891384791502
-1.26484944288994
-1.2648080666809947
-1.2646787931866226
-1.2634421852804236
-1.2579302029749257
-1.256758875643107
-1.2565381505894075
-1.2529912230713736
-1.2525185110794128
-1.2512404926264071
-1.2436377753942724
-1.2436359020754715
-1.2434738262538043
-1.242317654655762
-1.2372211892033265
-1.2370279366514068
-1.2310953802509257
-1.2307580855832299
-1.2303957273739483
-1.2290080026183214
-1.2256234972940014
-1.2230774946938883
-1.2196048293898751
-1.2191667616146118
-1.2178688394951729
-1.2137965568580553
-1.2129654179922689
-1.2128276183515556
-1.2117348241081238
-1.2115053113466043
-1.208929794643446
-1.2062856540501519
-1.2062382892883798
-1.2030062567938242
-1.201742988960938
-1.200624127606405
-1.1946664280373422
-1.1944649330718102
-1.1926920732347428
-1.1925940098554082
-1.1906979508523412
-1.1902867002832764
-1.1891416121388645
-1.1880982247172507
-1.1851056506501054
-1.1846358935293935
-1.1845189508647187
-1.1812748072035861
-1.1799441707378655
-1.1765332477899988
-1.1751995806315731
-1.1745298636549921
-1.170212899212622
-1.1686160970874386
-1.167632982597024
-1.16576539560727
-1.1653150832862758
-1.1644826696353014
-1.1636997267803784
-1.1632280404081827
-1.1626312719896228
-1.161573190794669
-1.1600025698612804
-1.1587222364453171
-1.1548137311727307
-1.1539941726682799
-1.1530564025007974
-1.1516915094879259
-1.1501707870934383
-1.1484339931857015
-1.1466166440393715
-1.1419469897444383
-1.140922419774327
-1.1407345386255048
-1.1404712144144415
-1.1383451153844881
-1.1373735142017414
-1.1371436302138997
-1.134344085764023
-1.133438647818013
-1.1315763607632408
-1.12856266312938
-1.1282436646248448
-1.127690013414779
-1.1275308334814018
-1.1275295281248963
-1.1265178385403982
-1.1264159926876602
-1.1208972159948507
-1.1206752573662817
-1.1196367227161206
-1.1187604601230579
-1.1179654973452868
-1.117288852903928
-1.1172760803205328
-1.1171046542926573
-1.1168254832274624
-1.116806569735653
-1.1146139335924024
-1.1140820601697166
-1.1136108836004093
-1.1130378665815603
-1.1127189216299354
-1.1106229728785315
-1.1104051580314334
-1.107745381634773
-1.1064292836758844
-1.1059448064202166
-1.1028010363535332
-1.1023454351620154
-1.0992759036524524
-1.0987031717342677
-1.0929752268112147
-1.0916348231383637
-1.089988248168492
-1.0890634207180536
-1.082934200361184
-1.0808334593770141
-1.0800434269888832
-1.079981247027344
-1.0787002055687807
-1.0782545721731223
-1.0768462365299167
-1.075989192923637
-1.0759297076766885
-1.0750119320887923
-1.0722459409736316
-1.070852171380068
-1.068566329850578
-1.0684511189589525
-1.0665466790121738
-1.0660804412329974
-1.0655027134229185
-1.0644303233288563
-1.0644186104983517
-1.0637037006390508
-1.062941402060353
-1.062092235637288
-1.058208341390487
-1.057484085648895
-1.0561237524120775
-1.0558854326293903
-1.0547454529705962
-1.0512566425496817
-1.0511266774578223
-1.0481606996899875
-1.0477106721900138
-1.0466206011828012
-1.0447152444943681
-1.0444989350712075
-1.04079809394579
-1.0368877170442636
-1.0352292047233314
-1.0319374145238926
-1.0276526606513925
-1.0270797058524235
-1.0264127345038836
-1.0253001466232587
-1.0242692931258228
-1.0233378466515586
-1.0216501214881217
-1.0209449586364263
-1.0205294933245284
-1.0139625628515185
-1.0137982246232202
-1.013229438006603
-1.0130866147779827
-1.0129627130242862
-1.0120999415934981
-1.0118315006438163
-1.0095546432756737
-1.0081841384358623
-1.0078889024456623
-1.0074209298140486
-1.0061426576774926
-1.0044149484615765
-1.0035330868217673
-1.0022968152460527
-1.0021773276635093
-0.998617836159853
-0.9984420505561276
-0.9974069076117675
-0.9943196226335297
-0.9932148907481746
-0.9877599536971757
-0.9865576485798696
-0.9819117620742572
-0.9809471208275852
-0.9809223471710083
-0.9794996774319339
-0.978080846098792
-0.9746398949315025
-0.9744176041830428
-0.9728210817893613
-0.972619129825774
-0.9721864672574718
-0.971182257675774
-0.9670294631478095
-0.9664914970858063
-0.9655848860482117
-0.9638000270583359
-0.9628372926147631
-0.9575004231701998
-0.956695807041486
-0.9558536800342854
-0.9532860490656188
-0.9517301535739362
-0.9512815742511067
-0.951256468037803
-0.94764166297398
-0.9431761148665669
-0.9400577407448437
-0.9397980071210983
-0.9383954568497349
-0.938327509678341
-0.9372349134046654
-0.936686566477311
-0.9346159342455951
-0.933784512931403
-0.9323701640702735
-0.9304083283576315
-0.9295710261861976
-0.9282057315038865
-0.9278923576900647
-0.9225995511624959
-0.9193986769835165
-0.9191595779296298
-0.9166532871383771
-0.9127937559115683
-0.9119539454907604
-0.9087992823331669
-0.9058494929775248
-0.8998982201999688
-0.8973854181535322
-0.8957084534212242
-0.8953444169022335
-0.8945077673373342
-0.8941951569820605
-0.8927135897945591
-0.8926243302163398
-0.892136265143092
-0.8913759302741744
-0.8910529372920075
-0.890278675670183
-0.8886518353794263
-0.8873877636165692
-0.8865694709650285
-0.8830855652681323
-0.8821298453460964
-0.8820885203206842
-0.8792947439324533
-0.8790107137360292
-0.8789030261481112
-0.8758261797293906
-0.8732681181087717
-0.8717316899916441
-0.8661362471238495
-0.8657017468860332
-0.8655276905084432
-0.8653365517565588
-0.8651776504261198
-0.8624945148090695
-0.8608808496014595
-0.8582945302559138
-0.8535433911278092
-0.8519017732194677
-0.8497137590711246
-0.8489725196865895
-0.8482069602471719
-0.844355604092733
-0.8440951651208743
-0.8431332709840501
-0.8416752978022712
-0.8412933054952286
-0.8353559880805715
-0.8343376007583907
-0.8341939437328284
-0.8335925276641172
-0.8326765817172693
-0.8312969536603174
-0.8293185796045892
-0.8286803517999932
-0.8286681253901625
-0.8286244549421977
-0.8277079974350937
-0.8261829850929454
-0.825631423338661
-0.8237286516214359
-0.8225620369640634
-0.821586221688965
-0.8185128525339671
-0.8181223965925154
-0.8171840784675086
-0.8157639152879956
-0.815338897275786
-0.8153347858487714
-0.8144433021662374
-0.8142431739624368
-0.8138433028250891
-0.8125572021108503
-0.8090304878955763
-0.8000560436020426
-0.7946861434506327
-0.7934775056552302
-0.7918309910087654
-0.7915101411872151
-0.7911992530331513
-0.7902953863272468
-0.7899175099402408
-0.7896366416349287
-0.7859209741494155
-0.7843905056496554
-0.7829098557085328
-0.782659100435704
-0.7821953947451388
-0.7820197176714205
-0.7814282562284238
-0.7805320116454764
-0.7783055688360513
-0.7754329924407944
-0.7754326251094396
-0.7730717068670824
-0.7701766975865716
-0.7605064515508776
-0.7601342112920009
-0.7597880035970225
-0.7595964326756812
-0.7582265202235722
-0.7573797402791256
-0.7548822148806686
-0.7543723881428581
-0.7538301430674051
-0.7534463288647163
-0.7472141343419886
-0.7436977248177974
-0.7408750914627813
-0.7388218225168527
-0.7386606664202932
-0.7376208471901384
-0.7340882637148133
-0.732836268267743
-0.7324679318844474
-0.730513438361901
-0.7293959472671168
-0.7293027024040436
-0.7287238603069605
-0.7256601606527596
-0.7255728522652093
-0.7248924028583729
-0.7247443356628793
-0.7219289829583188
-0.7206505303104981
-0.7178855937376971
-0.7176609348487998
-0.7122027548455135
-0.7121921394463294
-0.7093868648463484
-0.7093726069912307
-0.7090191144907569
-0.7077522718956704
-0.7071410334298502
-0.7066280411435584
-0.7003144409740271
-0.7001150943719104
-0.6969482518353955
-0.6957406265812601
-0.6948020551617737
-0.6936434572056018
-0.689353840810313
-0.6889041895364536
-0.6883381409446953
-0.685145604292322
-0.6830394986433597
-0.6824565953228652
-0.679052911125092
-0.6779290248381039
-0.6765899184418404
-0.676446647595674
-0.6737535998814492
-0.6673033172415213
-0.6670014841229437
-0.6646526838325512
-0.662851384874664
-0.6589030613754098
-0.6584059108223766
-0.6553590135383177
-0.6547452754392954
-0.653997144625622
-0.652971435344415
-0.6510924976413442
-0.6473483880990155
-0.6473388302287063
-0.6463904260073525
-0.6462544564844721
-0.6415250416914693
-0.6414949966670709
-0.6402213308422474
-0.640013567823087
-0.6393792196967156
-0.6384461102129407
-0.6380957132205439
-0.6341594520585334
-0.6323523447201063
-0.6312305248968282
-0.6283066221734721
-0.6272189644518843
-0.6261210977779345
-0.6243095140169442
-0.6218855820499763
-0.620587610461401
-0.6182069825035088
-0.6174250894680336
-0.6136576275169368
-0.6133354408713626
-0.6131612603525897
-0.6131408477476772
-0.6116843692893843
-0.6095455885142647
-0.6093264582506569
-0.6076474960716527
-0.6066311302327634
-0.6057066450917893
-0.6053371094489558
-0.6033096386323398
-0.6028838390246629
-0.6027556394339522
-0.6014961315689894
-0.5993297024945479
-0.5984833050193501
-0.598074951799976
-0.5976635742512297
-0.5968444884005721
-0.5936442943128013
-0.5932294096650694
-0.5921610009606628
-0.5900127584548879
-0.5849990566003314
-0.5835334754750654
-0.5829805648426257
-0.5829533583559885
-0.5824980068565007
-0.5823748283915146
-0.5788106106439888
-0.5786706558055511
-0.578576244950274
-0.5773968086247186
-0.5752899631466218
-0.5727386519638586
-0.5712955178485699
-0.5692555664411755
-0.5670991081263074
-0.5668254809794493
-0.5654220067082365
-0.5636577600822755
-0.5625940477461928
-0.5613810247532847
-0.5605765906566162
-0.5600259882616763
-0.5580325837078765
-0.5578197915145489
-0.5539012152316886
-0.5529477375793521
-0.5504044564625088
-0.5502797800252514
-0.5489338905214015
-0.5483234274440546
-0.5471713273822874
-0.5464751421514571
-0.544533504233855
-0.5410920798648843
-0.5363223081703054
-0.5357369284093398
-0.5357206498573017
-0.534255097511735
-0.5315669318095864
-0.5300159330465228
-0.5296264102678045
-0.5277102946901439
-0.5274804545031886
-0.5273295099080132
-0.5258169008928802
-0.5254132191507196
-0.523037876269673
-0.5215365864200864
-0.518954029774069
-0.5169743770413121
-0.5144919814882813
-0.5143830326366062
-0.5140362129331412
-0.5140237795544733
-0.5130806934841747
-0.5129529371298063
-0.51082469676225
-0.5097570757493518
-0.5092034128264967
-0.5088458140632799
-0.5065488943951932
-0.5056103761262323
-0.4987636722718366
-0.4981643204255891
-0.49602232593639356
-0.49578620566024034
-0.494855216688407
-0.4943361931598358
-0.49106083275127477
-0.48948594821263264
-0.4893460901439174
-0.4874039635859346
-0.4829813287180985
-0.47934590998689125
-0.47897202196647115
-0.4779830804654135
-0.4773335508393557
-0.47354735991088337
-0.47343239253615504
-0.47151402683206245
-0.4680865296609727
-0.46671509418025614
-0.46545546006346006
-0.464129295427094
-0.4609937239587878
-0.45678947254640495
-0.4540275665809552
-0.45362243212157005
-0.4533608669977772
-0.4528714920093022
-0.45088802642713033
-0.4508414241179103
-0.4507027265660458
-0.4492405602771501
-0.44728351560248425
-0.44699055333434856
-0.4467257105644413
-0.4460211316527035
-0.4443059954813088
-0.4439175133157003
-0.4388751657822822
-0.4383779654879705
-0.43576740618814314
-0.4350229213349388
-0.4346115339327318
-0.43160526935987165
-0.4299023337338375
-0.429649505355119
-0.42065433863240365
-0.42043964975496884
-0.4197863828229842
-0.4186228988118067
-0.4181799515394401
-0.41605612277313964
-0.4159406127648896
-0.41521796345028095
-0.4147245918714878
-0.41142608511392575
-0.41089013010822434
-0.41020098086452805
-0.4095346897995916
-0.40858485567693736
-0.40852408669637164
-0.40834751956123977
-0.40584661347170703
-0.4048836847513413
-0.40267662157223727
-0.4022483856134389
-0.4002387120709274
-0.39959359744919387
-0.3982182451062453
-0.3982167099440369
-0.39813405653502254
-0.3951801111270977
-0.3908646010740882
-0.39079959258336033
-0.3898492506036597
-0.3897381947721634
-0.38947113796853905
-0.38830515893641654
-0.3882687341038139
-0.3878968181051841
-0.38650063420905256
-0.38575325331386895
-0.3833436148155945
-0.3805943063939406
-0.3796962129917961
-0.37955557250395977
-0.37707836530143507
-0.3765962680650314
-0.3764989606613318
-0.37645357990877015
-0.3763362624326389
-0.3761046620246201
-0.3743363282047884
-0.3708527814175435
-0.3674007827566851
-0.3673489341117191
-0.3673199501295933
-0.3667574511937216
-0.363481332859525
-0.3633136004699029
-0.3604429737033629
-0.35902940741548717
-0.3565129999533352
-0.3561979872898017
-0.3560805969550277
-0.35334060751175395
-0.35185148824891677
-0.3514402513876723
-0.35003542892677253
-0.3485101746674917
-0.34721216157006396
-0.34533228291212514
-0.34484897601344855
-0.3428520942031766
-0.34273828414159374
-0.34263808891827574
-0.33940696016630656
-0.33494184207668276
-0.3331259276897499
-0.3324223388607366
-0.33237256633541223
-0.33171321820507693
-0.32928428372289276
-0.32897604833759214
-0.321204873127405
-0.31740949251231565
-0.3169524743399543
-0.31688737706068326
-0.31544998941402624
-0.3142005067594875
-0.30802686446696803
-0.30720817684057444
-0.30667065544189154
-0.30496348280597224
-0.3039586748333257
-0.30381524268234905
-0.3029561566197636
-0.29978089495113164
-0.2981404019017168
-0.29780414152274876
-0.2955347394888407
-0.2940976122769964
-0.29260402178967015
-0.291080384594407
-0.28831830574389794
-0.288154699595186
-0.28592237864103826
-0.2845162769310521
-0.281289450256564
-0.28068561240172163
-0.28002018757784264
-0.2777579940928393
-0.2774162846596313
-0.2741647318404927
-0.27308518051179326
-0.2719907467585474
-0.2704778770491941
-0.2677224967761944
-0.2676857698842408
-0.2674311888657763
-0.26690627719581883
-0.2645561022100946
-0.2639965833019266
-0.26230366381983317
-0.2584547072499072
-0.2574333376038651
-0.25656679384476944
-0.2550325672502636
-0.25343715779147913
-0.25286028049176146
-0.24810879157394727
-0.24775901853187327
-0.24756627564209027
-0.24438402078645138
-0.24424937605666663
-0.2439050149371576
-0.2420215304175446
-0.24168852442386562
-0.24163368087188047
-0.240442397065617
-0.23912321543453108
-0.23787413198598162
-0.23409012531041662
-0.23397956518322172
-0.23335329216631373
-0.23238763132761664
-0.22660377780154617
-0.2258693513563283
-0.22577617319190113
-0.22372302823269163
-0.22305204717007576
-0.22298396006241672
-0.22061715320867992
-0.2158167336955309
-0.20730759644643437
-0.20681953482581625
-0.20541597358658548
-0.20495087975872417
-0.20360630811004654
-0.19878477789039262
-0.1984369375590092
-0.19549955964549773
-0.19508134819825385
-0.1948481130836952
-0.19457033722763756
-0.19332420241456838
-0.19302300092089297
-0.19175473449299585
-0.19157345717628205
-0.19131810258658655
-0.1912096583406021
-0.1903477069974065
-0.18830416611957862
-0.18818633813038077
-0.18812399705117522
-0.18769468339010242
-0.1864279819193576
-0.1850661330375022
-0.18414303544548294
-0.182039909135558
-0.18178686243432818
-0.17350028577774573
-0.17015192270356772
-0.16873057540350905
-0.1686012990659388
-0.16648421836694216
-0.16486575099926032
-0.16206061501576285
-0.1609394721432883
-0.1609147569242403
-0.16023721157150295
-0.1598654460346046
-0.15866213219080635
-0.15711411334380532
-0.1566219513377729
-0.15476964396369985
-0.15430757887692156
-0.1529252676909676
-0.15268958226025203
-0.15196652157722323
-0.15005531901818614
-0.1480397357373806
-0.14745601837019973
-0.145975749628227
-0.14001683179790736
-0.13755934348645044
-0.13622780848530802
-0.13387865896957674
-0.13296144831966705
-0.13024146563973282
-0.12967075110561538
-0.12951400127618928
-0.12914691285813318
-0.12873532395761117
-0.12811272118332562
-0.127172618565344
-0.12678436758904654
-0.12155555598025636
-0.12121255514476503
-0.12076756078835671
-0.12011622647495701
-0.1189610638776849
-0.11648272815844862
-0.11433212085058092
-0.11387887103151617
-0.113782170591253
-0.1110430123098779
-0.11069608840160405
-0.11017956790147426
-0.10991578808037306
-0.10890384412345944
-0.10700396161823683
-0.10683390223592998
-0.10661399810693784
-0.10640492698762946
-0.10538380602255626
-0.10248869108627412
-0.10227094551045851
-0.10085464438637726
-0.0987244850193576
-0.09142906415187724
-0.09086998995735518
-0.0905275193516869
-0.08974995972745145
-0.08940618808575986
-0.08836218561164433
-0.08782065589092558
-0.0870699425347558
-0.08317489553529378
-0.0811630963637473
-0.08115734261602858
-0.07983720421184803
-0.07967919360446718
-0.0776579238331343
-0.0770546177138779
-0.07615362496154376
-0.07513180199047134
-0.07294323013247583
-0.07180002226838167
-0.06988795652941798
-0.06922892208975541
-0.06636885533131018
-0.06629235232386155
-0.06625689045587366
-0.059976148073426216
-0.05704446829969645
-0.0535488200215839
-0.05294478201416583
-0.05278947578949744
-0.0511910018462417
-0.04774672574600347
-0.04772297656114799
-0.04756840631979642
-0.047026818872363006
-0.04611317186933983
-0.04178814479602137
-0.040349375954165545
-0.03961859006751689
-0.03705129649392891
-0.032347299400602436
-0.031998531951994924
-0.03128403081640707
-0.03058152770803385
-0.028783356611687627
-0.02677544508162541
-0.025612928510777677
-0.025295424988926896
-0.023711614781575796
-0.02132698651540832
-0.020186033665895997
-0.020158153968239154
-0.018249929122701958
-0.018060900125530188
-0.016363668745132176
-0.015835475364572638
-0.014792008293835646
-0.01390351809560153
-0.013327185636569733
-0.012068975798412707
-0.009886218502110133
-0.009854312768907136
-0.008544263089015403
-0.007220786231249998
-0.006689917367703524
-0.006385225098044067
-0.006364469580376619
-0.006242148378929557
-0.004582921657023786
-0.004376971976145061
-0.0034061300923384774
-0.0028882872390542103
-0.0028872875229817296
-0.001815030377574578
-0.000740888683361085
-7.145690633014734e-05
0.00035056763147300884
0.0005641466687413832
0.0023589757368553954
0.002483767011593918
0.007202610065498938
0.010117514513851067
0.011450955552576914
0.012062339501742653
0.013892776515271762
0.014027670921112012
0.014231523185986528
0.014678158247054096
0.015343665014798835
0.016605038414910733
0.016615256138681533
0.016995212672479332
0.019620107122968133
0.023500021185628994
0.025501782385850547
0.03132501204681015
0.031671492332543516
0.03577084414660231
0.03590206048325212
0.03605773149229235
0.0377234969854956
0.03773673212085287
0.047700082264350185
0.0477131417678599
0.048313442005698426
0.04874489220248894
0.04981835460238626
0.051645224669074286
0.05252481135147599
0.05319735033001033
0.05554145844905778
0.05589024715530938
0.05594673627931768
0.0559498645631239
0.05651876218769905
0.05710417201332102
0.05722387094674414
0.0585321991497183
0.06205079861366536
0.06276450586912019
0.06430157904174383
0.06533686314127962
0.06647866889328191
0.06806674700904913
0.06849916651143773
0.0695021324993837
0.07220188078068934
0.07300218624546628
0.0730840302430088
0.07381965099370902
0.07656169158318629
0.07675757966804486
0.07896569492054188
0.0792722494940804
0.08104951568240332
0.08151320162453501
0.08249721817855449
0.08321892822702054
0.08346703958998702
0.08387093372904679
0.08467791748302156
0.08915212168682007
0.09043521337302074
0.09127750506511279
0.09154445118037857
0.09250723828371377
0.09277217179263958
0.09422572591797651
0.09472914519928888
0.09592101213795423
0.0960637387360708
0.09721349853719108
0.09965570765626652
0.10040652812361783
0.10098143504074425
0.10209069991980513
0.10214562380131553
0.1033548773813871
0.10359068015013095
0.10402833173035414
0.10698212826857667
0.11027647694129394
0.11061024099278599
0.1135366522392604
0.11521962728284063
0.11810386996464889
0.11823686457171292
0.11946864629784426
0.12239400687779656
0.1241388104944171
0.12486561837965515
0.12519606616014478
0.12576816606353725
0.12804542390928653
0.1284453689874997
0.12914806193812756
0.1294124674756748
0.12970880162007742
0.13032891324982662
0.13172254232047365
0.13187958444993048
0.13255693128994406
0.13464707113503832
0.13700217627881883
0.1381181248034863
0.1385938523793807
0.13986276270120823
0.14005690040178287
0.14006265488098615
0.14075526811972686
0.1409235439905614
0.14331756363813197
0.1441687112853487
0.1445078953953564
0.1445212083482572
0.14494157666840998
0.14532645300190172
0.14543321059295317
0.14664615696405978
0.1473924740663093
0.14740594921307876
0.1525881842130512
0.1555566277433007
0.15707799452766402
0.1635893537274622
0.16575965979869645
0.1667138300524823
0.16867477210518267
0.16881681436705467
0.1688396910964785
0.16889174749577485
0.16922652959651832
0.1695998687765804
0.1708844686987167
0.17319829223122196
0.17322599917228687
0.17352313636734007
0.17380080278661336
0.17673658101566814
0.17730199738687746
0.1802117657533926
0.18053395792286633
0.18331426327355427
0.1835674758297129
0.18416725842782078
0.18792278461699397
0.18853502835093677
0.1892440152162674
0.190126676232522
0.1941324600613561
0.19595823962993375
0.19737562682443632
0.19758381985911277
0.19952406485345403
0.20086390343398888
0.20152186441992176
0.2029641929442043
0.2041057525951404
0.2041127291994741
0.2051343578531024
0.20634593433234338
0.2098077911549857
0.21582818955542293
0.21708366559583173
0.2182369762034504
0.2185884910520336
0.2223760439132968
0.22255218941135535
0.22407238221792722
0.22451521751927672
0.2246411992673944
0.22710169681029843
0.22819330501018237
0.22909134916016327
0.22960757631611195
0.23778314769581688
0.2391128919534543
0.24171399858971493
0.24310236547068087
0.24411369107410663
0.24582328635716127
0.24625725800957965
0.24707094541977603
0.2510521712596057
0.2514056426951916
0.2528747870241166
0.25298905080325884
0.25661552154275635
0.2615498209970569
0.26303710409417863
0.26490879526399513
0.265484085613294
0.26587472722033845
0.2700530054287612
0.27250214978251813
0.27251813436167704
0.27522622772747257
0.2752463900416716
0.2753848276998671
0.2773160963449012
0.27940463236701407
0.28018285960017775
0.28101826840385113
0.2855579138561559
0.2866030909854389
0.28721269890664325
0.28728446119514106
0.2900127180645464
0.2915217907485591
0.29235573989387664
0.2926579968730567
0.29436213159010705
0.29559544713366215
0.29649807191722527
0.29769456506854464
0.2993757142744588
0.3001290400368366
0.3003110768015591
0.3010425466436121
0.30234062745157014
0.3046997094034837
0.3063724281414567
0.30657845496509173
0.3098538805231865
0.311565984790669
0.31210551843453316
0.31292598661080784
0.3140794435230264
0.3156612940485671
0.31592777136293065
0.3177548407335956
0.31959718571103934
0.32016256087009254
0.3209725993293619
0.3233988688622643
0.3242840951048277
0.3243494705365983
0.32606397038342316
0.3282573160650868
0.3298486454650785
0.3355893252050053
0.3370779079487931
0.3373141322900177
0.33764136753022744
0.33772506087990334
0.340390124371204
0.3424264542510564
0.34401643127396253
0.3447406719256676
0.34694618564190033
0.3483141215846833
0.3486002210587331
0.35257987220024517
0.35305504407378485
0.3530741037829266
0.3543402471524997
0.3556124236020518
0.355954366006066
0.35627864578470425
0.3565872073258535
0.3567643531692782
0.35741921829453616
0.35762813112203556
0.3596824362916096
0.3625217003729141
0.3628101794149401
0.36472347491354373
0.3652775969873505
0.36936497563209275
0.37022407631181814
0.37048259969663033
0.3707282189009103
0.37121202233122913
0.3721598173019671
0.37378800782447286
0.37453649455650617
0.374782676534103
0.3748531013351497
0.37556789209205077
0.3789132608136402
0.3798712741865842
0.38493069290892207
0.3928452193830689
0.39300483643006673
0.3946007532655502
0.39703652214304797
0.3977790589358733
0.39925879331075514
0.4004050031140799
0.4011295083768149
0.4032065190865087
0.40361022729759516
0.4043865883674485
0.40454266005344697
0.40728451591188375
0.4086559504450833
0.41107079857152606
0.4139839488077227
0.41673144573229315
0.4181309382407437
0.41843549567410177
0.4206353376232612
0.42435540686550166
0.42673435228319545
0.42679731958707173
0.42685377728039
0.42711462083946816
0.4289451236249286
0.43378522621721294
0.4354602468252087
0.4392654972491482
0.4411597460150216
0.4427588772311325
0.4432350436900202
0.4442050522221013
0.4449339529663858
0.44767318772591086
0.45005304149603803
0.45027488751045835
0.4510343573421004
0.45132412454521137
0.45227897523020943
0.45254420099994824
0.45552272524392523
0.4559763735635105
0.4561573814106457
0.45750366508860474
0.4575200355884037
0.4589657681297121
0.46117599342564525
0.4667122666304492
0.46950072943011506
0.47022738938035846
0.4717918896996036
0.4734889320620628
0.47356628152249536
0.4757085467360162
0.4766683625392677
0.4797202413184185
0.48015792850023536
0.48108113825938764
0.48356283593390914
0.48361321003930474
0.4908528988707637
0.4914524808932218
0.49225390506938055
0.4924499638483744
0.4954557906523148
0.49612927179175564
0.5000583188528805
0.5032492827637997
0.5058788144635842
0.5060139723928181
0.5061901047563095
0.5066337410530657
0.5082105948675781
0.5107821885770584
0.5139187064345507
0.5151151441287327
0.515285101961428
0.5164121236396
0.5182373804908558
0.5215616222005768
0.5215722856503822
0.5216815097009393
0.5218775758216734
0.5235737358035667
0.5240156692228983
0.5241684891834884
0.5276405700226149
0.5281194879408412
0.5296256424914239
0.5300347747835368
0.5307806808947223
0.5321822187440237
0.5337818409635513
0.5338164646995291
0.5422847508694582
0.5427924392950614
0.5429378763924056
0.5453911456523333
0.5455467727655208
0.54793579704381
0.549823903570315
0.5519020647458766
0.5523381796941298
0.5535561127444865
0.5542376417476387
0.5561335491315147
0.5571124536072672
0.5593932791543853
0.5597722828960309
0.5603623568361457
0.5623296412938249
0.5637364080139433
0.5640954463019748
0.5646295851401734
0.5650281822409938
0.5665287962645182
0.5709993700054643
0.5733716416128269
0.5741989058374858
0.5745958684743853
0.5761863669700424
0.5777023666747031
0.5782578216584028
0.5794565497528612
0.5798881731965893
0.5824606251672008
0.5828437382984313
0.5879092526201545
0.5882009365620038
0.5889221435023397
0.5925458824844385
0.5926948546214983
0.5935085224166585
0.5949685006263181
0.5984906837791331
0.5997068963290444
0.6011878652998748
0.6039819672179623
0.6084386421041212
0.6087230719575157
0.6114942539961914
0.6126393846602314
0.6127643195945824
0.6157629832703917
0.6174336621907779
0.6183456949843147
0.6225129795207687
0.6232747361525518
0.6285641829532186
0.6289763774683783
0.629259813066328
0.6299048093206656
0.6299557254832515
0.630185541768862
0.6303558427695095
0.6304912000103111
0.631441267131112
0.6320257996841773
0.6353540908261011
0.6359231977656322
0.6394265159052902
0.6396491817156238
0.6408002747923048
0.6409391196892087
0.6474237772275322
0.6475057319958988
0.6490873451643624
0.6496617991977187
0.6554590125748295
0.6557646782529615
0.6596410992439915
0.661597727471217
0.662102561320144
0.6637292466098449
0.6646561225832701
0.6647442389514725
0.6654680767595736
0.6679496061099506
0.6693652436575201
0.6725282538906774
0.6755663219139434
0.6772689106911952
0.6777175117506171
0.6786805698036293
0.679118976808347
0.6791666127881135
0.6812769885561634
0.6813297770704566
0.6823814287719037
0.6832707632012126
0.6853691708809007
0.6883944997835697
0.6898747785518108
0.6905881159486076
0.691336838445627
0.6914373313925117
0.694302302750728
0.6945883830185654
0.6947959534603512
0.696715154121031
0.6967938289351804
0.7055316024882297
0.7058170599862279
0.7060677191442566
0.7084878033262385
0.7086637696702938
0.7096552091227298
0.7110142828694351
0.7110385319824246
0.711280490448327
0.7142934496654955
0.7143200018214604
0.7164386928793713
0.7188035275188767
0.7256653730617686
0.726369324031532
0.7271310449721435
0.729827631476963
0.7319393178661762
0.7344597029116701
0.737837481472164
0.7389643305040756
0.7392289542929493
0.7422321962298306
0.7426451282313153
0.7428588565641999
0.7435518147923541
0.7448046260325101
0.7451239801677334
0.746274374214972
0.7480687834505927
0.750498208964554
0.7506956540556853
0.7520892266853275
0.7521926383276922
0.7528829443916095
0.7530755605099005
0.7532756128928748
0.7574108720339043
0.7585345181076497
0.7603477131582679
0.7645908152023807
0.7668982905125676
0.7695611350518509
0.7720161936150752
0.7727605947277043
0.7733959557423378
0.7755210069120599
0.7764262718563406
0.7770849167369509
0.7771278686874483
0.7772147926651791
0.777344280402336
0.777434844880028
0.7780949134788775
0.7797324092168376
0.7800573145770126
0.7808323536887817
0.7813219191146218
0.7814985833098265
0.7827487503585923
0.7853104345583007
0.7855091052362455
0.7890979022584754
0.7921710606584145
0.7984078020752736
0.7994281842658146
0.8000927447573263
0.8029305578274272
0.8037081673801835
0.804042719528252
0.8055155156907456
0.8066071778862955
0.8071968918395005
0.8090190955986382
0.8096248598148099
0.8131340340245122
0.813574657771129
0.8209823455313698
0.8215632161886903
0.8249184164703164
0.8260592760927092
0.8262565296630012
0.8288030848274047
0.8301816456534956
0.8324637650263566
0.8330292926610714
0.8345514106214588
0.8362856295960526
0.836337908639067
0.8369122118695629
0.8372345891152544
0.8381121070411341
0.8391668914241374
0.8398335148716879
0.8398372165670668
0.8413825246827565
0.8415623751948178
0.8424742393556941
0.8441544319463113
0.8446484896560305
0.8454653189231227
0.8515101316336723
0.851668552965604
0.8550755872015896
0.8559151978081536
0.856007972526817
0.856173444789275
0.8571031321330035
0.8602476222934763
0.8609397674406916
0.8627556091993253
0.8639598113607342
0.8664864134734169
0.8685925302629764
0.8696429025426321
0.8708174525519681
0.8708544313399399
0.8744194584586931
0.875591021392171
0.8795193575735395
0.8806017870077428
0.8825036337039364
0.8866135589260333
0.8866387648882799
0.8874439059317101
0.8877137623506235
0.8899264857833016
0.890054981524142
0.891114433497459
0.8956921803798314
0.8960630225018358
0.8969042576721294
0.8986736076604498
0.8992738453980071
0.9021709367670225
0.9045040951777576
0.9049805839709462
0.9080962874618717
0.9113956914865691
0.9130827380275832
0.9153535660857994
0.91925593871962
0.9211436373115811
0.9222417515041919
0.9229828039674075
0.9239544932487449
0.9249970492949523
0.9258575600033397
0.9273715230824818
0.9277674352652646
0.9290588166374911
0.9304165156744946
0.9310715389766973
0.9322632296169925
0.9328489542465677
0.9342433210349383
0.9350009432470924
0.938168553245475
0.9391457094083588
0.9396774634200171
0.9400537475746885
0.9404875805242144
0.9455324716513567
0.946225121657997
0.9475035496730919
0.9477209297042393
0.9499060653908005
0.9501611562888607
0.9510271542163868
0.9528061150229534
0.9530270549400868
0.9532334189988362
0.9550997029912176
0.9553112702948295
0.9619920792773152
0.9625448011060398
0.9638843844374382
0.9645691041021774
0.9657227653756324
0.9666622126541822
0.9697838367267368
0.969948056948568
0.9703541725389808
0.9726463258155206
0.9734433075213088
0.9751976510875534
0.9759037466054162
0.9760942323446342
0.977345824752022
0.9783950931193458
0.9812812709038736
0.9842486421113381
0.9889441194770983
0.9896323089451184
0.9898117629727158
0.993153084311109
0.995964393193945
0.9977209915409273
1.0033322863203182
1.0037755382280453
1.004898951227426
1.0052912356607393
1.0055679375222804
1.011277197050642
1.0120045614352535
1.0139234700486015
1.0177679532646524
1.0189312930714705
1.018971148265115
1.0197001705629076
1.0206334231101208
1.0209162594496557
1.0217088673474268
1.0233178986337583
1.0236617025373236
1.0245591648423715
1.0246707348940909
1.0257228311639282
1.0267607037437552
1.0269773668716617
1.0280387189323426
1.0292030212046699
1.0318753372874643
1.0325663699062835
1.0340431640397252
1.0350494995264174
1.0363062224029858
1.0390402036056976
1.0402111359057131
1.0405193165766535
1.0423453282930424
1.0425820936561851
1.0484976620581377
1.050769192508513
1.0553847400225418
1.055996925063967
1.056791692318647
1.0591576085606123
1.066937053911171
1.0676831600699022
1.069054852663409
1.0695717921116106
1.0725196874860587
1.0728859158059174
1.0751294400137432
1.0752760375693233
1.0764045237925872
1.0766987162142536
1.0768320465483856
1.0773776972319775
1.077453971477419
1.0791814108734707
1.0793514543362919
1.0807049417096075
1.0815027964902248
1.0874801888717052
1.0898689411435831
1.0914522573841632
1.0915773349474316
1.0935516674501145
1.0977332210127817
1.0992467209214891
1.1008379520974905
1.1032677973161187
1.1071941385214494
1.1092055497118247
1.1131558505501944
1.1136084892941867
1.1136636562554938
1.1143085197477187
1.1151885861059652
1.1155490422151282
1.1169539549743819
1.117664619283923
1.1178043171630394
1.118873818861769
1.1190088500194817
1.1216774486233896
1.1218184013787285
1.12405459859495
1.1254658864376594
1.131086376164736
1.132000536257581
1.1325157173821572
1.1326148961274192
1.1339553132454085
1.1364592033201082
1.139944904966466
1.1444225684186917
1.1446447514852103
1.1450677861222298
1.145367885548497
1.1453974665270108
1.1463537683142881
1.1467224354246253
1.149086621899393
1.1502823252123409
1.1513864782188943
1.1527207586412167
1.1571967446567144
1.158271990745677
1.1590084070264306
1.1606286922979892
1.1624818970252275
1.1627381976332125
1.163899444927646
1.1699321138827683
1.1701997601194478
1.171305975004733
1.1714301749817095
1.173598885588428
1.1750965931751463
1.1751627584472484
1.1772120212187482
1.1779782508766365
1.1811464183945568
1.1820798429851391
1.1822750036063394
1.1827243115785566
1.1846620799624206
1.1850733374520308
1.1867799369667094
1.1875169030788402
1.188119294761004
1.1898214517862693
1.1898914898872162
1.1914831845427916
1.1929276421582158
1.1933302743324838
1.1936744361948337
1.1946022638574023
1.1962349079605965
1.1973439772521992
1.2027417659880566
1.2051479159085567
1.2078238141808368
1.213698846458738
1.215660077093447
1.2170779285757733
1.2185045138804278
1.2255821093896264
1.2279169290298788
1.2366067892360784
1.2372438544090365
1.2385550017396203
1.24309046768699
1.243095881555892
1.243229894885364
1.244151846744258
1.2442946467537408
1.2487304558047543
1.2496538354065052
1.251418141735824
1.2527641877086515
1.2551655207947554
1.2587438219028388
1.2593945715957124
1.2619720971729746
1.2630179659549123
1.2632154257999495
1.2638914403972956
1.264589419094444
1.2646011087580973
1.265239512213702
1.2654441587619512
1.2655742072859006
1.2671084828261852
1.2698917663177647
1.2701160158291567
1.2732218211144883
1.2756695232905106
1.276799545666894
1.2784511528319014
1.282642566366078
1.290766490842625
1.2911695119303492
1.2930489293386782
1.293744547472016
1.2955064664851272
1.2957600902794382
1.2977809225512709
1.3005085304183064
1.3031070358854109
1.30795994441202
1.30865797937115
1.3104347462915338
1.3150819258188182
1.3164987393626015
1.3178351689455745
1.3208376311869392
1.3224893319081281
1.3227332789193609
1.3245488362979985
1.327709959144605
1.3298977474754172
1.3350362853821203
1.3353535740261737
1.3377511124586652
1.3392541430989038
1.3460619031608148
1.3470854436637287
1.351805337430839
1.3518180561703117
1.3537614921080574
1.354277765778543
1.3590647753577132
1.360853162502963
1.3632996716973116
1.3648399304535204
1.3657774041580835
1.3658069382828826
1.3671525227005477
1.3768349600665422
1.37763533872783
1.3785532793684394
1.3795447794522901
1.38087105019871
1.384523239984354
1.384817347819403
1.3876444531722902
1.3895149592978893
1.3899947577761587
1.391876534667356
1.4006821055176957
1.4008429412650614
1.4010193845300505
1.4020199370194641
1.405962122568563
1.406039555337171
1.4071032345061152
1.4082871760162614
1.4145777247450906
1.4173420967040307
1.4350959081563242
1.4361543407865847
1.4377862697446426
1.4390913546385655
1.4397512415771683
1.4412323240987284
1.4413437543131553
1.4487490380962518
1.4506011856093988
1.455010216109867
1.4590506205302223
1.4612787674436478
1.4625881299868277
1.4642518776398277
1.4680821473386247
1.4698388295433333
1.4730093793797607
1.4731087321234415
1.4760765004649758
1.4765477840550325
1.480633919409404
1.4836476965773215
1.488371947721382
1.4917340868427935
1.4985755507482144
1.499254969342783
1.500081170394869
1.5023662038542125
1.5024124492444701
1.503371465132517
1.5080908121439882
1.509474168442322
1.511167621982525
1.5128972039155264
1.5141922742443872
1.5166014298334975
1.5188099382264642
1.5189029951789998
1.5218821011380772
1.5220895167941761
1.5248340852355282
1.5255538299823368
1.5285953108218968
1.529204295616898
1.5317462190691908
1.5328197377783606
1.5346579044565416
1.5411887078658242
1.5415640353555615
1.5435381300400415
1.5438387616978368
1.5450709533816855
1.5459227847049364
1.5481785448874814
1.5509154944566657
1.5518494775968423
1.5524367262337706
1.5542695965389342
1.5571774033680423
1.5590900340605063
1.561367863348294
1.5623201342118413
1.567492782108631
1.5683626089759177
1.5772997991419992
1.5784615475185921
1.5808953230259037
1.6035748157361849
1.6039848220208766
1.606526129160343
1.6066859123503878
1.6203887607555023
1.6213458580295377
1.6225305287477823
1.623723330783121
1.6282206992719397
1.630727729584734
1.6345665416543813
1.6379252185462376
1.6412058374251917
1.6449651247311974
1.6449840322936096
1.6512352421934087
1.6521092544706493
1.652431001126413
1.6534440719370953
1.6602391365204572
1.662565888453221
1.6666294368743277
1.6667028600354188
1.6719360162862218
1.6728834889775293
1.6745846856286044
1.6774258595167375
1.6841579232676236
1.685443304814674
1.6863263765392604
1.6872722394373563
1.6877936007050152
1.6880170638875533
1.6906095646516204
1.6908045779390795
1.693720386551583
1.6944103513181312
1.6976890969025056
1.702826622040441
1.7048700200019564
1.7050360787395746
1.7099131082157644
1.710826089845015
1.7150953441633834
1.7185440522435957
1.726228334392272
1.730922385416749
1.7327527998812944
1.7351014241389353
1.7387144878270306
1.7466110038269407
1.747457581264268
1.7476047584047256
1.7495656263900203
1.756779790534586
1.7592678452894377
1.7607846088894916
1.7618416937707484
1.7673321684072265
1.7677283972015245
1.7696079030387866
1.7722715287677384
1.7772532018694998
1.784401129598723
1.789235214477427
1.7901344189979673
1.7927524442223095
1.7966928694359257
1.8002675982051333
1.8018966832760865
1.8032037512391188
1.8068728937447711
1.8115535688993978
1.8201195252683524
1.8218539855976656
1.8268869455577956
1.8276725766234714
1.828777256781821
1.8317659990195363
1.8379792269044493
1.838940571407659
1.8641359199213323
1.8656036419157433
1.8751751511887602
1.885096111405557
1.885906174042189
1.8885201950875157
1.8905007075616787
1.8923202738930271
1.895806588238552
1.8965181721108242
1.8967314958374573
1.899170900546339
1.9008695867964043
1.9112277730161202
1.91168966071371
1.9150140298570797
1.9167915025166893
1.925189535073381
1.9287666381467083
1.9288961604082182
1.929133394555202
1.929580088003199
1.945389060259636
1.9552871457229224
1.957878608259223
1.9621260565918082
1.9631849564468016
1.9786614308045403
1.9790257658864712
1.9957845415997082
2.0125265510690182
2.0176335649228077
2.017882511188511
2.026318848818881
2.039461236786743
2.0552212199102753
2.0717133188789454
2.0758439685951817
2.0896118528812844
2.098235801450662
2.099130174436247
2.1002803624078172
2.1014436686971227
2.1102358757844883
2.1118541110436637
2.1235344060170154
2.124635033032177
2.131258826097548
2.142070582378944
2.1512275829705523
2.1535895976965813
2.158722758581112
2.1603916849076477
2.162259726301503
2.1685785088689036
2.1957142840079795
2.212108803544282
2.216201358161343
2.2227645616909224
2.2393753921517727
2.2403781486458887
2.2679726906583615
2.2701095832735203
2.290397942613102
2.2924338995813267
2.2927840151048047
2.321106873604806
2.3342659757275497
2.3420766925652114
2.3893622054624784
2.3924193326015173
2.416598415297557
2.440843024463774
2.454550205127697
2.5180879400259086
2.5708105711065774
2.573929888360775
2.5932160910685447
2.595409589693336
2.604527062447406
