-5602.847490050234
-4294.622270548689
-2844.906265459134
-1078.8990042942753
-1034.2052279919462
-941.2762204757765
-775.8643046113704
-598.7235695768325
-579.4844522239696
-564.9083013481312
-526.7012613509027
-446.1089655673209
-387.8389732303168
-377.48657374479603
-360.4764830911104
-352.24951260154285
-306.6599289384722
-296.5060586590226
-286.09865614852885
-270.8222320445429
-262.5267488193202
-260.18630912400045
-248.108466831242
-235.81854957270048
-233.63158201616776
-226.6532025215871
-219.86264191877473
-211.84147934044867
-205.4107024948451
-194.30965318781594
-174.45928486399566
-171.00284966591056
-169.50649118903297
-163.94610029205452
-161.54730440617524
-154.7466017364731
-147.0195445600994
-144.30110366695743
-135.41140958941463
-124.18356172532457
-114.82969762874937
-114.82262740888685
-109.01746118498386
-107.35417142491546
-99.57959582950113
-97.81552782678047
-96.23495565475865
-96.2292222789898
-95.71918472734983
-92.91244837317538
-90.1113732265434
-90.10641511946271
-90.08781218398565
-89.34564156459814
-85.02622954897393
-84.356150956197
-83.84537502304147
-82.87122387073777
-81.84577642694317
-80.17670978793547
-77.68405562387183
-77.45308289146696
-75.47178576148505
-74.92150894775735
-74.89788936334197
-74.37680527806874
-73.13336879622845
-70.99831207249979
-70.7354189884239
-70.35986988424696
-70.07775164028071
-69.4731133925113
-68.49428468420066
-68.21725435015622
-67.96395087088412
-67.6520243324405
-67.18381780826921
-66.8904717445269
-65.65761343129101
-63.18862903904827
-61.22659310305426
-59.8853170742949
-59.77392494839521
-58.953053884210036
-58.35708235047185
-58.28515575975114
-58.1127401008892
-54.101915463278075
-52.63338713420859
-51.88570271969246
-51.22177200755523
-50.82697858192387
-50.783642586671654
-50.55158562035631
-50.53779531115123
-50.49332519038771
-50.39798478095649
-49.81122602561488
-48.13889014190746
-47.859832526234854
-47.30089492809159
-46.96961097364284
-46.50564726592092
-45.50966141490078
-45.49805568459116
-45.08155226422135
-43.70628482898619
-43.65270412943663
-42.31126258598782
-42.249484336158815
-41.48794125228604
-40.83660949145724
-40.80044840106609
-40.760536025231374
-40.18590477322991
-39.70180224140603
-39.25132346191502
-38.99113483985945
-38.89048748697849
-37.73278790811489
-37.31211354183483
-36.8034383090948
-36.71448501421134
-36.20768070534009
-36.17198119649492
-36.132415175606724
-36.06315935365435
-35.9872517046706
-35.93113637545234
-34.9868713406483
-34.84248783663123
-34.75471054332705
-34.259704373531406
-34.228453455665935
-33.97410440578484
-33.76333627224448
-33.622718723895865
-33.51414166987214
-33.471083286144264
-33.28281603884226
-33.276244428047946
-33.25588509534033
-32.579337483663416
-32.5227994340333
-32.08935084263696
-31.573636001591197
-31.42936163489752
-31.310279234624787
-31.16740814202785
-30.834228503405093
-30.79245111023885
-30.72740853414793
-30.6068525619307
-30.23852612452906
-29.640636048851476
-29.440616517355053
-29.375879190815834
-29.334573461623805
-29.326951699719206
-29.243772955682182
-29.23754579100399
-29.113056787446652
-28.91330978318179
-28.84929621512725
-28.819597899937314
-28.65313253918648
-28.446149627464138
-28.444099446938854
-28.08634639056683
-28.001312309794915
-27.900808843409585
-27.87268002604614
-27.85778176560487
-27.825565160588475
-27.792609610638177
-27.754932199344026
-27.574295282812592
-27.26316237434976
-27.111641129780548
-27.10521113684849
-26.870763606616357
-26.862101111791674
-26.672542267459605
-26.65701081422789
-26.620092967584306
-26.619122227196783
-26.53914977681347
-26.43354765846629
-26.115801107952585
-26.077664355204966
-25.847620069449587
-25.82709843468754
-25.737406589560397
-25.467821629017003
-25.45588454426165
-25.414412253905166
-25.397978572300268
-25.347417625424043
-25.335361192492027
-24.954421257612005
-24.717416436931504
-24.6921996231883
-24.62997818225599
-24.620768834936985
-24.618036440678488
-24.41785144173675
-24.074240823243258
-23.878071515701723
-23.78963558070784
-23.6439701153973
-23.16353855345393
-23.008257859160956
-22.818022290668406
-22.6249797623621
-22.46385414947959
-22.458670925546045
-22.345355759781206
-22.312040555283886
-22.283076623452942
-22.20847516241415
-22.10963523003003
-22.105007868277642
-22.003387085927947
-21.824784634056087
-21.803528645484185
-21.72794123543523
-21.55353092706452
-21.49966239243632
-21.377351606579325
-21.212397698664905
-21.202916536946354
-21.20002872863985
-21.148862690294543
-21.146070987021066
-21.116043592847785
-21.09666575579926
-21.048808761887717
-21.034505306633637
-21.015296599093347
-20.949055483244003
-20.71712597383335
-20.715881945225394
-20.503876260797664
-20.481094307082998
-20.464327692078406
-20.45336711006339
-20.446782140251173
-20.436418997488474
-20.355042731402214
-20.34674945032119
-20.265566022992594
-20.165925185483477
-20.149308651766138
-20.0020959642534
-19.97401801403741
-19.92833379625549
-19.635627122975187
-19.58042421338523
-19.558485775295825
-19.360579662944694
-19.28278353512453
-19.247096187913368
-19.201772286241205
-19.16287976682011
-19.15313193330955
-19.096499235181653
-19.092578069304565
-19.03247238793879
-19.01797993824882
-18.984903804335026
-18.98281027299952
-18.79416346950489
-18.762736212158032
-18.729962157972448
-18.68273861934281
-18.67244798212047
-18.52860166592554
-18.48468663694366
-18.47046553493034
-18.426205879343964
-18.406181015576525
-18.368854888481383
-18.286718960926198
-18.284006336359905
-18.256439622531893
-18.163534008463014
-18.135043847284187
-18.071385048359556
-18.004683180575444
-18.00041557556851
-17.918824499941145
-17.85183648129308
-17.845379820261012
-17.81886456607741
-17.766329516255755
-17.7350702338167
-17.713665687324948
-17.68133541482248
-17.675606842701
-17.67183147930528
-17.634707753581008
-17.420805064855013
-17.420184337865592
-17.336628709239243
-17.33102357030225
-17.100075182477873
-17.085704598727418
-16.923270919464148
-16.85283071120803
-16.831028903362256
-16.80313999724461
-16.76699392627458
-16.711750137993768
-16.52299636979597
-16.430897568598855
-16.263202026669767
-16.260469016127185
-16.177398324175588
-16.166583324947027
-16.068669766985334
-16.0385186977657
-15.862399790650688
-15.845789997706547
-15.71205011113514
-15.51084355609618
-15.498572822701597
-15.403176630847558
-15.344060705904797
-15.186449108089269
-14.974035177228865
-14.910798245267046
-14.873977952107076
-14.859940156851756
-14.829720584726191
-14.799809568409698
-14.676336670085064
-14.659780864758872
-14.640613473077197
-14.567417013429012
-14.563857560193627
-14.450996621918899
-14.436745453940974
-14.327326323064483
-14.289112386262037
-14.282538490181402
-14.21704023295276
-14.143939348758085
-14.12397841292626
-14.086774485704003
-14.011400044661158
-14.000692128352334
-13.899536348115662
-13.897785979694838
-13.892680064426191
-13.880037071185763
-13.87286230831349
-13.832014839700047
-13.822308902406807
-13.790458747849229
-13.761428432589714
-13.747865331306091
-13.700580511051342
-13.673476192925285
-13.484459415254957
-13.44753807340626
-13.431968959545433
-13.39444689144472
-13.381766797133668
-13.370181796373593
-13.358891181147188
-13.308404018129483
-13.17440857705974
-13.051409251242085
-13.026014105619176
-13.000503109308937
-12.979054088663036
-12.965204009617612
-12.88739851193613
-12.870113658597582
-12.865751203226234
-12.864221445450308
-12.863021738418402
-12.857726552065113
-12.801241402646802
-12.69112585431395
-12.659671865297783
-12.644971863342152
-12.635745752304702
-12.618920219843407
-12.59013897906947
-12.588131639991646
-12.587090519012895
-12.452301599719824
-12.426231901690691
-12.380738398302523
-12.34564214157529
-12.261577120470843
-12.237073213017391
-12.212886021954604
-12.193918433263939
-12.190517187418745
-12.158193420352799
-12.125154700652049
-12.099885588793743
-12.089962444603895
-12.077119182424966
-12.055934344773116
-12.009172904367198
-11.997932147612598
-11.916773081366628
-11.915321328438768
-11.885290050789218
-11.861602960361445
-11.826559450378397
-11.788173014740435
-11.776053901894148
-11.73005830747739
-11.71197462373387
-11.654584216376373
-11.635075828696763
-11.618261187235106
-11.539255398139083
-11.536711242646259
-11.512673098114588
-11.480627021275982
-11.384492151187164
-11.361654570647442
-11.349175968512414
-11.326040084772805
-11.292207518426606
-11.258950493124296
-11.207546974848535
-11.147531541164593
-11.114224214072056
-11.09104718853512
-11.087409385992286
-11.082766581090272
-11.022607677200172
-11.017118936891404
-11.010590482433818
-11.000054674977033
-10.998260274230772
-10.998077294484068
-10.987239582904506
-10.968093841330699
-10.956901780909629
-10.947661208689894
-10.946723035409244
-10.935570276153406
-10.923051347871205
-10.908926371624808
-10.840678660851237
-10.82896631928976
-10.823214216948656
-10.81679942281264
-10.794169718972965
-10.777569936010856
-10.746734266424909
-10.744053394806466
-10.734586770927196
-10.69193236268677
-10.686484891436706
-10.67235233680292
-10.667725317832865
-10.613125950747454
-10.608477074012082
-10.597242628105128
-10.5931768128489
-10.55249407557263
-10.552328140604466
-10.502067967942352
-10.466699072891695
-10.458203337141175
-10.45389353062755
-10.435172498443922
-10.405864093904405
-10.397979799070635
-10.376808043590232
-10.36624115124519
-10.324961934608005
-10.296371869780211
-10.268954499109592
-10.253964701924804
-10.242456517165925
-10.226531787931364
-10.214827961711036
-10.213716053727872
-10.181368669130219
-10.1451617927415
-10.123930500097062
-10.121484821254123
-10.110635294679149
-10.101264879544424
-10.093355202226444
-10.062313287213351
-10.05045206088734
-10.03608253406216
-9.991803851617892
-9.987351276176689
-9.96030992821117
-9.957956674396204
-9.94367631261563
-9.892034917593762
-9.890819946122793
-9.877250094256928
-9.832239211345186
-9.821593690534717
-9.812371427096226
-9.793751816515122
-9.775935312654228
-9.759816775431009
-9.72284183928408
-9.721975782421264
-9.698173907876942
-9.638183754140467
-9.636192255991656
-9.633600254631924
-9.610761151185926
-9.58803267994997
-9.57919598218036
-9.564981809965332
-9.559152472072935
-9.552134737508656
-9.552040588738794
-9.521546624406458
-9.491266880898307
-9.489604851437345
-9.484373110104201
-9.478786822163443
-9.413080781138673
-9.361698421135248
-9.340895014212693
-9.330936781773246
-9.272141726233516
-9.254847068165356
-9.253814489217813
-9.245780274900785
-9.230573244654707
-9.223929978773254
-9.220651728385933
-9.182165708069245
-9.168381961392143
-9.14956027368785
-9.13309819408165
-9.097028434417293
-9.092997699119149
-9.09036179316298
-9.079710347839498
-9.052631330633957
-9.02364730558455
-8.998378661194591
-8.989153874684742
-8.988735575151573
-8.988189700197966
-8.987667886147522
-8.969215395297764
-8.946194151839375
-8.941320467223631
-8.935490103084945
-8.931595797929184
-8.90678864558582
-8.9062354138891
-8.886970915083758
-8.879208687482896
-8.87312507615853
-8.865231334657064
-8.855012721197665
-8.841189217011765
-8.829378941570555
-8.782223989892165
-8.749204933294743
-8.748285337379786
-8.718004222974162
-8.714278497010095
-8.700474781918128
-8.692350769040779
-8.687815467338774
-8.661635795731613
-8.627540543481688
-8.61219599381524
-8.605359169623982
-8.573231599081122
-8.572737278679236
-8.562896546001785
-8.554625305710621
-8.515585309237819
-8.511554446233513
-8.47311859185262
-8.438246180524303
-8.437112173080564
-8.433212201477353
-8.425521053712147
-8.424821401024744
-8.387586801935532
-8.384314747083197
-8.376492011141357
-8.374799318813427
-8.358673981528765
-8.358225618334469
-8.33938835451684
-8.3290730054775
-8.297291400253048
-8.294115455956046
-8.275025701620706
-8.268822371752588
-8.253350319137404
-8.238054033597734
-8.221651587442329
-8.192380228824435
-8.190494177168993
-8.162458090774571
-8.121844488098416
-8.114344989596535
-8.114269556772093
-8.106385736359936
-8.09061656083707
-8.07650586179798
-8.020966151956884
-8.003201053078183
-8.002031765980103
-7.9910546441451995
-7.969966517995433
-7.9681420679335515
-7.962525955639904
-7.93559614586713
-7.934826416279796
-7.920207939974695
-7.913356525273722
-7.909188765635054
-7.901265091710283
-7.897673481972598
-7.889531880584945
-7.882169523201113
-7.881776829063586
-7.87934153597553
-7.86978369157491
-7.867481548925376
-7.850458514089858
-7.821498866158205
-7.804446077874741
-7.797646262342421
-7.78609458800345
-7.769960678576982
-7.7101570702434765
-7.704669280174128
-7.6950340958625825
-7.68322474729241
-7.679582226283191
-7.677777763535016
-7.666729895358351
-7.6327122942087415
-7.611324350389922
-7.610086939402995
-7.602979586973884
-7.5927628858536576
-7.58750391941662
-7.575704579634892
-7.565657276036996
-7.56524178779434
-7.5576581238979585
-7.554268917119838
-7.543668496413304
-7.540714357789682
-7.521730518559579
-7.5211519380809495
-7.511740304274225
-7.503214402982653
-7.487074912421894
-7.481955550120794
-7.4778845572827155
-7.418756182332572
-7.406413335823297
-7.375473695652425
-7.3469204048933054
-7.343565141735254
-7.324737611383067
-7.301217382990507
-7.297112001632525
-7.2955090895730415
-7.292131302851244
-7.277530753958391
-7.267908162517834
-7.236939365828142
-7.236711875623554
-7.233840107349142
-7.219751616104828
-7.212424893547691
-7.206818175809506
-7.187116125783867
-7.17829834491855
-7.178045663079237
-7.173497701289088
-7.166967252128384
-7.166912025349352
-7.155777460842858
-7.154786400890488
-7.141484917442755
-7.1411529312374755
-7.141140558199652
-7.135578604590127
-7.132825856631484
-7.122906391310739
-7.119959301332537
-7.11521024370562
-7.106573759876153
-7.1022902895932845
-7.102123635102874
-7.092317011368382
-7.091090002672589
-7.0886224244554485
-7.0799807185754995
-7.07811721342442
-7.0604340441813775
-7.056204868646183
-7.045602036430609
-7.0433628967595805
-7.040256709051763
-7.018599106344942
-6.978259294835077
-6.971549174078479
-6.964054059561199
-6.944143488668985
-6.907262368814594
-6.889731751497898
-6.887785624626616
-6.885954907303775
-6.881454395722317
-6.861664486308988
-6.851365301742838
-6.845914145697622
-6.837375696712406
-6.836631630495521
-6.836024596913688
-6.829777373803822
-6.820371446292199
-6.812300424684567
-6.8114906162526125
-6.810599056696392
-6.804799806699934
-6.801938098070815
-6.7986076520399035
-6.796497137200872
-6.770972649259989
-6.756022712920183
-6.755800866812547
-6.743701316830165
-6.736833932317818
-6.729475815045959
-6.723703262223352
-6.718997672270768
-6.673987298140148
-6.6637211346876795
-6.657460185177974
-6.653736300217037
-6.642307227638812
-6.617667934917278
-6.617442776295449
-6.598583567013835
-6.598432565773944
-6.583932077510296
-6.580486702940766
-6.576239579165104
-6.569532740345969
-6.548737291002558
-6.5422081410217015
-6.538783033924968
-6.5329750545346785
-6.522297651263736
-6.490562438882697
-6.485107394825722
-6.481591894280335
-6.473205302734709
-6.462054574323967
-6.457898333945927
-6.4408898953215035
-6.434533878593385
-6.4303987502904025
-6.430372469628281
-6.4206101253414705
-6.40746632931954
-6.386445925485509
-6.379167156241941
-6.370688449164773
-6.3682626474462944
-6.363189598312038
-6.353640088243506
-6.349575867988012
-6.330885437742495
-6.324045052754664
-6.320016527173307
-6.306065120865781
-6.294123913348048
-6.293181889878674
-6.287334253856141
-6.286741844963206
-6.280163019908165
-6.2694499388350495
-6.255166662731866
-6.253889802750509
-6.252189349722542
-6.245351629303757
-6.241306211485147
-6.237214384462341
-6.234694718064759
-6.233805918875648
-6.2129596548254815
-6.208992189747306
-6.201540548385825
-6.192841049524692
-6.179856946100686
-6.17762358374371
-6.173670447412535
-6.161516363358864
-6.150253727875051
-6.148311272880226
-6.14007906743703
-6.138886247541045
-6.132795062961329
-6.1278341784916375
-6.118705692002344
-6.104400407929039
-6.090782609127897
-6.089712677526633
-6.087671579137644
-6.076409116831356
-6.054039575526343
-6.051181640259531
-6.037481575627592
-6.017063937014507
-6.006885517533831
-5.99740823550029
-5.991120549734272
-5.983599469301016
-5.971644846089849
-5.953064427959236
-5.950657979971011
-5.945034640723191
-5.943151667114547
-5.942098332154941
-5.939675537807544
-5.916647481146462
-5.908974698695729
-5.903103100199697
-5.87318629378243
-5.872673586985632
-5.868507740280032
-5.867934692814479
-5.855061989184408
-5.843457128565164
-5.822338537743516
-5.809201965390445
-5.798390405308492
-5.794037858514188
-5.7710061376746
-5.740446760581964
-5.730544537086141
-5.723111934280212
-5.7181494429608755
-5.715241824257492
-5.695311020231163
-5.688728446967492
-5.683492032400837
-5.681863849409744
-5.681541101748145
-5.66645348420771
-5.660872676466088
-5.658050053667781
-5.646249297827576
-5.645055306997879
-5.644819289934771
-5.641820621860103
-5.636226247187498
-5.635227912137589
-5.628775445970162
-5.625659844051063
-5.620935264118156
-5.609566749401888
-5.607012735385718
-5.598914615423687
-5.595958249155167
-5.576419187284743
-5.565671365291005
-5.551401888020731
-5.550756324369952
-5.5500267391759905
-5.530522881104725
-5.524172868596066
-5.5197304436620485
-5.505304461319534
-5.49505551934401
-5.494937557711607
-5.4845654818886995
-5.470652589642991
-5.46226101922194
-5.44575538818246
-5.444876934485327
-5.443720548509983
-5.440416561400731
-5.432618490039994
-5.425419800146976
-5.413738424986833
-5.408417616486247
-5.385823758431212
-5.385098001028486
-5.384227812809283
-5.3834731135207505
-5.372051622731048
-5.371373105194756
-5.355620143322264
-5.349882295953616
-5.347657637761104
-5.347563643625155
-5.343102685956314
-5.3363804334970215
-5.326274097648988
-5.325419481242397
-5.322373720771232
-5.310007939344173
-5.295762189583238
-5.294584892108446
-5.294420897527142
-5.292160894446956
-5.285545334890007
-5.284383260321594
-5.278871379426562
-5.274956106380373
-5.271566786490356
-5.266633180607366
-5.2632827049601225
-5.26272134945654
-5.258155330719438
-5.252416424208732
-5.245808711628617
-5.2439437486942495
-5.199723090282428
-5.1985341382744235
-5.173632715289401
-5.15483893378243
-5.146441492499064
-5.145186642767191
-5.134412419082553
-5.133850279461654
-5.11607898701653
-5.112668320032571
-5.108271278277533
-5.106180518096547
-5.102254100713304
-5.100205262365686
-5.099148981975106
-5.095108569509283
-5.094496868952039
-5.089700488454845
-5.088437678986759
-5.078578763678923
-5.078096577645308
-5.075721170428693
-5.067132150104767
-5.0660350983034945
-5.06364547492833
-5.052564937394249
-5.040911753164767
-5.036764025189454
-5.035726772686115
-5.034924122117413
-5.031044244485361
-5.028609998426869
-5.026232825440331
-5.023552104390891
-5.003002345381487
-4.998706261592233
-4.993921950947696
-4.993012698072365
-4.985248617789896
-4.978915454170449
-4.966343674763147
-4.957356607206658
-4.953589180672415
-4.9421580381761245
-4.940371431502518
-4.939607747006539
-4.935908816212191
-4.933742434196473
-4.9309958857042195
-4.922196922711555
-4.921949896864743
-4.915898937880268
-4.903289943013035
-4.902640315561837
-4.896917593573841
-4.896760176077381
-4.896606155010007
-4.893352830767053
-4.893285817711625
-4.888676070635232
-4.887981879261416
-4.88755254294793
-4.886208803317982
-4.881473712086073
-4.877672732230613
-4.870494037793159
-4.868233404733058
-4.865311914453735
-4.863445015903087
-4.855674115858651
-4.849889365910556
-4.848093837960598
-4.84615771480599
-4.8401592244965945
-4.834577093413954
-4.825553244992882
-4.825164890875064
-4.819119865702869
-4.805458676452776
-4.802898756772805
-4.788073187306021
-4.783443593592944
-4.782780826897744
-4.780189782490932
-4.773107797833713
-4.770054643535063
-4.767894564344424
-4.764393237106914
-4.7581982756424255
-4.7570347465564025
-4.756261692621697
-4.754390912368287
-4.753477966625673
-4.741121775573341
-4.741011854558245
-4.739351267295167
-4.726710775980211
-4.718290659907635
-4.717948635611645
-4.710854355234374
-4.7105282765687155
-4.701345593640513
-4.694683154261222
-4.675215389646232
-4.670881247952729
-4.6647039917039255
-4.659754483575104
-4.658091871447461
-4.643327494469398
-4.6280907986362445
-4.62374583624284
-4.619349473421868
-4.618685976991744
-4.607664176601591
-4.603811851099166
-4.598658843650604
-4.596600977207453
-4.593224419356947
-4.592909878892164
-4.590197755082443
-4.581379577174657
-4.578159110238718
-4.571105091043229
-4.551102784969105
-4.548991026024507
-4.548348594749553
-4.542089530577183
-4.54128985896972
-4.541003745392472
-4.540055896746235
-4.532542529733111
-4.52909891013706
-4.527051228925041
-4.516841303977581
-4.50248658862403
-4.484756938606525
-4.478624461755872
-4.473554091177532
-4.4708776798925385
-4.468562153057963
-4.468021365686742
-4.463839456587957
-4.462586237586459
-4.449864789174736
-4.447183592790335
-4.425165831641355
-4.417072331440245
-4.405394575051587
-4.4043174793707704
-4.4035737057677835
-4.39566223230218
-4.394272221185138
-4.3923458469132415
-4.386208585137032
-4.381495209263367
-4.381465534489447
-4.380461626680031
-4.379315452823912
-4.365646080735412
-4.3630841882704985
-4.362984720970496
-4.362200350275873
-4.361722005025
-4.350659495561783
-4.346637858537333
-4.341756911456745
-4.326863711738791
-4.323468703837541
-4.320261636593193
-4.318119302879571
-4.315682691084594
-4.3135509855472876
-4.308556821344237
-4.305449614064998
-4.30382324808697
-4.303092758041838
-4.293232536293463
-4.292381763252237
-4.2871959494773275
-4.264027344761645
-4.263152230244596
-4.2581452360106695
-4.257881739070486
-4.244306267551847
-4.24219671771681
-4.241010018614011
-4.238450862491366
-4.230473868518846
-4.227955155597988
-4.225374195684141
-4.224051717375434
-4.21863558172454
-4.20634439008638
-4.206129489649038
-4.194264117518079
-4.191541664040326
-4.1785703303579105
-4.178067304586487
-4.174882446972512
-4.165611911433867
-4.1631332609216125
-4.16242414723365
-4.159198346911164
-4.158876272689866
-4.149254737150727
-4.148573313786244
-4.140542736597542
-4.13817666736341
-4.13799451202174
-4.126696485418977
-4.124497992150499
-4.123981858282321
-4.120716757975835
-4.1070621270024965
-4.106703724654565
-4.10371417147333
-4.097270201809769
-4.091410524803849
-4.085238445452663
-4.083595939104524
-4.083103355555078
-4.081267359149395
-4.080354228514517
-4.078098168504551
-4.071563920962542
-4.0701544087284525
-4.057129318555685
-4.053877641212707
-4.052820280653369
-4.050025761578021
-4.048324199331738
-4.048149566315496
-4.045386669022228
-4.042580927079705
-4.039831868640214
-4.038470963004697
-4.036913181664598
-4.034371751215248
-4.032768544206224
-4.022930123883715
-4.016565645462579
-4.013254710193384
-4.011891997362957
-4.011816527322663
-4.011589946593244
-4.010102367744679
-4.007375236678605
-4.004914782282477
-4.003741316936494
-3.9954115925247224
-3.989242557796244
-3.9855135730624465
-3.9853552886879005
-3.985111576758368
-3.9845222406961396
-3.974607900891847
-3.968969854691218
-3.9683871686546652
-3.96822817159285
-3.9649209740511626
-3.963056272017977
-3.9587533929277607
-3.95441276897016
-3.9476436018941135
-3.946626998362687
-3.9415951152453985
-3.936633824420852
-3.9319820652860207
-3.9318768125238517
-3.9257237363851303
-3.916836060499226
-3.9129785565553146
-3.8987089796553693
-3.8848116097776018
-3.8731027034063006
-3.8648654306037953
-3.8600017693111406
-3.8595773034719896
-3.8545471696538307
-3.8535465331949847
-3.851586534286536
-3.8477374822334007
-3.8433358418538575
-3.840911703823391
-3.838561770171613
-3.836174459296927
-3.8347585318017234
-3.8198618172425087
-3.8163118878939097
-3.814033887716947
-3.804379730673852
-3.8023492530482463
-3.7956241666849655
-3.794464683384664
-3.792243440515022
-3.778744693265068
-3.777217656674897
-3.756815280765383
-3.7539002350737265
-3.7515410974325976
-3.7467338523158076
-3.7443069607497894
-3.743704094285094
-3.739580742309905
-3.7313221363735694
-3.729340036302702
-3.7283084591757323
-3.7095153886556487
-3.707342863166253
-3.7012729592321296
-3.696807322860092
-3.6960195322062526
-3.6954123330479947
-3.694884661845814
-3.686207924541777
-3.685778200991212
-3.6825197423396463
-3.6816349254748992
-3.6717011972750866
-3.6574455446620213
-3.649754551731827
-3.648663208808348
-3.6449867646379204
-3.644855055558307
-3.6400273594820423
-3.6347794025262665
-3.6319589479344025
-3.6256185210240046
-3.624350604737975
-3.6230960796758165
-3.6112461562260894
-3.6102444614140303
-3.609772126208962
-3.6083819677313205
-3.6080215686916604
-3.599381045846452
-3.598909099317066
-3.595810713911006
-3.595798140932267
-3.5869302685076665
-3.5840406476036293
-3.58024477346601
-3.5782352762163105
-3.57266364167083
-3.5681613764134488
-3.568152198897502
-3.564847228551522
-3.5637944120115637
-3.5623641293346147
-3.5612752018742713
-3.555885149029507
-3.549868257330435
-3.5465129819801406
-3.5440105390747862
-3.539574578235884
-3.5301893522668983
-3.5262074509548396
-3.52380996451621
-3.5229268593267133
-3.522724352937361
-3.520039699791918
-3.5200280097071204
-3.514336545253501
-3.5123459175833194
-3.5096128470768866
-3.5085617586519655
-3.505607482262267
-3.5054288871003805
-3.499068068600027
-3.4937636945412462
-3.4930173008291874
-3.4813185501186377
-3.4758588861167614
-3.4735079967869105
-3.4711034564409484
-3.466533993794583
-3.465589658099679
-3.4521264647160383
-3.4476498964330373
-3.4436898534457754
-3.4422247633360277
-3.4407502841164295
-3.437065400553083
-3.4312766651122453
-3.4292594025343957
-3.426958264358297
-3.4231337531651906
-3.421419043967689
-3.417440854387615
-3.4162278145661835
-3.4122046437040003
-3.4116273465962657
-3.389341999933377
-3.388263277718333
-3.383382928425231
-3.372995515704915
-3.366646243764371
-3.3653549132483334
-3.3619507723167663
-3.355752284315204
-3.3516379161481744
-3.3504197787172
-3.3486309525684166
-3.344809874822583
-3.336456686375596
-3.3353167717282552
-3.33371430711332
-3.332716077428907
-3.3219585256089825
-3.3219039457923025
-3.3210989123629613
-3.311516323389278
-3.3102658133136
-3.3093157150636694
-3.3042727140660633
-3.299289644514464
-3.2971328206705954
-3.2964427255705697
-3.292695375423973
-3.2863610938117533
-3.285138767000501
-3.281138858285518
-3.2697072145153303
-3.2682495795414708
-3.267476987735722
-3.266894332513394
-3.2662730275389458
-3.2659142134051664
-3.2653117537627825
-3.2564531674316846
-3.25579949445892
-3.2518332808291355
-3.248720707851643
-3.2463026603283733
-3.243995781838959
-3.2430520419681903
-3.239879854999153
-3.232756484550368
-3.2320400825810203
-3.2225710456284076
-3.2209395768689624
-3.220788061926405
-3.217590997781739
-3.2158089393996967
-3.207713768103396
-3.204958001358138
-3.201426510717477
-3.1967586588868215
-3.1925925719976993
-3.1910967033453077
-3.189917304629646
-3.1898634613158023
-3.1898349219596813
-3.187207653957729
-3.185527337409793
-3.173174955051658
-3.1687299941362843
-3.1677849771098914
-3.167272348359637
-3.164566409497641
-3.162515373963028
-3.160194384936831
-3.159155653854834
-3.158100711480639
-3.1553121135567896
-3.141056556363788
-3.140475061283411
-3.1392626940571757
-3.1370817766018377
-3.1348156771871887
-3.1343352682499805
-3.133649969778963
-3.132584886389072
-3.1322856050438563
-3.121695716744636
-3.115528691151633
-3.111382831545891
-3.1075689714763315
-3.107409871665187
-3.0995508298898735
-3.0971277988340056
-3.0948110354087457
-3.094622547031107
-3.094229964708842
-3.0926131079855574
-3.0922331169783646
-3.090621764273729
-3.086312930450948
-3.082290153370376
-3.0816218158957454
-3.081044539512882
-3.07351289557656
-3.0642808070674783
-3.056940188894086
-3.049762438225615
-3.046999377545967
-3.038983815403817
-3.0357448793940263
-3.0304382928140954
-3.0174895470542245
-3.0144849150795485
-3.01338026678234
-3.0095442593746116
-3.0064123256081308
-3.005415642775053
-3.005226913443922
-3.0045393345170686
-3.0044429175741088
-3.0038863106551004
-3.002571529094653
-3.0020320360187807
-2.9958527282841727
-2.9906174315716094
-2.9816500336118628
-2.9783682504356066
-2.9743653605158413
-2.974060200176994
-2.973584435669286
-2.969578361094802
-2.9686325679175107
-2.9639952835681824
-2.9628360330452077
-2.9604889415823363
-2.959909984341644
-2.954931748131523
-2.951364798123448
-2.950737288380467
-2.950142454286329
-2.949517312453143
-2.9488541531271295
-2.938144853319126
-2.936150614601057
-2.921318197187845
-2.914566600555337
-2.9144440887070076
-2.9125394576457984
-2.9108200828549093
-2.908132330309068
-2.902263915949265
-2.8988457478712357
-2.8968807419681983
-2.8934324548416264
-2.8925660731044243
-2.891064822155273
-2.888209285599525
-2.883053157251669
-2.882911574981208
-2.8825970760833606
-2.881420421766072
-2.8784040825381116
-2.877194932573013
-2.876716169729331
-2.876256124242971
-2.874292017399618
-2.872032969727483
-2.8692292177075416
-2.866380546341515
-2.864492684130689
-2.8636731217247617
-2.859053292354035
-2.8572774508818792
-2.8551765849503017
-2.85105047264447
-2.846106727282752
-2.8430555041615184
-2.837506317620821
-2.8352905631791496
-2.8322880882944808
-2.8300158887227216
-2.8258128634481863
-2.821718150239038
-2.8207986791097377
-2.818658784534826
-2.816772813476738
-2.81335862796795
-2.813090808893643
-2.8051116626325996
-2.8031575670062634
-2.801926297386837
-2.8008380712553866
-2.797741894428491
-2.7941204620132636
-2.7814650630868116
-2.7799689808123307
-2.7789673061287252
-2.7774454976932255
-2.761878646695337
-2.760685515112699
-2.758704695562802
-2.7569951297084936
-2.755723545913297
-2.7549761875475887
-2.750956361200065
-2.7503875266240665
-2.749954317209487
-2.7493425031989878
-2.7304176763429076
-2.7303601713124817
-2.7299966578789734
-2.724728853968233
-2.7228661794800724
-2.7228003903001796
-2.7203507487711054
-2.717530007755542
-2.717492664137342
-2.716286987194747
-2.7152104153521144
-2.7148276976183845
-2.702203638964152
-2.696999063628187
-2.695199109332941
-2.6946163382352775
-2.6888134207289456
-2.683357332912583
-2.676684967872518
-2.675797203697441
-2.675192187721433
-2.675152689825076
-2.674522575218549
-2.670410884051633
-2.6667883087103306
-2.6663132534148413
-2.661734693430962
-2.661623662762423
-2.659368419599276
-2.6590904733438414
-2.6571736141086277
-2.65429723045834
-2.644885892759918
-2.643600320683955
-2.6410242371962402
-2.636093113869097
-2.633640658003145
-2.6292091157361765
-2.6238673012117992
-2.6220741271502495
-2.619394008374741
-2.619011205219742
-2.6166993474984848
-2.61648959584671
-2.6108429002252054
-2.608745460436854
-2.6060924490555397
-2.605665627034109
-2.603804736261673
-2.603705395341212
-2.5988992599255383
-2.598851345150316
-2.598485038464484
-2.598267006562167
-2.5934823724733684
-2.5902778342296147
-2.5852101914490335
-2.582672509881236
-2.58080006515904
-2.5776916871790707
-2.569108454900136
-2.5655020179387624
-2.5644338790713155
-2.5642984614460103
-2.5639858565008016
-2.5551558387548092
-2.5471749098014866
-2.545835664582935
-2.5433794631447157
-2.540847544330692
-2.5398147415943413
-2.535584274956458
-2.5355718940324987
-2.5351596436685
-2.533512492063469
-2.524070620960103
-2.5212580102631206
-2.5205223795405787
-2.520142848447068
-2.509127112475943
-2.5076770142789084
-2.507532266346311
-2.5073327234211122
-2.5065291579770115
-2.5021112874606253
-2.5017873158967854
-2.501596589000643
-2.4977874329538063
-2.4963807582162074
-2.489801008994304
-2.487917206515641
-2.4867123672917173
-2.4850672720899394
-2.4848071368326727
-2.4844592372006917
-2.4764186858798305
-2.4738368008312346
-2.472278945524219
-2.4719505853203563
-2.4701058590971647
-2.4625563763808667
-2.462370377827379
-2.4593992373236917
-2.4560603287157785
-2.454217963504408
-2.4534861657563423
-2.450737039759735
-2.441521744131649
-2.4381144221385584
-2.4324940995102553
-2.4324617788959526
-2.4308062659967304
-2.429594195512788
-2.4284550144158663
-2.421345364542037
-2.4205074013332775
-2.419312355417639
-2.417833975029909
-2.4145395326857177
-2.4132949069680723
-2.411188607020768
-2.4074371686078364
-2.405146305338824
-2.404928042211515
-2.402747144719026
-2.402486562892106
-2.3994606669303065
-2.39282145707387
-2.3903258484751673
-2.386766111281448
-2.3866795401927843
-2.384978889902986
-2.3800185043282576
-2.3783661034372447
-2.3780683982567474
-2.3648971456010712
-2.361290890997668
-2.3563903078998174
-2.352990226044586
-2.3503766716270533
-2.3496923638488845
-2.3377348981816506
-2.3369979885174272
-2.329538616997389
-2.327733794582712
-2.32472691504759
-2.319138619954372
-2.3170126328882916
-2.3155148476815093
-2.310958734474785
-2.310862610612878
-2.309770362538839
-2.3096871126049576
-2.309418122145893
-2.303002014649417
-2.2973456974362936
-2.296605823863119
-2.292194678052846
-2.291858427016531
-2.2901674286239153
-2.289714719916038
-2.2880658824603426
-2.2848115674739016
-2.2790610276513874
-2.2713193647742997
-2.2704210444565387
-2.2689304818246403
-2.2684840577894883
-2.267330893078371
-2.267024439352101
-2.2661450360367343
-2.258526278802024
-2.258323716149928
-2.2582802453465978
-2.2570990281219
-2.2551681964591355
-2.254342123322685
-2.24623306769577
-2.246154424325806
-2.2456561974134903
-2.2455890374473104
-2.2406713011961212
-2.2395095894705017
-2.239143083920253
-2.2382432385813846
-2.2367124632183075
-2.2366695020845575
-2.235756896888264
-2.2333032008390323
-2.2311944673205844
-2.226982685196912
-2.224585548723419
-2.2227818510810478
-2.2176949139176245
-2.215151800347355
-2.211482561237881
-2.20872043640034
-2.208687735594391
-2.208479545197893
-2.2042575670156377
-2.2028608836937638
-2.193447676888214
-2.1912688234785267
-2.1901472837202283
-2.1894242489926965
-2.1841101476832434
-2.1664692216024037
-2.1635818024985483
-2.1633099478873916
-2.162494554234505
-2.162438444060459
-2.158701684339344
-2.158333030376926
-2.1542931038183806
-2.150166017700532
-2.1464046181238117
-2.1432904834869504
-2.1413093606772615
-2.139818025832713
-2.1387927312982606
-2.1340246637161955
-2.1323626742089568
-2.1309258051274815
-2.126222703378027
-2.1243292373060827
-2.1225325839328235
-2.1214811656137114
-2.1190180937837195
-2.1167401681628664
-2.1154379232846594
-2.114662682325356
-2.110723604170903
-2.1100872852479413
-2.108896129436521
-2.100582926507628
-2.100328003878684
-2.0997886712388625
-2.096157433682396
-2.0960629908534196
-2.094478737360224
-2.0913328150792925
-2.0910344081413257
-2.0892149463573677
-2.0838758458255033
-2.082268755156645
-2.080491559254863
-2.0798702433011185
-2.076952837822428
-2.0730161215783047
-2.0667984545772646
-2.0651342786493077
-2.0648218112548795
-2.064409070309316
-2.0601505640873192
-2.0592282726301434
-2.0558712725791426
-2.0545426334289116
-2.0517338551923934
-2.050704810247543
-2.0470654768523158
-2.046491090613917
-2.042593598392212
-2.0402579842418995
-2.0339112707009672
-2.0323014469958696
-2.0289988983010607
-2.0281407006814662
-2.0273954737340993
-2.024378452494921
-2.0237067966653397
-2.022523806124561
-2.0216936872461546
-2.0148726635163685
-2.0085737254882647
-2.0022620908626068
-2.0003541096002193
-1.9983051822220048
-1.9954694316321526
-1.9947759271911591
-1.9937202796982976
-1.991146539884216
-1.9883160431144162
-1.9879323610393351
-1.9870961841315116
-1.9869788464386313
-1.9868515042183812
-1.9851884103159936
-1.9778114823324275
-1.9764826960656385
-1.975880916590577
-1.9713543084063672
-1.971130204607983
-1.9707443937116278
-1.9698774422475562
-1.969334097053631
-1.9580023641415143
-1.950747679993649
-1.9492357952616075
-1.94903396423431
-1.9481413679902606
-1.9465287602348886
-1.9442129327788604
-1.9430306613116124
-1.94060919749871
-1.9377309371499298
-1.9306660314361497
-1.9284687315558076
-1.9278506674409555
-1.9238551112114033
-1.9208860209776477
-1.9166024246633597
-1.9144605425545258
-1.9130325897325333
-1.9078207776342662
-1.9060565270524454
-1.9051936963155245
-1.899230138397351
-1.8985589295650698
-1.8973208906705852
-1.8964225522647653
-1.8933265947927227
-1.88842329261798
-1.888226006021571
-1.8869348456449924
-1.8861845503158983
-1.8806174812483953
-1.8785786185642142
-1.8775520899521112
-1.874542339447157
-1.8680456811469341
-1.867992133692157
-1.8674568114245909
-1.8673076011193135
-1.8649471491561507
-1.8627360477133643
-1.862584161128896
-1.8617969407894692
-1.854426237195759
-1.8543940635379526
-1.8536382067498796
-1.853349091616899
-1.8531585589352497
-1.852007579701094
-1.8516165289822666
-1.850420461205063
-1.8494697712925632
-1.8489252213201275
-1.8466097602144709
-1.8464754631994127
-1.84047207935814
-1.8368140823504056
-1.8362400173581972
-1.8355711072087129
-1.834113090604991
-1.8328927369587993
-1.8297890735197981
-1.8294332105864073
-1.828683298758321
-1.8216442106241395
-1.8156454890317617
-1.8049264152948856
-1.8031842473468223
-1.8027275636546127
-1.7971719065055867
-1.7945347537063059
-1.793064982048446
-1.7924843106701596
-1.792223672871204
-1.789292965362463
-1.7888649792279478
-1.7884421051077604
-1.787976025589549
-1.7823721637586796
-1.7813312754113209
-1.7810434515654185
-1.779399550133815
-1.776821976833419
-1.7761451348724822
-1.7758847534767375
-1.7730014427086753
-1.7720532963934748
-1.770413800477558
-1.768618143700083
-1.7680099255163004
-1.767058359195581
-1.7625778651450545
-1.7572935599330255
-1.7560150442958202
-1.7504123452324734
-1.7466500429794878
-1.7454906122977258
-1.742741302943158
-1.742156251929466
-1.7417173713010035
-1.739924341918376
-1.7359878382916296
-1.734688759218254
-1.7264248986172586
-1.7258019320260092
-1.7253545340082321
-1.7203240508859157
-1.7193331443288775
-1.7159973660729255
-1.7158521064149617
-1.7156610519567805
-1.7151505435460461
-1.7143658004891278
-1.7084643169202667
-1.7021154296136964
-1.6959924497792007
-1.695908994928692
-1.6925909945011008
-1.6910372721790334
-1.6888890233886644
-1.686251138450009
-1.683269181818475
-1.6830241564346173
-1.6824649328024324
-1.6770000851594393
-1.6758633560378666
-1.6713082620818476
-1.6673978452177074
-1.6628244701407269
-1.6615898393893107
-1.6594942447912033
-1.6592698422883028
-1.6562852991094648
-1.6547806204855722
-1.6529321973105047
-1.6507119357980957
-1.6501951432973758
-1.64580065290568
-1.644657439931208
-1.6406168153875118
-1.640011553360765
-1.6394699275464375
-1.6392421243365467
-1.631649374596336
-1.630490946715575
-1.6268069365919773
-1.626429746635963
-1.622780211986655
-1.622195373227599
-1.620046045231671
-1.6142586130632899
-1.609373372978285
-1.6077413164284833
-1.6054946301535646
-1.602139359282544
-1.601378831405187
-1.6010813890993099
-1.6005298035654267
-1.5999777895439276
-1.5980097170905678
-1.5970860132478066
-1.5965086972690532
-1.5962568607169878
-1.594961068388626
-1.5900261436700374
-1.5875359628343153
-1.5864150450481622
-1.5859271167550586
-1.5848493132714168
-1.5848094968451738
-1.5818717562771247
-1.5813737781020427
-1.5804555550272843
-1.5777312078989438
-1.5719390578773882
-1.5668278645360134
-1.5657724690811856
-1.564323427838666
-1.5637927731597163
-1.5621707672854448
-1.5571958541018265
-1.5557422308568762
-1.5531942241434589
-1.553066557648286
-1.5515071634633117
-1.5508444336144338
-1.5488791621049913
-1.5475920167062833
-1.546738882165139
-1.54604395953807
-1.5402466395799448
-1.5337312029534855
-1.5284635192107054
-1.5238963111922994
-1.5234334600374593
-1.52206336383413
-1.5201442030966423
-1.519524168196338
-1.5094093187105415
-1.5077279793936662
-1.505319665545427
-1.502419659202365
-1.4936479961550189
-1.4927398992359682
-1.490109810153887
-1.4892733688637732
-1.4874046306045685
-1.4848345760536288
-1.4836252900466131
-1.483339958028749
-1.4826542640739668
-1.4814204285224601
-1.4801547053959054
-1.4799917472784658
-1.479394914198887
-1.4791706081075928
-1.4753076623646662
-1.4740248804910765
-1.4723512015671452
-1.4689222063852565
-1.468647527542927
-1.4685323041039438
-1.4666616159178023
-1.4656377228225146
-1.464415598449665
-1.458134821566496
-1.4556059906239598
-1.4547459059238985
-1.453557861309629
-1.4528945941810256
-1.4526875035710534
-1.4514331223842434
-1.4504620975258202
-1.4474465809633807
-1.447242558359771
-1.4441227779877432
-1.438403785037115
-1.4380610699853733
-1.4372992013029509
-1.435681204960174
-1.435415432715741
-1.4338655795198962
-1.4310757698890209
-1.4302055161081473
-1.428388202303669
-1.4275753199855343
-1.4244290612413604
-1.4219031340730968
-1.4205087082406065
-1.419982468777119
-1.4197320881090647
-1.415383778432189
-1.414834918817942
-1.4146757391351992
-1.4072099155264022
-1.4000118785553077
-1.39988675926512
-1.3972139220949065
-1.3962905120930245
-1.395124390798476
-1.3914091247951608
-1.3909118190982108
-1.39082572615128
-1.3889224831032352
-1.3877021389506163
-1.3853641784045263
-1.3852885952020628
-1.3835952363677697
-1.3833033690012653
-1.3820128413526378
-1.381785508647456
-1.3817436358456763
-1.380680322651334
-1.3798113352470303
-1.3784289254325324
-1.374125048065198
-1.3716896464495059
-1.3702482056425636
-1.3624038558623681
-1.3617829816981688
-1.3562895910720005
-1.3561164872196958
-1.3517190376165196
-1.3495146154055377
-1.3494901703637945
-1.3482830736340916
-1.3478495476927597
-1.3468651735985255
-1.3452267751567906
-1.3434657351278512
-1.3398308052007564
-1.3338771829919454
-1.3322807458535904
-1.3306581591261915
-1.3286478053675836
-1.3268289087280454
-1.3239473548520615
-1.318560886343997
-1.317719743666735
-1.3151244559292419
-1.3043786835628604
-1.3021890016714563
-1.2996457103893504
-1.297008587007169
-1.2962882988657816
-1.2955130582220793
-1.295440839891229
-1.293136056999963
-1.2849814710360277
-1.2828768979856315
-1.2803794103514061
-1.2785991038969213
-1.2771296423619147
-1.2755457651748165
-1.274409715343496
-1.2692471093130464
-1.2678094825542265
-1.2668789269888874
-1.2650124551386681
-1.2632887473487864
-1.259869855672882
-1.2598217096843622
-1.2584905649537055
-1.2569609953658811
-1.2556213085741073
-1.2500970734212546
-1.249969827631617
-1.2448967725372393
-1.244851220464927
-1.2421376606072398
-1.2389471154666634
-1.2380944891440457
-1.2375990461261686
-1.237065797575037
-1.2368708322024726
-1.2303128619267327
-1.2294216940467502
-1.228006454384709
-1.2276126383731074
-1.2255223471285173
-1.2252103119732232
-1.224818994413019
-1.2237046463331487
-1.223048115889015
-1.2186112512698635
-1.215297257156166
-1.2133568347088182
-1.213318732293434
-1.212834963737936
-1.211862175967069
-1.2107873018508704
-1.2099828472853886
-1.2097398084775826
-1.2095881359935041
-1.2050813891858836
-1.203519875357628
-1.2024555634518637
-1.2013747257170533
-1.2010896131782087
-1.2006464249743714
-1.1992288370146589
-1.1969411974634263
-1.1965930727464351
-1.1931737147222683
-1.1925988663886773
-1.1893084138149999
-1.1882037312731042
-1.1878745259148036
-1.1861308003761202
-1.1852242040673229
-1.1848457816544542
-1.1846287266491806
-1.1831983688249634
-1.1827136852290787
-1.1820095525017122
-1.1816813505502108
-1.181320641025032
-1.1796749423063375
-1.1777449481383526
-1.1738746471372443
-1.1722842355829854
-1.1674725783496593
-1.165753424895061
-1.1656087152773087
-1.1636667448230409
-1.1624570140685118
-1.1619514650209153
-1.1614922525504106
-1.1602903736438641
-1.158082271146105
-1.1557789035161228
-1.154964075909883
-1.1539865981512607
-1.1529300536361173
-1.151840438125285
-1.1511081196626338
-1.1505584998269687
-1.1488579604724665
-1.148348693926193
-1.1451003155478596
-1.143140881390299
-1.1428090489463765
-1.141276409434064
-1.1383199905972718
-1.1371144443561816
-1.1368219897702208
-1.1350070757189605
-1.1315172476090467
-1.1306288543003662
-1.130416482676368
-1.1287663274056097
-1.127336024816267
-1.126503519966061
-1.1229006728222124
-1.122783975770345
-1.1155513910343
-1.1137354540403765
-1.1128016077537408
-1.1115729128955267
-1.1104548135406107
-1.1084044384780931
-1.1074867870624976
-1.1053162761118152
-1.1050493542319573
-1.1048284132938204
-1.1042326945876115
-1.0979250613579628
-1.0976687890428893
-1.095174726790199
-1.0934164970912976
-1.0886232553742454
-1.0847800066359714
-1.0842934597733116
-1.0842807223806818
-1.0832184404204432
-1.0820877400329878
-1.081670830296862
-1.0814992274414144
-1.0812359851848132
-1.0808788370610445
-1.079402326158492
-1.0759294710617744
-1.075199696920429
-1.0747779962206188
-1.0743960381344473
-1.074233065144691
-1.0690496258952544
-1.066401931190104
-1.0651828517812107
-1.0628339715145354
-1.0627615038590281
-1.0611335286864731
-1.0567937355077184
-1.0488518131671651
-1.048498386087172
-1.0451652002890786
-1.0449679543216717
-1.042629947098828
-1.0423040771511771
-1.0394897537790637
-1.038932534854382
-1.0366561222960158
-1.0353379408133003
-1.034394784293676
-1.0334657208042444
-1.0314972903243051
-1.0295986451091288
-1.0293516314691384
-1.0290979423254463
-1.02751391017986
-1.026642034425013
-1.0265578751705435
-1.0246248824402397
-1.0204753812094913
-1.0165130790097083
-1.0153224867167034
-1.0134560179769394
-1.011750256545343
-1.0109522446298085
-1.009070622962652
-1.0086895982551276
-1.0085104941512597
-1.0083307018013898
-1.005587583742578
-1.0047995568620867
-1.0038499762077437
-1.0014556273038495
-1.0007155184295666
-1.0005850978980644
-0.9992410348157995
-0.9975464161891192
-0.9959799718485043
-0.995822248678802
-0.994911837040817
-0.9940640225190824
-0.9928146300369767
-0.9921650797086494
-0.9894901652984848
-0.9893367281362717
-0.9885859094490248
-0.9883391816726576
-0.9875845321421822
-0.9854931117852362
-0.9845425536741195
-0.9829862971271622
-0.9808856761506092
-0.9800738532049208
-0.9800696441620805
-0.9782295879187288
-0.977632872173898
-0.9771104701106652
-0.9751026661307455
-0.9748277097788483
-0.9711732470544371
-0.9690265311216371
-0.96808918629397
-0.9662050728738653
-0.9643857053795001
-0.9626743430060876
-0.961936905907141
-0.9593326237531992
-0.9565656677062075
-0.9528549652825088
-0.9476670024353862
-0.9475412920890228
-0.9433503682789633
-0.9424651031409159
-0.940613900268886
-0.9369202904757638
-0.9361450889255715
-0.9316768123221066
-0.9296241020119217
-0.9288066746967722
-0.9283624594053128
-0.9274472075326027
-0.9221995800460605
-0.9214958457247248
-0.9177846122897838
-0.9150703245467064
-0.9140806101480092
-0.9121101991558924
-0.9118564869678296
-0.9113388710052897
-0.9101075444749854
-0.9079328457908205
-0.9070957863030585
-0.90088272680395
-0.9002530292272819
-0.8984326246617034
-0.897538134366082
-0.8974294120207336
-0.8951247970454913
-0.8932229053605912
-0.8919171151451395
-0.8914701702429726
-0.8901690465911258
-0.8878161578314656
-0.8877819071039267
-0.887603707954344
-0.8854808550834098
-0.8847787983970185
-0.8840516032667731
-0.8826471436203385
-0.8818529646687077
-0.8802025619208308
-0.8800367530546102
-0.8798069646847545
-0.8767413220779308
-0.8761090737902273
-0.8733593347238033
-0.8692429514758514
-0.8667252331287186
-0.8658020796599007
-0.8628486636281717
-0.8622255922713781
-0.8590736149204465
-0.8564240035620135
-0.8558696463549182
-0.853722028659722
-0.8501700127258309
-0.8497912235206723
-0.8448420083398438
-0.84264936886476
-0.8374879110019933
-0.8357464135949689
-0.8344910652389426
-0.8335515706696882
-0.8334615833837004
-0.8308692407055054
-0.8304786503849038
-0.8302710594907774
-0.8268382733272233
-0.8259629547996795
-0.8232498481835429
-0.8219495446607777
-0.8174268241164464
-0.8120429514543107
-0.8095509997409982
-0.808943497002816
-0.8088580019402793
-0.8078243355381702
-0.8054617246823139
-0.8046243305873326
-0.8031635518218724
-0.799341319699752
-0.7949517297940205
-0.7944337430975181
-0.7935292810584704
-0.7893177708820536
-0.7853773738642058
-0.7850176747047055
-0.78421344381743
-0.78288037410166
-0.7779018974161073
-0.7751128878060544
-0.7742951239835651
-0.7733691010593103
-0.7718546208247405
-0.7701989394463671
-0.7698684382225371
-0.7675816786155834
-0.7645918784564101
-0.7642094263515073
-0.7609287583054763
-0.7609046345817223
-0.760525494464068
-0.7601908501546302
-0.7598869934466903
-0.7584425065171855
-0.7552257912012457
-0.7551587399731605
-0.7550591234104843
-0.7518506395854435
-0.7504319616763537
-0.7502009270286252
-0.7498172886729192
-0.7495107391022087
-0.7480777683546126
-0.7468672967028944
-0.7414113874714993
-0.7402528164609121
-0.7353901166457175
-0.7352269597197197
-0.7349876768918062
-0.7344021272484657
-0.7299201683415707
-0.7274671976154694
-0.7264117995575514
-0.7260792374640189
-0.724699757470505
-0.7246006401161589
-0.7240286340433476
-0.7221413062201466
-0.7186473011806316
-0.7148148002280481
-0.7121912015512339
-0.7108672476614062
-0.7100305407753066
-0.7051306008148118
-0.7043368675186352
-0.7037150346249423
-0.7033981178889945
-0.7030774861477442
-0.702060640973903
-0.7004672216522718
-0.6994608276888808
-0.6979802342315391
-0.6973382839073061
-0.6971659037582251
-0.6925009955765333
-0.6901035898448771
-0.6880413135907705
-0.6867175121308282
-0.6859049894407606
-0.6843126586126903
-0.6828070448004049
-0.6813152871173106
-0.6803340347558825
-0.6799134504786389
-0.679449083201737
-0.6788960421966274
-0.6770428330958633
-0.6765090439694024
-0.6760798702097062
-0.6748363120634766
-0.6737597640413477
-0.6735968816683309
-0.6705022387252931
-0.669856490152356
-0.668973427445439
-0.668057346601824
-0.6677438025032459
-0.6663468933072164
-0.666040005853008
-0.6658371710133449
-0.660532229213838
-0.6535056527809578
-0.6531235550774404
-0.6522486930120391
-0.6516915032604523
-0.6490787817647218
-0.6487375003521089
-0.6481476299522257
-0.6481122607359859
-0.6457832107646126
-0.6443356160506417
-0.6412878426236063
-0.6408607224263895
-0.6387827325296849
-0.6379302199459255
-0.6371424729452725
-0.635298406408876
-0.6330470272836006
-0.6325185590890214
-0.629911009040897
-0.625576990559857
-0.6242620701874818
-0.6227984113561454
-0.6226139216868067
-0.6214868851003028
-0.6187236148678783
-0.617891181853755
-0.6177620041063531
-0.6168181320500729
-0.6160400361019931
-0.6158531269780405
-0.6153821543045356
-0.6148226273205292
-0.6118214065028238
-0.6105524195080602
-0.61024719420625
-0.6091838009106223
-0.6085910863869414
-0.6074503109281625
-0.6061005867378303
-0.6031009672907678
-0.6024467551805746
-0.6014552122804091
-0.597183369571376
-0.5953238610752276
-0.5934929274134775
-0.5923677841037545
-0.5920246666265145
-0.5897339500817932
-0.5891023167797896
-0.5850203335610382
-0.5841819597047554
-0.5827434933865232
-0.5811095107565808
-0.5810958986251543
-0.5779769032333403
-0.5777567972174866
-0.5726683666101082
-0.5723504059528861
-0.5679319107006187
-0.5675980539029356
-0.5666073749966367
-0.5629724174834492
-0.5625054455352876
-0.5621343552358663
-0.5522409114685016
-0.5489535628065517
-0.5469044824527788
-0.5441076071564268
-0.541897293765613
-0.5418506675661404
-0.5413011547492744
-0.5393578173125104
-0.5369029494320865
-0.5365153913872087
-0.5340729489295155
-0.5320154816214823
-0.5286332931637665
-0.5282711935632429
-0.5278534531887842
-0.5189063618984415
-0.5136943627687302
-0.512492968504302
-0.5081920880409989
-0.5070195147895531
-0.5065657608107977
-0.5064136944789157
-0.5058000165080553
-0.5031619038148755
-0.5026145641620543
-0.5024494489709822
-0.5011400120184968
-0.501100616005429
-0.5009594766257185
-0.499944702108035
-0.49976999693694196
-0.49792596510670817
-0.4974092765503191
-0.4934471848199011
-0.4925602389535907
-0.491944415485549
-0.48949367625894896
-0.48699899914128897
-0.47935978138493307
-0.4789708213764471
-0.47827774999214445
-0.47196326912073217
-0.4714776996197858
-0.46970265716615434
-0.4678369984267734
-0.46774475267385357
-0.46739483301704765
-0.46529613621886706
-0.4634356984862223
-0.4632359014214141
-0.4614275905138743
-0.46132389198179435
-0.46125013331182274
-0.45885766873861705
-0.4559804010887196
-0.45452990255644454
-0.4543874601630905
-0.45130978746767514
-0.4485325006142753
-0.4468514581730022
-0.4442338312183283
-0.4419804482901191
-0.4416195843255222
-0.4412824556849364
-0.4364337509112285
-0.43593889457862656
-0.43590900394449483
-0.4352721699226429
-0.4349620821393936
-0.43488915911819476
-0.4344764816565664
-0.4296571598429275
-0.4295356030544746
-0.42936701468346483
-0.4264712531325039
-0.425559204339112
-0.4248033968665267
-0.4240095223833722
-0.42329152433996026
-0.423023856110169
-0.4199079204692515
-0.418352727143284
-0.41744458879684937
-0.4172334390390545
-0.4152195200944597
-0.4141999524392558
-0.4137611545461113
-0.4123317205058791
-0.4108544258241661
-0.4090352651925515
-0.4084233005740256
-0.4083840369128917
-0.4071156706780311
-0.4064330636703033
-0.40615464539352253
-0.40576804972664005
-0.4047491360299752
-0.4015314695752892
-0.40099184118205894
-0.4003132242354004
-0.39919137983526454
-0.39470579684354146
-0.39162495925102825
-0.39001320687613
-0.38947945160881065
-0.3885593812800706
-0.38430621339112736
-0.38429473323806096
-0.38272640419535897
-0.37689680724999264
-0.3743760690745632
-0.37098682471415706
-0.3705404075343356
-0.3704680594993076
-0.36876273187397285
-0.36859125835725604
-0.368244855437872
-0.3657918761819692
-0.36463262746543534
-0.3614082641259301
-0.3606622072309365
-0.3600072304183821
-0.35938474397940967
-0.35820501022464757
-0.3565437630849719
-0.355407357365866
-0.3551591943805684
-0.3539260908444629
-0.35349914275293703
-0.35043608079884636
-0.3499808708430436
-0.3473570807276911
-0.3448066067955326
-0.3444175090885957
-0.3433615365670263
-0.3405752210626458
-0.3358090409758391
-0.33496861449553805
-0.3301536684785571
-0.3214356769917313
-0.32096724187625747
-0.3198357417771669
-0.31914350699688204
-0.31908368943009485
-0.31817580065360845
-0.31787626714095063
-0.31320178833197265
-0.31290978922403445
-0.3118358961292065
-0.3112481051019651
-0.30745569956878005
-0.3071540699882571
-0.30608024878870965
-0.30322227712974115
-0.30308804306070947
-0.30154408075064476
-0.3006960109428628
-0.2996590989641381
-0.2979084859579778
-0.297682203482598
-0.29701191235019486
-0.29626081655961845
-0.29595780612263467
-0.29565938017985083
-0.2937816801043506
-0.2936685046859123
-0.2936203042141581
-0.2932074184095199
-0.29192383514877407
-0.29045155446373416
-0.28951855347316746
-0.289493988382017
-0.2893893964508234
-0.2883939992091067
-0.28728498749052545
-0.2866285957994925
-0.28613574059621016
-0.2856046572655262
-0.2840107226255988
-0.2835804269760528
-0.2773647836798777
-0.2765734214895862
-0.2742265364725262
-0.27090956886850603
-0.27046081051668924
-0.2699745461806594
-0.2693968454469719
-0.26665631256831346
-0.2650731871283335
-0.2626052423405779
-0.2623054283984106
-0.25790591636951044
-0.2574035733578779
-0.2546820377498943
-0.25308175645813547
-0.25269286162762483
-0.25236599675317206
-0.25208033920075634
-0.25153419273827227
-0.25088172460514346
-0.24911545433521742
-0.24878732811757723
-0.2482075474474471
-0.24795251692016307
-0.2477770667749627
-0.24767368078015117
-0.24665369876577276
-0.24483287957606115
-0.24278709266838566
-0.24240653307360713
-0.24165997336828177
-0.24019058899265927
-0.24008156129639557
-0.23893111473947942
-0.23554440524805786
-0.23497114658997142
-0.2344650777672203
-0.23312573777232456
-0.23214785169855878
-0.2308896759822049
-0.2290778452054517
-0.22817948662726328
-0.22739710874798913
-0.22547197573310046
-0.2236821370136003
-0.21973766501435654
-0.21341909840291762
-0.21043008553828538
-0.20988833072847746
-0.2098787534210056
-0.20958420689324886
-0.20832223339014339
-0.20390812598175034
-0.2026327684020643
-0.20164330921366563
-0.19773769010849873
-0.19757739524491214
-0.19235053068435715
-0.1903735736273523
-0.18912629528831515
-0.18204329893924098
-0.18150365131731738
-0.17963598615814869
-0.1791445689067448
-0.1784687039122791
-0.17811706371205935
-0.17653516781787015
-0.1758199316983033
-0.17532147259844388
-0.17411381997596864
-0.17355244843500264
-0.17098067153096586
-0.17065497501770843
-0.16924737168698856
-0.1675770861529794
-0.16241507916051162
-0.16239259716222532
-0.16053071070509306
-0.16018429648456872
-0.1583806588360699
-0.15742051634306076
-0.15621584519619158
-0.15574340458062266
-0.15418570353528027
-0.15348409120516215
-0.15059145231285576
-0.1502056323283475
-0.14934710082033256
-0.14843347907639193
-0.14636067784212026
-0.1462612658582071
-0.14610577152893967
-0.14456936991879188
-0.14446344658124322
-0.13961729051150673
-0.13959576321170353
-0.1367163722314989
-0.133474119575487
-0.13343671068729945
-0.13136962278978614
-0.13088469498979705
-0.130478312260783
-0.1301824047505794
-0.12947240349409106
-0.12888854594862587
-0.12850167643064658
-0.12824984160156483
-0.12694528703880703
-0.12654220239552327
-0.12599520152927202
-0.12490689106856812
-0.1237681839735969
-0.12025433953983056
-0.11768895482543595
-0.1165559542323582
-0.1160626525817453
-0.11524200969338272
-0.11450067276910048
-0.11377853168003726
-0.11362606724250113
-0.11320839330924548
-0.11294431187397258
-0.11292507415107389
-0.1120876479390649
-0.1011554755320192
-0.0973742261313173
-0.09639913292370245
-0.09597799590576356
-0.09237418444861445
-0.09109308223977369
-0.09107702855293875
-0.08731264388564675
-0.08709169787581617
-0.08563079994035927
-0.08282523375091322
-0.08247828964192135
-0.08106630212028354
-0.07835554662912636
-0.07735146032817009
-0.07674316503251055
-0.07544987389919106
-0.07336972353783211
-0.07205454412458223
-0.07151959338588854
-0.07105366231428593
-0.06761496598816275
-0.059163801325499144
-0.05596738909800891
-0.05587982646329415
-0.054558971410495816
-0.05247072679135961
-0.051887386506682565
-0.051565739036945175
-0.05084737291065644
-0.049687331920890004
-0.048852160302058856
-0.048496190355963864
-0.0471217296012694
-0.044226468945670394
-0.042559480521247695
-0.040494880530243776
-0.03787185868064635
-0.03775834776211501
-0.03621730571005399
-0.03337552363251861
-0.032197999362620355
-0.031091241185099372
-0.03085835833377451
-0.028991766972692012
-0.027784628919612087
-0.026259291690314823
-0.02567185319409282
-0.02358388583470665
-0.02340634368348904
-0.0225246426073461
-0.022465391964685555
-0.02241336098653035
-0.02222943949960754
-0.020411506545892077
-0.01904358198941636
-0.01894596223717182
-0.018574350611669982
-0.01802454753993954
-0.017805036802552243
-0.017281852714027268
-0.012296072781891931
-0.009861796975037446
-0.008676358052302713
-0.007336931348666198
-0.003219699696994649
-0.003017324868809901
-0.0009928444568391148
0.0009184355380799369
0.0010699678495006415
0.0017057428807730896
0.005465708766686395
0.009131287087417617
0.009456371409165554
0.010760793728996076
0.011673391376826325
0.012665645680675075
0.01594804978824116
0.018374931131698857
0.01845858150227775
0.018819947296154493
0.019180997030839753
0.01958940618254429
0.020084431380649415
0.020384831972651396
0.021822058707462726
0.023594990254166226
0.023770909679071472
0.023988981794970665
0.02926208057449825
0.02991324126449313
0.030104598915608474
0.033045689207138296
0.03313682701952658
0.03540422310960456
0.03781068768265039
0.037864648958281566
0.03921753374878845
0.04050530682550102
0.04061371505509759
0.04073025210386627
0.04224769469464529
0.0437453334809659
0.04780337798057843
0.04792858130148003
0.052011250231837614
0.05214420564626446
0.05418536288553366
0.05492956820683648
0.059734696111516494
0.06122619059465023
0.06515086828608449
0.06535146930025215
0.0654234843169269
0.06830374772480807
0.06924365910028951
0.07100818308708778
0.07124697763949095
0.07492641027667968
0.07537862847476817
0.07577170176938874
0.07905190455374987
0.07974902424628227
0.08756988798735449
0.08763989247216897
0.09135711345686867
0.09146286788219404
0.09245303830672713
0.09459854001363843
0.09487698964238267
0.09526388724381218
0.09862931909937322
0.09928912893286457
0.1001693655219672
0.10024601498230748
0.10175112261506114
0.10186459142076976
0.1028339571439367
0.1034180064720368
0.10477900741351998
0.10863426101593318
0.10947693610551607
0.10954426707682563
0.11073242659420113
0.1111480868669732
0.11135434647159492
0.11345722740694308
0.11751594755255879
0.12241817915571729
0.12259928921839935
0.12283363987080997
0.12507499390622767
0.12580573571056558
0.1269164509387528
0.12698307092738945
0.12792555510609122
0.12859508502551364
0.1285982514989199
0.12977278719299284
0.1301440359947268
0.1304651830889399
0.13072356419693892
0.13150724990002216
0.13321841885136632
0.13437704847339005
0.13463805513043503
0.13576091140956947
0.1358919626658862
0.13809808815684513
0.14498307222366702
0.14561500826586157
0.14595305108859735
0.14742346037017529
0.14864404958900057
0.1493480850554989
0.15111395662371374
0.15388035577294654
0.15492946805088775
0.15792435339501099
0.15813996522510732
0.15840519970498723
0.16291645907327268
0.16426648791765242
0.16611182109547518
0.16820495498075383
0.1696619449183947
0.17312782940578586
0.1765899512733523
0.17675395878463304
0.1786187112267047
0.17889843357072444
0.17902182765716557
0.17912771169658026
0.18023588020833053
0.18068369918302118
0.18303550947045288
0.18518370313020116
0.18535550222874816
0.1865208001904735
0.1871147506797349
0.1874285068967309
0.1895202588720778
0.19055291521874507
0.19065448248214423
0.19139049730000102
0.19162027250611513
0.19510408039230598
0.19645945444217516
0.20086449020174402
0.20120274866777366
0.20314722549664752
0.20463060506194936
0.2047656758430927
0.20551324358251624
0.2061982608793782
0.2069373611460642
0.20748076440517835
0.20816627195765905
0.20894895268001745
0.2092407872730926
0.21068506878819837
0.21142919792914072
0.21540879839916433
0.21603551868007975
0.21751661008122392
0.21797495280952128
0.22237847873914895
0.2231587980923081
0.2243554324766931
0.22706492662746536
0.22759773207979017
0.2276111971726642
0.23049411811107
0.23056463761376061
0.2310991844843071
0.23609964038535583
0.23611068899714194
0.2383362580777687
0.23881650004682986
0.24490503932183383
0.2451965177761588
0.24766773130657793
0.25089062997389877
0.2509041109671263
0.2541334423958469
0.25576075041191554
0.25878871791585234
0.26118930949626995
0.26321324626741893
0.2638554980533908
0.26405806491530576
0.26558858246740735
0.26572140641547476
0.2664372847514216
0.2667403604767369
0.2674246095530841
0.2694252529802732
0.27000226581444736
0.27002693066639083
0.2719090458813519
0.27311711363555724
0.2786600171000512
0.2799063553177121
0.280486506063101
0.28087067389347853
0.28158145870567763
0.28204876343345725
0.28469502221868254
0.2862990432282585
0.2863184136016459
0.2876594800531529
0.2890712808877343
0.2898052385622283
0.2904061570733837
0.2912441089369264
0.2921850542309351
0.2935873107808988
0.29889044092813166
0.30032256499126553
0.30243441342453814
0.304466214015339
0.3046190958846854
0.30601843115433647
0.30977398848228277
0.3098768963582485
0.31101317661612365
0.31214579239969487
0.31273937394945417
0.312848616950435
0.3153094147289466
0.3171244039330273
0.3173827570064668
0.32040910148555335
0.32239316091826603
0.32336378056210136
0.3260784006625675
0.3294699710136213
0.32961778172093403
0.3296544891189698
0.33179024368390075
0.3321878379851485
0.33557191529002994
0.3366729320140218
0.33756372465432005
0.33774475831495965
0.33955878736890377
0.3406411239246755
0.3415295626423589
0.34659169158354275
0.34713777126173523
0.3486551172220499
0.352387208411543
0.3526564217432597
0.35389943519464806
0.3565658703496007
0.3591868874900015
0.359562347614692
0.36077814430856936
0.36369911837290125
0.36840010263087875
0.36889802075838385
0.3700735664342093
0.37046337726489365
0.3708756118756383
0.3719530552832871
0.37232371939109576
0.37661431610617097
0.3772642181438449
0.3775720485321846
0.37805701889193516
0.3799600472886436
0.38163122205692745
0.38368382035051835
0.38595030345120473
0.3877782860075507
0.39062458739740596
0.39265870262375147
0.3935927952210427
0.3948558616914252
0.3951007308138325
0.3957978610618015
0.39580241484537954
0.39622256122528743
0.39669499636768496
0.399341404638655
0.3999349102012598
0.40150666186726164
0.4058291895208548
0.40733294568396067
0.41441993042058045
0.41522523325736177
0.41713339225726176
0.41868699128635156
0.4212784669771436
0.42327157193249954
0.42353119015807994
0.42674526757325776
0.4300151782083317
0.4301257282245946
0.4312500382392146
0.4322197810759051
0.4342324075891857
0.43433468775853606
0.4375625583776803
0.4384083242818071
0.43955316517464016
0.4399774455940907
0.44267771801738076
0.4439068258838299
0.44400826889620426
0.44678166636177785
0.44772507264810346
0.4491934575959012
0.45133320893127776
0.45190245061482737
0.4521251736535619
0.45249840150938814
0.45398295168500213
0.45551299792826405
0.457900202880384
0.4579036626476818
0.45869718608726917
0.45967435799068324
0.4625432721862688
0.46290200909381884
0.46331362616527805
0.46449131853894887
0.46768160296872485
0.473055040802984
0.4762544031600201
0.4780872224775699
0.47885065953164396
0.4810559580620928
0.4822491341544204
0.4836253057187557
0.4870897046398873
0.4878333135307077
0.4905482627258834
0.49500944575232236
0.49966182790345304
0.5005364552663152
0.5011859917312966
0.5026386613975491
0.5045486203117995
0.5057712751790897
0.5086569913909313
0.5127938212000103
0.5145088939096412
0.5155113336770931
0.5177694479519866
0.5181523199134751
0.5185105378291008
0.5210811257377562
0.5223281213400248
0.5228027353252523
0.5235319591926262
0.5245486989200596
0.5257256728991458
0.5266408018420519
0.5276202721481615
0.528436307382854
0.5311599877853419
0.5315083046000129
0.5328126168682852
0.5335015219386763
0.5337205953559456
0.5343357468845349
0.5358368184954063
0.535946051133201
0.5378144610443445
0.5393226197745462
0.5402255838997648
0.5404057686849584
0.5407622484098238
0.5412486681959503
0.5418487544165878
0.544447518519671
0.5464211771854273
0.5466351426279953
0.5472909299352309
0.5496514076869419
0.5502836922499968
0.552328401577463
0.5530690483847422
0.553689138518701
0.5570071375305129
0.5581863550119428
0.5612170446644489
0.561350923882474
0.5628093788161923
0.5643100111506016
0.5645549839043205
0.564784924104903
0.5653730249859474
0.5683430212642839
0.568600997222952
0.5689031499986226
0.5714395525513155
0.5739477858987189
0.5763042256001429
0.5763458688748548
0.5785957793512028
0.5786088640688322
0.581945231299859
0.5821571227353444
0.5841246955955751
0.5841480764298788
0.5847124029978719
0.5861631484539662
0.5893567155783255
0.5894326117826693
0.5914304323306769
0.5915904463919728
0.5921605535366482
0.5930629583298305
0.595170057608625
0.5966948404125264
0.5983094418715871
0.5991223890106641
0.6030652225033838
0.6036911289633644
0.6039385640417299
0.6069652058911936
0.6072912918870191
0.607900750417011
0.6095385535083614
0.6100568460443117
0.6134883919648991
0.6156909293194224
0.6175832068202324
0.6178695711803289
0.619902267878885
0.6220985997953783
0.6224555261196525
0.6240676049662817
0.6246026275740495
0.6248114298331435
0.6259738744534027
0.627820985548516
0.628944140944253
0.629506403109169
0.6348942822108485
0.6361004772410377
0.6372795171563339
0.6373605159803641
0.637979460293473
0.6415475076851642
0.6441128976754318
0.6446562751517375
0.6459473045893052
0.6472967948125196
0.6490556546902349
0.6490930052908551
0.6507218813666581
0.6509866453902626
0.651020014552212
0.6520640006042415
0.652483446076874
0.6528126262280742
0.6535267119580292
0.6537180871715809
0.6540239145028985
0.6546261925276055
0.6555410027706919
0.6586388526809073
0.6589412336111813
0.6647831097729706
0.6649067396592696
0.6652331499838287
0.666079182559297
0.6661659375009211
0.6670631019371511
0.6687548791398046
0.6696654280084111
0.6701582041084051
0.6702401373558197
0.6721766215818682
0.6721922712629572
0.6737787684463087
0.6741609837643792
0.675811053470044
0.6767586074142142
0.6799290654606988
0.683197423045799
0.6837757620173446
0.6846457824910087
0.6849744042232537
0.6849818742042606
0.6860058735344936
0.6861571520543772
0.6861625510698155
0.6869026148438766
0.6871655860566004
0.6899732687061682
0.6899818729956964
0.6902854569735966
0.6905868937475281
0.6909697587731127
0.6934405692154272
0.6938935511254414
0.6960506066117231
0.6974418144059583
0.6983849667867762
0.7047813846365287
0.7052385677239477
0.7055109246293393
0.7063338363286676
0.7066795618501512
0.7110538457550738
0.7121901310198351
0.7198445530512789
0.7201668362129894
0.7204880432123093
0.7217402191736781
0.7226399791474297
0.7242077337033594
0.7251999003646578
0.7332487098480993
0.7340279894180174
0.7379224017966168
0.7388835110207426
0.7417040878861608
0.7423442104321193
0.7432198466104464
0.7448129323966535
0.7449243338448084
0.7467521148538733
0.7495164180916475
0.7517804800708162
0.7521475386972041
0.7530559595839366
0.7549479860559617
0.7550090191181573
0.7552958473340328
0.7570233850861542
0.757140173998221
0.759954693254161
0.7620480896341065
0.7629006709143823
0.7645526405172738
0.7692687060217356
0.7695682939113782
0.7713138901911194
0.7741052715873173
0.7751230177561015
0.7784407958423356
0.7801424667690753
0.7823647517686867
0.7826630384836616
0.7830095884474199
0.7835290699979727
0.7855040895030144
0.7864323852758099
0.7868087537889281
0.7876422825774338
0.787731850263781
0.7936657366405067
0.7947695637040568
0.7972048162401075
0.801682388989212
0.801748405071609
0.8064084608973014
0.8082259229188486
0.8105875692494784
0.8110798178465887
0.8127102606780563
0.8173504200066162
0.8185956119141916
0.8212023742242354
0.8255067944868986
0.8260796811517608
0.827073078417277
0.8271842007089528
0.8303729709750705
0.8310657202779873
0.8369407318693083
0.8379254957987464
0.8385570875994411
0.8426940543633821
0.8427564060801834
0.8461879080995552
0.8473567685826914
0.8477709599365391
0.8482635634109139
0.849763159714377
0.8505763898729706
0.8559840809460083
0.8567130148108077
0.8582101481653711
0.8585649258561838
0.8601709102418833
0.86193405449237
0.8619861927806692
0.863987715319837
0.8670952783239264
0.8719232502320778
0.8721763184623034
0.8726455039997918
0.8745143921453375
0.8768210633914492
0.8779783725257663
0.878473337162349
0.8797334836324459
0.8811915605613059
0.8829084422178997
0.8839706886370553
0.887146603387641
0.8895677773719586
0.8906879054869319
0.8910187384596306
0.8935829454713892
0.8942698071491877
0.8961216221606373
0.8973368710999774
0.8990413660029539
0.8991721619964617
0.9021595158769844
0.903269895025177
0.9034705443331749
0.9042981121640591
0.9056051401298897
0.9098810324448354
0.9108688815083561
0.9145270516040108
0.9146242211044595
0.9148733011295513
0.9160860692746567
0.9174676993113052
0.9176594808184866
0.9191817880357483
0.920040759383815
0.9205681631629685
0.9213322023541243
0.9213346390272874
0.9216993534265804
0.922112851873836
0.9263894755174553
0.9276925429731057
0.9281278741789067
0.9291086943840755
0.9323437469766443
0.9369485998237258
0.9403131650442194
0.9412719026747551
0.9420877752797232
0.9433713203160173
0.9436429294220514
0.9448509621243625
0.9467121233599294
0.9472828743872089
0.9473720371398677
0.9504823739020549
0.9521308792631704
0.9527645988493759
0.95462457033956
0.9549954010357419
0.9557338205927312
0.9607838842129173
0.9658782799737398
0.9659183654295993
0.9672026133640318
0.9672159800986124
0.9677569508236087
0.9693195096491164
0.9709438328911032
0.9715515944115153
0.9717653802439595
0.977269908115487
0.9813553192286733
0.9828524486322878
0.9837366633280996
0.9841666974270555
0.9869336552030444
0.9879338172347428
0.9887822500200515
0.9921214888336923
0.9940446629648206
0.9945162589419467
0.9964665791461834
0.9966593775444541
0.9995273446765931
1.0016725870742398
1.0017551945744665
1.0028177429630092
1.0041107831476117
1.0043773163564564
1.004873627755564
1.0058409848109537
1.005931285861799
1.0062032031486858
1.0062176980285182
1.0083966769719217
1.0115986978700793
1.0128000989455501
1.0131055242650713
1.014791732181731
1.0157206314589082
1.0158692226769335
1.0163388651201
1.0167774230940787
1.0179853760370174
1.0183764063332543
1.0207861745216074
1.0210336952467214
1.0241912353670584
1.0268595575628674
1.0272797588360236
1.0277507366697531
1.0296515497315977
1.0358321773210235
1.036132613001801
1.0377612642679535
1.0402447233972678
1.0408379618418875
1.0436775537823177
1.0451248384071326
1.0490136930342777
1.0492218928465005
1.0506125088557519
1.0506240314990545
1.0509406530552365
1.0511362455476205
1.0518366049400196
1.0518381839233397
1.0538042571962323
1.0548510881292534
1.057772872990021
1.0580704583055693
1.0582538849719902
1.058295417239704
1.060174517476459
1.0613127353405702
1.0630531575454325
1.0637205190105166
1.0650998740025708
1.0663294472142644
1.0691523285934479
1.071367377474563
1.0716695719535891
1.0736516741131976
1.0757469129576784
1.0790742306438292
1.0852328652966383
1.0876295895063643
1.087815363287814
1.0896454116581988
1.0910988877832724
1.0935754956800405
1.0978285115432163
1.0988781072917415
1.1019927429359664
1.1020386918222858
1.1057277424135405
1.1061906009634783
1.1085777906647116
1.108781714410844
1.1096008683242433
1.1114324461239573
1.1158796945376606
1.1165485798858115
1.1170882627597665
1.122939518080055
1.1249266777160103
1.1269320147503268
1.1286430031425008
1.1290336350585835
1.129625649304528
1.13121010956025
1.1322028202884749
1.1380444071976885
1.1394100916778815
1.141029944264917
1.1415656188694927
1.1419843374702476
1.1421315711005655
1.143431854853283
1.1444581486266434
1.146316528082388
1.147164886867946
1.14778786986268
1.1497129963376178
1.1517229095888182
1.1544399394398441
1.1578650612157158
1.1578685829576356
1.1578741797000893
1.1587621456535895
1.1607942883211544
1.1626426424176854
1.162770045553032
1.1631721355523543
1.1633026151090649
1.16791115177801
1.1687765004470347
1.1689009501619811
1.1707231754041119
1.1711483987401177
1.1738799578148469
1.1751393953289941
1.175210960941299
1.1773927895105398
1.178178886817978
1.182752764256719
1.1878234146591846
1.188395784058308
1.1915110601502938
1.1924798345624958
1.1980442839291012
1.206836947084434
1.2071405562294508
1.21061753395563
1.2115830722347407
1.216365153243418
1.2167581917464483
1.2172811766339826
1.2181478342679095
1.2192605955153808
1.2206310569493406
1.22640494180873
1.2289253889416516
1.2312636485810522
1.2411787628430657
1.2412203882584973
1.2424883745897513
1.2464890134888595
1.2465102273610553
1.2483252378833796
1.2483510709042451
1.2486045292547376
1.2489248271309856
1.2506079935670624
1.250723534745174
1.2545630767126654
1.2610075096423254
1.2629754826750959
1.2629967376228215
1.2647219682227058
1.2650742144384108
1.2653142135878939
1.2654467062032113
1.2671934555987767
1.2683555919147171
1.2695040372314328
1.2706121010724838
1.2722110572609855
1.2722831541314978
1.275686440871754
1.2763135866816189
1.2804173943345472
1.2816212135325533
1.286507153546757
1.2866337288967853
1.2931921030823652
1.2939291504148986
1.2975907449858624
1.2998650697426117
1.3010945320604708
1.3038504216498104
1.3044431340511007
1.305146323938369
1.312166907617892
1.3129441225611114
1.3134361659132312
1.3161889312666908
1.3164878534579987
1.3165025066018285
1.3186276502242449
1.3206440412659526
1.321656192600864
1.3236188976228627
1.3263851906621855
1.3320402169355652
1.333284618410385
1.3351023583750803
1.3380677527393006
1.3405611906286818
1.340620895438263
1.3435930785556744
1.3510854701645612
1.351741349461298
1.35539972999202
1.358860748365137
1.3595095194233502
1.3610152028701759
1.3641363629493224
1.3674105374299117
1.3686776745665947
1.3699656598605443
1.372742386546582
1.3732193576808152
1.3734599010342898
1.373555260807662
1.373994438667039
1.3757179485082793
1.3787972500333852
1.3806720629981428
1.3825588869870609
1.3848036862392439
1.387617605811617
1.3894960947861446
1.3912978776772107
1.3919501000090697
1.3971382489931807
1.3995675649996029
1.3997896810580701
1.4070273369106596
1.4088113418578605
1.4101840311732097
1.4105618937423459
1.4106781118193807
1.4113972679365918
1.4133030185414213
1.4145407209531102
1.4150890445224218
1.4256894779879006
1.4322680770524563
1.4354616510101992
1.4374347588577987
1.43824242297264
1.4411001866452966
1.4466961809123675
1.4503811038618424
1.4519513751791286
1.4550243217013765
1.4563422202264664
1.457250882240326
1.4584943417382554
1.4590178601213162
1.4609743571565408
1.461863534739993
1.4623579356528047
1.462441090958753
1.4655155742448165
1.4671679394078496
1.470114457027903
1.472664615962131
1.4757783480634983
1.478376239487095
1.48734757481466
1.4893733909498026
1.4895202198719089
1.489827352111486
1.4899130550809057
1.4936957874263854
1.4941629258482125
1.49921597216081
1.5043088926806254
1.5058275238027408
1.5119791494763302
1.517628911240688
1.5227686440016757
1.5275160804025214
1.5287284109967842
1.5342364514200115
1.5348204783332524
1.5408509036483553
1.5447797340093017
1.554308433377523
1.5545164494327488
1.5572153257844086
1.5592356743145284
1.563511458554819
1.5649027123201367
1.5694848539585833
1.571365720594364
1.5730781181155513
1.573228160049733
1.5734166269697076
1.5745826524835103
1.579703435584522
1.580317447999808
1.5816399347915011
1.5816639528025696
1.5845294774459657
1.5846495180115197
1.5881329978207592
1.5881413525084183
1.5933863054582864
1.5939244385231999
1.594279877101424
1.6012062354279688
1.6074133329654008
1.6077898563029775
1.617300167069561
1.6178192605246227
1.6196703648795578
1.6200555626132398
1.6212756722656303
1.62363887283679
1.6283285862050452
1.631602794829365
1.632384734874166
1.6343694216548132
1.6359270637520569
1.6362268541025933
1.6376170947182935
1.6449693524829772
1.6468372121349684
1.6470977219994074
1.6501674191767308
1.6503003081463623
1.651069735613155
1.6532958422762003
1.6537831846290931
1.6569902955692082
1.6571723627791595
1.6613995841792573
1.6614868956569384
1.6625980862158731
1.6654518039752118
1.6702019993236408
1.6791457560160112
1.6890316543151411
1.6890571228371933
1.6897584730181605
1.6909049643046161
1.6950492305385922
1.698014874599934
1.7030657229267747
1.7078610924307567
1.7100720378494803
1.7143926145571229
1.7159237192248584
1.7168456468080069
1.7169689316721894
1.7171884614141344
1.7184051622156642
1.7193416453367523
1.7207755091066272
1.7306980142505801
1.7341724705162664
1.7356107380939507
1.7364844771270074
1.7389587913305014
1.7441699282000813
1.755227888993826
1.7640752103128565
1.7707845114170642
1.7735695968790703
1.7761683711591885
1.7809838471531987
1.7848178817399885
1.796645890259013
1.8036250956144113
1.8230871291042772
1.827811077559123
1.8336632833874869
1.8362858344590418
1.8410027106239184
1.842274919519745
1.843039116039189
1.8488396658029425
1.8590084624044017
1.8617152433260842
1.8707885362144347
1.8800888734616537
1.8886295270801212
1.8930719234671103
1.895807330496241
1.8958524663991183
1.9071486195554281
1.9081698437392258
1.9096156679168474
1.9126636774604115
1.926013730032078
1.9270359268704103
1.9278814498017927
1.929668671380477
1.9413629330890676
1.945273903490278
1.9490147488974408
1.9499279768692017
1.9540062214442442
1.9559057089737357
1.9563283709048243
1.9588431936065274
1.9591512462693865
1.961966732753163
1.9657955839409187
1.9663781979733237
1.972058593059106
1.9768374708663983
1.9789913141192883
1.9848657226604751
1.9877474524067966
1.991018429589344
1.9921270422369681
1.9921554549499285
2.009961230321335
2.0166961160381467
2.034019240563184
2.046704202021128
2.0467364399027517
2.048976602023399
2.0495361304689816
2.0574110860000245
2.0580893753091503
2.062792698923112
2.065878149909041
2.066492529741178
2.067192199878077
2.0689695643105166
2.0734410557472414
2.0773589622337485
2.07806310622542
2.083191333759686
2.100810528265369
2.126627808272606
2.1314748494613767
2.1444214547790996
2.1470872023594207
2.156381705835846
2.1591019115115855
2.1616391364192133
2.1720993879132102
2.1747883305157076
2.1879159793308776
2.192370268106797
2.197557265069353
2.2098872835757764
2.218028966345459
2.2246067649723504
2.2259013979405324
2.225982509982195
2.2310979030778753
2.2317385442440045
2.2434981718296845
2.248961902939133
2.2601063134896884
2.2641191084328565
2.2998370831615955
2.3069562225411993
2.315460920157405
2.3330982822751576
2.3576815863872644
2.3836837130796407
2.387926540781107
2.3884016336310148
2.4246565282561394
2.5020782192407394
2.5056420491914437
2.544234446806626
2.6069819526314917
2.706987000128951
2.7444246266150203
2.7683470965738115
2.8872207201492506
3.0111489586350944
