-13545.945880079387
-3003.971321746017
-2433.023173915952
-1938.863829445506
-1694.9547324904297
-892.2635023122056
-871.8295931316901
-693.4894911416121
-591.4347543111619
-560.0752424226217
-509.5341594219631
-486.35743779894045
-425.6568831621855
-405.46112324645117
-396.82962130519206
-376.7210136244674
-310.7936214106835
-289.9385719169231
-280.31552408072207
-277.2860362312025
-219.16002092218483
-215.6779994276827
-214.39498528937705
-208.61664621526216
-193.38784082754597
-193.08703703089398
-177.59631592655376
-165.88504393123506
-151.09517202007981
-148.69572121819212
-147.95949905815894
-145.78243927042288
-145.59938788942748
-144.5903733418785
-140.21518677666683
-137.81311805016568
-137.44036534507302
-134.7061341718087
-112.82806690383057
-112.08423536224397
-108.84791753553449
-108.11379434810036
-103.55592498517247
-103.24036344654805
-101.53272273418712
-100.77338245643527
-100.26300464041609
-99.3436608488304
-99.27055241066284
-98.71463636264795
-97.60909325348493
-97.51896415149142
-96.50291808163749
-96.05290828431012
-95.08097559950332
-93.18610365961794
-92.13625966509824
-90.89253061420357
-89.16000830263792
-89.12876790866427
-88.39949437635813
-88.37848489606226
-85.33732614097615
-81.56347560301279
-79.66584243871617
-79.25638594824457
-78.84898283218949
-78.70061606704294
-77.22099007095291
-76.70987699976288
-76.26179734776741
-75.14178949012036
-74.42570818655962
-69.27706299467762
-66.70076654144535
-62.16032543180692
-61.98814841550764
-59.9818643675589
-59.85024593251872
-59.8433715922105
-58.432152524594294
-58.244177810250676
-57.44002976894155
-55.838582165131754
-55.15912418400874
-52.71671982126595
-51.06432872467507
-50.81046562628464
-50.59190532565336
-49.00237454993456
-48.433447947680506
-48.23624165542631
-47.878700372245355
-47.65917904050578
-47.38510235937896
-46.812394094564326
-46.18875792693496
-46.13701095687307
-45.63876558678338
-45.15720240074225
-44.51800497772844
-43.80749504891668
-43.48269659188834
-43.18692971790678
-43.08992909930929
-43.028731023927676
-42.80051284723503
-42.774947252927845
-42.56856256638376
-42.4517990901743
-42.36713727332989
-42.32245386859866
-41.36222552241479
-41.01101689930143
-40.8947921092222
-40.4674173357947
-40.026896391724485
-39.58542886222783
-38.87661548442859
-38.87318963930956
-38.425820483349476
-38.187450180412085
-37.824327149112364
-37.48543301477447
-37.37742884150937
-37.311801023250645
-37.148819040096505
-36.923162655283676
-36.709623679692655
-36.32798478786466
-36.22973916104133
-35.519419448530165
-35.32135737122112
-35.097421161858335
-35.0400812297477
-34.90353456095121
-34.70115708682081
-32.88758194500651
-32.80458947657982
-32.33513721372126
-32.092163997291166
-31.50243280489328
-31.012724624494666
-30.813446550521487
-30.69703237009784
-30.456407069299267
-29.788794009056428
-29.446730611678113
-29.359698315599683
-29.2964687946133
-28.867759410438538
-28.679315489332915
-28.64771833521581
-28.527432348987617
-28.486176430491167
-28.425847401247875
-27.941317071451117
-27.542896824031832
-27.21733665999939
-27.161232224234666
-27.049178833588105
-26.913660874578426
-26.897626861199946
-26.82782847418398
-26.763315211326777
-26.747032417874895
-26.19963290186122
-26.093297749468103
-26.07596905925736
-26.046946488955115
-25.703911399294473
-25.50715428280257
-25.256770093268766
-25.255728943157628
-25.24713477255288
-24.947727757402035
-24.90472932876354
-24.826461198431723
-24.638429457444857
-24.47929250232771
-24.300347556013072
-24.197125646648082
-23.989325791653165
-23.416601710153422
-23.405463947363412
-23.097254144223232
-22.89071150157308
-22.877909958854836
-22.74948807024864
-22.71771206723824
-22.67524770593283
-22.672474514323202
-22.64110169191789
-22.5968744447288
-22.584218536984046
-22.56112738196428
-22.520074663742548
-22.09831236584349
-21.952726717082562
-21.366085473177435
-21.313224326288125
-21.286323477579913
-21.24936156412168
-21.22200697432045
-21.142247001089522
-20.97108433206583
-20.77762673244513
-20.686520826242294
-20.685064178395468
-20.649147211841722
-20.62225611815896
-20.573444874612733
-20.288456201316855
-20.237974301524787
-20.164649337765177
-20.080261075186186
-20.013966969162386
-19.900560307567925
-19.85033962392062
-19.79799536588888
-19.728703277662703
-19.588677983996018
-19.473086789875474
-19.471447918001783
-19.39402180889303
-19.345889688101614
-19.276832585815754
-19.146322487521882
-19.00815232768048
-18.998452034885265
-18.897027599689665
-18.81538123093451
-18.760714390642914
-18.70318527492093
-18.584616016960638
-18.468932091283865
-18.419712892197996
-18.41919048285952
-18.335549572625748
-18.071332203542585
-18.066924827033237
-17.98252081576341
-17.89265406105526
-17.8702209316448
-17.72882350451628
-17.582792611482475
-17.575146826635315
-17.413068151511997
-17.170305412955404
-17.024067905477025
-16.95563396996092
-16.946450495297604
-16.94542083810744
-16.893701785641063
-16.857690434012635
-16.83954411821297
-16.81942439402463
-16.786276201476802
-16.697284127892992
-16.669537653328184
-16.642361010658263
-16.544514352377597
-16.540422797390494
-16.530126496561607
-16.509564296197038
-16.500814443544392
-16.444170217845574
-16.398906410692394
-16.39166361781292
-16.342247753235835
-16.329595895079436
-16.20142899982335
-16.182452323882035
-16.181491813448716
-16.156493022915797
-16.11711302374945
-16.071169185167985
-16.036426343809573
-16.009694811893667
-15.991839771097466
-15.97769026271948
-15.962483092525753
-15.915109545136918
-15.871170492905655
-15.856351779951599
-15.75525598890714
-15.548845527840358
-15.397612111433006
-15.384733917943326
-15.270624776530349
-15.187203005061649
-15.180961537633104
-15.113627635952362
-15.066454837621858
-15.007079021780992
-14.97167981561865
-14.950523180399836
-14.814550766447192
-14.769546587571828
-14.72928858213989
-14.719723248987957
-14.662864657994906
-14.567428941314272
-14.4549575251124
-14.399791534765267
-14.36603742893018
-14.35744249752004
-14.35193879464293
-14.32301153876017
-14.29265323678445
-14.290735613343433
-14.25107840346631
-14.201283422122534
-14.190838445293696
-14.130223169691638
-14.081624201608951
-14.067113160303311
-14.024708184181355
-14.009779104793633
-14.00689286310106
-13.868310616327662
-13.862157043253323
-13.77715506141342
-13.768511945955156
-13.684698854059214
-13.676263890422799
-13.544607298720216
-13.537740271867216
-13.50044407952729
-13.485660016431215
-13.451765388504038
-13.435238733022686
-13.420956198826298
-13.395503137336402
-13.393849652548989
-13.263952807959686
-13.219638214864755
-13.188753848126602
-13.135771647573339
-13.123206085601218
-13.093566452018779
-13.09247384294857
-13.041038915242256
-12.999655318219702
-12.968350887841144
-12.921318260463789
-12.797521904832617
-12.773198365722584
-12.766297123032796
-12.741470842579549
-12.732290627082362
-12.702687354397723
-12.697974878920068
-12.672692356980058
-12.66180405075885
-12.63285717196143
-12.524448613567703
-12.489853318794
-12.481718564898863
-12.471215505698977
-12.460659922707096
-12.440154086931534
-12.416340330499146
-12.410250655454632
-12.408457356938632
-12.33214697284237
-12.328090212643502
-12.313063178705912
-12.310359042007281
-12.307758406815159
-12.290791056160815
-12.154291845114857
-12.142541166673197
-12.13693622840172
-12.114398471702422
-12.09197751534001
-12.089408225067604
-12.069462761329378
-11.997498164821385
-11.995383815944802
-11.98237129077327
-11.977336826140336
-11.914117941045673
-11.885123763396935
-11.871014813824212
-11.86286860252139
-11.818397189563623
-11.779911058091649
-11.764799147657182
-11.724653342406775
-11.676095765838097
-11.660076534209214
-11.634280139340383
-11.63240328144974
-11.61736871298989
-11.589138455018752
-11.525993559799089
-11.516265816903152
-11.490291496263838
-11.475368137494428
-11.406325326776976
-11.392901194561635
-11.389585671211545
-11.384300368364725
-11.372674465480497
-11.347182699981378
-11.342304629039603
-11.329060123397891
-11.308825290454315
-11.30387755174026
-11.298959137761148
-11.275939319749538
-11.23065718629704
-11.214779279146036
-11.20088076441254
-11.18886643819117
-11.15321306624542
-11.125065712866363
-11.074255661754645
-11.062000949059026
-10.993726714065543
-10.987705733282448
-10.949569474869985
-10.914316869055568
-10.826986830613484
-10.793571519585349
-10.758860345180587
-10.7542893899367
-10.723472377289038
-10.717723684296303
-10.717187232713156
-10.673448893374108
-10.670351629134064
-10.618898652621299
-10.588784836508397
-10.57062009917801
-10.482852962197803
-10.47806709244011
-10.475337053528886
-10.378601591796343
-10.366804940510129
-10.361436401441766
-10.346575690559055
-10.342329104328183
-10.326754649723716
-10.306778965276994
-10.293767987580782
-10.267646444281318
-10.247347546492598
-10.185670951555007
-10.173568584414156
-10.147118627334434
-10.13193711087779
-10.120850597774574
-10.090348350049547
-10.070645923177356
-10.05356808175343
-10.045001962826605
-10.03605579299618
-10.009345654677992
-10.00717033959701
-10.000082507889038
-9.927731490785343
-9.914056098848716
-9.907865004516484
-9.900216847169153
-9.856484887500766
-9.837227532799137
-9.834243775961436
-9.7953113958765
-9.795172995896213
-9.773745556528848
-9.723083527926766
-9.72185006780136
-9.700530799893814
-9.695363411244555
-9.693500116379962
-9.674031888075179
-9.634711707812361
-9.598429013912616
-9.57962217303899
-9.577231005585261
-9.526986390386558
-9.526908644183829
-9.489890695980726
-9.484025155495203
-9.470962930753451
-9.425568390247534
-9.420088694680983
-9.39996512521963
-9.378365004111682
-9.367903884374561
-9.356732595059482
-9.341737036128437
-9.334124705902768
-9.315798440866
-9.267104470552804
-9.239890884022227
-9.237409141094167
-9.20737760815557
-9.205218528943535
-9.204892755597623
-9.167653275405193
-9.121597414459654
-9.101994010512295
-9.09790518717622
-9.096133267544324
-9.095255895295496
-9.079588024414193
-9.072805845156225
-9.069837243869312
-9.043013185976244
-9.018207206890787
-9.00606605196485
-9.005651758601878
-8.989789859960712
-8.986331591979487
-8.985369941565262
-8.962228013077382
-8.95035022280046
-8.911190097731636
-8.897511549350238
-8.89710446363646
-8.89246364656788
-8.892142951459721
-8.86067126011038
-8.8583582611735
-8.849366409613731
-8.818360359458632
-8.81798206200859
-8.79319961499069
-8.790814969103467
-8.773383255130934
-8.76617056305414
-8.73747837615478
-8.714932222815797
-8.70614435390804
-8.659523605613758
-8.578891329440536
-8.576998548908774
-8.557757057340709
-8.55580111746186
-8.544611642995298
-8.53972323842646
-8.50925042133063
-8.496428652815217
-8.494941937767953
-8.480374954292069
-8.472211713569129
-8.445150589005145
-8.441738994376783
-8.428691356461957
-8.41240714028223
-8.367281124473536
-8.362213297806134
-8.33795831322191
-8.331685153939073
-8.311718097569342
-8.293673159822958
-8.274861921592198
-8.274757301617473
-8.271164804252708
-8.219967956282929
-8.194905562539802
-8.190361805911207
-8.141058480030107
-8.101442061606422
-8.097319123308244
-8.086805546491858
-8.071821165002365
-8.06733737380548
-8.053881959970091
-8.020160559658965
-7.980630896825119
-7.951677674215194
-7.895748743902212
-7.889448497123838
-7.875686079257182
-7.869458748888885
-7.856550968975425
-7.8558964436023215
-7.8305375631519905
-7.797901123687854
-7.77536886738868
-7.7207611608637805
-7.705699361246987
-7.701334202311644
-7.694194089138813
-7.68535277819962
-7.678943917802735
-7.6487847929643475
-7.63924100569319
-7.626421402069656
-7.600115608168302
-7.595449898906976
-7.576140052377623
-7.575705304583595
-7.538073002722928
-7.520522063870192
-7.510666235231267
-7.509853327585082
-7.509274206340801
-7.5056967442903275
-7.496500910849406
-7.490549721177988
-7.463525801011347
-7.447115731331884
-7.437452268879509
-7.4116923745355265
-7.382656686609467
-7.378986899945893
-7.376919084689107
-7.3677059625013905
-7.346426191452279
-7.340340968199157
-7.335875171062233
-7.332631396250631
-7.327248298205879
-7.313365429450888
-7.312410214206083
-7.305004247634477
-7.286569886021859
-7.28415424871
-7.27674052272355
-7.251356659215436
-7.246259353754741
-7.190832129969469
-7.189708871055578
-7.1731565534605055
-7.172001068946722
-7.166789226927555
-7.138662389895551
-7.12998592777943
-7.1270644112434285
-7.109938322820615
-7.102334638169386
-7.099133304057639
-7.083306155029449
-7.078184871281416
-7.065820888360838
-7.062782433634624
-7.040099556918422
-7.024484819237281
-7.019889588121457
-7.015022221035691
-7.010799988715068
-7.009785725641958
-7.004277920959697
-6.986886274467301
-6.986059996628345
-6.95081160514391
-6.926325861098595
-6.919848079980614
-6.9136192458095485
-6.909393597208689
-6.899199619428815
-6.8967879273132136
-6.858063262153622
-6.851794861833051
-6.834117991726262
-6.82729021706035
-6.804433592691989
-6.79259433105421
-6.789627738278432
-6.7676667127279675
-6.766374848877443
-6.752871608577747
-6.728712516429084
-6.715493437251976
-6.709511809100196
-6.703885640929595
-6.698769270639989
-6.6967090547708334
-6.6948115805086825
-6.683174220895283
-6.667225643609809
-6.664457476975089
-6.655244145145353
-6.651098686090204
-6.638994089746237
-6.637992603519179
-6.6315002341559985
-6.609541549643044
-6.6001871824271605
-6.600095868458601
-6.586920524214959
-6.572139701156532
-6.570529755472553
-6.564201056634028
-6.558300557358391
-6.551068105800171
-6.5471243113246995
-6.537055456433578
-6.5344979273337
-6.525574912984213
-6.52322224676474
-6.521872018067909
-6.519176904204024
-6.491691482933417
-6.470730767527032
-6.467021855581853
-6.466298844696192
-6.459800768249199
-6.452415615663877
-6.441393915634739
-6.4407984172759
-6.421696659662285
-6.40349868953752
-6.386922206584039
-6.386387130942019
-6.381927421932303
-6.379769686168692
-6.355014713510817
-6.354802738898263
-6.34804344888561
-6.3428666833618115
-6.340029360022523
-6.336154089119998
-6.331785473054232
-6.325026755835458
-6.322886248313955
-6.311528459892825
-6.294299128558544
-6.292197096470592
-6.2792157555761134
-6.2613827047644195
-6.252922430733374
-6.24012569063481
-6.236859542945923
-6.229220643076898
-6.227154788629487
-6.221543899766565
-6.218014528809136
-6.210185515287615
-6.2028277957490365
-6.190654940819343
-6.181712739410648
-6.181687720648734
-6.174098563504536
-6.164984608558659
-6.157484770327264
-6.15400214654274
-6.153750154910749
-6.144525910226658
-6.135027281528669
-6.12991733596343
-6.128821862946619
-6.126940412216319
-6.117358950846145
-6.117110633538545
-6.1118238043768205
-6.108754465269225
-6.108015921857158
-6.106236253056464
-6.101356363749115
-6.101044385612351
-6.094990630448693
-6.045397910551224
-6.044808874224007
-6.036665753999461
-6.033239080061953
-6.022950326851374
-6.014538491580215
-6.010245986141719
-6.007687651262971
-6.000373833300866
-5.99508754834812
-5.985702117730641
-5.983550829504629
-5.977682429905708
-5.956784156007808
-5.950551102994359
-5.934976852268745
-5.926009622664785
-5.916457749446187
-5.893208542169878
-5.884109962365376
-5.879662765355041
-5.868534679215589
-5.851325299199431
-5.846422575060821
-5.832000121891943
-5.812532273311335
-5.812330245443743
-5.809564695508368
-5.805510011179476
-5.790681947135173
-5.776684174063246
-5.776292490915898
-5.776150060692832
-5.767786442775061
-5.725590730874593
-5.724375396948518
-5.722586063421645
-5.7212205658812945
-5.696558169084774
-5.688147351268809
-5.685916461523831
-5.679625390964727
-5.6752852341575855
-5.672756656847823
-5.665551316363595
-5.661770488013478
-5.656382628397086
-5.64308580880841
-5.636515861368528
-5.629266058620702
-5.628620688910492
-5.628365839894702
-5.624864963423097
-5.623432585990695
-5.619052251091253
-5.611982347427526
-5.608994135408875
-5.606028790334229
-5.600557963548141
-5.594839507262932
-5.573894653180357
-5.5694300901890585
-5.56670907543006
-5.560814214341431
-5.550599112645067
-5.5425528938596145
-5.538162144135553
-5.534705533811123
-5.532171111478493
-5.51762322677739
-5.5144692197520575
-5.506599484954817
-5.496221044866162
-5.4854268817152425
-5.467325365253558
-5.464954176954812
-5.462700111560336
-5.462589470876317
-5.4373522553239955
-5.434630300749393
-5.427960753096164
-5.425825300769898
-5.423745241331128
-5.421014329830701
-5.418108165928563
-5.417166639238842
-5.412382376859931
-5.376030064065377
-5.346775299009003
-5.343333108687325
-5.342401366967179
-5.342349555089586
-5.339527389238084
-5.32697359991484
-5.31979268141121
-5.304140755126314
-5.30120157458429
-5.299818785538142
-5.295425458303795
-5.289114412108634
-5.281202234280074
-5.279771119168457
-5.268539032016238
-5.266892777339256
-5.266407137154593
-5.264002830745751
-5.256170584118827
-5.255647583962736
-5.254494172639956
-5.253865118686743
-5.24947889829758
-5.234983263002797
-5.220903029879195
-5.217062370107946
-5.207793004593026
-5.202542065105365
-5.19518586916151
-5.189255261957548
-5.1569331526488575
-5.147129520189553
-5.146120707609105
-5.143687080020391
-5.131869044334605
-5.123568086043713
-5.11265185654424
-5.1058975886648055
-5.103857082887147
-5.094235822621027
-5.0903425003609515
-5.08633719147292
-5.081982149050734
-5.079380570363054
-5.076802535738175
-5.069688131130032
-5.066447847769419
-5.058275213462655
-5.047278498630129
-5.04511994019656
-5.029336253840937
-5.027859411981101
-5.022204943634882
-5.022101707416963
-5.020970044271318
-5.02027001947702
-5.019040996394411
-5.016203175346789
-5.013559988404758
-5.0059456171197185
-4.986361509920754
-4.985333458097777
-4.981546076578109
-4.972455182369293
-4.9719376408672264
-4.9687259721666255
-4.967764999033158
-4.954242536143982
-4.952258590034422
-4.924299626002588
-4.922368069019328
-4.9078742670862505
-4.900572029237812
-4.888589648819561
-4.886495606228802
-4.871770549416001
-4.867702142068634
-4.86164984096471
-4.856884348522447
-4.855361355164586
-4.854705503767657
-4.845129937879032
-4.841339236311507
-4.840882716846054
-4.836205602747139
-4.834312908448327
-4.832552065001029
-4.829468461384967
-4.828728532798831
-4.815305538143687
-4.81505152710698
-4.813563338427959
-4.8132727216510585
-4.810099606712932
-4.807719327655038
-4.798128190713389
-4.789417850149342
-4.777091154870429
-4.773085687046928
-4.7713103660237906
-4.759721328548966
-4.756230236399975
-4.755476174075916
-4.754694100837547
-4.7542039600288994
-4.735203371421458
-4.735174841725629
-4.722853943086775
-4.720697844861505
-4.7135140477099124
-4.712111834046752
-4.707049891278112
-4.706542886762054
-4.694084094074072
-4.692339852767594
-4.687911751356068
-4.674245820637879
-4.6671385682788165
-4.660031730384221
-4.658629916856793
-4.640293542240679
-4.636071667220161
-4.621691966537133
-4.612582695833147
-4.609656048553286
-4.608519230202961
-4.601477016957334
-4.5859689689429395
-4.583637489472888
-4.581455951869587
-4.577237598229155
-4.576469665567259
-4.561869869980578
-4.557486527238341
-4.556894430134476
-4.5499923254383825
-4.548954565294919
-4.546784952211103
-4.544913604358506
-4.5432074071443935
-4.540079596792652
-4.539841722616487
-4.534417817939051
-4.531451481898247
-4.53062349237885
-4.528750725608846
-4.516376263445057
-4.505696016290628
-4.495600612544445
-4.495350021332711
-4.490250528634304
-4.488921453387091
-4.483605187777968
-4.480884447043937
-4.468944766288531
-4.465838165406288
-4.460512841813471
-4.46030443980667
-4.45338480151155
-4.447393743627271
-4.444465760116817
-4.444069635401664
-4.4421444253235265
-4.427195076237596
-4.4227039533894095
-4.407558431433346
-4.399865131053445
-4.396701030146076
-4.394889727684413
-4.3939531534852465
-4.383607713372371
-4.382336185691328
-4.379160271817754
-4.372225811368024
-4.371957401722609
-4.358078764272915
-4.3569511721866645
-4.35417617355484
-4.3374861254149115
-4.337429416834294
-4.326811781601969
-4.324820307867545
-4.314451787280198
-4.309838005029267
-4.309772414278487
-4.308124005941443
-4.299898193083314
-4.299314380923838
-4.299215898814717
-4.298117613048608
-4.297235094380026
-4.294342576761092
-4.287066582422727
-4.286652665253241
-4.2832168915801505
-4.279712678526506
-4.278616499668392
-4.2759014862162825
-4.273209112692109
-4.269571518522924
-4.2658019867907875
-4.265107849478965
-4.25769257947974
-4.248016051639859
-4.246270225400824
-4.22614964454363
-4.223012862837694
-4.219777785433544
-4.218679323000321
-4.2104964906857205
-4.210273688599343
-4.208362993283806
-4.205161986706322
-4.198640915429381
-4.1909708841442
-4.188175211552881
-4.187105366144015
-4.1831148555944875
-4.182353815634184
-4.179624378151034
-4.177575103625554
-4.171419088429557
-4.168035922185296
-4.15556496285162
-4.154874318280765
-4.147740373990652
-4.146066616407696
-4.14597227094761
-4.136909072763366
-4.133528546196966
-4.1272705716149005
-4.126375238227142
-4.125687067210855
-4.124181347897014
-4.121950587066388
-4.117861644091641
-4.111373134131091
-4.108925830305493
-4.099504417467382
-4.09890527259246
-4.092856381755329
-4.089784707072927
-4.07106331365765
-4.070774248546707
-4.070679298738565
-4.066131927620146
-4.062875840727526
-4.058224870703341
-4.058199932209513
-4.0485160509583675
-4.048269567764531
-4.039430717390298
-4.037789631470135
-4.0371425083508585
-4.03409621486157
-4.030868474673317
-4.028576589404131
-4.025917890450142
-4.023646649463595
-4.02175440263014
-4.015465206815553
-4.007869591561495
-4.006820953350689
-3.9952692248252912
-3.992103805130912
-3.988507998019183
-3.988009925313067
-3.98765288863715
-3.9858023984214856
-3.9852397238561914
-3.9802051498974707
-3.976984086822419
-3.976249616203408
-3.972458212942052
-3.9696978935007516
-3.9673875594104917
-3.9673173523774063
-3.961454823255911
-3.957276383938853
-3.954814877925463
-3.954285311256788
-3.942003109217042
-3.9405310693330278
-3.9401518255790764
-3.9321018916044714
-3.9228612535906597
-3.9215311302424682
-3.918703104982037
-3.9094509957373926
-3.9074593874400434
-3.905860614046347
-3.9034998829172016
-3.8990529495886124
-3.8923718189321117
-3.8920761676120357
-3.89186275901661
-3.88200202398425
-3.87811788562234
-3.875513834902585
-3.8732775424801615
-3.872627407706272
-3.872299903233249
-3.8556177449144595
-3.853369866433315
-3.846510598820161
-3.8397324925655276
-3.8336282553091285
-3.8331886379820492
-3.8314273742111196
-3.8223263282939186
-3.818098435590066
-3.8100832016717088
-3.805056947399952
-3.804257885306601
-3.8025734932274955
-3.797125305288553
-3.7920017000246906
-3.791426450614412
-3.7846250306435807
-3.784548022384744
-3.779094245111534
-3.775760485640427
-3.7738256018131837
-3.7736129675696803
-3.772572244287466
-3.7695643772568683
-3.764161326217475
-3.757919476178173
-3.7549206770939714
-3.7451057854148138
-3.7437328293674774
-3.741073001712248
-3.7392111296101787
-3.736069610089994
-3.7280716408697963
-3.7257289408375547
-3.723916698778557
-3.723436643604985
-3.7141086203525173
-3.709031607874172
-3.7017182255971974
-3.7007170522050727
-3.6996046898783974
-3.6959955273862724
-3.6861844740410445
-3.68469824077717
-3.6828963706779345
-3.6811564588360186
-3.6791091992161613
-3.6787024483362494
-3.6669991636572483
-3.6667864962273695
-3.661250422435189
-3.6496422253590115
-3.6394594949203785
-3.6288003893826133
-3.6232881303288402
-3.6191341192493716
-3.612399878502146
-3.59624117552903
-3.595694857485899
-3.5945368050327593
-3.5936168552942114
-3.5920226874404975
-3.587622216737548
-3.5875417019657894
-3.587253126818029
-3.583224091402563
-3.5773556183860844
-3.5650377901840926
-3.5639622507447593
-3.562742423711094
-3.561421986664393
-3.561117555772779
-3.550552335731542
-3.5478037770748347
-3.542246828682809
-3.5346809675706705
-3.5332203899219587
-3.531999810483904
-3.531734912718421
-3.5296348574454424
-3.523766185158792
-3.520414234146926
-3.5127898568742446
-3.5119794505149438
-3.5110614643780407
-3.506706324001866
-3.5062054209391262
-3.5022973492425624
-3.49841244065602
-3.4868029781361694
-3.4835250674669362
-3.4772176911128865
-3.476341453791641
-3.473474053045736
-3.4731261097755706
-3.4728157194174822
-3.4693177414625973
-3.4679675833074244
-3.4539996664785217
-3.4531075632932184
-3.4505902445922594
-3.4494210893850044
-3.4493055276280398
-3.4453134039498883
-3.43381388842219
-3.4297248262481723
-3.429000301502702
-3.4262271698836537
-3.4252161446293288
-3.422198891361376
-3.4117341614940635
-3.408090582329277
-3.407059214631506
-3.40604096649565
-3.4053349312805583
-3.3979855601412257
-3.3954612175859107
-3.3944247535430616
-3.3877881963261847
-3.385596667815417
-3.3838757256219125
-3.38251124885482
-3.3819634850682445
-3.3779056287107685
-3.3776223409117216
-3.3706237506314007
-3.3664097964460478
-3.365054203126107
-3.3621479637841647
-3.3479994779707223
-3.346530443224016
-3.342879048678819
-3.340608720758679
-3.3341157727433166
-3.33232342024166
-3.3304845780922663
-3.3289659307097033
-3.3242170854684288
-3.3220153078731283
-3.320141571471808
-3.3000312802268597
-3.299460166838684
-3.294598231207435
-3.2929399516034077
-3.2905965808278745
-3.2854204745703743
-3.284188403385272
-3.282972569347434
-3.2828224416746155
-3.280598362180678
-3.2613437372852134
-3.258286427089004
-3.2567636859560802
-3.255370645868746
-3.2532683607203454
-3.253005682549399
-3.2434979273260547
-3.240244477516103
-3.2370981866516266
-3.236701216087744
-3.2278567891616285
-3.2232245987869854
-3.219683066826855
-3.211635639376439
-3.2077681866229044
-3.2053179205588607
-3.205043594728898
-3.204283098998454
-3.2011480525991267
-3.1986916009565114
-3.1980858075819496
-3.197377228089488
-3.196585394319656
-3.1925394587300624
-3.184636300294051
-3.1831686428384547
-3.182519493700435
-3.1749605806755774
-3.173233115193826
-3.164454358606905
-3.1642420824207402
-3.1541706467100914
-3.1495367573860293
-3.1462610958048596
-3.1461192209260402
-3.1400727231093635
-3.138653150859243
-3.10897465978276
-3.108832720130102
-3.1081595032874594
-3.102222677687078
-3.0901164096952964
-3.0898381502604093
-3.0879154863321117
-3.0874019126063015
-3.086718782324601
-3.0703165030008384
-3.06663698670613
-3.063615269890146
-3.0615725487502004
-3.056131718109351
-3.0553411663008396
-3.046227719846906
-3.0419143725456106
-3.037757671517562
-3.0373976008477945
-3.032950802061038
-3.030369160223948
-3.0295179695402936
-3.0200325533176997
-3.017777926551295
-3.014655172696179
-2.988720862066508
-2.985379629476915
-2.9849356795910555
-2.9818655274351222
-2.975564177216021
-2.968869411667912
-2.9667689790571514
-2.9552456491249375
-2.9551810866463253
-2.9547272954182153
-2.9543243587728765
-2.953753022745805
-2.9531186892099734
-2.9498710176816907
-2.9491159862311944
-2.944621261541772
-2.9417921720811497
-2.9399564614128773
-2.9383333138759733
-2.9358795534027418
-2.9324239711254947
-2.929778642427997
-2.9223770195562024
-2.9182198561276493
-2.907290413607055
-2.906411976190739
-2.904016293701516
-2.9031558066148837
-2.8988441214275102
-2.8946363161869337
-2.890371371179698
-2.8763364043905275
-2.8703571854425567
-2.86879098463563
-2.8623393689189056
-2.859892270927001
-2.8559765854546577
-2.8519491277995943
-2.8434902737152643
-2.8431332772323925
-2.8416817756954496
-2.84068735241216
-2.836005999774655
-2.835830428190973
-2.832869586683598
-2.827123470429165
-2.8241763219612634
-2.820637984549112
-2.8192784093632293
-2.81884093244701
-2.8161293656399162
-2.815842567646863
-2.8047390755559842
-2.8043960188544594
-2.802968211444231
-2.8026804596797406
-2.7998854343375412
-2.7982821164901024
-2.791492362142805
-2.791107419683851
-2.7893982247167064
-2.7875394801495648
-2.7869464811245632
-2.782039979814272
-2.7808680908953654
-2.7803376657830263
-2.77963766092299
-2.7737919140485072
-2.769997199791569
-2.7692276542927274
-2.763592434994543
-2.7630980613641505
-2.754316715025957
-2.750424903671414
-2.7441601442264987
-2.7420043997598875
-2.7411516839340573
-2.7318416510683603
-2.726097994083399
-2.7238546208128978
-2.7219381310515263
-2.7196758337057263
-2.717976645153494
-2.714544228096307
-2.7058672511323723
-2.7034954637227044
-2.7029953005172627
-2.7024966032044238
-2.7013643321744407
-2.700985583505953
-2.698428948079499
-2.6958618488295576
-2.6926720332235767
-2.691817251706251
-2.689702924064508
-2.6866453335062705
-2.685641624148044
-2.6854389237161342
-2.679346842274819
-2.6786816535009272
-2.677526179836061
-2.67452520987558
-2.664819473657003
-2.664788825350012
-2.6508324495771207
-2.6469792901238414
-2.6465035722129118
-2.645449121322765
-2.6448962657300927
-2.642942234017571
-2.6426020493947213
-2.6424084030144126
-2.639337435022696
-2.637534637568549
-2.637348867901797
-2.6358791024310335
-2.633315533374386
-2.627728344867755
-2.624810864225081
-2.6240918368725574
-2.6233412118766712
-2.623081226611829
-2.6218169107040787
-2.6200681732748734
-2.6188686930915184
-2.6185872353002946
-2.6169078142047297
-2.616541224381044
-2.6128573905901957
-2.612614960381189
-2.6124796001115214
-2.6113825930215886
-2.609456973306253
-2.608680490327763
-2.60734177982795
-2.599145818135518
-2.5969559294708535
-2.594645722065559
-2.5945170238318047
-2.594320481631538
-2.5922949994898214
-2.5835822780562303
-2.5818275402209667
-2.5806118710686268
-2.5771632923369867
-2.5715244985761627
-2.570459215308727
-2.5686688376090108
-2.5627556841390455
-2.5611295928636837
-2.5542906882773533
-2.5537373928510414
-2.553288212695584
-2.553089097620209
-2.5515594633928504
-2.546809821770549
-2.543130884807793
-2.5426071683355045
-2.5413543348833847
-2.5389992599633198
-2.5378372360141395
-2.5343888255676905
-2.53377672246494
-2.5305349563740176
-2.5304027694300917
-2.5272564883166413
-2.5271847675553105
-2.5270250268914527
-2.5229083192209947
-2.5216850862973037
-2.5201424806600152
-2.5188617653931917
-2.5188189858663232
-2.508435797885836
-2.5036551324557825
-2.499432239355111
-2.4967183267768696
-2.494645625848186
-2.491617931442645
-2.4879443575054667
-2.4868433778374155
-2.484620998973494
-2.4845772015734644
-2.4819033934938584
-2.479723803914335
-2.478814269070389
-2.4782775182525194
-2.472579783271962
-2.4713685543387376
-2.464199239614899
-2.4631036712955754
-2.4622956528169624
-2.4617707574079497
-2.4583348796605913
-2.4564668503440075
-2.4563940150566603
-2.4547571849270513
-2.4449193875117325
-2.440836888496954
-2.4370475216919902
-2.4347436342770226
-2.433359985491795
-2.431184090977066
-2.4305465163414683
-2.424013876169042
-2.423778058051803
-2.422228524605397
-2.4219218268303457
-2.4153703875354555
-2.413864453385779
-2.411514216437565
-2.407693853050681
-2.406708140210976
-2.4064918380503983
-2.4056101555519156
-2.4048068706615138
-2.404587652127706
-2.402356111910236
-2.4010950176443084
-2.40088511783016
-2.3982471121146336
-2.3949084072946816
-2.39138386253894
-2.3883102038597954
-2.3867606810474897
-2.3820486771129192
-2.379641261700033
-2.37548491274522
-2.3711909976955643
-2.3683797092812315
-2.360217284894996
-2.356398328764242
-2.356365808769845
-2.3562653204238466
-2.3562571655588607
-2.355370058007222
-2.354118165075975
-2.3530294086809134
-2.3479075586592724
-2.3470196801185415
-2.3458623503746145
-2.345775144808587
-2.34491102392849
-2.3400405916568743
-2.3392570386595963
-2.325193074372195
-2.324714897642253
-2.3246678608763442
-2.3241197603128882
-2.3224325746869816
-2.320501341237057
-2.3199960068464818
-2.3167590924994528
-2.31410584758797
-2.3106067812079365
-2.307727222320766
-2.3072460255690204
-2.306576129621414
-2.303799411400867
-2.3029254373381343
-2.302171733790821
-2.2972042519430795
-2.2940191219177857
-2.2857281158993574
-2.284345768703412
-2.2814089137255773
-2.2783771626957257
-2.2729931037657067
-2.2703968499014073
-2.2696901740513318
-2.2667888745492837
-2.2648189293870935
-2.2643851782525957
-2.2641587544950688
-2.251376170939741
-2.2482269972807996
-2.242131407952244
-2.2411513804944954
-2.2342912796481658
-2.231566021168816
-2.2294627698640164
-2.227455479451756
-2.22152657028109
-2.2164708516952456
-2.2133863319856886
-2.213076516992226
-2.2023688795365457
-2.1947452350323498
-2.193852333307637
-2.1932093580740157
-2.182948023918279
-2.1823794147010664
-2.1814856236644538
-2.175616747996906
-2.175408399573024
-2.170624269885432
-2.1657296059042306
-2.1653458397460854
-2.163208875147545
-2.1610487545407513
-2.1597516945852124
-2.158809356309775
-2.157154904866612
-2.1563521191359474
-2.1541125309031326
-2.15362677783104
-2.1519130458266984
-2.150151715842158
-2.1488244348908645
-2.141941496851628
-2.139016834081982
-2.138137738155437
-2.137050533582456
-2.1367332346298253
-2.130341065780669
-2.127997371157849
-2.1277844294860184
-2.1242529695836248
-2.1232337428108705
-2.1224712865492097
-2.119954442964097
-2.1198262203669684
-2.119816457694196
-2.119137612915633
-2.118454315753471
-2.1167165859060173
-2.115047729834802
-2.1120521648227393
-2.1118713203619985
-2.109985781253325
-2.1092001653814334
-2.104948790345621
-2.1041979882755726
-2.1037501358819215
-2.101528449505053
-2.1000908759386814
-2.0975698572273456
-2.096199304779
-2.0955409603111326
-2.0895038714918286
-2.085505919571534
-2.0847652452224983
-2.0766165768592497
-2.072023354920911
-2.069710562805763
-2.0691611683125237
-2.0675027161293364
-2.0670907740175215
-2.055103825401468
-2.0542029753920987
-2.053641368175829
-2.05249976285314
-2.052370109732155
-2.049029840997342
-2.047206159435535
-2.045895571705659
-2.045146669832141
-2.038951664242987
-2.038655624473482
-2.0352179711676666
-2.034578427934107
-2.034064321212606
-2.0270523702320355
-2.0264099965363025
-2.0246184571603263
-2.0240491162254015
-2.0237530457807713
-2.0233334959872247
-2.023068143690338
-2.0173213267859262
-2.0166813669981223
-2.0161854319559636
-2.015770980211342
-2.012940296545485
-2.0110209477215686
-2.009560406364277
-2.0093955036869375
-2.006876053511242
-2.006840086745193
-2.005328703839042
-2.001063776776856
-2.000636672868139
-1.9892618413727048
-1.9885249149620967
-1.9874509313416855
-1.987202458551207
-1.9867893314357374
-1.9854389769335998
-1.9810818188262687
-1.9805131492911472
-1.9784533376419864
-1.9776081966385537
-1.977391712007708
-1.9728267362004535
-1.9725045417976772
-1.9715198739703994
-1.9694652381588988
-1.9655746315701468
-1.9595220029401705
-1.9568482329182473
-1.9557648024610108
-1.9418928661256145
-1.9380265873726752
-1.9380211279899309
-1.9346404620140742
-1.9315494484305833
-1.927342220063312
-1.9265942628525128
-1.9242291169387582
-1.9239500086883956
-1.9223901171678937
-1.92088273129927
-1.9207099883871632
-1.9185913752115331
-1.9161387700466577
-1.9123078342006483
-1.9108336949186142
-1.9088981726102698
-1.906056278673136
-1.9048036007276123
-1.9045584935896918
-1.9024849281689313
-1.9020611211391085
-1.900540294724358
-1.8982509289756093
-1.894697768397176
-1.894168449487752
-1.8907404546017486
-1.8888530622150235
-1.8871429609428714
-1.8854892458319181
-1.8829900231549197
-1.880915720070921
-1.880365633933224
-1.8782799294077994
-1.87745590434416
-1.8745036802957025
-1.8718162096452002
-1.8612764054664206
-1.8567913433270125
-1.8563332432920958
-1.854863031738491
-1.8534718079211467
-1.852595813986408
-1.8435951935143056
-1.8422147515985343
-1.8342321993185542
-1.8338004754852677
-1.8323872533988683
-1.8321617176616276
-1.8287015510554059
-1.825243461101107
-1.824619618916244
-1.8243470176825107
-1.8242744291916035
-1.8241480608638918
-1.8228137652076533
-1.8210518258775263
-1.8207042387937311
-1.8192917359274365
-1.8170921101739346
-1.8100748317836053
-1.8090526862076837
-1.8060507226426556
-1.800805252248116
-1.7994766235579172
-1.7958754310773288
-1.7953626982539488
-1.7941361477923514
-1.7936611435110543
-1.7889937353339154
-1.784594565490778
-1.7833952846128742
-1.7773248378072775
-1.772720443957219
-1.7717045648833534
-1.7714606622956208
-1.7708099772284314
-1.7684386890820445
-1.7566641514410093
-1.7487340074615905
-1.7462400555305433
-1.7444251347356412
-1.7426639856108328
-1.7410878593547476
-1.7404538177082391
-1.7387705588514444
-1.7368854761273915
-1.7363538797468523
-1.7362711375121846
-1.7361707340499377
-1.7359545210438667
-1.7342728875403157
-1.730517638349057
-1.7298374007810642
-1.7253368910901947
-1.7241622521778015
-1.7223170725487111
-1.7211407720735423
-1.7164770026734772
-1.7163028730787302
-1.7132781886361865
-1.7111938300050735
-1.7072324347046892
-1.703296866937527
-1.6994796788424154
-1.6994109825836503
-1.69783318174669
-1.696181127721606
-1.6903638233088978
-1.6884718156865368
-1.6884163968684796
-1.6835603455218076
-1.6834417585150478
-1.6824980879203721
-1.682101820689792
-1.678640934338989
-1.6762942536535996
-1.6734177258442262
-1.6727690713902676
-1.6684444787796155
-1.667985414101787
-1.6673375111890174
-1.6635588069109
-1.662711039750583
-1.6616797626326725
-1.6568568530164103
-1.6562943886582584
-1.6561535450161102
-1.6533752692323804
-1.650621649765127
-1.649961801776306
-1.649945432779611
-1.6468489478352966
-1.6399016258244177
-1.6389340161060033
-1.635825606108511
-1.6355288348034351
-1.6354877871760647
-1.6295856264744808
-1.6261734979586722
-1.6243686078358808
-1.6227560907922713
-1.6208755256602942
-1.6204674836904074
-1.6203752612136548
-1.6192400872166397
-1.6170403143791707
-1.613614101854136
-1.612817818389591
-1.6096697074496973
-1.6094983321325362
-1.6084851901177224
-1.608340527850793
-1.606944038420145
-1.6067035904210238
-1.6049095471476447
-1.6042984069447177
-1.6032620594501432
-1.602910973385026
-1.6027398145354907
-1.5972171917130453
-1.5943342819094704
-1.5931263768413806
-1.5839222445334786
-1.582590814702391
-1.5823635308171897
-1.579690106353779
-1.5778565852324498
-1.5759780839956008
-1.5722145794626368
-1.571849316196044
-1.5707856051113227
-1.5691207108068292
-1.5691113466234665
-1.566973801881805
-1.5639508763341219
-1.5627671923788666
-1.5626424677557227
-1.5596420584137938
-1.5523527466166929
-1.5475602305803084
-1.5473224190900683
-1.5454083748583527
-1.5453201300162835
-1.5443005511303232
-1.5439672246151104
-1.5414117871437798
-1.5370356706384214
-1.5342083682213223
-1.5241452127885002
-1.521273826391923
-1.519981395839009
-1.5187071760501363
-1.5179466008395184
-1.517358343210069
-1.509711482572395
-1.5070446100451038
-1.5063586987158446
-1.5052874033350219
-1.5048623336515496
-1.5028707421734988
-1.5024068910391057
-1.5018831970377104
-1.500403325883008
-1.4966303606236984
-1.4965951283244092
-1.4890736842819376
-1.4890131881637179
-1.4879075582496115
-1.487811852838342
-1.4852935955554036
-1.4841436391611549
-1.483614473579179
-1.4826375712664701
-1.4814817587628257
-1.4807273843699311
-1.4784051688645135
-1.4774228732520795
-1.476436257778159
-1.4743927252322653
-1.474039700385991
-1.474006573882714
-1.4695447929050458
-1.4660837391233572
-1.466060569304772
-1.4660462255220372
-1.4658123890860162
-1.464004391871049
-1.462917427084249
-1.460905300254033
-1.458966532132672
-1.453687902661749
-1.453233595697198
-1.4508508464376149
-1.4504980449559537
-1.4491416689722425
-1.4414319282913883
-1.4404812701705554
-1.4395740189755983
-1.4394467094557002
-1.4383902973590041
-1.4358201512128002
-1.4339886815868184
-1.433881243157677
-1.4338270879134158
-1.430039956372087
-1.4245110593775654
-1.4239707776086035
-1.421513024768863
-1.4206008420620027
-1.4185687820791824
-1.4174061478281152
-1.416077454571444
-1.4152179913191207
-1.4110203358354136
-1.4103392381508113
-1.4096420353854597
-1.4090340620695105
-1.4081472785036382
-1.4064190370879595
-1.4060853127005617
-1.4042974388014904
-1.4023818718319505
-1.401068981458058
-1.3971798106096338
-1.3937254917223934
-1.3934292322765245
-1.390436589951117
-1.3874597372839375
-1.3872139604344809
-1.3834762999224814
-1.3823058821898102
-1.3817981154414296
-1.3812422243640654
-1.3797436072488147
-1.3795803046296564
-1.3771771361068388
-1.3744144345781966
-1.3734669109638376
-1.3731247749129185
-1.3709982204765228
-1.3693147614414485
-1.366229537862814
-1.359959662058698
-1.3592304121999874
-1.356739393119249
-1.3532931279699323
-1.3520786144773143
-1.3486241770907075
-1.3430805812055726
-1.3353277242584771
-1.3342943306265869
-1.3341032596084514
-1.3322117561660898
-1.3268412892972494
-1.3195726156794425
-1.3150313196734031
-1.3148730019015678
-1.3125132935442463
-1.3108331591108875
-1.309061009060909
-1.3082789043614436
-1.3068830051175924
-1.3066255441676764
-1.3064901523426902
-1.3051421216409262
-1.3034927724261958
-1.3002211021774934
-1.2998198163862147
-1.2997393005709146
-1.2993994600800942
-1.2971592157623504
-1.2959616279374604
-1.2894663617030806
-1.2851937323896088
-1.280480747533431
-1.2799886076497966
-1.2749791630487124
-1.274208042864991
-1.272547767458233
-1.2708030251862381
-1.2682501861054256
-1.2609679645227176
-1.259023834268018
-1.2586044910622924
-1.25758836113472
-1.2569379392335343
-1.253200004196263
-1.2524667246067664
-1.2513196983259913
-1.2456711584299587
-1.2449492678960552
-1.2432091266904997
-1.2422436865402273
-1.2402764990708126
-1.239671950398196
-1.239335541870858
-1.2392521200317659
-1.2357009461873254
-1.2335679021694312
-1.2308744718034523
-1.230643763867509
-1.229209235891584
-1.2266000340228427
-1.224067993499529
-1.2233123652118114
-1.2190588026843248
-1.2170605544571407
-1.2165746260438839
-1.213377991740217
-1.2121063755339327
-1.2108207779136566
-1.206845550538089
-1.2065566368257852
-1.2054454711193412
-1.2014879697989629
-1.1992099827115907
-1.1983202019890693
-1.1983064459565922
-1.1963623237960452
-1.1954060282854742
-1.1942597784145255
-1.1938507497084296
-1.1928317778352109
-1.1910898847316238
-1.1905857728195386
-1.18676248194617
-1.1841117014452438
-1.1802926692501066
-1.1784919576607655
-1.1763486309469455
-1.1760907780863192
-1.1758058897654418
-1.1742292706081976
-1.1737648882499983
-1.1731920737695498
-1.1715859880828832
-1.1711989558424412
-1.1701734654213816
-1.1698237782442964
-1.169574798507528
-1.1693526554955318
-1.166267174107819
-1.1654005513529224
-1.1648059912841227
-1.164555808431734
-1.1641575042928727
-1.1632368501447443
-1.1627193457116058
-1.161598901085688
-1.1614798576560466
-1.1603357433220325
-1.156936895941784
-1.1567838541378057
-1.1565001417091465
-1.155102532145639
-1.1512824466991676
-1.1511773960043128
-1.1484241827880748
-1.1433127689491727
-1.1428441399797664
-1.142227992381608
-1.1364352109003009
-1.1353494797310808
-1.1302071463138095
-1.1301477440045442
-1.1291116120789366
-1.1266454208354206
-1.1247107172086444
-1.1243507194520213
-1.1193863030769298
-1.1141393671373938
-1.1114071316227025
-1.107657999140618
-1.1047625090033721
-1.104567687837488
-1.1029443606653042
-1.096946110450137
-1.096331104826852
-1.0962871464802841
-1.0957997266398998
-1.0915760384348359
-1.0905988132700688
-1.0894534086503964
-1.0874057229877068
-1.085390944374367
-1.0845136130057913
-1.0795346627169156
-1.0791159767100602
-1.0786051924898452
-1.0781707646089929
-1.0754175063883877
-1.0744261990690556
-1.0719234980883168
-1.0702247908725973
-1.0686738829614921
-1.0684701902841636
-1.0675152752252206
-1.066615805386751
-1.0629808551753313
-1.0627616490788239
-1.055085983003571
-1.0541336913831696
-1.051639724118111
-1.0499559458133212
-1.04964609473257
-1.0464933602110327
-1.046473660687759
-1.046453588993497
-1.0451800783956249
-1.0446165044416744
-1.0434168649490574
-1.042702515262273
-1.041115293411468
-1.0393757245905535
-1.038621710872895
-1.0351432577398039
-1.033673013688576
-1.0315545649836446
-1.031529115511307
-1.029514106662555
-1.0281906111828785
-1.024729699156742
-1.0211939307611058
-1.018128781916591
-1.0180891025155168
-1.0178963828735723
-1.015192064314379
-1.014046768540547
-1.0124297123223491
-1.0116086465781884
-1.011317850312044
-1.0075949324155022
-1.0070768567915804
-1.0061835954029108
-1.0054428928684769
-1.0053904980229738
-1.0049615284992957
-1.003153461474278
-1.001788782406224
-0.9965738135879081
-0.994263808681465
-0.9932847190365148
-0.9931681579458119
-0.9917383101579351
-0.9905217842832609
-0.990229951937226
-0.9893867929613516
-0.9883093222273327
-0.9858125404519268
-0.9836248836540408
-0.9781837174095971
-0.9731553816215888
-0.9709179305620051
-0.9688523929074118
-0.9669246608424248
-0.965465401363576
-0.9642129720879169
-0.9632181035994392
-0.9629275199540787
-0.9617194560541937
-0.9617128162960796
-0.9607904727799056
-0.9593944833203268
-0.95922270079845
-0.9578977800723766
-0.9558685735673789
-0.9541228715765695
-0.9529658610425217
-0.9515675894755277
-0.9514178476393874
-0.9498665903088137
-0.9492630009133759
-0.9459618279594485
-0.9415548041690667
-0.9414870295998341
-0.9381762547644202
-0.9354336592944279
-0.9347532578539705
-0.9329182306520767
-0.9326260810431932
-0.9308532614990613
-0.9287334248907759
-0.9287000819648958
-0.9269984294298282
-0.9254852806528431
-0.9237720724754321
-0.9228445842071231
-0.9214540229871562
-0.9202594191265374
-0.9194470826399277
-0.9184679404168183
-0.9179967759242568
-0.9173682174216808
-0.9173521137202253
-0.9168730882801901
-0.9158335184361494
-0.9123308601290808
-0.9113517182655513
-0.9091726422051088
-0.9090590108011366
-0.906577561140155
-0.8996787580323723
-0.8973754826243675
-0.8966484878661308
-0.8927002664081292
-0.8901970608774122
-0.8888294349472972
-0.8874091666796845
-0.886448669493735
-0.8861677616319252
-0.886128200464692
-0.8856255660131983
-0.8836291570194158
-0.8800414212665537
-0.8733284408268744
-0.8718928784491776
-0.8701066823510749
-0.8692098822739162
-0.8684855127925176
-0.867876395469723
-0.8654074988501088
-0.8577418938629161
-0.8574354596296905
-0.8547083893641008
-0.8542793688851766
-0.8502849454580962
-0.8502324153787727
-0.8479600086425121
-0.8472111093812387
-0.8466982442249664
-0.8456342847730096
-0.8454824956215374
-0.8443514185437108
-0.8439754814220433
-0.8407064528412149
-0.8393024288930667
-0.838973611015832
-0.838798672489964
-0.8360151773300889
-0.8323000652982573
-0.8304760648401801
-0.828271551391382
-0.8279817143034689
-0.8268288660840347
-0.826726851474783
-0.8260285924629298
-0.8257452056926842
-0.8252419867878937
-0.8245303929011465
-0.8217773578342005
-0.8207152031597094
-0.8115950656061641
-0.8101263188361914
-0.8093040677563997
-0.8091851164560788
-0.80666864085318
-0.8050664494421585
-0.8046648389159157
-0.8030914055844701
-0.8025739634091275
-0.8015671874705704
-0.8003538319908893
-0.7949833410120983
-0.7940429606458432
-0.7937209706613757
-0.7935415726377294
-0.7930048221594554
-0.7906160862901812
-0.7905665103886875
-0.7849543966165571
-0.7846181320250294
-0.7840756665526969
-0.7838715230232309
-0.7830935223654448
-0.7814375503777884
-0.7786194054484128
-0.7746973098947998
-0.7706346150362837
-0.769746652093565
-0.7695874958529857
-0.7692720873355118
-0.7684680078532494
-0.7681905021135165
-0.7677433556742597
-0.767074548172757
-0.763585647183308
-0.7629576574681108
-0.7624352933696303
-0.7617808956875854
-0.7613553908477768
-0.7611395812848633
-0.7606605061133659
-0.759395702668449
-0.7566620676964149
-0.7553577343554216
-0.7523522101406843
-0.7513541466869584
-0.7494133422914391
-0.7460493356615043
-0.7426766472805936
-0.7416027071532656
-0.7415118125353743
-0.740723046638874
-0.737984500421501
-0.7375754163773914
-0.7366394530818439
-0.7353255985288487
-0.7310823702675334
-0.7310363370804548
-0.7297065720496807
-0.7294753622396779
-0.7289819296023153
-0.7260942852784785
-0.7248601827700804
-0.7207643787747198
-0.7170973553753488
-0.7149592872096109
-0.7131630314084533
-0.7126811383465654
-0.7120781929840387
-0.7110170013300803
-0.7107724536337623
-0.7051762576602258
-0.7047461562576565
-0.7046159964658689
-0.7040113594523079
-0.7033195929999723
-0.7032056589104656
-0.7025963273551288
-0.7012089456287344
-0.7009904211221529
-0.7008603961703106
-0.6954485938849782
-0.6947542789378823
-0.6936530824123633
-0.693386248768423
-0.6922167621624589
-0.6921628952482396
-0.6886942318751039
-0.6885104597995199
-0.6876497394071663
-0.6871271799421881
-0.6857580410827873
-0.6823441465440647
-0.6809582045787603
-0.6807296882641186
-0.6806251284402589
-0.679603600369364
-0.6773085734161933
-0.6729309903224039
-0.6726744751615993
-0.6721139932250865
-0.6696475917902975
-0.666966863066
-0.66610951133166
-0.6634636709541784
-0.6615239703097336
-0.661017831174592
-0.6603047137356053
-0.6590896341120664
-0.6581976617049359
-0.6561741893895385
-0.6556967403294031
-0.6555213619788123
-0.6531289259313792
-0.6529311684884451
-0.6525242444175768
-0.6495961887982388
-0.6489975941705882
-0.647375407120867
-0.6461875575590239
-0.6458697334746787
-0.6408981268226406
-0.6382888363892203
-0.6374408125984787
-0.6329403973603426
-0.6298991375978173
-0.6298046346024496
-0.6297692332515896
-0.6284480129842475
-0.6284279914659017
-0.626060327638857
-0.6247074108791391
-0.6233673247887793
-0.6215981221742157
-0.6207664568776996
-0.6165174448389389
-0.6145703162016182
-0.6137301201248004
-0.6120246527289819
-0.6107069392270643
-0.6101405920608983
-0.6098967523461615
-0.6087447431259364
-0.6078713800904731
-0.6075304213054946
-0.6047750649109982
-0.6005698732196584
-0.5991251384308762
-0.598193803271844
-0.5968540469024791
-0.5966241631077416
-0.5913061545456024
-0.5885012650872827
-0.5849285875707291
-0.5845859602258513
-0.5835430214922142
-0.5826132887717794
-0.5814652502800735
-0.5798988694429037
-0.5791347724295762
-0.577753160084406
-0.5770384304700288
-0.5755807325552156
-0.5751394684847941
-0.5725845376174183
-0.5721651119665131
-0.5720538514483609
-0.5712805862947823
-0.5670767011248392
-0.5664371823531742
-0.5639171234778473
-0.5626787550868325
-0.5596207726526158
-0.5564263465826255
-0.556318443242436
-0.556046458321545
-0.5559138192816739
-0.5529976137689472
-0.5479640575586716
-0.5476850470859898
-0.5469094419635797
-0.546621122082977
-0.544735845165009
-0.5431158274945661
-0.5429537534763559
-0.5417100202263726
-0.5384250258664247
-0.537893385948481
-0.5366023842571993
-0.536121729642901
-0.5297774541988658
-0.5291825002700595
-0.5285602061035483
-0.5273259229471708
-0.5254568874171951
-0.5236464903636325
-0.5221898116466632
-0.5217375622490622
-0.5208099512807618
-0.5182834048202296
-0.5168385013916186
-0.515318926952344
-0.5111611147053035
-0.5110178403464851
-0.5102971558605757
-0.5102095663294816
-0.507665974900625
-0.5066856813669388
-0.5054032511573388
-0.5050646464807432
-0.5047362509867348
-0.5003216788468403
-0.4986217085513297
-0.49766890557354
-0.49189878885218435
-0.4916617123320649
-0.4905014286817718
-0.4899737574723804
-0.48732420399271303
-0.4829231626430931
-0.4796769949679758
-0.47608409039970684
-0.4757304803838314
-0.4696700827970718
-0.46628764756998686
-0.4645068332149362
-0.4639454048953726
-0.46392627237317074
-0.462764292888539
-0.46186085882609973
-0.4599634891228116
-0.4594766293291168
-0.45899629357541705
-0.4572189422472671
-0.4542521534746743
-0.4540844247456578
-0.452395918255886
-0.45184169930348034
-0.4514929764071875
-0.45113727203212106
-0.44965791839416336
-0.4471279052779332
-0.4455684872692597
-0.44113204116397864
-0.4372662758446591
-0.4368653083445624
-0.43612767826285925
-0.43401751162717006
-0.4330738902312813
-0.43192436551988234
-0.431850496489672
-0.4290222185052235
-0.42820360219007825
-0.4280653095141368
-0.4273532463468016
-0.4272070711938917
-0.4265230229715332
-0.42592349551396946
-0.42490389994210265
-0.4242604500788252
-0.4236238728316314
-0.42057416984422435
-0.4185161524379757
-0.4165059560413034
-0.41365713450653135
-0.4133208571343349
-0.4121105181533884
-0.4106916362125749
-0.40910357594486935
-0.40684740039517353
-0.4066638153977229
-0.40417930225900156
-0.40394888184028904
-0.4014250745000437
-0.40078913560151763
-0.39929276502973166
-0.39866828139787264
-0.39801184264611966
-0.3978996337981145
-0.397490485792134
-0.39578398417659577
-0.39522354862341436
-0.3934874368174547
-0.388480779579149
-0.38688314631037957
-0.3858655346115786
-0.38182783331671966
-0.38048749223084477
-0.37719199807596127
-0.3752365472692463
-0.3737350304066269
-0.3700034379593
-0.36817498954242334
-0.3672200146648963
-0.36719418116289676
-0.36586529029107995
-0.36422021680126065
-0.36270050862388453
-0.36209397374419194
-0.3585294425139336
-0.3578369837784465
-0.3574742675333381
-0.35744492529936356
-0.35410573775828413
-0.3534327952198822
-0.3524194688822817
-0.3511379049924478
-0.35094231109114693
-0.3496676412056493
-0.34959590427773835
-0.3478458867351789
-0.34496812575552427
-0.3443342882123401
-0.3424099060239443
-0.33844292557517264
-0.338318800622448
-0.3382619456834336
-0.3381202343893116
-0.33756075737889546
-0.3374942635747733
-0.3370885290789856
-0.33347070096292675
-0.33142531451886303
-0.3308436723383087
-0.3278511607472037
-0.32434399114958845
-0.3232926226711797
-0.3216065211083874
-0.3209182923510022
-0.32061862898433824
-0.3205958853300771
-0.3204141835371636
-0.3201240287132867
-0.3192263916575997
-0.31816138661137744
-0.3177845182396289
-0.3121005152395039
-0.31176339688383625
-0.31018789059916774
-0.30910111214430824
-0.3084288090867573
-0.3068227125205266
-0.3035105034501017
-0.30006825804816445
-0.2975141727334708
-0.29651102896753045
-0.29629470870859087
-0.29378817805781543
-0.2924697454445023
-0.29211613162304517
-0.29190840313892086
-0.2906207757287498
-0.28863346061514794
-0.288442903621684
-0.28567295739476506
-0.2840507673858257
-0.2804044071845024
-0.2758516313446914
-0.2716445167313536
-0.27049475505380194
-0.2691013487256834
-0.268411454589281
-0.26794562233242797
-0.26746810790348413
-0.26719367069547817
-0.2665654168315674
-0.265496638280166
-0.26542775414740727
-0.2647855273190545
-0.2634357106597512
-0.2632268000005669
-0.26289246208649303
-0.26263286564623955
-0.2613666156446917
-0.26057139544945745
-0.2586811299552406
-0.258088691530165
-0.2551049452080366
-0.25508125645099805
-0.2524798913753893
-0.24873032396216588
-0.24830326165312533
-0.2439953577534888
-0.24273705652742905
-0.24147821172164102
-0.2399640461787762
-0.23695154658664241
-0.2353870380768367
-0.23421498417044578
-0.23186980198194407
-0.23131753879422634
-0.22806078002642938
-0.2259598363497063
-0.22476489889673612
-0.22118826699772176
-0.22010053423917397
-0.2131834922942928
-0.21049704985991236
-0.20690336212501648
-0.20598100534779196
-0.2044977717764579
-0.20422443547046154
-0.20118915035784596
-0.19971598907945998
-0.19703755016498214
-0.19689677766453983
-0.1965337146150954
-0.19553166599894742
-0.1945015306631021
-0.1922775308879523
-0.1885177120720366
-0.1861686783382095
-0.18016546362107744
-0.17948694638780216
-0.17770899888001004
-0.17690390638655962
-0.1754306357264931
-0.17527339840759676
-0.1741711510704207
-0.1725659243363259
-0.17118660348110937
-0.17040522338390574
-0.1667876176705606
-0.1657443452846729
-0.1646043667046757
-0.16335179663004212
-0.15988193371072335
-0.15325654158878718
-0.1532470493033592
-0.15080418388110395
-0.148729685408037
-0.1476027056422018
-0.1470307732921068
-0.1439892701925225
-0.1420395387132648
-0.1397824356063283
-0.139715542674406
-0.13901111260681764
-0.13856317509390922
-0.13773760544201863
-0.1376378016071243
-0.13690149708849786
-0.13676199764115105
-0.13326644418863695
-0.1317373879161553
-0.13120335109289377
-0.12891646585393235
-0.12843304447268322
-0.12776298317574164
-0.12697390307373754
-0.12663693543904952
-0.12622349216713236
-0.12461846462751491
-0.12397983588204553
-0.12324347395003443
-0.12306332823387212
-0.12304412535581688
-0.11876906359677852
-0.11840526756389336
-0.11732342919423228
-0.1118502156588487
-0.11081763748983886
-0.1106012499722161
-0.10970097555519898
-0.10938679266419449
-0.10925959071924979
-0.10624363957746241
-0.10514073747993158
-0.10456848175218925
-0.10315833496201687
-0.10314130259560153
-0.1012902534680361
-0.10111578457325954
-0.10025474396556566
-0.10002755122699858
-0.098607484011972
-0.09751978292770502
-0.0966010855193214
-0.09524394870616221
-0.09522416384094867
-0.09258223152884881
-0.09203433728849922
-0.0903937663559991
-0.08853180827336793
-0.08781719394909326
-0.0871116892142102
-0.08491571469716916
-0.08355072586126178
-0.0832604784061387
-0.08246289631685388
-0.08216224616053203
-0.07991220018634193
-0.07988031798858064
-0.07788742002628002
-0.07593513995847956
-0.07493332869287028
-0.07249521494321698
-0.07136262512737346
-0.06974296402257729
-0.06902664637806621
-0.06866749694854533
-0.06643663406845635
-0.06496130295864805
-0.06474324139427358
-0.06365175506090726
-0.06148285192013944
-0.059932742011463036
-0.055690239094189686
-0.055540170853105364
-0.0553097445006867
-0.05240375840466183
-0.05078962967179479
-0.048611835353599364
-0.047376024669988276
-0.04686048728211922
-0.04571886864828012
-0.04384033273403454
-0.04141756748463221
-0.04074088457000649
-0.03723696073509275
-0.03538990211865728
-0.03510958793130692
-0.03506868187673713
-0.03424056070327819
-0.03396952650803234
-0.033866081297568934
-0.0338365917004938
-0.02948426657498937
-0.027629307920749135
-0.027454693011625453
-0.02581620440536536
-0.025271317414268468
-0.022380359999065513
-0.02221575641041018
-0.02153617153078946
-0.02152533730520123
-0.021140451777381053
-0.02097481376478149
-0.020347559127144255
-0.019261752442611302
-0.01809746696623482
-0.01684429174446178
-0.010580876522827354
-0.010437223128622164
-0.008578358329846214
-0.006868781926306133
-0.006149485012605649
-0.004095474251942788
-0.0028640000306139335
-0.0008080930667672126
0.0003517773744331487
0.0025823461678530224
0.0026997077775794964
0.0030440485242427817
0.00357454266805568
0.0036974353721677122
0.004244343349712576
0.005168079409516024
0.00575204452833844
0.006846949723698925
0.007359115449526998
0.010093555935999476
0.01044061970339999
0.011923480164807154
0.013165474077996842
0.01580118906580852
0.016601415929117458
0.018966165780716138
0.019063498678461244
0.020211279454398934
0.022348945735634396
0.022499662775618545
0.023248376243426128
0.024025262550348092
0.024704280392826572
0.02523018735637106
0.02642313203934077
0.02821806672599264
0.029505282905376684
0.03142386252421281
0.03402555753619063
0.03571355349263883
0.03622170451957896
0.03735388978005538
0.038202174810829326
0.03960020943959752
0.039809943119690105
0.04209929616901946
0.04223133270250945
0.04630757511528982
0.04704239082386188
0.04941562067021926
0.05057242549499834
0.050891520710305435
0.05300675170415935
0.0558925606898637
0.056256112027219585
0.056874245408552015
0.05691156407563058
0.0578442688348626
0.060647747543888755
0.06096545936358508
0.06205007341145363
0.0633490358284371
0.06462624828345453
0.06608409531518508
0.06860080810063607
0.0687012761957258
0.07139333040407758
0.07250228607359893
0.0733424622266663
0.0745846781875199
0.0750073297913646
0.07625131769423776
0.07646698702625865
0.07756676045472444
0.07790471813044379
0.0820463728598218
0.08339119779864401
0.08405509191864413
0.08412268064450845
0.08427200354362485
0.08703184972276523
0.08903067620509159
0.08946233094995437
0.09092794389116521
0.09102077981162404
0.0918885780226827
0.09409355129783015
0.09410445120327815
0.09653713395883573
0.09667949223981692
0.09980033365206359
0.10007649202442778
0.10226662641386036
0.10478088990497009
0.10724154630811567
0.10781395451524078
0.10887083009314857
0.10901843943174105
0.10971308133944668
0.11000553898595522
0.11498367331011167
0.11808710507326403
0.11894340705927481
0.1201958151982816
0.12095827722749114
0.12252297825178471
0.12352037179948205
0.1238442480682708
0.125235865035488
0.12537078824912012
0.12701383366945407
0.1303821297009542
0.13048504574259454
0.13163975914806414
0.1318326094681409
0.1318823488960219
0.13442657276876635
0.13651205019271168
0.13686475694903844
0.13885379258634228
0.13994143256601344
0.13994803960334234
0.14274853699185083
0.1450222937202149
0.1456096250539961
0.14570669850365903
0.14858960146020117
0.15017429993401465
0.15265287408724304
0.15282891549464014
0.15419227185162365
0.15803851132369368
0.1598899865263571
0.16093524419295446
0.1663395305354025
0.16847332890055866
0.16927941405635483
0.1739562820062624
0.17404951247278472
0.17425369989003678
0.17432482219616907
0.17447398527335722
0.17704553169132897
0.17728698802783682
0.17747371769915726
0.1788478117298655
0.17916401058931242
0.18127709263276537
0.1819500426817981
0.18264749909546896
0.18338549141643423
0.1849715264950057
0.18558465376415823
0.187414816808759
0.18779207097874828
0.1915614598857932
0.1919651164407238
0.19240264382424033
0.19240984042277126
0.19282179819667666
0.19315123829556424
0.1940820018163219
0.19486313046153067
0.19649378153493174
0.1985243007690055
0.19965149826464912
0.20069007799714722
0.2022156484361734
0.2022824242785869
0.20257974871470774
0.20438104692725267
0.20449943618520652
0.20591026582748373
0.20629665021529353
0.20634036324410432
0.20659876095380592
0.20706422544446634
0.20728080607295457
0.20774052467167614
0.20807801970222334
0.21178320350837976
0.21217165125756998
0.2129673737640208
0.21354576403920847
0.21374113762770064
0.21467909831341048
0.21683213701415782
0.2169252703977528
0.22583646127308085
0.22681775365449042
0.2271715070693327
0.2284290630679302
0.22865578786451524
0.23103294594246698
0.23192048298897538
0.23329324347743507
0.23565105348663812
0.2358850352675419
0.23775949393366153
0.23878105700021934
0.2410910155788081
0.24242066335245138
0.2438681288369312
0.24659187439849667
0.24751326040663535
0.2495328667007868
0.25175498826330955
0.2550265519649947
0.25687873296219965
0.25881770752154043
0.25915946693696323
0.25939862534175784
0.25968262043038726
0.2597724244630385
0.259945538767167
0.2648225820661501
0.2648936631834383
0.26829055369599386
0.2697914814411848
0.2709539810940488
0.27102857660858193
0.27124055514281614
0.2723231781435169
0.27322082129317793
0.2734685542370606
0.2751745423113712
0.27752154736361734
0.2779966036661071
0.27818326389763537
0.2783272822094667
0.2804209540099425
0.28222699174223664
0.2824200289104173
0.28326294503264915
0.28369436318480556
0.28401999858749805
0.2862438220818877
0.2874813994810085
0.28775566323005064
0.2907413124727456
0.2926935074655186
0.2962119230234335
0.29645704404462125
0.2998442128648154
0.30102581923218585
0.30105672200220696
0.30128607537796437
0.30143395212077795
0.30320344508151975
0.3036781813953373
0.3040794119675753
0.3077214062327589
0.30879669416629507
0.3091771866744344
0.309301353167076
0.3093296591018219
0.31021322271151663
0.31141876988000855
0.31339095126101874
0.3141760996541539
0.315216930229821
0.31720361157005594
0.3175960906502513
0.3188947411338468
0.3190729661765854
0.3206089441624054
0.32157073533896263
0.3216559767484025
0.33181073797069943
0.3336532719096209
0.3340781423389874
0.33517584190450334
0.33610793389493077
0.3363231910205101
0.33742577793913986
0.33809331431909195
0.34170172779333235
0.34318127579616486
0.3433085247972866
0.343898183866985
0.34580937178841403
0.3480228370184151
0.3516243799994674
0.35170849140606986
0.35221633397933627
0.35272171851319234
0.3557372836829044
0.3562359034031354
0.35710207016987056
0.3572936825722952
0.3615997926081225
0.3625300910575294
0.3630826867529826
0.3631031187428766
0.3632958921526236
0.3670476173335957
0.3683948231134456
0.3695276604614372
0.3699588095904547
0.3727993582070529
0.375021491040199
0.37652417606049643
0.37851245375855247
0.38123018829320143
0.384047350703241
0.384713381694584
0.38513661746156697
0.3858418782507168
0.38611610629140775
0.38815638024180626
0.3892861943424196
0.39139274133882274
0.3942327700956063
0.39454379142623835
0.39475121240717426
0.3962724198954473
0.39787903971836563
0.39830199575444486
0.40016146656227014
0.4019266105961484
0.4022018192833785
0.4060204680723568
0.4066394577720128
0.40694415967496383
0.4076304901534329
0.4081103095841927
0.4083685305829231
0.4091900865023389
0.41285785950607723
0.41350618328655586
0.4141116853898483
0.4155028212796981
0.4172015417244689
0.41740129354495803
0.418280311149557
0.42274545181143125
0.42379852944249063
0.4239825472997958
0.42478287898850153
0.42634788350701047
0.42635199102672605
0.4269155865856048
0.4287138016194244
0.42950720006291065
0.43070910454739936
0.43188165129621864
0.4326512588031092
0.43348991148966576
0.4359229782610191
0.43747801607063763
0.4385473427436761
0.43921647907449834
0.4399857451214505
0.441256740513759
0.4428929412519182
0.44584591740823076
0.44840036000798417
0.4542653965610983
0.4555452274319468
0.4587381342812836
0.459176169145973
0.45963585595612444
0.4620197896952505
0.46366170650555844
0.4641241672660057
0.46561244268409163
0.46723917085500055
0.46753615327177617
0.4712610951808035
0.47169779424763825
0.47269510635558804
0.4733249734552213
0.4753935583891513
0.47610831622889216
0.4780238877460034
0.4798884682589042
0.4813881680776553
0.48183105130219533
0.4820100190885809
0.48207355486519815
0.4822010203483049
0.486216715412593
0.48658551453887927
0.4896888105371814
0.4899007025544575
0.4928328810621815
0.4940386025405076
0.4947997373076251
0.4960290046856144
0.4960842086177055
0.49925824914632766
0.500044046493348
0.5020685744554381
0.5022901790914301
0.5043042945148922
0.5053070625235211
0.5058262674826699
0.5080659149832534
0.5097440880921561
0.5107844780130926
0.5109205454356027
0.5122012764438205
0.5146070982782645
0.5149086729322818
0.5165918764493886
0.5172925281813658
0.5195259390862167
0.5265552736327879
0.527142580706597
0.527548984512476
0.5297338436043939
0.5323238315371822
0.532878879473766
0.5352882643899495
0.5353382398939204
0.5357431807034474
0.5380767698462992
0.5394792682422687
0.5414702112879249
0.54262204387578
0.5430615993798478
0.5432183900753326
0.543508491514521
0.5446912648075029
0.5447327047967101
0.5457990835065565
0.5461187627303035
0.5476379951088752
0.5507883378963311
0.5508374581806001
0.5522230253302635
0.553745217328642
0.5549377770199965
0.5557788370701404
0.5562453495345021
0.5577112918622077
0.5611489711497084
0.5616444600446855
0.5648142331263997
0.5655181131689495
0.5655572640226141
0.5696480059791063
0.5721611860465463
0.5746344565171927
0.57512223057757
0.5751898379851942
0.5774858238186424
0.5776347640925019
0.5800424633074347
0.5818604105644911
0.5829513540258533
0.5867984490006224
0.5870395968022363
0.5873394839721595
0.588862807537403
0.5918850147907205
0.5922704950581128
0.5928822759130739
0.5939221226091117
0.5945749300556219
0.5948649458781679
0.5951447034213165
0.5954495036376284
0.5990035797155455
0.599116196369932
0.6009665158706778
0.6014972074694092
0.6022479397620192
0.6032468379635993
0.6051130501301065
0.6051689796374313
0.6066842514812576
0.6073808993271442
0.6107413287291241
0.6109449677925813
0.6113877292643617
0.6213795026851572
0.6243124405413769
0.6265785154339937
0.6310352203505841
0.6311301781960696
0.6315685754640927
0.6318124778133257
0.6352137126145326
0.6373111479620376
0.6391105015696563
0.6396464827756843
0.6419682102326705
0.6420498187611658
0.6424058712701017
0.6438873463303845
0.644231568249411
0.6450282598122474
0.6450784562620615
0.6468782063722065
0.6476534072164396
0.6477096474932419
0.6489140868436759
0.6507469126711642
0.6518595473169785
0.6524108727476795
0.6544458302127979
0.6559567056962508
0.6566250441999448
0.6568185472805228
0.6583950086765702
0.6614639458141178
0.6628827013295835
0.6665488632252847
0.6666742958083599
0.6671543066687806
0.674322877953156
0.6746471927499378
0.6751488666138855
0.6755135163457296
0.680226206814784
0.6823295490263127
0.6837123873089266
0.6845917398836661
0.6847231284864802
0.6856553794979305
0.6858852464933933
0.687619293809304
0.6888470604649475
0.6932989390779063
0.694208326933298
0.6956391276306442
0.6984540206407116
0.6992689928083254
0.7009093483713233
0.7019109139299129
0.7031956256613056
0.7049945801556902
0.7051240061461548
0.7069921877212487
0.7093737229742442
0.710722097501507
0.7121826115305687
0.7125935683470749
0.7133336370773249
0.7137865885671902
0.715889074221612
0.7189795473040324
0.7234643476373899
0.7262415807809071
0.7353018487759497
0.736789142742276
0.7408810456852329
0.741329128584044
0.742125604696637
0.7424125691984608
0.7466633582298434
0.7472901921446999
0.7487651836306015
0.7488250689844645
0.7501558141652358
0.7533970837983837
0.7557541701389745
0.7562979722323009
0.7567555957324735
0.7569271933902423
0.7569767524179907
0.7570142145963112
0.7582211543762953
0.7587639124931557
0.758767897732508
0.7590026891534004
0.759168179934868
0.7626334573264535
0.7629345394866063
0.7643030775858576
0.7647766684536366
0.7656706290178403
0.7705426653563282
0.7705787213374025
0.7716654060567845
0.7738031458852898
0.7743257922618068
0.7762307120854298
0.7766753688095398
0.7806532547620169
0.7807278107199305
0.7808035841622876
0.7841880561653074
0.7842540731154135
0.7850245330459751
0.7859141030806712
0.7866893203601394
0.7885443701770207
0.7903697326338804
0.790536865926953
0.792285190049965
0.7961229554222344
0.7989834871587369
0.8002789482998017
0.8006736710893324
0.803887427339228
0.8044260321726462
0.8047188797971057
0.8053948205200956
0.8059174987073502
0.8067743256072333
0.8079756125319515
0.8079999422450851
0.8084648251394567
0.8084914836666549
0.809644930028785
0.8116242491056905
0.811809700497089
0.8123293395601897
0.813938482776953
0.8165469616642433
0.8173671935481965
0.8176145944972695
0.8183814805343124
0.8208708779560563
0.8219289211979506
0.8225001062684415
0.8236910259449927
0.8252964125064962
0.8262196933163075
0.8285176912631558
0.8287011198295983
0.8292663941828307
0.8302544602850643
0.8316109038761802
0.8336914618355553
0.8340440309794677
0.8342987800329067
0.8376241655815138
0.8434684723932446
0.8435256325606796
0.8451132847779482
0.8457558155915806
0.8465335099256981
0.8479565389664985
0.8505656569086223
0.8534443792118775
0.8551194934371388
0.8551660030493915
0.8554981855521793
0.8566847270901019
0.856928435885383
0.8583838335302304
0.8594780307906684
0.8630256277026022
0.8641950550337157
0.8659231761413758
0.8660717998179543
0.8698306777509999
0.8713066022384709
0.873279834163142
0.8734931613439167
0.8746988014114635
0.8769564313400688
0.8785570819837971
0.8796365311640121
0.8808414841461549
0.8817597312118622
0.8821801865027421
0.8841651288046461
0.8848845140588791
0.8857388099754768
0.8859067950298007
0.8862532232705373
0.8874042066874123
0.8890335782104607
0.8920621638239854
0.8949059762812982
0.8950827498172895
0.8967624235543179
0.8969459892495181
0.8986340567985615
0.8990722374574717
0.9018886249969209
0.9075073561647125
0.9113586985614704
0.9124697113033156
0.913843447901928
0.9180057677694712
0.9182720869194115
0.9221640645922229
0.923465402807006
0.9235270547950316
0.9305226737001752
0.9334146587320773
0.935028770694377
0.9359138479156417
0.9361606601783813
0.9372628857928649
0.9396140310541767
0.9402015846994076
0.9405586900857825
0.9410378379485663
0.9447270442372404
0.9449462950109973
0.9453046057649966
0.9464989500305949
0.9474483733779657
0.9486641254452063
0.953073387765936
0.9565500022823019
0.9567037639715475
0.9585833575173753
0.9590635159913405
0.9596531236842537
0.9602787948732296
0.960309330110173
0.9623653135707589
0.9623676041349778
0.9633330953395862
0.9641821380514319
0.9645378528610808
0.9647856370960772
0.966336641930563
0.9735911770114383
0.9750630353106357
0.9752788758094022
0.9763866473817006
0.9769009783200796
0.9777069600248991
0.9777135565234433
0.9778781136803745
0.9784040328709274
0.9785963309627217
0.9802307376823889
0.9803516186341814
0.981564455758905
0.9819768965825768
0.9863239141007839
0.9892538600267403
0.989601660957195
0.989856418864882
0.9926974548349474
0.9927890501822927
0.9931179255258804
0.9957912193951233
0.9970909685774099
0.9972771067627462
0.9985445141223757
0.9999343459179384
1.0004485392211722
1.0076985071282187
1.0085915873220161
1.0088671582782018
1.0104033265006618
1.010610043786946
1.0124070475217504
1.0131421265302896
1.0140792643126775
1.0154682595324074
1.0161447394748653
1.0206817515376239
1.0222375265049453
1.0226330789869833
1.0231686248439429
1.0232134981863887
1.0277441813633388
1.0289162905987483
1.031875385739195
1.0320999064394225
1.0328946751378765
1.0330740794865707
1.0343804236832865
1.0376862322432208
1.0381136333590075
1.0391631633153438
1.0394052932546114
1.0394302251784036
1.04001446776553
1.0427189845096785
1.0428152595888136
1.0447562178809044
1.047832367229465
1.0504343065141253
1.0506237478047704
1.052479330856131
1.0537190610732405
1.054958000306717
1.0564296981081336
1.0568896578173708
1.0604100892165413
1.063037690613371
1.063101648810081
1.0705626655016292
1.0724787837653749
1.0732596424549063
1.0739606152840853
1.0756610345186866
1.0771806284196905
1.0786422690643562
1.0802003893525731
1.0869059837286439
1.0870897308698697
1.0884854414840568
1.0894692271742978
1.0909544862529725
1.0947323759683982
1.0953326531242704
1.0953933406348033
1.100141009591367
1.1074141526157628
1.1094680175903175
1.1104370536288566
1.114020571070369
1.114756649694833
1.1152451060415418
1.1154317547812027
1.1168351593307375
1.1178138085211984
1.1205543517173395
1.1206373320300653
1.1207230117573006
1.1224987351401725
1.1230630880262893
1.1231401210714949
1.1238646900987534
1.126008133460077
1.12634155653535
1.1271181586766612
1.1294628084196636
1.133644099723135
1.1345738897390674
1.1354791886077393
1.1354911888708192
1.1372795370073856
1.1392999176518572
1.1426424862221989
1.1450796689816816
1.151242044520873
1.1545262729277712
1.156945663449076
1.1583874065195732
1.1595847161052344
1.159669841700603
1.160062833048644
1.1610414420943087
1.1614534012565483
1.1615790755042135
1.1647852704986148
1.1658302729439498
1.1660479000440649
1.1697940341947448
1.170678684465309
1.1709518185668935
1.1711063439536114
1.173263156451439
1.1742732282367518
1.1756867395390374
1.1781298997613376
1.1803802307764468
1.1809914125240308
1.1812565631635477
1.181845163538167
1.1823562455396992
1.183384203828228
1.1854126971445758
1.1876049784573262
1.1890117085719338
1.1896119221060228
1.1987826377335975
1.2013259972329768
1.2064848324564927
1.2080046132792495
1.2084579838602845
1.2111836114991628
1.2154220988972153
1.2168272598722598
1.217570278625465
1.2230746366439214
1.2235475752673857
1.226616953994749
1.2299868308234352
1.2331725381262515
1.2339250308782899
1.235589168956121
1.2365024305468877
1.2372801702894605
1.2374848562928977
1.24028114755292
1.2420988841209584
1.243400644066191
1.2439434795477957
1.2440582726789704
1.2442970758955156
1.2504401658395392
1.2507385946149219
1.2519772295155
1.2555917133279328
1.2556894382498731
1.2559009798811576
1.256377136851822
1.2568250291637737
1.2569555487718718
1.2608730927151404
1.2611043859764828
1.2626253323192056
1.2660909517635468
1.2667924809364837
1.271784545148509
1.2718345273242366
1.2727364918706852
1.2730107332485427
1.273299167491169
1.2737688421199957
1.276597546456271
1.2786013166230876
1.2813217688014962
1.2822914305901683
1.282688947017899
1.2867115371659177
1.2868590960657313
1.291331073500087
1.2917140278867645
1.292354412823387
1.2923638340540171
1.2927206053440492
1.2928804243142076
1.2953579832122426
1.296953858530081
1.299603179188502
1.3005511904646865
1.3015629405837614
1.303331868483987
1.3041238211532518
1.3063427044618248
1.3069029546730828
1.3091080275564273
1.3132910816680023
1.3206837599365722
1.3318729412266501
1.337913429338103
1.3387444413721377
1.3423303515749145
1.3434826546125003
1.3458243831149692
1.3474358403412587
1.347989202145163
1.3523483119788988
1.3530543720062571
1.3537847677000898
1.3554900006414994
1.3577851376378411
1.360601823728699
1.360623181939853
1.360631083737253
1.3635599244740004
1.36774379501687
1.3696311739484375
1.3727418863735363
1.3748547042470707
1.379585143436314
1.3802220485090115
1.3813661020973118
1.383051915791317
1.3878184522304322
1.389926694101994
1.3909633620229236
1.3938171313180914
1.3957533434276042
1.3984196211031859
1.3998425040313176
1.4001598646851177
1.4030496370366408
1.4036934597966038
1.4104297901925917
1.4108824793100234
1.412726991894405
1.4128559142589991
1.414326393420081
1.416133556670931
1.4162006130971712
1.4190905262050348
1.4211810997454326
1.424601108515132
1.4268904301729066
1.4277312617826508
1.4287517962380205
1.430880084572556
1.4314455917033724
1.4326811956359737
1.4336151050546997
1.4420777831855163
1.4431154786650882
1.4432071448069586
1.4435913451390332
1.4501702201960842
1.4510444108738139
1.451946119667096
1.4557454628096984
1.4574779592110363
1.4637350623958532
1.4654559550056483
1.4665524525364384
1.4700592276033513
1.4717346252946863
1.4725710767417475
1.4726300705235342
1.4746575050862982
1.4747992625392752
1.4771089750817814
1.4794877582634622
1.482220329557179
1.4890878364511329
1.4899786081312776
1.4903011294613424
1.4932202511418922
1.4972069922251912
1.4976544247858432
1.498920850787083
1.500839119022843
1.5011413331373213
1.5095449276334199
1.5100847560098238
1.5120462626692883
1.518649832507287
1.5202617275293127
1.5242231130331851
1.5266905052266768
1.529197857546222
1.5304814093361494
1.5325205326438787
1.5364819705374302
1.5397592048328752
1.5475653702786305
1.548531355223969
1.5506503060979573
1.552316020724242
1.5553713730890626
1.5628115747573719
1.5657026134079848
1.5697024000079955
1.573328119730418
1.5738301164468265
1.5859054893257571
1.5894251199929164
1.590711422816695
1.5916550777253975
1.5940111729526207
1.604677890245156
1.6064440216980067
1.606486736972816
1.6078704274331672
1.6097292397477134
1.6135779573608326
1.6180329876841464
1.6218074042145947
1.622212900118968
1.6256560881863544
1.6300221071558707
1.6330006479183494
1.6353385689581303
1.6387809642803328
1.6412035210765468
1.644827063388881
1.6492051247342805
1.6572605003274268
1.660842392209275
1.6660910229920565
1.666678787194865
1.6669446923143092
1.6712042056276242
1.673716189673833
1.675201216501887
1.6770175920186965
1.678451479804335
1.6799263777178677
1.692423108080357
1.6938272950765114
1.7041975639825089
1.711793463580698
1.7121713209579918
1.7173225026901626
1.7176418576733883
1.721459376203443
1.7248675994557927
1.728199159387759
1.7327165949571701
1.7347040018707256
1.7360088605558135
1.7383046322228086
1.7391483660127607
1.7435906848463816
1.7527880825787348
1.7574696425361158
1.7575097780825129
1.761496315386356
1.765129989535564
1.7664047773616023
1.7688266417931713
1.7753691567533032
1.7780653767175298
1.7799088797390312
1.7842363361222315
1.7861897044414201
1.790151436055337
1.7915219275200962
1.7957473176030372
1.7958799021509957
1.7975731011179747
1.799810014110242
1.801546194376082
1.802366989138351
1.8037542260433754
1.8039872882473067
1.804406915623999
1.8098999282760642
1.8115701651058305
1.8137294137002482
1.821447197227843
1.822388449673457
1.8320553681428784
1.8359637633313834
1.8492871553326156
1.8554960812354704
1.8561846274317757
1.8714168251273935
1.8733587098796662
1.8769566450579904
1.8792189388682519
1.8836630393126974
1.896996641230908
1.8987475538424499
1.910107836715758
1.936551100395425
1.937109855967627
1.9420144142424203
1.943583123660467
1.9490953279207759
1.9498285091819922
1.95097373261388
1.9625790647270982
1.9639885537547301
1.9823329057524828
1.9868619171915451
1.989179967416106
1.9919161936666507
1.9996970822728761
2.000390718663837
2.0055649767520696
2.0079130587340597
2.0114382481848265
2.0197222137924107
2.028240673010232
2.0408799251500493
2.0431074418381496
2.0505150486074104
2.0528529138932123
2.0566414626709397
2.0711937240598526
2.0894162456456957
2.0917336530907313
2.0951658827025006
2.1069333051068844
2.117927251934952
2.1210780781385172
2.1220498314486878
2.139944620918534
2.1407892534271196
2.143727805397579
2.173370334066215
2.177624212365724
2.1785202061550484
2.185891309399552
2.1922063603836994
2.1960590077414803
2.1969711258127687
2.201121701586077
2.201149239403235
2.208110725132757
2.208933297572245
2.209726595111563
2.223817956320812
2.2278090767426053
2.238696539431102
2.2425946413531275
2.2516750244208286
2.262944284408597
2.2629861967067106
2.274190510715999
2.282784605230698
2.2907748511738646
2.3039372054957736
2.3043196878049375
2.3331776944969627
2.3492073807676035
2.3579604299955523
2.364132471429824
2.3650525995753817
2.367570485237827
2.377210722631408
2.395463768692197
2.411380404975015
2.417586698706235
2.427514216451987
2.4386422183163527
2.457283558823268
2.581602782102956
2.584214643912936
2.6325475496213873
2.6786236265813144
2.9770119989638446
