-4519.838425265271
-2977.0129461012552
-1702.2349808410904
-1189.160371732142
-690.0239002959669
-549.9081192656441
-480.9907830501789
-407.3459426033832
-371.89363858370905
-321.02198865931535
-300.78000100862903
-289.73412057390976
-281.0648434775216
-267.8198927656714
-257.137508514008
-241.84248293703908
-241.3682067761561
-239.98147046077628
-217.8770880231734
-213.58100563389263
-208.2086594355099
-203.10425086627936
-192.53746698678117
-186.24930385210456
-179.34245801210278
-177.2436951822248
-160.91114574676453
-149.96817468916913
-140.95063665700945
-137.05720667755705
-135.8757781777239
-134.52887412604076
-130.68749985932493
-128.9662146867501
-127.4715384959868
-126.42425884057496
-125.55081989010333
-125.28831741923754
-123.71324730188478
-122.36053715879243
-122.20213301335608
-121.80288294263305
-120.56962825402734
-117.8838172431093
-116.39614798322805
-114.04446438219304
-112.22621904098594
-109.10925075554529
-106.57078118913962
-105.30392896723889
-104.80033211523904
-103.24919278717086
-100.12188727833014
-99.53226079949445
-99.49311558957177
-97.07386630120091
-93.74655735837666
-90.45369485764162
-87.71033215071905
-86.96399738224055
-84.82002231466701
-84.18450958619316
-78.92610129672397
-73.95004415837938
-73.85841719636227
-73.11462841644327
-71.88623746681846
-70.57257682856304
-69.86229387757228
-69.81800659581131
-69.04792566277568
-67.64003349643522
-66.15535506687222
-66.13332624999092
-65.71586183432184
-65.15968234528198
-64.96867605443957
-63.28385193943659
-63.169741840962594
-61.927803156204504
-61.44657103941758
-61.37716760927525
-60.169863734288995
-59.954654119873474
-59.84306952158189
-59.006667850039925
-58.59495389512302
-58.23936769719452
-57.753634065491774
-57.58997431307177
-56.9758013563812
-56.38897647281451
-56.29144732992241
-56.00793957617884
-55.291697045947664
-54.507364837678125
-54.32436976691345
-53.829943898760476
-53.43709483231092
-52.90536335052088
-50.420855091335135
-50.397636198504365
-49.41558366464693
-49.20927529681693
-49.140342532474804
-49.066812002127136
-49.05367552523666
-48.86571939492045
-47.45035400957315
-46.52112683344138
-46.420756807104034
-46.15682012706742
-45.30477931369804
-45.16859381887597
-45.04172691961204
-44.804497516666416
-44.40433825354608
-43.99641034400154
-43.62756590059598
-43.47277963611148
-42.70452522529372
-42.402473929529314
-41.982053820886556
-41.792989716513546
-41.52434696704712
-41.51561324620545
-40.95309101088735
-40.35747788553779
-40.1892851622074
-39.97665518675561
-39.90365003588791
-39.731877795641864
-39.23588581821952
-39.04134297549543
-38.80834494525743
-38.62401669374402
-38.00789023273671
-37.737736862124294
-37.29976974702438
-36.9417053948442
-36.696789241086734
-36.558801290778625
-36.48924746714943
-36.403265632146876
-35.981239844704135
-35.77614336307966
-35.195048180899406
-34.425150293004265
-34.2483476535199
-33.86090290257033
-33.81116151206357
-33.714794471546945
-33.5789977002659
-33.48606324989356
-33.36891063005491
-32.833191748775896
-32.800593568686395
-32.70301473915264
-32.2072439170192
-32.05265747200163
-32.03504641777882
-31.702101947647392
-31.496876117708037
-31.374811885405638
-30.86066285183619
-30.58931664578308
-30.259388370711775
-29.795336573853163
-29.71898103253578
-29.687295931354562
-29.539144646155886
-29.441533658320097
-29.364273462605283
-29.143104858682648
-29.130908017787185
-29.093056897593282
-28.475998421738716
-28.286093307779364
-28.158281261480763
-28.156239040475487
-28.00605000843553
-27.73560768468348
-27.709514282720463
-27.45985694511365
-27.39760809849084
-27.2127930690323
-27.03570942816665
-26.932922104179404
-26.647319026042467
-26.611924282091774
-26.524982833387643
-26.473664926315195
-26.400175515660447
-26.344766395318675
-26.251455443101968
-26.05461943271102
-26.023343282649027
-25.998945688814416
-25.81248233690215
-25.692342845942687
-25.435500108063042
-25.121068968038234
-25.10837899262821
-25.089193009490334
-25.010380757400934
-24.984348221636814
-24.790079360871264
-24.71945959039941
-24.62956876069039
-24.61013248159462
-24.58299746794721
-24.575695427991953
-24.55930539302363
-24.552523348628053
-24.521237708334276
-24.44783892972846
-24.081002033423452
-24.043049179941253
-23.671737366498668
-23.507828241455346
-23.38384408496924
-23.31498528530188
-23.203844495407676
-22.895688961775104
-22.892768533547617
-22.73509237681548
-22.67134851062561
-22.318888997830314
-22.168605471578317
-22.13530011858987
-22.09342531763375
-22.044437329880893
-21.917949183612855
-21.874799606844295
-21.809269235349767
-21.7093481495634
-21.646319927229857
-21.64440833930802
-21.634071170071163
-21.607267528167874
-21.526814072510057
-21.458601101748297
-21.293252953339234
-21.275842559188867
-21.18071257308227
-21.030142135697695
-20.98433533995174
-20.912507456528413
-20.568720532164125
-20.54888599893519
-20.547058435850964
-20.397157366873284
-20.354603724916025
-20.30612831015479
-19.796544146198666
-19.78332157814155
-19.738437227190065
-19.698394417123325
-19.649194932045134
-19.622427598710132
-19.58426639630326
-19.467057034049656
-19.430399849717844
-19.337045323416344
-19.307711959292554
-19.180742185119488
-18.98422961847959
-18.973411342880453
-18.816100771261436
-18.670906280248197
-18.62937639469307
-18.621339652683606
-18.588840564257296
-18.56859314613397
-18.520051456113656
-18.426757589801262
-18.36366214519588
-18.333812507652116
-18.329563095093988
-18.26966777873519
-18.1196433944161
-18.0326099097033
-17.969122269936793
-17.875187406811747
-17.867327434526036
-17.771381415752522
-17.75461436980138
-17.69207397090136
-17.574125327836587
-17.5695610809474
-17.512988599062993
-17.43912260139864
-17.37594880135919
-17.35710173303218
-17.294283595662634
-17.228044717003446
-17.20318200948546
-17.06991036167652
-16.990502459113863
-16.93807754408632
-16.926252578497966
-16.912666932414552
-16.82095424286481
-16.82038404987289
-16.69980557138312
-16.671584689082046
-16.646301489230563
-16.63664814523094
-16.617110066849516
-16.578684530096027
-16.539452840227224
-16.533288263474116
-16.532166019618238
-16.471761629767744
-16.449626024754494
-16.432631105369104
-16.38385487253607
-16.282894917799354
-16.217369406231263
-16.196627400944315
-16.15599970344606
-16.124161033146372
-16.092282768438146
-15.861875882920609
-15.856438181493424
-15.82838236702742
-15.708333903877557
-15.676010772175013
-15.641942212099648
-15.63060642638883
-15.499064302479322
-15.33644075462966
-15.193437042310626
-15.171326514308864
-15.128371019999044
-15.118037693519318
-15.094620148988364
-15.049113719240477
-15.019514460391209
-15.005596914068763
-14.958725495417456
-14.88958639578003
-14.837930526827336
-14.63445839912336
-14.619452253403612
-14.582531883553806
-14.547028157762705
-14.54148063225167
-14.509353003719301
-14.508657014263948
-14.43104639604051
-14.39003332798061
-14.34922409983458
-14.299466372547261
-14.296961755923379
-14.196529619624311
-14.176991739479554
-14.164090101251892
-14.119738111062647
-14.043334225604188
-14.015440562913057
-14.004081175296697
-13.873722657239117
-13.775372480362469
-13.62433726149803
-13.588680473243944
-13.48947292621181
-13.481479493490127
-13.432429384992123
-13.386616270336775
-13.35857887186329
-13.309493008787685
-13.306262006929302
-13.303250803457384
-13.282232862309796
-13.274814935699167
-13.255361824884817
-13.235463588461306
-13.194491110881755
-13.181452975505504
-13.087932012789016
-12.989837322724462
-12.923008722816874
-12.922596708563141
-12.884879390889262
-12.881399475449605
-12.861231617549631
-12.78422957101024
-12.773806228810606
-12.717604099557573
-12.662617445656771
-12.616516331613823
-12.595557624345961
-12.590016269963716
-12.522348108918754
-12.470918433920193
-12.447239324365956
-12.436109127154344
-12.407847115948321
-12.384279537676983
-12.354333253362885
-12.350344662048455
-12.309728774360751
-12.243389033571576
-12.231417456165008
-12.216476932412432
-12.211626552308296
-12.156766117002483
-12.1366767072798
-12.09101566941139
-12.063167892394539
-12.017142404154598
-11.986358717612898
-11.869732286742629
-11.810793813999904
-11.809959426996276
-11.788797960940295
-11.742177520257064
-11.738477800285407
-11.726615396593242
-11.709083174703785
-11.621606823294156
-11.568957333984658
-11.518520683869307
-11.500826680965552
-11.49637875304157
-11.469956341814756
-11.45900575068055
-11.410652822951945
-11.396090375151097
-11.39529276538821
-11.356452838430867
-11.33375662858447
-11.33040958722517
-11.301560804366595
-11.272726649594514
-11.259722150199481
-11.250699311856255
-11.20779513743993
-11.10877426347367
-11.073319576074953
-11.06680442263324
-10.981833175190864
-10.98073363930908
-10.971000702169068
-10.840895814655283
-10.802406817398923
-10.79933109658584
-10.792712897905574
-10.787779264109044
-10.786036451354631
-10.774971678968738
-10.764206381870174
-10.746112607080939
-10.735264944466564
-10.72077160749572
-10.719494366889048
-10.696360670500134
-10.692316279481009
-10.675564273483417
-10.675388016277047
-10.646481431026977
-10.623923852390668
-10.6202160473591
-10.618821082195243
-10.606655832626924
-10.58560591913151
-10.580008654063658
-10.575523930829899
-10.563698074795074
-10.558421318090645
-10.516151483047686
-10.497840896012104
-10.476161378590257
-10.458448573703112
-10.452499648762348
-10.44864234534241
-10.40187432716223
-10.376332255949
-10.320536868958648
-10.211020526282905
-10.17989223455976
-10.141618198366773
-10.131283824414977
-10.11796754791181
-10.095823477970365
-10.072383408350719
-10.036090454671418
-10.011639856449001
-9.96382344451856
-9.928689922449065
-9.924258114016384
-9.921192575099857
-9.91529376804107
-9.8949159955086
-9.87331251362648
-9.839466023214278
-9.827679956154574
-9.813721221925313
-9.800080882009599
-9.786089840195025
-9.771744691493417
-9.770217611553932
-9.75880126651502
-9.747623598277947
-9.731425189363774
-9.718926656530268
-9.7135204856773
-9.708113867593212
-9.691779304278716
-9.679320025137818
-9.674147818183283
-9.649100478355848
-9.644678184969276
-9.639583659427508
-9.630236535119273
-9.616334547851217
-9.60949989883981
-9.599203948388595
-9.555325960024707
-9.49515243635815
-9.422373800724479
-9.412118112146018
-9.387388566030392
-9.369966155199696
-9.35411638261388
-9.306537369970794
-9.267400486715767
-9.255184112691103
-9.238293065852437
-9.232505029851476
-9.228358717452913
-9.228206887988645
-9.214899400374467
-9.180739996982377
-9.171973275208709
-9.169936863891946
-9.16669804376587
-9.134239446895892
-9.059271332014488
-9.036823309425262
-9.008895571885429
-8.984788498064551
-8.98401706505897
-8.952256094474112
-8.84252170614653
-8.841153521431627
-8.835496523456952
-8.8261945623717
-8.786611601279645
-8.780415429310587
-8.703638513244826
-8.698613697949515
-8.639099039190292
-8.635439421560678
-8.627852438240689
-8.61100168857232
-8.606448520004822
-8.589803264137931
-8.587288331845508
-8.577635531794007
-8.573659107553482
-8.55233757863037
-8.525122788859916
-8.521529957239302
-8.490891259635195
-8.484315861720942
-8.47503003460137
-8.448242612180971
-8.440891569599161
-8.42634441940758
-8.412520421066004
-8.407668137125246
-8.3913925652083
-8.368966223709782
-8.359099682484896
-8.356468705298871
-8.346488055078481
-8.323633171755795
-8.306950474371938
-8.304745423953207
-8.290125911888627
-8.284153603491864
-8.283271499274473
-8.25569955501806
-8.251760778475605
-8.21708562214845
-8.205163649634363
-8.201528092968172
-8.162762406086152
-8.146042146243543
-8.125571337029777
-8.108155188811416
-8.10334028226083
-8.07578661696325
-8.07108061389905
-8.058500109282301
-8.056586697971419
-8.05161674754228
-8.027968637866369
-8.024314810384087
-8.020065211093705
-8.014864981364198
-7.988077811865816
-7.976792966751297
-7.964066837793285
-7.956013057746666
-7.947512099496355
-7.922351714123852
-7.920061376160592
-7.916920413212159
-7.903699256654411
-7.863942238616759
-7.850003038450611
-7.845200658346387
-7.825300581931977
-7.762272756278522
-7.755148433462185
-7.748512285683655
-7.741415415432823
-7.731504436867708
-7.720276553888185
-7.717670054837747
-7.7046596454368395
-7.701275776740308
-7.684730823150234
-7.675016946842829
-7.657377717152221
-7.652072880080697
-7.650791132684733
-7.648934101228408
-7.648380268282038
-7.644128659378229
-7.639355148138258
-7.611842655969609
-7.598369771783478
-7.584333973090427
-7.5680308595151065
-7.557794653708659
-7.534749592498615
-7.480507767357626
-7.479597250824461
-7.469938447113465
-7.446348963906615
-7.440480908127837
-7.438343576399241
-7.43600591066666
-7.414588952590641
-7.414331327777966
-7.405065565117656
-7.400161352787542
-7.356444575596404
-7.323790941940127
-7.317498712310007
-7.291737169755211
-7.290706135347682
-7.2224216583920935
-7.219456126601655
-7.204734816928635
-7.188697414625262
-7.187689312615105
-7.173940340477906
-7.167881625203904
-7.160624188082245
-7.141562873746066
-7.123516383825851
-7.11412423209362
-7.103929941688637
-7.089174850504457
-7.072407074886032
-7.068621932790903
-7.052401721381557
-7.0125664809590065
-7.011321001232161
-6.990160144709916
-6.9743294994374985
-6.942207249976115
-6.93919160605507
-6.937878131686204
-6.932395583693831
-6.9269689816350555
-6.923607953897592
-6.8977526135565626
-6.875179804499639
-6.874212589763478
-6.872024936431094
-6.852059381394466
-6.845823380275394
-6.827895529911628
-6.814357475008424
-6.808321371658104
-6.806424605117419
-6.805072262110919
-6.804169248815441
-6.7978145749169725
-6.789759481821454
-6.789013500622466
-6.785637999575062
-6.779217759659015
-6.776539895762957
-6.776316555346532
-6.771869265277638
-6.765214961782779
-6.764118125391243
-6.757179389143289
-6.749451883967871
-6.7429255721574375
-6.72986901562528
-6.716872338839474
-6.7028913708032904
-6.683328561461584
-6.6714099884590095
-6.670630018239401
-6.6561190921916715
-6.633382998291228
-6.627413652471745
-6.625347575624399
-6.624515922118659
-6.612324628340521
-6.611700065711499
-6.5916793301401135
-6.5708490044877825
-6.559098225382379
-6.551106880066138
-6.539427319000778
-6.532139454210931
-6.523490122986143
-6.476898947906124
-6.468690423977478
-6.467035803218686
-6.466089654052476
-6.458752181784454
-6.457891032176021
-6.446851360174175
-6.441568311852924
-6.43505059323343
-6.416452685359361
-6.393683537736177
-6.388131708794693
-6.339255908703576
-6.337162351578853
-6.333604011785995
-6.318095814269246
-6.298718966471471
-6.28179704753955
-6.272273116955619
-6.264104145477425
-6.260876663298929
-6.259833486038604
-6.257378117745748
-6.257092130635939
-6.252445193915255
-6.242407973140804
-6.228863408726815
-6.207422420027278
-6.19997383158514
-6.192478258923807
-6.1824153018938866
-6.17417993968588
-6.173682464018275
-6.170821657300948
-6.1631266784733905
-6.153312490942609
-6.132147300428214
-6.122459825931424
-6.098078735230132
-6.096975561351263
-6.079693969832473
-6.074019484698601
-6.054335501538635
-6.040864463197458
-6.03701691112739
-6.035695572448011
-6.011329936191608
-6.011255101965089
-6.001783572883682
-6.001742739303899
-5.993816228341579
-5.990219748432951
-5.990077015160338
-5.985226778037177
-5.965186414143366
-5.961669213334971
-5.960295045656285
-5.951010134706493
-5.950298933094602
-5.945850534778188
-5.934914874842479
-5.931525031458728
-5.929666020021041
-5.92278707000929
-5.9206024112236975
-5.91624230228873
-5.911996899197072
-5.91173017898721
-5.911094738610741
-5.899601705179165
-5.897574474744767
-5.891336769896409
-5.885051078667641
-5.870980383890801
-5.864180288242418
-5.847363023332257
-5.837455123492439
-5.827158482489089
-5.825796742500562
-5.8185693451031995
-5.804997260180599
-5.804097928557643
-5.800417683746348
-5.792792047320239
-5.780954336594883
-5.777244000942954
-5.764150374890119
-5.755024772270211
-5.752803848473134
-5.748644800550732
-5.740521942516411
-5.739215278267285
-5.7361710326903035
-5.732984580418041
-5.73201829246048
-5.728240209733253
-5.72721621708056
-5.725209225771167
-5.724598817250715
-5.722930150486302
-5.714746586624351
-5.714258667115956
-5.711875381103389
-5.709749522351522
-5.7045255607290315
-5.70071290669107
-5.6988025028286815
-5.69724933700236
-5.694780758560032
-5.686026789999941
-5.682647809600593
-5.679205251237689
-5.678600902722183
-5.667002619387063
-5.651761487347971
-5.651582716419391
-5.648425577363939
-5.640327377186734
-5.637298375398238
-5.6332125366728985
-5.628278527146151
-5.610571762129965
-5.60241695216982
-5.5988290525130875
-5.5942153988950185
-5.57908461140293
-5.577097498563897
-5.575767399382043
-5.572795356645679
-5.572061954864587
-5.567855022305527
-5.549597204724016
-5.539996298562269
-5.536913932709292
-5.53132421117166
-5.527151728112335
-5.524616268236845
-5.51916354313908
-5.514099938126378
-5.511370883123928
-5.496865205823474
-5.488959251339069
-5.478106992730801
-5.472687174362978
-5.472432954302374
-5.470934291341712
-5.470148995727774
-5.463233382422595
-5.457872395846707
-5.454356641862468
-5.450802696821089
-5.432976396672656
-5.429068314247286
-5.415732275721677
-5.400966959875536
-5.392495237507541
-5.383523757370394
-5.380869926673302
-5.378894832759501
-5.3711569331904165
-5.365088581050591
-5.363474180155428
-5.359813199718937
-5.357394888246413
-5.344867100839507
-5.344404034135114
-5.338076855833158
-5.321609732732373
-5.316150545503305
-5.314675412484457
-5.306993012989338
-5.298268641283276
-5.297075164618631
-5.253776857685892
-5.2522867167250755
-5.24670000610953
-5.246405346014807
-5.241965153784759
-5.235654562190248
-5.226720718689833
-5.221873034506395
-5.2175301699131635
-5.198089807711877
-5.195674831126424
-5.190163281799686
-5.177457982307229
-5.1726435310816905
-5.172472340050671
-5.172302350187817
-5.168013800781272
-5.165653324539809
-5.158389582956934
-5.144714144577135
-5.128295662104524
-5.12019092225509
-5.102210429544308
-5.092741501948851
-5.091385576766739
-5.0866950710762096
-5.080407116572121
-5.074287646348128
-5.055813279838657
-5.054267118129927
-5.053926343032963
-5.051085352948518
-5.041711095228737
-5.041554692296545
-5.040593848102101
-5.033736349769067
-5.03289957602575
-5.0228585784688295
-5.005643434266288
-5.002132156513779
-4.997242817246873
-4.9717255335339825
-4.959273271586541
-4.954225300266965
-4.947279169866373
-4.9441203930233195
-4.943805271572554
-4.938729824287588
-4.9300212691894965
-4.929554097720232
-4.920116613168105
-4.916869642773168
-4.908049700153437
-4.896202393816702
-4.89086475426106
-4.889706470517748
-4.8894283369637055
-4.889140473787464
-4.883368760450858
-4.879937372460776
-4.879116670139532
-4.875934763076997
-4.874448800702192
-4.86210357805822
-4.841606257879361
-4.837466442300496
-4.835494388382222
-4.8336432339038655
-4.830857622828801
-4.827754217629167
-4.825188519377385
-4.8206789764858495
-4.793445146982574
-4.778396413662618
-4.774622583002806
-4.770876875388856
-4.770272599216042
-4.755288385175331
-4.7546913688204215
-4.741360347409387
-4.738465777029892
-4.7384151797524705
-4.734878853364921
-4.728886221487748
-4.715889075964192
-4.714656559594699
-4.712722341406641
-4.694666008762282
-4.694012934201553
-4.687892951266739
-4.675558854493978
-4.662168459775473
-4.657068228955747
-4.654850866544227
-4.653111286945776
-4.650737050029875
-4.639775306380748
-4.632224814068118
-4.63002928150516
-4.628503490961679
-4.626734844598166
-4.625995851791031
-4.623713939270292
-4.620800175238569
-4.60446501060257
-4.59294650233436
-4.56245766188745
-4.562372645319182
-4.547020729020434
-4.5431075106781496
-4.54179721517332
-4.541166983855909
-4.540644626325895
-4.537734112273382
-4.530495173101823
-4.529320043213327
-4.522619068141383
-4.512324260024313
-4.5109427479174125
-4.49650937379613
-4.489127208366721
-4.488977328339104
-4.488597438932443
-4.47715640241466
-4.467810993802927
-4.465990276928806
-4.459994403229038
-4.459829983979978
-4.455391191545434
-4.443835817953804
-4.434469706400204
-4.42869111176503
-4.41859195565541
-4.41081735183583
-4.400137431114239
-4.3880923961912455
-4.38377843635539
-4.3754936587492095
-4.375050960414521
-4.36835550793899
-4.365350768165893
-4.364042064736491
-4.35753851466384
-4.356919845862154
-4.355224855659021
-4.341668512054396
-4.341313165792769
-4.329516765784341
-4.319291871819104
-4.315533078781215
-4.308062502707405
-4.305842396367411
-4.304074872197665
-4.293502968523266
-4.291433340180159
-4.2877075836573795
-4.277181904232306
-4.276661594759262
-4.271176921030339
-4.270622767573586
-4.2694761732047715
-4.267099552963462
-4.2657414499762965
-4.265551586553417
-4.2627106877706185
-4.258564702501056
-4.242210819947423
-4.2412428452120885
-4.240362774321745
-4.240250951838453
-4.234648763795482
-4.232960130069347
-4.23212261784061
-4.229314187921905
-4.228656614200278
-4.206184381626627
-4.2030026991982865
-4.199057760632777
-4.184346048171312
-4.168463691204684
-4.1649912584794
-4.14693642477239
-4.144432370092469
-4.142076661662998
-4.139165604631229
-4.137092664977228
-4.136872106147795
-4.13578320294158
-4.1355191594926834
-4.131922554249306
-4.122324973808597
-4.111682227691338
-4.109818139354924
-4.104259907504602
-4.094715027580322
-4.094616881317012
-4.084619963382199
-4.082666439503379
-4.077960328240669
-4.075252481493414
-4.064670081773251
-4.054259527323371
-4.0537544254456135
-4.052882485164538
-4.049581679938825
-4.044760302010091
-4.039228594076697
-4.034567747745006
-4.031850259094883
-4.031289339954211
-4.0290350945393465
-4.024729204045416
-4.016584031276745
-4.007429244590337
-4.007137248907984
-4.006593064280089
-4.002875419373253
-4.0004312680312974
-3.9969509134082424
-3.9779108121731768
-3.9729548245824664
-3.966634753869644
-3.966031760963719
-3.964003385125869
-3.9594526992388035
-3.9585472354579068
-3.957254875344968
-3.9559407118425707
-3.954129623358667
-3.954105550759132
-3.9484050178098746
-3.9464198210285333
-3.944450570729983
-3.943269955689132
-3.940334349766906
-3.9398326888173925
-3.9381430762263583
-3.9354373734262658
-3.934928070271984
-3.934472056926821
-3.932722885068653
-3.9250350825919824
-3.9224228832737866
-3.918225041435032
-3.9065958763108197
-3.9019955372004236
-3.9017204279254334
-3.897751188931616
-3.8928326383592964
-3.8917989731845846
-3.8882303982388957
-3.877003617834046
-3.8746417686465873
-3.8731917677793124
-3.8709856987482065
-3.8636777458162395
-3.846885561239981
-3.8380153268271293
-3.8295756307007425
-3.8274367187954135
-3.8228377598440133
-3.8216726067949556
-3.8161333048598385
-3.8131793711687045
-3.8116411742799077
-3.804708486474791
-3.7977271277917852
-3.7949991937269774
-3.7947548806698617
-3.792831082322826
-3.7838441703153105
-3.778595827745352
-3.775786500628667
-3.7754529772974266
-3.7741981849720028
-3.7740901425687103
-3.7712648546907204
-3.766663981296141
-3.765593571361637
-3.7645585899718323
-3.763271866389454
-3.7606561479723117
-3.759477642506507
-3.758814842143687
-3.7534010792109127
-3.749419521628366
-3.7415135469368255
-3.735053526023805
-3.7286102661887246
-3.723570280709895
-3.7181152642350916
-3.712369935204105
-3.711522293584119
-3.708255317284923
-3.7078014206478667
-3.707189786581294
-3.705273248992
-3.6921585298214183
-3.6892878678571335
-3.6844775650697605
-3.6817218266755773
-3.681292829102426
-3.6772696072897175
-3.6703484233746244
-3.6683631394060887
-3.661812967588888
-3.661476743201061
-3.6610925030284758
-3.6582542029725653
-3.6547548393840303
-3.6539190356793014
-3.647243247505462
-3.6441370511761386
-3.6439654973335944
-3.6298715371079195
-3.6285716138012987
-3.6241042817197737
-3.6234195994965788
-3.621791611881986
-3.6213448593016277
-3.6192814622284066
-3.6113625343312705
-3.6057226802946953
-3.603228942404004
-3.600611930290811
-3.5964412999289976
-3.576959774893867
-3.5727736327842594
-3.572607788675376
-3.5677656229919075
-3.56666863313197
-3.566635375984715
-3.5658589492658366
-3.5578917000915933
-3.5532621856597144
-3.5526880087645702
-3.5508093210476694
-3.547304973239977
-3.546943005908589
-3.544496453399682
-3.539549994620809
-3.5314973252503465
-3.5290545780413525
-3.528027575112272
-3.5262271602335664
-3.5232550261032074
-3.5206842192040835
-3.520271507095046
-3.5176635175245754
-3.5126186014910914
-3.5017102471997075
-3.484390510861311
-3.48034357510226
-3.4719404662600786
-3.4692161542079294
-3.4644465720020565
-3.461444643356134
-3.455485719162433
-3.451405560866702
-3.4506237933839565
-3.449808094556725
-3.446468900654339
-3.4371446263885908
-3.434428280672485
-3.4344094026875336
-3.426505785934153
-3.4205072067659077
-3.4203984963541583
-3.4174646292884523
-3.4163602172836978
-3.4145999930419935
-3.414172056116292
-3.4141311544679223
-3.3834414837730895
-3.3785233760607687
-3.377271831091725
-3.373509804760392
-3.366234403329859
-3.364288104425073
-3.3503605688671394
-3.3457296043943403
-3.337663809541755
-3.3311757425844624
-3.3183311637497863
-3.307458113496578
-3.302225477219829
-3.300453705899879
-3.296350627564416
-3.2883644028994787
-3.2843359815786806
-3.28209204305664
-3.2813902285139633
-3.278799929119633
-3.2776959525380933
-3.2766546677675876
-3.275934040114273
-3.275813985020213
-3.274100774993314
-3.2731056771718525
-3.270908326738657
-3.268911454763004
-3.2652581128329627
-3.2617499875355804
-3.257191225706851
-3.247993354060437
-3.2478533407930823
-3.2453887578305585
-3.24067814985941
-3.239528861794243
-3.2191524259051176
-3.2186717612636038
-3.217791256882757
-3.2137207083926413
-3.2133803100102654
-3.2113248397621748
-3.210244706367119
-3.200482945067489
-3.2002492576519663
-3.19655338895518
-3.1952822335063225
-3.1920191154476143
-3.191942483058482
-3.191446364095739
-3.189305708913384
-3.1886015971522017
-3.1661046053948074
-3.160033078186128
-3.1565900728989105
-3.156020076148705
-3.1496218315064057
-3.1485706363057115
-3.143133044994456
-3.141004872568923
-3.1292676005834337
-3.1259564988706554
-3.1222107620147708
-3.120883093568756
-3.1207576315939667
-3.1206466584282735
-3.116093186378055
-3.1114456553348986
-3.1113014242650032
-3.110830915056489
-3.1080492391568257
-3.1021362626864457
-3.1018963582784616
-3.1017695792513678
-3.1004421135975715
-3.096780196074646
-3.091769734126053
-3.088960458428579
-3.084067815036635
-3.0837399914959702
-3.076238716995441
-3.0701753231821627
-3.0700286633228466
-3.0668259787659915
-3.0635422402426586
-3.0625443059478124
-3.055161783820994
-3.053932054046644
-3.049607156127218
-3.0467747820828155
-3.0451437533359043
-3.0451054654958143
-3.0423938836074345
-3.041833982399353
-3.0385784139892866
-3.0279397965524977
-3.0247988386377767
-3.018036732836335
-3.0119490201142285
-3.008689657732784
-3.0080550410861533
-3.0014450309637257
-3.0008372791044
-2.9978531220415197
-2.990639126905159
-2.9860292008588405
-2.985534800618528
-2.9838214078810275
-2.9792419585557584
-2.9773990679422195
-2.9765735197611654
-2.97594965236911
-2.9759064071090986
-2.973699777500806
-2.9669504486178084
-2.965434978816324
-2.9596153664004494
-2.9588185911295213
-2.958290844094263
-2.9575952324029737
-2.9572942605282533
-2.956907885720627
-2.956565436714926
-2.949836203577594
-2.945563647984698
-2.943972815177837
-2.9370296495121044
-2.9237474390342717
-2.921571809127068
-2.9192915257388563
-2.918180944012886
-2.9172804982455345
-2.913684227905963
-2.912432774650101
-2.9101323986916388
-2.901695632655567
-2.900863055264085
-2.8945470377797298
-2.8916421013598055
-2.8911914154712894
-2.890083357307264
-2.888729622910777
-2.888175379332547
-2.881526629184965
-2.8799739712415726
-2.878505291212573
-2.867871366298874
-2.8672297150213173
-2.8659622226976036
-2.857407482096521
-2.856768698326941
-2.855298959873391
-2.855064330387072
-2.8391990226920165
-2.8356692647337125
-2.8332153903516164
-2.8321937036994806
-2.830524760723619
-2.8216823832966504
-2.821233139881475
-2.8156688925831577
-2.810789884897274
-2.810014162781179
-2.808994055958987
-2.8049508306510935
-2.8009408678354455
-2.795775159153541
-2.7952886572852074
-2.78787221576815
-2.786347437985615
-2.783079315926491
-2.7821217909404066
-2.781293530533502
-2.780787057582706
-2.779548352595672
-2.779063804628789
-2.7703462863758976
-2.76840847464732
-2.7594319290609985
-2.7482243338343912
-2.7461484850844973
-2.7361364498719913
-2.733731505563051
-2.7305224273170694
-2.7304424865219237
-2.7216721490196605
-2.721359000593943
-2.7209529283269775
-2.709877256304413
-2.705291228081631
-2.7040528854745944
-2.6991055069400813
-2.698753985085546
-2.698537720266694
-2.6976177352618835
-2.692869968921244
-2.690518343296292
-2.690251565860558
-2.6890131963230957
-2.688302504974762
-2.685671561724129
-2.682252399870542
-2.681303868017879
-2.678643622236435
-2.6771427974237083
-2.67634120523063
-2.662882148644812
-2.6609770582118064
-2.6558402545782234
-2.6540869507736042
-2.651127113489899
-2.6494795602630976
-2.6479812625887296
-2.6472404681298465
-2.6458533749832798
-2.640561811526372
-2.6249111460845604
-2.6245797892902836
-2.6230193878779366
-2.621794218600315
-2.6211334664373593
-2.6174448964591095
-2.61567509050984
-2.615050141424916
-2.6119356818625157
-2.611063849621411
-2.6108019094645507
-2.6065599260525802
-2.604107137398306
-2.601576235844542
-2.5998482829387317
-2.5953147667573275
-2.587917426337553
-2.582408096825602
-2.57977369670362
-2.576838957776203
-2.5730626089150954
-2.569953774473377
-2.5697770339119694
-2.5688470519686333
-2.565486039659381
-2.562230650819802
-2.5604022549163448
-2.559096528428232
-2.5559684763193866
-2.5505046154562017
-2.5492226418165256
-2.545303062362453
-2.5439141104534944
-2.536184046491898
-2.527993356309353
-2.5264879371083495
-2.5251582740104435
-2.5225420715401743
-2.5194235245561103
-2.5155454076381853
-2.5134338926469835
-2.5045048537074117
-2.503146081380984
-2.502544966561112
-2.493319867274575
-2.491830890839919
-2.488287079040543
-2.4873423025669523
-2.4862226334477784
-2.4853596230598667
-2.4827460686420886
-2.481093438880428
-2.4808740977716335
-2.480749166374167
-2.477173563424352
-2.474969523914908
-2.469186182013943
-2.4650496007758567
-2.4649575157379613
-2.4642700380823195
-2.4616143419944265
-2.455932118905179
-2.4522511344575313
-2.4492118711169892
-2.449161518146638
-2.443172985332727
-2.4428018063176595
-2.4422249846827264
-2.438108172733001
-2.434554803772332
-2.4289841241421506
-2.4260951129269657
-2.425679892948096
-2.423913667714555
-2.4219792690861417
-2.4209966228795876
-2.4148687954956882
-2.4136902939889633
-2.4127015919268433
-2.412660172069555
-2.4005000184797383
-2.3993658872453842
-2.398019357097688
-2.3959082814347274
-2.3925527137682288
-2.3906375810896483
-2.3884306086598976
-2.386677678007521
-2.3858013624221086
-2.3777157594909184
-2.376997985328212
-2.3762640678747498
-2.36890583651972
-2.368416568179444
-2.3658749191910635
-2.365246674166741
-2.3613935287511536
-2.3599798357168766
-2.359342907078527
-2.3550619221984195
-2.353797363362699
-2.349685526959042
-2.3466696642737506
-2.3449496183956544
-2.344851012662807
-2.3444618976343525
-2.3435259253498675
-2.333859447253438
-2.331305770038683
-2.329947551241616
-2.327454481150835
-2.3265647388930346
-2.3255698758310466
-2.3206942001991946
-2.3166592004198776
-2.3151135550505644
-2.3128098843018723
-2.311774511390941
-2.3103517711554726
-2.3079509807434677
-2.3048788649430287
-2.3034158417779294
-2.301918228290699
-2.300400911581644
-2.299602413266378
-2.298639538548368
-2.29141293206564
-2.284391999941665
-2.2829068477968155
-2.275582228942476
-2.2710162167550085
-2.270385466514636
-2.2621678086672206
-2.2565850936646283
-2.252367678331473
-2.249668854563235
-2.2430650781355004
-2.2371531124129143
-2.236825453174739
-2.232063533481768
-2.228519403095026
-2.2232325188828312
-2.219397570327155
-2.218793082672077
-2.2180317311195332
-2.2159604977653022
-2.2147439438973784
-2.212964060254104
-2.2128717245509213
-2.2117701956115443
-2.2112756718632984
-2.207038638435053
-2.199729042504114
-2.1951062532688956
-2.1951045857555407
-2.194684679983936
-2.1934485790993157
-2.193409266149826
-2.192930611528888
-2.191055321548144
-2.1891811465223725
-2.1888482764206874
-2.184220229201555
-2.180880783896148
-2.179600992584426
-2.1740355604975385
-2.171960982900182
-2.168358432609713
-2.165451816920733
-2.162654524577387
-2.1572405720935475
-2.14642302793236
-2.144931596178209
-2.144738647958024
-2.1361105619869716
-2.134587830995095
-2.1327055261267454
-2.132505308525621
-2.129802393022634
-2.128056972238813
-2.126653074654347
-2.1245140396177113
-2.1234625846095643
-2.119557309672461
-2.1183152825065696
-2.1171391393384793
-2.115618925698692
-2.1120369681418985
-2.111838674477011
-2.111216922163191
-2.1040344286344124
-2.1017209951326827
-2.1009439499503095
-2.0981694532477553
-2.0932079661067746
-2.0921922027100037
-2.089786652364701
-2.0846451802665413
-2.083310609418136
-2.0821063281213257
-2.07915052671579
-2.07876042191268
-2.0696435932442974
-2.0678079541042855
-2.065536233800158
-2.0638361463568495
-2.058166150974956
-2.0552545180447126
-2.0538112041265584
-2.052125302675865
-2.0496854143859826
-2.0471161864439313
-2.0407163841318057
-2.040197485046078
-2.038446673734893
-2.0347490825892036
-2.031349580108296
-2.0308522730987293
-2.0293904315504983
-2.0262303789348937
-2.0251342383925834
-2.022373313452411
-2.016995680256246
-2.016045438351829
-2.0157353154540427
-2.0156882764673734
-2.007023442434901
-2.004347649799649
-2.0029521243329684
-2.000656263583675
-1.9990127257488803
-1.998685655272836
-1.9910912624707122
-1.9890318092604318
-1.9846103039773617
-1.9825608020428713
-1.9819900602900886
-1.9803472812288945
-1.9711831971761127
-1.971093778634455
-1.96756353337837
-1.967359356544553
-1.9671141176486864
-1.9625650122408518
-1.9625603984350954
-1.9582928027256512
-1.95771798248759
-1.9574987439275446
-1.9551548864624162
-1.9541211453996636
-1.9540379092875972
-1.9467205963929413
-1.9412243144866932
-1.9395928099911417
-1.9273435135243102
-1.9226668956795492
-1.9213927153030905
-1.921223418434392
-1.9200483570116917
-1.9167350720093914
-1.9122503124877919
-1.9109977210215336
-1.9109373027628627
-1.9037285635937442
-1.9026212601012364
-1.8939262295692405
-1.8936697798644437
-1.891425992712713
-1.8841850198249193
-1.8768538848848386
-1.8763475190362837
-1.8745712123288658
-1.8742850762598218
-1.8742247348880223
-1.8708728310308684
-1.870809585426456
-1.870299900740224
-1.867348550753126
-1.8648452644408553
-1.8647670280994346
-1.8614735911706561
-1.8612780423872448
-1.8604554737435497
-1.856784612732868
-1.8530132773800965
-1.8522241014306977
-1.8514625894802532
-1.84996879834206
-1.8457349452667398
-1.8453229304790937
-1.8418603604490933
-1.8374956091043209
-1.8353997544413474
-1.8333192402368907
-1.8329597903241122
-1.830592425525101
-1.824267876270602
-1.822582324450541
-1.8215231450731726
-1.8212503039177799
-1.8208551578791492
-1.820758082820998
-1.8207141707665464
-1.8195423597276446
-1.819444449905343
-1.816293444788589
-1.8111563613958914
-1.808940860788184
-1.8088512766938567
-1.8068085389096638
-1.8050732821981517
-1.8008731720542719
-1.7982355643177197
-1.7910976899349351
-1.7887225978494232
-1.7883495165805465
-1.7866637633321443
-1.78322052650014
-1.7811644064132353
-1.7801751907228982
-1.777527811642813
-1.7728784889825269
-1.7723480921645387
-1.7723021162529626
-1.7711396830709405
-1.765436330614524
-1.764721333324767
-1.7633766233949628
-1.7622802795421484
-1.7584105901091145
-1.7544386649398354
-1.7504716636722142
-1.7440611712803702
-1.7430299095101485
-1.742103653110741
-1.741560903020868
-1.7344615301627346
-1.7313467493244676
-1.7296769683777584
-1.7290426808650046
-1.7281609489489176
-1.7267625912369249
-1.7253932012196636
-1.724836066715207
-1.7216421882037425
-1.7172604137794796
-1.7169877358816905
-1.7146113927662243
-1.7086624479605963
-1.707799086079557
-1.7055055281698743
-1.7049346767061435
-1.704863540847403
-1.704511401242847
-1.7039606023813603
-1.7033216241282108
-1.7027650210821843
-1.6997049079453752
-1.698194650281465
-1.697962089400554
-1.6964853681353462
-1.6926276249708163
-1.6922415493976928
-1.6907081467205178
-1.6864096498813974
-1.6819554679827404
-1.6819544582881278
-1.6818079492970903
-1.6805433838379897
-1.6796440190895352
-1.678980026238372
-1.6784540508676307
-1.6783986855759658
-1.67611952652757
-1.6759474480756702
-1.674237570437655
-1.6703486304326898
-1.6680135013391382
-1.6677133458072362
-1.6655658882549333
-1.6617723224727352
-1.6614609739310695
-1.6608959934575864
-1.660831030541401
-1.6521437785005268
-1.6486814027842378
-1.648534199411529
-1.64472398187268
-1.6425628420335705
-1.6404572429909905
-1.6364665244547238
-1.624558845191866
-1.6232161120597624
-1.6167604045675588
-1.6160732299055243
-1.6159399263505982
-1.614047585744126
-1.6139597150890852
-1.6108239151126658
-1.60805765124493
-1.607651158090199
-1.6065636008884059
-1.6043824661752395
-1.6041653973526526
-1.6041229409296047
-1.6031961959036827
-1.6016675512217573
-1.6016062524752255
-1.6001552079488297
-1.5976029931499625
-1.5958359709133174
-1.5950417203839167
-1.5949973739808825
-1.5948204317841996
-1.5946981130412419
-1.5935363115256969
-1.591974217392841
-1.5895497516243524
-1.5850441032406568
-1.5789354819498147
-1.5787840007299294
-1.5785368394092547
-1.5775751506927644
-1.5774733865416992
-1.576172669240771
-1.5745096238859708
-1.5726104566186825
-1.5706089887303682
-1.568864790762256
-1.5685052325892725
-1.568217206575284
-1.56570798248279
-1.5614403230473566
-1.5613803033682017
-1.558412140114949
-1.5580623316495812
-1.5568261401604602
-1.5545865543177084
-1.5529218730202274
-1.5508898770177049
-1.5483798687326247
-1.544965437467227
-1.5447052436545374
-1.5403843853067651
-1.5378230145232163
-1.5336696816302302
-1.529165990711189
-1.5275191994083037
-1.5250093134648073
-1.5233388736398512
-1.5204948427968326
-1.5204930203943727
-1.5197206669568881
-1.518771769176978
-1.5186889295021047
-1.517585652618247
-1.5168112356359231
-1.5162382650397177
-1.5147056126714689
-1.5146220212995578
-1.5111208054829717
-1.5088898508644757
-1.5081920486677278
-1.5052589658962807
-1.5038261508942457
-1.500539632447327
-1.4994547362369504
-1.4983121454742283
-1.4960425716275179
-1.4931319107328982
-1.4925698170849717
-1.4918331065710881
-1.4913437825125428
-1.4890953466631918
-1.4834147840749292
-1.4778337876330299
-1.4774352570018923
-1.475070714996645
-1.4711487918152717
-1.4710455411864134
-1.471022204911994
-1.4688201030379755
-1.4657210053087302
-1.4655798339632133
-1.460150757654424
-1.4599281546205478
-1.4549198961006218
-1.4545424332715888
-1.452810699197998
-1.4521669711312741
-1.452047661762046
-1.451631175177169
-1.4505236184389418
-1.4370181884386306
-1.4329214514452673
-1.428686482967979
-1.4259430450937143
-1.4159635539627273
-1.4150825702807404
-1.4125132104572018
-1.4123717116343126
-1.4120802853172667
-1.4063977867080022
-1.4027402909474374
-1.399393533601374
-1.3869549511501598
-1.38294435930605
-1.380616373169784
-1.3803083341900677
-1.3799298388803354
-1.3765966749785434
-1.3757808273863623
-1.3738996562481622
-1.3730592468537028
-1.3718640020587136
-1.3716820305738278
-1.3708213695290992
-1.3699355307338497
-1.369265452476525
-1.3681441377382388
-1.366293608008884
-1.36560694261157
-1.3541670784872295
-1.352460968734246
-1.350689961828039
-1.3499769824709182
-1.3475314755662167
-1.3461753496881486
-1.3406272226027582
-1.3402044578070131
-1.3387980249852964
-1.3315762994478146
-1.330480246988857
-1.3298518714103542
-1.328587782613901
-1.3285468071675384
-1.3265951043818212
-1.3260364155559679
-1.3251299993643508
-1.3213046933660992
-1.321031701817176
-1.3209884447679665
-1.3205406864485008
-1.31689875653703
-1.3165194856968598
-1.3157679771468356
-1.314810950128616
-1.3126717541082293
-1.3120656759894014
-1.3085611961406034
-1.308476527574466
-1.30646181771509
-1.305460433719717
-1.304839664848756
-1.3015677048981997
-1.301082579588832
-1.3010320092719792
-1.3008131668898866
-1.2974851687322302
-1.2934150143751848
-1.2913770123889021
-1.2898209785434696
-1.2892276136358287
-1.2880555864642307
-1.2864122270602443
-1.28514042350954
-1.2839822313397793
-1.2831810604908893
-1.2829769450490167
-1.282643768436741
-1.2804108202038305
-1.2800661882269906
-1.2800611446937524
-1.2789218333785286
-1.2748133813816298
-1.274085112108581
-1.2723206320440619
-1.271812349568109
-1.2712963770875043
-1.267723556283
-1.2660302145195468
-1.261613460926963
-1.2614781605229362
-1.2596026349665626
-1.2543226052715633
-1.2515579964872576
-1.2505840935337904
-1.2495510885439156
-1.2487384224119622
-1.2485983127484541
-1.2485101994299992
-1.2447126618951116
-1.2413411399188277
-1.2394723118203217
-1.2355026973992789
-1.234822846670938
-1.2333204172623173
-1.2250886374281134
-1.2247409257319115
-1.2216340432674868
-1.2215124538501916
-1.2213079090395178
-1.2202447417864948
-1.216432427816129
-1.216032148365259
-1.2155835171511855
-1.209123480171876
-1.2060235205424352
-1.2044905310174134
-1.2028604654963864
-1.2017641713062077
-1.2006501650201105
-1.2000830890694087
-1.197952283466441
-1.1976280026611479
-1.195576940766224
-1.1944056851016631
-1.1927764613202783
-1.1879005521183916
-1.1829920879419373
-1.1809685398590037
-1.179138175745909
-1.1786833842246076
-1.1737089802148184
-1.1719984167025215
-1.171186084721691
-1.170930050701091
-1.1698940665369022
-1.1689423031235207
-1.1689360844284176
-1.167129012054622
-1.1670660602785867
-1.1661232158779868
-1.1657620134463678
-1.1655905649477742
-1.1651397242308377
-1.1638846725374
-1.1632787666025959
-1.1565349873611939
-1.156080356854268
-1.1558006740766804
-1.1546992134617846
-1.1544927049471816
-1.1536379338230804
-1.1520436484770062
-1.1503351530136154
-1.1488787802592566
-1.1455597393756458
-1.143795428081505
-1.1373250567140656
-1.1372828049955166
-1.1370729367994183
-1.134326141348642
-1.131119434481134
-1.1310835211020258
-1.130805415361377
-1.1297734330451457
-1.129039431883503
-1.1287870485957607
-1.1251089113117025
-1.1245572859372746
-1.1219862907446256
-1.1200786357848487
-1.1193030527680585
-1.1175223422218494
-1.1171590497466992
-1.1156285097152603
-1.1136750833039433
-1.112432213366823
-1.108959755738175
-1.1081782757068575
-1.1055154909874192
-1.1050727268769014
-1.103866196903101
-1.1027819982079914
-1.0979941483165003
-1.0973587783797047
-1.0965822492757247
-1.0964125902756925
-1.0958770617925837
-1.0957830786240899
-1.095170058371495
-1.091763863587706
-1.091576470335265
-1.0910669064827032
-1.0907444634255414
-1.089955867916581
-1.0883965964389066
-1.0883533005091697
-1.0876495311869594
-1.0863587179987029
-1.0799177467582972
-1.0797112170164067
-1.0794433956200633
-1.0736639769969247
-1.0711789666728246
-1.067710458127114
-1.067646096666639
-1.0667167756117881
-1.066591598527144
-1.0654441412188522
-1.064421070120406
-1.0608211650967796
-1.0606168022776217
-1.0588775078429549
-1.0575699836529835
-1.0559101066863787
-1.047935570801067
-1.0451105599967723
-1.0445554341709409
-1.040373543456054
-1.0388094129146972
-1.037720060738426
-1.0341405002823107
-1.0340003048422228
-1.032474220310647
-1.0263457460320478
-1.024106037736499
-1.023667871622096
-1.020282350336328
-1.019567912246123
-1.0180060420623547
-1.0164313124356286
-1.01357245584396
-1.012891477993836
-1.0120701122009166
-1.0087499512630327
-1.0043234436250534
-1.0039991131924078
-1.0037342811782544
-1.0021103512049487
-1.000407640981345
-1.0000572035977078
-0.9977240267777567
-0.9974323708673583
-0.9948400268661325
-0.9945409165782482
-0.9927274792989484
-0.9925398657950675
-0.9922805366722289
-0.9900565294420899
-0.9834640570420263
-0.9826875738719167
-0.9789221812744314
-0.9771909169316545
-0.9760163644102791
-0.9728277615774601
-0.9724733285556075
-0.9719428999106573
-0.9699424812242745
-0.9698238388053265
-0.9690126425164015
-0.968883549821792
-0.9687539832099681
-0.9669072270659789
-0.9664977917106425
-0.9653088000080032
-0.9648893947903657
-0.9641162879977879
-0.9555766609212579
-0.9543094485258492
-0.9537031281773447
-0.9525878473520446
-0.9523522540468946
-0.9496211533310024
-0.9468999264541774
-0.9437310423871381
-0.9427294115018153
-0.9410290818882374
-0.9403350735031342
-0.9390159424483594
-0.9377309202118549
-0.9346836793485065
-0.9336498409250775
-0.9333115891372225
-0.9301335025455423
-0.9289758001638745
-0.9286840787059208
-0.9274990039863045
-0.927140536649007
-0.9261625807436784
-0.9244338787464066
-0.9240218937168059
-0.9234132872498146
-0.9184935665158687
-0.9174465031257211
-0.9164096018655554
-0.9159373146444086
-0.9141642818407538
-0.9130615642084018
-0.9111884339792851
-0.9105474054387084
-0.9103196962965643
-0.9076286215291406
-0.9023106019068325
-0.9022257198838068
-0.8993969561988989
-0.8990983129722362
-0.8978742492581748
-0.8960251068906188
-0.8959198100472636
-0.8948689052709335
-0.8939602537387302
-0.893472719057235
-0.8899578351721342
-0.8895464988170821
-0.8895296672663187
-0.8886948219910573
-0.8873733815524125
-0.8867480421772596
-0.8830852516657087
-0.877667465807766
-0.8776314449668067
-0.8736036228627496
-0.8727146855947788
-0.8720408270679884
-0.8694103663019883
-0.8679133643707955
-0.8633747219676137
-0.8573123384262566
-0.8554705739386421
-0.8482972863808634
-0.8482555057146848
-0.8481579080207838
-0.8480477398239127
-0.8474461695455773
-0.8471104822462796
-0.8454084754408095
-0.8444909161128948
-0.8429805115721943
-0.8409946771438226
-0.839061539761892
-0.8350078770498455
-0.8343682363408047
-0.8339916307255713
-0.8337869285446093
-0.8292886707841645
-0.8291552195973807
-0.8283206819801604
-0.8272163784154165
-0.8261544642156878
-0.8260876147667926
-0.8259383615691791
-0.8236638276071004
-0.8196742660820154
-0.8187039417814455
-0.8176948634081047
-0.8168524097695011
-0.8162527446511806
-0.8158237898676582
-0.8157274375599813
-0.8145195600874681
-0.813958332403142
-0.8110817976183715
-0.8098841149851461
-0.8098559433981696
-0.8060107439843824
-0.8035269236574987
-0.8013057218771501
-0.8005003115697524
-0.799797789058578
-0.7990892072203594
-0.7950374456233031
-0.7928171033708409
-0.7922500078127306
-0.7893081660763513
-0.7886632239291193
-0.787903345006127
-0.7865029929918247
-0.7848830968171057
-0.784555369706597
-0.7836101216849496
-0.7826443407111325
-0.7790466456500451
-0.7770159313511736
-0.7766276311569884
-0.7740328657244726
-0.7735788424330279
-0.7722124473907395
-0.7721568166288677
-0.7716690903768467
-0.7711834870167984
-0.7709216285846772
-0.7668011570272627
-0.7597409579277628
-0.7587734358532825
-0.7581680510218216
-0.7565580818721589
-0.7562519587176088
-0.7520910741031142
-0.7514163450327167
-0.7496033268113407
-0.7487638676081378
-0.7487191827040701
-0.7485296290021306
-0.7425604125392452
-0.7416706115168704
-0.7411478721123727
-0.7394791816839665
-0.7371522011653694
-0.7326876432744179
-0.7324239794981423
-0.7306590382360079
-0.7301952102185696
-0.7278257035210152
-0.7256559794361128
-0.7237088512663764
-0.7205862119738103
-0.7176892194776405
-0.7154466851982272
-0.7150373566486746
-0.7149561548334047
-0.7125756545452826
-0.7112216131179044
-0.7109104143815425
-0.7089986664882961
-0.7059155694758117
-0.7041658158674402
-0.703651505484101
-0.6990963629617547
-0.6964985522779097
-0.6941394977752934
-0.6933816480112737
-0.6917836169068586
-0.6911037268137235
-0.6885209770769333
-0.6879264004631498
-0.6872316054310846
-0.6858555643052349
-0.6858153213465213
-0.68356518801969
-0.6833588624929184
-0.6814524513643769
-0.6791970770398508
-0.6753373162719057
-0.6733464018914146
-0.67075394577664
-0.6684058195495213
-0.6675656621069106
-0.6671994666845426
-0.6664098219693143
-0.6623692077043668
-0.6588949509448795
-0.6588643040854011
-0.6584623197715354
-0.6577174288071419
-0.6498750316196431
-0.6488969535117678
-0.6487807854622133
-0.6479658717311857
-0.6471933511373302
-0.6467715015387856
-0.644998957886834
-0.6432629166868424
-0.6415399743236097
-0.6381090477435507
-0.6374744579824956
-0.6310988214394978
-0.6297546298292689
-0.6292148986491128
-0.6291106666069701
-0.6290527203215616
-0.6287653646055997
-0.6239464750036945
-0.6234722990865942
-0.6201668861280075
-0.6180539928487869
-0.6171282228361076
-0.6164945522001899
-0.6157509404399047
-0.6131400814227495
-0.6126129149639541
-0.6119757433694115
-0.6108636564281
-0.6105832035426009
-0.6104295610270755
-0.6087067839971827
-0.6084567304858801
-0.6079512616869025
-0.6074428344161786
-0.6060747720902726
-0.6055597769808536
-0.6033324280762398
-0.6016261131302973
-0.5985464866027683
-0.5933976859398304
-0.5920977098072638
-0.5920294538446097
-0.5901045361318122
-0.5900102991332122
-0.5894659375562338
-0.5893827429748915
-0.5879626794412598
-0.5872441902523897
-0.5870671286934857
-0.5866520747843798
-0.5851992398198057
-0.5844027547821578
-0.5828650765890622
-0.5815684080980523
-0.5815200832372255
-0.5783167606834435
-0.5760650697585586
-0.5757863205729399
-0.5755000762876816
-0.5751412528094917
-0.5748624563924019
-0.5736909632950015
-0.5672756926186675
-0.5654996547276503
-0.5640925372126717
-0.560079735636967
-0.559205931082483
-0.559121759808542
-0.5590497695313807
-0.5589970101126
-0.5589737121682993
-0.5578726833437516
-0.5570405713584139
-0.5558637862386874
-0.5558129315163243
-0.5535344033794083
-0.5523508702047987
-0.5512306835400824
-0.5512270726820707
-0.5510415678221365
-0.5470514826175291
-0.5463999165760528
-0.545745116604513
-0.5439234914951772
-0.5431761781599225
-0.5424333373961618
-0.5387680638086723
-0.5371018790634821
-0.5342557440980832
-0.5338149844149053
-0.5330552734949462
-0.5317334196136552
-0.5297145106898884
-0.5256204822899605
-0.5248245397575683
-0.5243455080033737
-0.5231762125711381
-0.520454523500745
-0.5187002706687519
-0.5184872370721921
-0.5145736196892745
-0.5142845802015127
-0.5129466076212076
-0.5119566978931278
-0.5113193185606956
-0.5101192995328062
-0.5100721636072723
-0.5097220643889689
-0.5083378833594304
-0.5073728461064095
-0.5062386871995846
-0.5053058148832982
-0.5028980713677709
-0.5025725731154445
-0.49992165715346404
-0.4997800144491864
-0.4992000805428324
-0.49910653126972626
-0.49680004304900793
-0.49544896092589613
-0.49482833562298334
-0.4915685960838643
-0.4913612385370833
-0.4902226480512637
-0.4845956835784134
-0.48442160452865224
-0.48199476377585465
-0.479543593919211
-0.4790629126841906
-0.47886751808093175
-0.47754632883542225
-0.47572503402643695
-0.47566185016975643
-0.4756043129863019
-0.4748619416769265
-0.47303032460773364
-0.47227774807031586
-0.4715982068912348
-0.47141524095542986
-0.47015428579480945
-0.4667869878683335
-0.4657330130994318
-0.46511890820169477
-0.46490509188214285
-0.4625894446349563
-0.45997952526332797
-0.4560943313701695
-0.4557867320771756
-0.4554455041418781
-0.45500501938746696
-0.4547526829763508
-0.45190025966183517
-0.44842537566877627
-0.44430608332466526
-0.4443054719842837
-0.44413434965554244
-0.4440235901154185
-0.4405695643359138
-0.4386090593843214
-0.4385025019028448
-0.4376310566009419
-0.4375487370131811
-0.4370480736319923
-0.43684249808765463
-0.43634700108422775
-0.4347674897343541
-0.43473705076837854
-0.43460540125133995
-0.4337990532401237
-0.4312072972896293
-0.4301104560390967
-0.4262648532240919
-0.42601714978370353
-0.4258322477772063
-0.42454069157502516
-0.42373866983816433
-0.4229030328492027
-0.4225778392904638
-0.4224826177720606
-0.4213512366011553
-0.4183781152443715
-0.41704662432633344
-0.41625206521851055
-0.4156329439470604
-0.4143178908347642
-0.4134744724761563
-0.40860912153102263
-0.40592080325587215
-0.4008298157639898
-0.40064003318137964
-0.4005487579261702
-0.3994810557700683
-0.39767097486422853
-0.3972483043012512
-0.39702687537370335
-0.3959521718771586
-0.39588642960077775
-0.39304144602215607
-0.3923123372048266
-0.39188154599053326
-0.3900867972952352
-0.38252321855070825
-0.38091153058026195
-0.3790914254860802
-0.37786613923949086
-0.37591374562218066
-0.3742280473712527
-0.37406891509152895
-0.3735803009416322
-0.3703295990446816
-0.36979717431813486
-0.3675183977938533
-0.36707847190683107
-0.36664142639680836
-0.3665674234473968
-0.3648855788055733
-0.3620981279774251
-0.36144218940154826
-0.3600327330511093
-0.35899575234275716
-0.35887538023572135
-0.3561427944168164
-0.3555564465517562
-0.35369086557304424
-0.3533647681112056
-0.3511561051763892
-0.3486016314970254
-0.34837647336036065
-0.3480565381701529
-0.34671871093303874
-0.3446874396759591
-0.3442683768569037
-0.3419319260386394
-0.3407272384287491
-0.3370882608416746
-0.3334689546342898
-0.33344204233089797
-0.3306539217078286
-0.3289868024758611
-0.3245905928477207
-0.32048800181645853
-0.3203662823032593
-0.31988079542001213
-0.319088796653908
-0.3185445155989307
-0.31852084463755653
-0.31726346437262065
-0.31663024702546005
-0.31546863495645827
-0.31415907991835246
-0.31106427603161246
-0.3065024207742869
-0.3049962739768022
-0.30484667169960045
-0.3046614814268013
-0.30392202805909185
-0.302383330086611
-0.30122220117769216
-0.3003748788095505
-0.29882913413308665
-0.2980773697319957
-0.2950086306714238
-0.293027549413489
-0.29129786480693465
-0.2892610510004937
-0.2888701916348485
-0.287988815025002
-0.28722019998847614
-0.28618190553840944
-0.2826602941787057
-0.2813225262128535
-0.2811034746548421
-0.276980131963451
-0.2758873492045836
-0.27552771682635246
-0.2725655928161822
-0.2693957860386087
-0.26818588209962524
-0.2653813744749633
-0.26370304053502114
-0.2635121946272563
-0.2625795416321519
-0.26161649108075596
-0.25765616417642445
-0.2551704255401275
-0.2546829770798389
-0.2528564958033523
-0.2513257526984893
-0.2501479900824607
-0.24972347735335299
-0.24715523018865804
-0.24577558082438
-0.24491112044235092
-0.24144908857852854
-0.23993019836946103
-0.23962969870807072
-0.23826513953385398
-0.23531157489088914
-0.23449201020107385
-0.23359228776052754
-0.23171214977402288
-0.2277591733883782
-0.2276743421458824
-0.22726703384447244
-0.22471866702104093
-0.22407895553220236
-0.22315906813806818
-0.2220427942901676
-0.22135324576896326
-0.22115228324446257
-0.21962446652845835
-0.21955490242512854
-0.2181425502905633
-0.2176605785217548
-0.21621304650466033
-0.21577033036881654
-0.21562027941400747
-0.21524875110909897
-0.21483481378841207
-0.2102609285843422
-0.2096550049618675
-0.20656639298172352
-0.2028986694436653
-0.19963993170133015
-0.19944608388360274
-0.19909781515407127
-0.19706923372072838
-0.1970340395763004
-0.19216438027328453
-0.19200801028281655
-0.1919655758979407
-0.1913181320552152
-0.19095352850680208
-0.19040569591889495
-0.18539020836089626
-0.18476002170816663
-0.18418810348391323
-0.18007180867122635
-0.17967361715351626
-0.17901196375015999
-0.17855305615369088
-0.1766881371620571
-0.17583117498976297
-0.1741965638696682
-0.1728135618875921
-0.17154338111451817
-0.1696487891741345
-0.16833957514258024
-0.16612938287433632
-0.16408129748964229
-0.16272531205627228
-0.16257715606359213
-0.1625036803158409
-0.1587657583710677
-0.15586086761620221
-0.15570562196852777
-0.15456204841363064
-0.1535821766944484
-0.15258838993830415
-0.15248868002465493
-0.15130542421600135
-0.1496696705839444
-0.14416454960898356
-0.14370070645507194
-0.14251205948143256
-0.14249547918063643
-0.1415774892484476
-0.13793334249442568
-0.13787833282756584
-0.1373612785992827
-0.136959777229956
-0.1369279216110727
-0.13683348036716503
-0.1365396405059457
-0.13516269142448012
-0.13457286447830408
-0.13194500985704147
-0.13060245205164445
-0.13037147667689974
-0.12894610936673345
-0.1289234427179743
-0.12787995014020903
-0.12767508422159918
-0.126383734835542
-0.1254374414002658
-0.12456552785864297
-0.124233050093603
-0.12325614514541082
-0.1212562710796059
-0.1208267622442033
-0.11812983671395694
-0.11730939857043676
-0.11440362047950361
-0.11102298298406132
-0.11087836834839504
-0.11069287276134465
-0.10954212211472314
-0.1093039020889025
-0.107995204466164
-0.1072591771772492
-0.10615002075163693
-0.10500486112850882
-0.10488891504715381
-0.10444199750956196
-0.10423861994187439
-0.10359958896388188
-0.10349306635024946
-0.10344771648194796
-0.10298229837314876
-0.1012229304103045
-0.09600412355350885
-0.09514914860094345
-0.09413487240436125
-0.09215096441903448
-0.09179115718780106
-0.08932724754212462
-0.08578338277282405
-0.08491623868211728
-0.08431648232672195
-0.08348660326619722
-0.08245477601787737
-0.08192544102193478
-0.07995593808478402
-0.07981973148892185
-0.07632456900794651
-0.07507008717193335
-0.07142955962511732
-0.06899626514316388
-0.06771929695035428
-0.06680855955552922
-0.06600482009425723
-0.06545422070987669
-0.06534226495277196
-0.06493038881310481
-0.06300159507373893
-0.06291280352907958
-0.0625015125577344
-0.05904950695708794
-0.05758582973175508
-0.05751914388892865
-0.056909160131987546
-0.05596727354460629
-0.051530566355829865
-0.051206451886951054
-0.05046622380003862
-0.04813153666091119
-0.04811140556330784
-0.04714004250962894
-0.0466762383353857
-0.046280989625315794
-0.04466507866554814
-0.04451756299086418
-0.0430656194767256
-0.042000769292432516
-0.04189802686248656
-0.041645371199193065
-0.04096111035346478
-0.040129036558659625
-0.03599847289462299
-0.034964417457859276
-0.03265875091699466
-0.0304961686232855
-0.029775743501398666
-0.02959312885893961
-0.029056989091656327
-0.02641196461296913
-0.020521672921269413
-0.01949208027586169
-0.01845249599549359
-0.01775125762323393
-0.0175513611526103
-0.016129108026325834
-0.015139778343856124
-0.013104748346241923
-0.011848528017255111
-0.009235115198173771
-0.00831570783110848
-0.005993625192372232
-0.005625908668886348
-0.0033611927547647635
-0.002613415322540752
-0.0019815138875112215
0.0016166539872880525
0.003042010157373931
0.003333236801905226
0.006219157348989535
0.007179221122777774
0.0078326831218537
0.0081670820229654
0.008672518922647754
0.00966488434472923
0.010696177498116355
0.01143574116627126
0.013301228994461713
0.01668245025063919
0.017048151796526967
0.017439950325814024
0.01866902426469874
0.018692182083751785
0.02127128068544637
0.02489336459154745
0.025927500810774162
0.02911605078555457
0.03135270463236406
0.03148261801605101
0.0325300882158677
0.03339662738804369
0.03602825789981945
0.03928571563896109
0.04022647025330872
0.04155540310978523
0.0428567060220465
0.043331981295939695
0.044319761959063175
0.045935377680171585
0.04651901967290761
0.04695039704944448
0.04752547647521266
0.04863410859970985
0.04962307779453912
0.05125558441946931
0.05428954602309742
0.0578612630484317
0.05957314971145461
0.060798035443372256
0.06081517031719752
0.06082101776630505
0.06112864384607164
0.061508041961205955
0.06351942866521455
0.06418318314415916
0.0707215923454565
0.0717742679917367
0.0718049435968261
0.07354009688814134
0.0743883131659886
0.08122497798481648
0.08440213525005774
0.08499159338402582
0.08727425133343958
0.089782749983216
0.09128789373130386
0.09269562691416727
0.09489618437600544
0.09659855449250201
0.09808439168123284
0.09959333549186877
0.10143056381321014
0.10228089402529927
0.10305088061379979
0.10314901606362648
0.10550804093856381
0.1075611883468418
0.10841840228157912
0.11128942560162958
0.11134578738471923
0.11158199382311201
0.11179808332767785
0.11209215691203978
0.1122645395486902
0.11343950316613878
0.11407041935599238
0.11527955575683316
0.11834548039537385
0.11947142713477232
0.12325265174128142
0.12431741213813707
0.12806445810464717
0.12957103746384024
0.13203081421233998
0.13235413208871483
0.1361524349467612
0.13780537657854242
0.139131899275159
0.14210377606228253
0.14817435735806062
0.15442675015354868
0.15485206229364712
0.154903763503623
0.1553627108661797
0.1565849680995025
0.1568216138757551
0.16041095466121347
0.16098706271957486
0.16128690211430308
0.16230828036542033
0.1624155227511092
0.16266984651684713
0.16555501508061177
0.16706544339568352
0.16756682350312957
0.1692025396882656
0.16998441831882727
0.17152052247853544
0.1719817899438113
0.17214823885930938
0.17287319481824892
0.17631632766620653
0.17816090810887736
0.18146494557631043
0.18262420499513898
0.18272406156089888
0.1867323891553999
0.18707531278207823
0.18729326164133775
0.1878150883543614
0.18800892814697323
0.1882216897653176
0.19020677945642628
0.19108668066254614
0.196216253299214
0.19660018405905788
0.1974412023730021
0.1992444341416295
0.20200223456498467
0.20267681913789792
0.20270372435054573
0.20340323716661945
0.20477762930274174
0.2055177588922904
0.20713235491338233
0.207722138501235
0.20903575487179804
0.21155749619907427
0.21398351220944356
0.2142631309162112
0.21695281532758204
0.21862843335966275
0.21920956361578808
0.2206824289550098
0.2210871399767721
0.22141442211686369
0.22153149427990526
0.22229261089111063
0.22593173623424845
0.22742983627453395
0.2304428507944669
0.23161233860417063
0.23175942178322967
0.2320828066285222
0.23247564413066008
0.23545483383939303
0.23594575491853842
0.236841160750076
0.2378679453071163
0.2388041977758677
0.24106868028501394
0.24262049844850597
0.24288417214599062
0.24465980871195003
0.24659317145860507
0.2492822192000964
0.25137252156585954
0.2514454534985574
0.25186732294618386
0.2521069432420463
0.25327435772064416
0.2540317767664814
0.25518691207351485
0.2592830500044475
0.2609834237899162
0.26288367658080664
0.26403055300439066
0.26430945129820227
0.26537964680234094
0.26773244818454706
0.2684444110012926
0.26967853305906797
0.27029269951448975
0.27335163491179937
0.2740179652166542
0.2773138591192231
0.2779649605275534
0.2788478412505424
0.2801187010884305
0.2829819443793104
0.2836525068425251
0.28452825148871225
0.28711136900455064
0.28732909935089135
0.2884455566225108
0.28906937661649834
0.28988088607878026
0.2907795179895648
0.29100260307000353
0.29151591427556156
0.2923099537867111
0.29435002018237744
0.29490133689958353
0.2964919712502356
0.2985979204836142
0.2988230949878371
0.30119409656882956
0.3025923190031302
0.3027537698330009
0.31315881838689624
0.31318983617588814
0.31744642856885974
0.3190477210515048
0.3190603327958068
0.3212212848869913
0.32237631103487085
0.3243982581606548
0.32469792972352995
0.32700390167448173
0.3274829091286447
0.33046530895829324
0.33203934551101943
0.3348668854668647
0.33594302628153305
0.3371145195095946
0.3382007385713405
0.33854221429226017
0.3398785484252884
0.34165689761275114
0.34352912893640297
0.3454129290614149
0.3456331212221313
0.3476335482507954
0.35016341028635634
0.35164139459216753
0.354734165224426
0.35519569543323154
0.35634818922278333
0.3575290502384133
0.3576979557183324
0.3599269182046324
0.3604046675711138
0.361779021806409
0.36223957923247513
0.3629650527224488
0.36324828082444993
0.36381764179800624
0.36453617942796157
0.3654098641406324
0.365895332723123
0.36619370847487054
0.3662986085740787
0.3699152009214087
0.37023053507755666
0.37081602325258944
0.37383622559894175
0.37407148208966856
0.37429657207573513
0.3769205694236541
0.3780275800868549
0.379689568726752
0.37996580428965276
0.3806734270271176
0.38164478384062855
0.3825330899499397
0.38311331731881304
0.38376764876466796
0.38444609771474636
0.38854911310772217
0.38886697801742753
0.39067217699382895
0.3908075494492754
0.39164367500720043
0.393239888819519
0.393466658982107
0.3948070915181103
0.3957325545595151
0.3981144693144455
0.39893893701633754
0.3993071403344258
0.4002188870955321
0.40040546740799415
0.40057360127584574
0.4011396093054634
0.4020573629662655
0.4023360280755989
0.40269074627562684
0.4062786684397899
0.40647856277172667
0.4071765892146398
0.4072858343886976
0.40794012797296964
0.4111409542178125
0.41309833539174473
0.4148604397482752
0.4171068149645294
0.4176865651463376
0.41938725577477604
0.4203500119432452
0.42396594237734136
0.4273688065805673
0.4281708077584647
0.4290744264920746
0.43027393398134955
0.430863561434077
0.43256396976926675
0.4338275033041491
0.4358378296382635
0.440171375654828
0.4409298644723545
0.44093524435919407
0.44162645545489665
0.44382162881274345
0.44721722686900395
0.44887472719861865
0.4495998041777487
0.45100306178550764
0.45507337969396866
0.45653197110146543
0.45667349856008294
0.45830163463662077
0.4583853743775377
0.4584185897450066
0.4587380652350901
0.4591164416162378
0.45965299537551374
0.46213694346455786
0.46258856093205303
0.4654361087450533
0.4700204941097793
0.4715160025736717
0.47362430537878847
0.47429889847049195
0.47752812443368525
0.4788837632973992
0.4799498080327621
0.4811471804027816
0.48190127592556276
0.4820549483443441
0.48442825673398165
0.485631713608232
0.48652780793363154
0.48654092290668544
0.48781838386232285
0.48850986634043614
0.4912384689165958
0.4917740146618761
0.4938126054716175
0.49465346360533563
0.4957455923741951
0.49618619148701215
0.49659449862966354
0.501445782024817
0.501923942926841
0.5019436178374108
0.502399396186044
0.5026213010434635
0.5039067363847872
0.504287281543069
0.5056780115886247
0.5077163993945641
0.5103541166436252
0.510944689859959
0.5119329195517115
0.5162591714702334
0.5178345651700507
0.5179354822811977
0.5190080645504072
0.5192240931104903
0.5195022500679756
0.5200541774741254
0.5211575879437487
0.5212630775524618
0.5244115450553192
0.5250039918045477
0.5253352147578382
0.5280935160388767
0.5282851304798186
0.5297035912234154
0.5334335060707089
0.5334424214233058
0.5348484158328062
0.5358812302228202
0.5370269798457981
0.5371408011448252
0.5371633671706555
0.5382011240659528
0.5391096202883877
0.5399550650602568
0.5399763161374033
0.5408645236937654
0.5410840997942208
0.5465469367423721
0.5465530204811244
0.5471059038535199
0.5490464315268416
0.5511707604716181
0.5513846069969204
0.5534272387181165
0.5535348028796344
0.5554201580721205
0.5556635750581731
0.5558306752880718
0.5578268600618381
0.5581825788659168
0.5615748255844107
0.5619084355474196
0.5650241191209674
0.5666493376443106
0.5675720701433937
0.5684587978500575
0.5684915462781652
0.5685845816855495
0.5707689819263537
0.5757176785833162
0.5766597232831552
0.5773455148533105
0.577713172901557
0.57993344295654
0.5810249949763127
0.5832228180500012
0.584513364781113
0.5851025057716097
0.5862262392942554
0.5863826674468143
0.5874508185771531
0.5883636134885992
0.5893389310597761
0.5909373459545451
0.5927975684292843
0.5943675063611877
0.5945424982628091
0.5988366086001333
0.6014635834632085
0.6018055559502018
0.6025094815318363
0.6051639328453864
0.6062064848935855
0.6063660436729443
0.6066931431142333
0.6109425020850484
0.6117259946978651
0.6123224441681693
0.6149946328257546
0.6158321624791989
0.6174336376196725
0.6207121071450448
0.6213415818449904
0.6213908318732612
0.6221217161206976
0.6224261337754182
0.6243245305152636
0.6255464760053335
0.6268729676463871
0.6339824283455343
0.6351542359548308
0.6377260468583132
0.6377577527977352
0.638329536427552
0.6390033550206535
0.640432713270181
0.6408571052551786
0.6413577393833748
0.6433103521308882
0.6441572353160114
0.6446712536195807
0.6478851335631789
0.6488748859851429
0.650728935245522
0.6541196098781177
0.6554563997010139
0.6556997262806209
0.6559632273216115
0.6564265213353049
0.6577132899150636
0.6624469027321327
0.6641540157665734
0.6668407893826389
0.6716306715218556
0.6729840273122778
0.6760549721510973
0.6779774094234035
0.6807943289876592
0.6810303977130955
0.6845590236800829
0.6849598572665495
0.6864497831754977
0.6866657199332673
0.6896290316665733
0.6932087290261406
0.6935944134801485
0.6940067708850927
0.6961890005891913
0.6966136670325723
0.6969062428219318
0.6972509271018463
0.6975817947523829
0.6996275960925032
0.7025424929786372
0.7035701430119635
0.7038805205357237
0.7053432262416182
0.7081860191056465
0.7092989275432386
0.7116825197195615
0.7122869927922006
0.7143284494642133
0.7145085804941813
0.7158498735260536
0.7167202835165635
0.717007606842625
0.7186712271545159
0.7221799433869831
0.7222419545241593
0.7238663220850221
0.7273095895712905
0.7293931637880982
0.7299845265840589
0.7302729048350469
0.73204831959082
0.7330786456528018
0.7352657337691181
0.7366429342392997
0.7370055522188708
0.7375869965095901
0.7390530710472369
0.7466211971838598
0.7478708281894773
0.7487917424159043
0.7509321915564479
0.7509773048177938
0.7519129799628383
0.7532579935016737
0.7532926696777302
0.7541552724331156
0.7580286507535593
0.7590037322990238
0.7607189747171751
0.7621115986655255
0.7632567656750963
0.764442203613894
0.7684762922999959
0.7702146463065281
0.7707975988287303
0.7712059415022187
0.7738854658288649
0.7775582202986174
0.7791133682380087
0.7794939631331849
0.7797542591546464
0.7817545102336059
0.7822748015566752
0.7844290180852942
0.7866900608439321
0.7897033888417533
0.7920613701960395
0.7939733031571126
0.7966482173303755
0.7984663004069941
0.801108613906357
0.8034401492580161
0.8052316443145789
0.8052525487469427
0.8062477815989593
0.8075870416015171
0.8078338083007093
0.8147454731921828
0.8182479766905993
0.8190813154852725
0.8222521630374451
0.8229919827665182
0.8241510363669988
0.8241575724600164
0.8282761043584285
0.8351985390003545
0.8367080012028553
0.837221799465178
0.8413597253661179
0.8461700220732054
0.8462373492990631
0.8472272616860197
0.8481330660445943
0.853176267583267
0.8563644259553816
0.8606227110332701
0.8612374974654214
0.8625058645579425
0.8629153826165017
0.863035612535755
0.8636587574900793
0.8645903757562761
0.8658067933984046
0.8722744609123558
0.8723588437174811
0.8729036508899681
0.8766565117835918
0.8772674729555712
0.8780770435474838
0.8808532159852938
0.8814134803009169
0.8820619740363946
0.8824199466074392
0.8824679052216633
0.8826692711838298
0.883747849973874
0.8839238860314768
0.8846810261812035
0.8854189793551575
0.8864198698352106
0.8867530909496357
0.8875079308057728
0.8895983723400133
0.8908396392902002
0.8908799369199863
0.8927942535314393
0.8928962492712433
0.8959844740522415
0.8971284025527728
0.8972919616394484
0.8995936271208281
0.9003396853296801
0.9003939265843419
0.9010770757405879
0.9024753394482495
0.9027363719268703
0.9033692381463883
0.907195924687093
0.9077202579914861
0.9080827825635494
0.908499023629024
0.9093262552521539
0.9109418668094322
0.9112850875791499
0.9124938143862777
0.9144281853583508
0.9146303305730291
0.9147565855695482
0.9159496549268057
0.9166261846918672
0.9194251447943437
0.9230326475150268
0.9243754061896124
0.9249657813194443
0.9274611070587097
0.9303028562372486
0.9314730986475044
0.9318228696439834
0.9330065710860869
0.9331535827242338
0.9332325327439625
0.934009113317013
0.9347510882969989
0.9353156236140414
0.9359575360020164
0.9403354494456564
0.9437167684540934
0.9455269710890828
0.9484814535377614
0.9489101198514179
0.9504283571832449
0.9515135193580015
0.9549019043635297
0.9561562489881986
0.9588096587378124
0.9604314194368895
0.9609432810413031
0.9610943948985867
0.9613195062436728
0.9616835139694159
0.9663431445890183
0.9681340443682046
0.9695169940742387
0.9702022018265901
0.971357680835903
0.9719853907598348
0.9724885203569025
0.9740269138778712
0.9755239875904045
0.9763941506399615
0.9794725764122577
0.9799279396280519
0.982621403075549
0.9837141071446127
0.9879181143518242
0.9881148802471652
0.9909192438658636
0.9916088002300026
0.9935815088501223
0.993866380195009
0.9960044182855858
0.9976410786469092
0.9979247403995599
0.9981422521122978
0.9985680529128012
0.9997907914852748
0.9998763456435902
0.9999862917785569
1.001118255775216
1.002536491952083
1.003379886645924
1.0041630072419692
1.0056354944737311
1.0079482090652567
1.009273492351522
1.0105923959113494
1.0110962294826265
1.011731006661617
1.012984770815685
1.0130820354999008
1.0140721226318126
1.0158786496855041
1.0167989910722062
1.0205116589240162
1.0234934365535973
1.0246411460257412
1.0247171140203046
1.0267066680388197
1.0268235259763072
1.0278104086887627
1.0289613433877436
1.029887977470286
1.0320739186809753
1.0370034412213351
1.0388157431122538
1.0388712823660504
1.0390159903187426
1.0402472948173058
1.041037228356258
1.0414925925708798
1.0464113416959946
1.0466340253389586
1.048041057413921
1.0486115568600027
1.0501243154547473
1.0506432339506848
1.0569174384443276
1.057789555294971
1.0578175159090832
1.0581403120025348
1.060413103832585
1.0656817692151794
1.068502063868581
1.068611615620977
1.0706208711676972
1.070641255624884
1.0719045258387
1.071932370308485
1.0726038754838458
1.0728649247908666
1.0751039972921368
1.0756939016867837
1.077213901184076
1.0787911021403018
1.0837446679394547
1.0846898272539511
1.0872351155774644
1.0879956902114079
1.0893779943396464
1.0894883473344759
1.0903156419589182
1.0908319609890371
1.094813590718018
1.095790724118503
1.0973358237269615
1.097775430277546
1.0994863266414083
1.0997507161981375
1.100635881684675
1.1012849498911388
1.1032292500657792
1.1035474358035164
1.10391725277153
1.1050197871626024
1.107104047414029
1.1102825870167456
1.1148601100401438
1.1151474110549409
1.1156111403963036
1.121189512619792
1.1221292073484
1.122666504954351
1.124970784880869
1.1258908827971479
1.1260360731174095
1.1297110994606836
1.1311797602221305
1.1321612319816101
1.132667130521496
1.133068348380381
1.1341667238994906
1.1344875564364238
1.138686346318113
1.1404573155350954
1.1452029335914649
1.1494596293018844
1.150117669713788
1.1513376923014689
1.1521367406405159
1.1526425348507194
1.153662773627644
1.1538148428657147
1.154453351495848
1.1550851714699717
1.1573356137286395
1.1573889062357816
1.159962410673146
1.1609545644799213
1.165347762503468
1.1654878276458396
1.168682370652605
1.168946308024869
1.1693235388618786
1.1694893821804766
1.1716891873811635
1.1720591886420546
1.1721081176018027
1.1732742884445644
1.1749877016723778
1.1759018248746367
1.1767651524251526
1.1768017313978292
1.1770750230906484
1.1778240358552912
1.1782258256909297
1.1782825236749925
1.1809196099420005
1.1827849793081824
1.1837616592796762
1.184798267399014
1.185098955308224
1.1852666969020558
1.1854782718552381
1.1866195102270378
1.1871480790043065
1.1876163482579154
1.1889698936345126
1.189867979902244
1.1929630281391552
1.1935392743251256
1.1951732186603534
1.1984191253821734
1.2013051246526727
1.2039490723102524
1.2053432594023343
1.205992333582157
1.2070337648688607
1.2070406796710582
1.2096550751235478
1.2147289936283079
1.2157463733968528
1.2176766529105223
1.218362315150808
1.2193481106513775
1.219564615375119
1.220707423697049
1.2245299426964023
1.2265241195824883
1.2337138107882142
1.2393449894712303
1.2403450471691404
1.2440408929528128
1.2457265519656078
1.2471794179483808
1.2472972501363433
1.249908956923648
1.2510417476737246
1.2530157454659825
1.253962059520735
1.2555079663193007
1.258194271439251
1.2638745893633998
1.2665343337780066
1.2684421140670854
1.2692764117880013
1.270184015633481
1.2725982186474714
1.274459222727932
1.2756833061471444
1.2778525683179016
1.286355404258004
1.2891948133656237
1.2899228711491066
1.293285317054327
1.2938192144525111
1.2972966864352011
1.2994305156790036
1.3035249353908114
1.3067808356423767
1.3112379410693569
1.3113909732323104
1.3118302090842207
1.312571079548697
1.3191314129497593
1.3201616098549043
1.3207738286582293
1.3208266506729414
1.3225707171450756
1.3232400370475195
1.3240844131274776
1.3244040904100098
1.3275822576906309
1.3299260206984806
1.3308735319010423
1.3328840073316495
1.3341214794363705
1.340826434831852
1.3434028105961415
1.3441253457427722
1.3442201478055427
1.3450716447290616
1.3520689165657966
1.3524527305863083
1.3530499980669364
1.3531151278096474
1.3543473703193618
1.3560921448291217
1.3573355370406537
1.358328429408132
1.3584852711772846
1.3598972060871752
1.360978481624357
1.3648117132065556
1.3653514819592196
1.3709482753862139
1.371708828025206
1.372507427628844
1.3753033597073714
1.3760102942443437
1.376958302956197
1.3800984709420685
1.3815562107232533
1.3819871535217534
1.3876270742597663
1.3877081542886143
1.387800423789618
1.3905002775951274
1.3925447226632628
1.3927870348686948
1.392897500520261
1.3951536816531505
1.3951742837191752
1.3959305207032833
1.3980930228913409
1.398784144429076
1.3990261533525565
1.401634334388325
1.4032485867706423
1.4041902618313904
1.4113379325878344
1.4114708105911191
1.4141898212922062
1.4143677827523342
1.415977896968715
1.4210077751377526
1.4218081219099048
1.421976519972254
1.4219935774534012
1.4225411025839731
1.4231254746131756
1.4244317146489287
1.4262990537503892
1.4271284995533053
1.430830797021934
1.4327420215357607
1.4335116730408866
1.43352172214158
1.4346741681405768
1.4348265517724865
1.4420609648630265
1.4451912684591166
1.4500637429843435
1.450547077389128
1.452339215300919
1.4527752920701018
1.4540637491752095
1.4545455681482458
1.456098669392829
1.4574760278190866
1.4609164763283156
1.4632480195122124
1.4638219881631636
1.4726174374692709
1.4807287450003803
1.4940439674981678
1.4958877387790663
1.4969792016666437
1.4996326685300199
1.5043598541193428
1.520215431916013
1.5210920302634738
1.5214309865054592
1.5231879711347527
1.5267864401605817
1.5282976968930133
1.5291965882451715
1.5315483311603466
1.5324198614459394
1.534644516674443
1.5384276849986098
1.5404352573298055
1.5413113101536575
1.5424128406000412
1.5444424339177796
1.5452149932138246
1.552247266859966
1.5575324910234594
1.5580449767191422
1.5593178169235609
1.5668093032784696
1.5691066503548319
1.574019909191561
1.5750105764382336
1.575080992453279
1.57537275962203
1.5763960649987672
1.5808319527547545
1.581954757814424
1.5844969323010218
1.5858438866647102
1.58998570332596
1.59197250279546
1.5947210409256014
1.6013343400333742
1.6023392184940657
1.6024149030420245
1.6027170520416836
1.6055058892275054
1.6058433294323198
1.6063491022118295
1.6072352553836622
1.6088617820560187
1.6129283188583439
1.6195773565535614
1.6198707935235626
1.6215806091999645
1.6231921471211457
1.6268654552444601
1.627520587393429
1.6316133266528823
1.635769871255735
1.6361951057645123
1.6385979196501843
1.6386031930989748
1.6405402696460054
1.6416858063010078
1.6442116575154273
1.6470299341331174
1.6481046982028693
1.652114817504212
1.657605181337585
1.66740970097953
1.6686739152500625
1.6693592913620772
1.6715140319812387
1.6801825879541212
1.6821452369849945
1.6831628374996939
1.6834523608212653
1.6849252990902277
1.6916704750051492
1.7016606311903073
1.7028805738196726
1.7029513111737322
1.7064458904048125
1.7082461704124423
1.7101627309052274
1.710950136020862
1.7110435467928
1.7230596475217057
1.7298853012207005
1.730967796338323
1.7320551476177128
1.7373975475979058
1.7420531901125207
1.7430177872183368
1.7463741336009697
1.7481366791783004
1.7607977536080126
1.7677980429719844
1.7696769446546425
1.7750620954555232
1.7775342677117933
1.780040284852643
1.7868678494273365
1.7897315769842994
1.8059117324385345
1.8071323922875198
1.8096145666677979
1.8101872394165133
1.8119768886014993
1.818712126377182
1.8256984519591135
1.827291587688741
1.8282824883833322
1.8310137962413342
1.8346515126197165
1.836380607086417
1.8444710754560483
1.8451061421833659
1.8463406110799807
1.8469724443356368
1.8509068583257502
1.8529955826312703
1.8589364414510756
1.8642460842889426
1.8707443237661225
1.8708870628855334
1.8720032438833258
1.8751817586644677
1.8967421266205746
1.8994645823309695
1.908132863127048
1.9095288783188873
1.9118213651649065
1.9123824054212661
1.9263961623447168
1.9320789712827695
1.9362432702470107
1.9518862992761272
1.9530849148118845
1.962992624016011
1.972295729797267
1.991392330978996
1.994520811950598
1.9984202233136081
2.0114529886857544
2.012113384417516
2.015212928350319
2.0218662423327145
2.023127757497722
2.0232610272276075
2.033717985648157
2.0359042046316764
2.0374725100775954
2.0413900417693576
2.0474464773000918
2.0575641010162173
2.0604597686191646
2.071795456314679
2.0720734874107776
2.07390659548914
2.0787919718379566
2.0822113654828445
2.0913101006247494
2.0992902504462174
2.1174245985307794
2.128040349498628
2.137810790447336
2.1564191311050065
2.202287093356008
2.21339487636107
2.222064946597041
2.241111476192818
2.2423845271625478
2.2704584282206124
2.289876761184378
2.2967658406139626
2.3114636148659726
2.350256059695719
2.3624190226997075
2.367805144734807
2.400270841567163
2.421590824251789
2.4379787105433564
2.4517611246391873
2.4751193909954887
2.47957054860923
2.521278960005085
2.5218387679804057
2.5225825829885546
2.556296568587153
2.6162734870732036
2.622184949474608
2.677668381999479
2.7895714407065904
