-8620.379852459784
-4292.328088655479
-2281.5248206557244
-1520.0099867155895
-1182.1777063039099
-1061.4247110729586
-962.3025514160288
-832.0547016312444
-766.2961835832526
-674.6185834788156
-572.3251014576415
-487.6719897331732
-460.9879525557087
-343.5582334015212
-327.8299577284236
-307.06852557664416
-300.9184422929595
-286.11202174717357
-202.52577246361392
-201.03861918667621
-196.56914173800044
-185.13732907498616
-175.57262503955351
-171.68764132943647
-163.72443361226945
-160.39872749736313
-156.680084338858
-155.59147869830502
-153.68759069566732
-151.6120521279115
-149.64647109357654
-138.6806557823521
-129.2690523224702
-125.1791332531312
-117.43831481385747
-116.37595046065347
-115.41065127750716
-114.04785556369086
-107.50005937669033
-104.58861977478966
-102.19046675578645
-101.92076365435673
-100.92371871877991
-100.19413152412592
-94.00253959035392
-90.05334506019203
-86.31889617299618
-84.5649273996222
-83.08677147721771
-80.69310098618078
-79.77210846579437
-79.32021073014579
-77.52386981096902
-76.31729314368184
-72.01551574892669
-71.74234310887861
-70.20242831618962
-67.74225681995313
-62.63924143183727
-61.85862368540206
-60.62203319186127
-59.79296742437402
-58.79706013043759
-58.25347898454308
-58.18984037363472
-57.68840448882186
-53.256672462284456
-52.97796030527847
-52.21365473434515
-52.0166069872503
-51.88968407514795
-51.63243861639255
-51.48311057462057
-51.293322758248216
-50.026196302929556
-49.37053959074153
-48.91721438138181
-47.29165275439168
-46.966612789259564
-46.731381372835656
-44.7668932938561
-44.25764047781931
-44.18088609853594
-43.361771166861246
-43.31579326011793
-43.290059590338174
-43.108127214445396
-42.739027325962944
-42.477582491649656
-42.1747118363879
-41.599228429504485
-41.31999683357415
-40.760106398642556
-40.757182379612914
-40.55359774258416
-40.24728800922966
-40.17218638483698
-39.976627435045884
-39.737900332404195
-39.67132563160062
-39.11320028056413
-39.0413043939108
-38.64511881032733
-38.18736734226261
-38.13531010954225
-38.09959550180023
-36.83582278369628
-36.22212668051234
-35.92523517028292
-35.76240424198327
-35.66464527793281
-35.54111988850575
-35.512993844830724
-35.15657103512368
-35.051312768643285
-35.05042546343034
-34.8227515434715
-34.64833108920132
-34.58544254340243
-34.53039926189493
-34.35453057683392
-34.11321080432242
-34.01025012348488
-33.39870262073939
-33.33675784931116
-33.30515548120488
-33.13556146063247
-33.0505965564922
-33.002898173033124
-32.39852781390026
-32.22553000591127
-31.941830465557747
-31.901592551245685
-31.690962963512558
-31.627793483615356
-31.53399481505545
-30.570869979462216
-30.49616378092852
-30.417632875087943
-30.360677873910685
-30.18550242870885
-30.02161198519519
-29.94745418816514
-29.945308092136735
-29.87222955262128
-29.820063320221934
-29.632228782085296
-29.483055393268366
-29.472137668714467
-29.411204354686937
-29.22099963380317
-29.089793004428135
-28.915842132885352
-28.846383182752042
-28.717468832801416
-28.71227860640391
-28.63390273042275
-28.494719467941238
-28.397210235354848
-28.395149709111735
-28.232135145904742
-28.055071530376438
-27.84355285032716
-27.754554862995132
-27.753878773285468
-27.67501051682559
-27.230016995937657
-27.079636794498416
-26.938236627065443
-26.725806989594137
-26.58190221175741
-26.546383627800857
-26.329097605697072
-26.066583558524513
-25.91237141045699
-25.569005050862287
-25.441462219023084
-25.230166063284393
-25.128569617365983
-25.051473002876925
-25.003692027459746
-24.73548528306437
-24.67273374078837
-24.557150015045092
-24.470502019221527
-24.3355862453963
-24.25371710594262
-24.08617654255736
-24.023100691132704
-23.755172416497146
-23.70509265488562
-23.590453661100465
-23.548510174906657
-23.522977348225808
-23.468091699016867
-23.43074359850862
-23.324837608442966
-23.262764150407925
-23.25205710762397
-23.23344466312916
-23.11861895871686
-23.064142332650597
-22.941242518632983
-22.33324885352902
-22.234046030888305
-22.147763060394272
-21.95878285836885
-21.675778383354746
-21.533185815551033
-21.501612880664688
-21.276321235813466
-21.269164309461452
-21.212891071295136
-21.21216592056485
-21.017344410734164
-20.85054764250476
-20.717265737938924
-20.56135372217607
-20.401691588527612
-20.379005551952186
-19.986157690217333
-19.954413842589236
-19.827322150650705
-19.813016569015026
-19.730894232415974
-19.71859104317234
-19.57450643132835
-19.52167578894113
-19.500056958368546
-19.49568709432307
-19.458509806279174
-19.25593207950797
-19.172644524545674
-18.920561684550538
-18.91538930429817
-18.910767279385272
-18.868847905889137
-18.754206534868473
-18.729254907878627
-18.590895313589577
-18.572341090050575
-18.36218229491256
-18.2727346116836
-18.216616653646025
-18.215926036665017
-18.1630990006665
-18.045098986130427
-18.0016930715255
-17.948774730070067
-17.860505284765477
-17.73474808710955
-17.73344978275423
-17.714706975724738
-17.626618455930267
-17.60414544004211
-17.563693988423143
-17.495747900818742
-17.462314628834786
-17.248591858444982
-17.229752887352838
-17.191971618982844
-17.085451549385688
-17.02396892408428
-16.9015551067133
-16.84103041264244
-16.81207316693191
-16.80030808170232
-16.787334816936216
-16.723480690017134
-16.558266363459115
-16.532260302649927
-16.507197989872747
-16.50472503162474
-16.48713247090782
-16.46286244245081
-16.456454518258077
-16.45500082057807
-16.446654440226396
-16.416121067246735
-16.14842191772987
-16.143701624322293
-16.13788060409322
-15.946157390431644
-15.944013963263984
-15.878980350107394
-15.823092582050798
-15.778947820624603
-15.751855578764312
-15.742208762979054
-15.696634977873277
-15.57364314589337
-15.54777898464214
-15.532125725001771
-15.40705561311474
-15.36998168036907
-15.341399809661361
-15.204717973315267
-15.164878896242005
-15.044560715335173
-15.035013887952362
-15.016415654365145
-14.998637523366542
-14.990684972515023
-14.962979733692517
-14.788602540289292
-14.785826533428933
-14.756080901670481
-14.737956043162743
-14.669986650398785
-14.619999084466784
-14.60540582844789
-14.599976064271653
-14.574352599996384
-14.566001097925394
-14.534060521845431
-14.49369648399966
-14.460507409786267
-14.432720480863146
-14.367656789024961
-14.331140751697111
-14.293769026389686
-14.265721888650997
-14.259058830834235
-14.248250423857355
-14.175682794512628
-14.120230445452924
-14.070208536026735
-14.064559345424795
-14.039760692953216
-13.956974340464487
-13.924492615830124
-13.916005170883913
-13.895066667174456
-13.894138138217187
-13.83042796663865
-13.820644041970462
-13.676908707589293
-13.66095533624798
-13.628543475154702
-13.58379267744533
-13.545195883956744
-13.488196858329383
-13.45844628075117
-13.449818041630005
-13.444611446751715
-13.377534730477183
-13.314396482011347
-13.280277200347639
-13.265778439733253
-13.199327843205662
-13.134038801110837
-13.121499485424952
-13.068289225178043
-13.052624935339464
-13.025061369325703
-13.006542125758177
-12.96667113727878
-12.927314817997264
-12.880023670735003
-12.869367873904014
-12.827885165413326
-12.810061616279604
-12.798765643372674
-12.792990475987256
-12.759072556149103
-12.747104219410552
-12.693006928874432
-12.678930846446685
-12.663922970497493
-12.630547165224868
-12.630403477513777
-12.612982712051956
-12.566933688721633
-12.542870967788978
-12.53938970852084
-12.454264021822802
-12.42730485793025
-12.406050087238945
-12.325379549324186
-12.306759838774052
-12.258301370872953
-12.241856327170185
-12.21502361370065
-12.211314021587775
-12.179219308566088
-12.17483721231435
-12.15240540265988
-12.152132549284314
-12.038568427837557
-11.990254218874261
-11.927443180770354
-11.90929214831298
-11.819728766128211
-11.81653903195594
-11.780524473997906
-11.750296057260178
-11.713971290484952
-11.700051868994773
-11.69629607552486
-11.605276426084405
-11.593226227655208
-11.55650316587374
-11.515927622171922
-11.380031077916271
-11.366794701656886
-11.346307813682731
-11.33431640178231
-11.301767609037087
-11.243476350332577
-11.241067474218891
-11.231017416396561
-11.228440616899658
-11.221336172572322
-11.199023319549314
-11.085998872791075
-11.051255168779514
-11.047096985555388
-11.0437111045601
-10.99839642771244
-10.97533010987091
-10.937509436595807
-10.928380271895696
-10.837082869079035
-10.834524492480831
-10.815348152745658
-10.787509568011513
-10.735695866967644
-10.717109137644174
-10.715780629814343
-10.703857491752707
-10.687361073834033
-10.675763849358102
-10.640936375560372
-10.635974248409088
-10.633766593580006
-10.614442067278912
-10.604598458237346
-10.591140195631732
-10.589265627377845
-10.57488572657194
-10.566514118375824
-10.542976539815367
-10.533757851283807
-10.528131628123104
-10.518328054472885
-10.514991748424546
-10.49152639841036
-10.484139776412228
-10.464620047588312
-10.457465027242357
-10.449478462145452
-10.442093612353457
-10.400776261873393
-10.373553221080831
-10.367874223676926
-10.356323004550465
-10.299829639660063
-10.282862568627465
-10.266686831943808
-10.256794782621292
-10.240159996931189
-10.226231689184733
-10.19228134003374
-10.182630916390794
-10.159063652285742
-10.158947600817791
-10.126288173095983
-10.116613420130175
-10.112191024631583
-10.085357824814237
-10.073875600591238
-10.073204610635958
-10.039727963301194
-10.017104475430138
-9.9645245100864
-9.955587416806626
-9.946510123424417
-9.894300508706708
-9.834710258831455
-9.8139356733548
-9.804713552559583
-9.803764935640576
-9.79940582957029
-9.785121155887536
-9.782640959554664
-9.732013014556868
-9.726480549181403
-9.675257196333035
-9.675124177817064
-9.664163044262352
-9.662105884098
-9.653434837692867
-9.630803922358803
-9.609933952011252
-9.599575502976903
-9.590580165411627
-9.580228810296958
-9.577209430383547
-9.547221118785732
-9.538127506861057
-9.532377438080044
-9.521193703972292
-9.502699020934937
-9.501017791331083
-9.449696193795493
-9.425482044122745
-9.41500443107815
-9.33124551914798
-9.236230123216867
-9.191657089135376
-9.178783478260184
-9.17068118814999
-9.15688797308998
-9.137160698432254
-9.116337792717099
-9.087599543858728
-9.086704831140144
-9.057971125179801
-9.05295060357599
-9.048210789393282
-9.047983905707087
-9.009099295343129
-8.996124988141872
-8.994171473833353
-8.981461960544667
-8.975118523584118
-8.968557405550559
-8.962460039354308
-8.938459768900216
-8.934779463758705
-8.920436675269169
-8.903083591337463
-8.76570427272243
-8.732509140461046
-8.726259585520191
-8.703576265518514
-8.67976590239839
-8.66424807692842
-8.647527092027605
-8.642775523554969
-8.64062367290651
-8.63774039843888
-8.617652973261718
-8.590213873028286
-8.561386521928775
-8.544124218881546
-8.526782975407045
-8.495456574001285
-8.48701058033289
-8.48571891650666
-8.479860342232906
-8.41860611589727
-8.410567061581032
-8.408386260479912
-8.401790562346534
-8.39658284400909
-8.380172055773986
-8.370859193358225
-8.367583160200464
-8.364678200199663
-8.361041385983595
-8.355264073821067
-8.345634498398532
-8.327216200394625
-8.320126363173596
-8.312381344037156
-8.310826814679356
-8.305414808300934
-8.293224596009416
-8.262046351821182
-8.252838279638498
-8.239135918544738
-8.229996773916252
-8.22285457443489
-8.192964570923605
-8.192732782592328
-8.192547061691933
-8.191426461784674
-8.188945811871948
-8.18540688820494
-8.179551239866099
-8.164072331643903
-8.155699727309086
-8.146301357548458
-8.13762618840278
-8.129891147926273
-8.126571624131923
-8.120706922825411
-8.10079147930206
-8.095306791905507
-8.053007308063693
-8.052404978309976
-8.045805269423873
-8.041101463218737
-8.013538884348954
-8.012229124823968
-7.988745856846821
-7.958527428903943
-7.955547660901662
-7.945418457648653
-7.881876787804297
-7.880877696968093
-7.879309085243488
-7.876853508688186
-7.86093260954048
-7.853020833378162
-7.852108666015458
-7.848238633383152
-7.837941890425653
-7.83524744777371
-7.824467319585112
-7.822380251742619
-7.807591787724824
-7.789507582919373
-7.77715581979436
-7.775754059409592
-7.7587472883757425
-7.742743052615446
-7.739821262908744
-7.73263731916621
-7.731643563204158
-7.712940180158481
-7.687784055417547
-7.685738893397534
-7.674817200967607
-7.665666403497356
-7.656878609939756
-7.638418882334025
-7.635909110533703
-7.62044023987327
-7.591689473645599
-7.583419488737374
-7.576410975896615
-7.573363400095549
-7.570618961908875
-7.570059217404106
-7.541343514962634
-7.5248436814635955
-7.493724447216401
-7.4916675459011906
-7.469053838446136
-7.459397047980628
-7.452790028876969
-7.44196382215611
-7.431104247741443
-7.430894377423687
-7.424314154304877
-7.420296533728088
-7.39895220546276
-7.3921150738152255
-7.379563806105459
-7.376773979848366
-7.373770773824941
-7.369888143460937
-7.360197040526728
-7.332314607998756
-7.310818733727922
-7.2978837328640385
-7.292760453026894
-7.289656664615714
-7.284629175091536
-7.283479425802824
-7.268462949571625
-7.252906390003581
-7.25231384817647
-7.240789437634433
-7.235343732470716
-7.222976722040958
-7.215235882766387
-7.205250366828087
-7.186716094178492
-7.151934939941137
-7.146600836131866
-7.132184529993591
-7.129035159195026
-7.127770001630841
-7.121743915799725
-7.112114358288251
-7.105240666405955
-7.10430834031299
-7.0597962353464805
-7.031548465274834
-7.030205024378171
-7.023863853853294
-7.016291443918526
-7.012710235003537
-6.989192679670447
-6.983167369574548
-6.9828490571703785
-6.964806200501831
-6.959560956668474
-6.953176067606908
-6.948739481534559
-6.933031285336543
-6.92537687693299
-6.9234183406479275
-6.919624950976431
-6.915101972168896
-6.9103860219313455
-6.9074036981605795
-6.887077996046108
-6.871999963086294
-6.860861404310517
-6.844681316792265
-6.840937364902612
-6.84016252021453
-6.833216598735228
-6.818574839980706
-6.8143838721763235
-6.809890263762525
-6.808502058126107
-6.805152076711966
-6.78372247840635
-6.779807829985076
-6.771791326614958
-6.76864457919917
-6.765156734911223
-6.747264847501858
-6.739721219186309
-6.723533271726398
-6.715146930090106
-6.703858390399434
-6.694979401580902
-6.692006099805151
-6.691324619915075
-6.66762724153957
-6.665739614316021
-6.656916800089796
-6.636847627637885
-6.628958135971734
-6.626092017848854
-6.623559365283527
-6.616063120499214
-6.612603892807574
-6.605304237784829
-6.577913509290845
-6.566527863870357
-6.5566316714887485
-6.556169803822734
-6.548162038752865
-6.528058842956399
-6.527024056872223
-6.509167155994311
-6.498080946280363
-6.493260329786059
-6.48801062967876
-6.4823816641288
-6.463347841153237
-6.460199491975432
-6.45275579886175
-6.446066839510095
-6.437151391247881
-6.4344490637982155
-6.424889108061375
-6.422187679602918
-6.414967690619067
-6.414719935011149
-6.404045523466521
-6.4038062130386875
-6.397415891569155
-6.395714812511629
-6.37521061711989
-6.361202028553391
-6.350262430063277
-6.349691480057887
-6.346199102480495
-6.345549034389008
-6.344172242274799
-6.3207974959411075
-6.317468788017919
-6.316785401999637
-6.300790111602592
-6.295443477096532
-6.268104695275501
-6.249328805719484
-6.248144917695941
-6.24295028800541
-6.235030600289425
-6.2053271255751365
-6.188705614892256
-6.182777488686176
-6.173905049631826
-6.161252901338224
-6.157407381696809
-6.150022217881572
-6.145424502712084
-6.141250309351069
-6.120158768715932
-6.120096408935813
-6.112171800474305
-6.099493981031957
-6.088296310345113
-6.081926297581198
-6.07069463739393
-6.063981332064799
-6.063622577189335
-6.059667055146328
-6.058209995664086
-6.058039691904426
-6.0541791083555765
-6.012765540239775
-6.012119812802855
-5.998363834579748
-5.997750354520777
-5.978392043638296
-5.974367059226074
-5.970275247718963
-5.962198907532114
-5.952905660698135
-5.940836308203583
-5.933249929256508
-5.922855512209095
-5.9096004006338045
-5.909516972002468
-5.886001871079078
-5.880915211596304
-5.863215076163744
-5.851157428194371
-5.847475866538895
-5.8350204984923355
-5.823183040608562
-5.808671496240879
-5.801664855090831
-5.798884069395006
-5.789866569497464
-5.782246457774036
-5.7736068930577575
-5.770825925405091
-5.757118480530478
-5.756569008528328
-5.75157320046698
-5.748862302087652
-5.746052182296518
-5.743277127229551
-5.732260555259072
-5.731408937132279
-5.7269181159293145
-5.7224217100681525
-5.708657997888708
-5.692678709386791
-5.671252569406275
-5.664771094750996
-5.661441763370287
-5.660093125152368
-5.649692958085943
-5.647691113843528
-5.645420955945365
-5.641640366731073
-5.641052082930167
-5.623760986635224
-5.617888970624181
-5.597107511666049
-5.575827477432972
-5.5663360032709726
-5.558822535094312
-5.55172296825406
-5.515108295878198
-5.50187122962119
-5.499681295013325
-5.487346298676198
-5.4678373998982535
-5.460153840360543
-5.4511127650099125
-5.439598580815628
-5.436836426281624
-5.436176092031294
-5.407442352150721
-5.406471982955777
-5.3954514776314815
-5.39405795151804
-5.392312869117882
-5.384675668943611
-5.3583348303068785
-5.352623972725057
-5.35127195424811
-5.32535991331371
-5.2556121285064314
-5.251597402127338
-5.244575282536227
-5.240952336954955
-5.234481752656498
-5.2305973460396515
-5.229244285310933
-5.2288895353079035
-5.2242815892187675
-5.222490021022625
-5.213019391119636
-5.1913011666160145
-5.181786423359456
-5.172208220528013
-5.169506534717094
-5.164385479126303
-5.146147343960953
-5.142847681524694
-5.142583050041014
-5.141928810334663
-5.140385726663782
-5.137321654791934
-5.130452747385201
-5.125189374902046
-5.119188825115179
-5.117858773214149
-5.111027068916171
-5.110887643696929
-5.105711235069318
-5.104701230293666
-5.1035093506212865
-5.1028423802306015
-5.085295563593199
-5.080823064335841
-5.070101490439945
-5.069041510640298
-5.063689963976082
-5.063183454939459
-5.059204067851313
-5.049880955315031
-5.044849828766292
-5.042591017632782
-5.034020808315049
-5.02798066999706
-5.00266178417475
-4.9904248802368825
-4.9904073948509975
-4.978189877496431
-4.962950214891741
-4.959015944842548
-4.957800287148986
-4.954188149226979
-4.952448130988482
-4.948785452835711
-4.947710405041813
-4.927182547571706
-4.925383195485917
-4.91936737433817
-4.907735939269579
-4.907310821968759
-4.906248386871059
-4.904137857952801
-4.896544445395539
-4.893980677332693
-4.892965585286066
-4.8909332656712206
-4.879339603942666
-4.875986543921449
-4.87494903014156
-4.868973415512749
-4.866862689248921
-4.8619166612564975
-4.861013853429548
-4.8609844434507545
-4.85302250264515
-4.846771581732802
-4.8357182778564995
-4.82534883021804
-4.807112387758903
-4.79713493854695
-4.790311639964668
-4.784001130847114
-4.763289041556927
-4.759870919612563
-4.744226761717816
-4.740034150852658
-4.738733958411202
-4.737224236831969
-4.735878625384446
-4.734982240120612
-4.73188222688367
-4.728208723145836
-4.727828955447737
-4.727345902674634
-4.724786594624074
-4.724479514146906
-4.718969531196052
-4.717045473197956
-4.7095340897038565
-4.700552755725469
-4.6990299014377825
-4.698594069690624
-4.697816162717368
-4.697036177708031
-4.696980604072918
-4.696271793262365
-4.694058104575766
-4.689151548240126
-4.6740232170408404
-4.670034438398371
-4.663786140089229
-4.658573265408055
-4.6576437475943315
-4.651665322906077
-4.648581099774159
-4.646945873916552
-4.643799127811973
-4.641036647292383
-4.636144199800059
-4.635457929013429
-4.631241042250043
-4.62058095116987
-4.610056026257519
-4.609258336125386
-4.608817485219718
-4.6037718729387755
-4.600682471303088
-4.596114269242152
-4.595159418412663
-4.594902745675693
-4.589315708600208
-4.588545055678811
-4.584326160747895
-4.583893939891302
-4.57745463015417
-4.572749479909301
-4.5709350106958695
-4.5666861307522435
-4.562748853545978
-4.557720738934838
-4.5514543295739776
-4.54931444971604
-4.545961267947492
-4.5346181633422145
-4.53272825405134
-4.531380780781289
-4.510504575185802
-4.496148265441301
-4.495555096384702
-4.49059781700172
-4.487288683920431
-4.486762206403168
-4.484133352427422
-4.475422272738389
-4.471672169686735
-4.462661076326426
-4.459786287649809
-4.4592636737391445
-4.452799240376728
-4.451141932910318
-4.449984668717804
-4.438041063143725
-4.431392510196236
-4.425114251653713
-4.419736826083872
-4.419082570723949
-4.418069826583635
-4.4172241669734555
-4.400553257812834
-4.4000190277321165
-4.397833791675009
-4.392002483028536
-4.390724146714966
-4.390527127138534
-4.387069761213223
-4.385501191584879
-4.385318861380336
-4.385108765592751
-4.3844163979310125
-4.380837909228516
-4.380105824680496
-4.378730274534597
-4.37658881006999
-4.362349604503253
-4.360912101173172
-4.352739048005828
-4.349154842925726
-4.34454484490215
-4.339769342561639
-4.339755862179652
-4.329729418191149
-4.3269712731799315
-4.323048104671697
-4.314787378087623
-4.310893519464977
-4.305622510237257
-4.287202215396187
-4.282285067573575
-4.28208487009215
-4.280863975312794
-4.277773961418367
-4.2742788697948315
-4.272460584978449
-4.270996502923786
-4.268996287323389
-4.268713334800859
-4.258644082308371
-4.258601438697691
-4.256374408052159
-4.253366452116155
-4.250653655507486
-4.2480052013888345
-4.245074633254507
-4.242657145384636
-4.239838706738981
-4.2312839449945265
-4.230481406851535
-4.229851564254209
-4.22904244869529
-4.228028180392592
-4.224915840500223
-4.219241451478493
-4.217984616640796
-4.216269217222301
-4.2123252127331074
-4.211220072343381
-4.207553417824967
-4.207350736410174
-4.195283670890479
-4.190932029544939
-4.189903350662933
-4.176672008278594
-4.17102269501538
-4.169602270881976
-4.163588568232919
-4.149640370559703
-4.141909548641355
-4.141606002824859
-4.131849669329057
-4.109596205244815
-4.103694562664973
-4.101211975819047
-4.092956466085642
-4.088473691281618
-4.078422227985253
-4.077342679464872
-4.070844338893865
-4.0652523616775404
-4.063060689140606
-4.0622417472161745
-4.051599182077182
-4.034141145771446
-4.033814111070072
-4.030203372823424
-4.030176031033782
-4.0177571513283965
-4.005386544388685
-3.996681851108188
-3.9948828136411363
-3.992535414213318
-3.9922512776228682
-3.987591212818458
-3.9850781978533814
-3.982653597845916
-3.980860777129794
-3.975140915664216
-3.973260508141013
-3.965777601233646
-3.964167768342584
-3.96087443058091
-3.9606704599590805
-3.9464815313968638
-3.940716301003791
-3.937049084355184
-3.930822230711285
-3.926878444229917
-3.9248585750955653
-3.918275058250809
-3.915298270156277
-3.907444637714299
-3.901974883339862
-3.90010662027985
-3.8931490897151915
-3.891808240407383
-3.885747173042523
-3.884255655595585
-3.882527765650847
-3.878422033578815
-3.8680435115460696
-3.8656899879558213
-3.8591668547441538
-3.8540128384885604
-3.853065241748598
-3.846174344567764
-3.838053730614959
-3.8358425292018437
-3.8328977330801197
-3.830721405384157
-3.827215499714291
-3.8257687390510102
-3.825004955015008
-3.8165575669590894
-3.81246315941947
-3.806647841334177
-3.799883310468207
-3.799608842887094
-3.7890245069422988
-3.7801065284198465
-3.7788420167115486
-3.7628101811422896
-3.759448683798569
-3.7593234312147747
-3.7586266885459176
-3.7521166109317696
-3.751813217208718
-3.7512802011580804
-3.748893582930456
-3.7484339331443874
-3.7433461666198866
-3.74248764156545
-3.7379381539798366
-3.7372462472498285
-3.7212787184374148
-3.7197838267782335
-3.7171944620975017
-3.7142616682520972
-3.714117299714774
-3.7117456793758574
-3.7061724819352477
-3.7057784205207898
-3.70515159400186
-3.6996383714281906
-3.694592686097322
-3.6919356431824624
-3.6886600037603783
-3.6865162611926463
-3.674842564527519
-3.6725655432360966
-3.6687425113994676
-3.6684067719513913
-3.666535832333025
-3.6664182911743026
-3.6618417048019447
-3.6493631157078292
-3.6488276685594396
-3.644579789980591
-3.6301238607078012
-3.623265113363368
-3.6178985806100794
-3.615973229687153
-3.615431232846727
-3.6058581136367893
-3.603448195588094
-3.599353405237208
-3.596458847917754
-3.590138838001149
-3.5776430470278378
-3.576057246829569
-3.5722726659988844
-3.5664115032921435
-3.5663428864000686
-3.564443220246907
-3.5629889280828033
-3.5623997024770873
-3.552767266373501
-3.5508720548521544
-3.5443574630639176
-3.5403408499610767
-3.5351158804866936
-3.5337294095444536
-3.5337107108242756
-3.531663758158357
-3.5281548074950138
-3.525422232850439
-3.5233376400723717
-3.521177904509738
-3.518070111351283
-3.516633554350096
-3.5126812343495417
-3.5112492615786377
-3.50571446632563
-3.5048211094350497
-3.5031430517046567
-3.49688088389603
-3.495728835308528
-3.4952729771194813
-3.490670085300793
-3.489784595852978
-3.4870794309342923
-3.4864138568237935
-3.4803697970932386
-3.479837867015279
-3.4761279648428487
-3.4686121042208455
-3.4603171072572896
-3.4538793851125575
-3.451011049896461
-3.4488957272204988
-3.446594016681238
-3.4448392678854174
-3.4356160135954337
-3.433352833021541
-3.4299754703655037
-3.4218268870468878
-3.411824800595161
-3.4107114275988932
-3.40849673056971
-3.39911895071395
-3.3987293499146514
-3.3976578934782067
-3.3894761771278183
-3.3778812332838806
-3.3742295848106236
-3.3702732179920902
-3.3680158467862564
-3.3660811931213566
-3.3651920970157287
-3.3648561793972567
-3.3633223986991387
-3.356117654979281
-3.3552140211535297
-3.3533192717857596
-3.352864721363866
-3.3522700190713404
-3.3508248863959267
-3.3506156283108153
-3.349986909462665
-3.3487021749766956
-3.3457511763783523
-3.3437027318168457
-3.343154892568502
-3.33973242020615
-3.3345047731566795
-3.3174405677262575
-3.316512184699179
-3.309402104092653
-3.304914035683711
-3.304424291169919
-3.3022039836926265
-3.2994472372554258
-3.29895123810839
-3.2987105942706876
-3.2974846565643126
-3.292724568427556
-3.287508866821957
-3.284942124334794
-3.277371472720998
-3.2755815764740803
-3.2702024630740576
-3.2699605944504646
-3.2583200671527837
-3.256479122225966
-3.2443750531763076
-3.225582828567081
-3.2253516876469774
-3.221040090932406
-3.214260702660168
-3.2121972675608585
-3.206365909382494
-3.1953024391475693
-3.1903961838480175
-3.1845459910216496
-3.1820219081411256
-3.180082699674481
-3.174346456643372
-3.17157020334222
-3.1704563417642184
-3.165681339002324
-3.1626483828046985
-3.1577949717391958
-3.1503540088828874
-3.1501658686393976
-3.1448512344004294
-3.137946711796074
-3.1377677570538984
-3.133293130689519
-3.127795543595199
-3.1261101110864487
-3.123817932920274
-3.1173648179436686
-3.117218178418591
-3.1118169369320197
-3.109461755279268
-3.09729546982798
-3.096777616935765
-3.0949367948123436
-3.091821429895872
-3.089152559860662
-3.0871577014291125
-3.079697383933552
-3.0748770707420285
-3.0704423256039335
-3.0675071634407542
-3.056899858183028
-3.0499716087790256
-3.0403473752393246
-3.040051951569611
-3.031964857666748
-3.031328604985672
-3.0283837075916966
-3.021418309928644
-3.0181412118988877
-3.0074157305140425
-3.005207673644473
-3.003036653955866
-2.9950817945759045
-2.99021928695208
-2.989715665015261
-2.98867696702757
-2.984550952485546
-2.9842768048007233
-2.979297837563209
-2.9787498864945845
-2.976153852364371
-2.9761471777693003
-2.9718996407347333
-2.9685509104584122
-2.966076000795877
-2.9543004475382246
-2.953317592418101
-2.949534695816375
-2.9357498040815417
-2.9353177123901313
-2.9349748480257505
-2.9289314115251863
-2.925248628083611
-2.924275219060994
-2.9230690784925066
-2.920547343283184
-2.919730912140383
-2.9106465519999816
-2.907601186116511
-2.9013126295919136
-2.899783717987958
-2.899232571346975
-2.897671058246179
-2.8964340157882287
-2.8942963576686047
-2.8899562949692283
-2.8813410583564587
-2.875284785973743
-2.873416056798976
-2.8716476641521167
-2.871631428181262
-2.8702536611470366
-2.860974614784959
-2.8607661571273675
-2.860140586625967
-2.85865924221636
-2.8579313719403996
-2.8565074114089994
-2.856008918533317
-2.847076543238593
-2.8387552073917046
-2.8382197513632432
-2.8359487843924587
-2.8348041370367802
-2.8314028162552214
-2.830179590968243
-2.8252750021948696
-2.823317295090953
-2.8197986773735084
-2.819325090213489
-2.8124703353261573
-2.810278256061202
-2.8094515403485083
-2.8062876195976543
-2.8057067707706795
-2.8020625154878
-2.80117123463142
-2.793011650818501
-2.790308571394032
-2.7890637080686185
-2.7874543258288154
-2.7841916135792664
-2.778733631848848
-2.7747402743708225
-2.7712894775606722
-2.7703135596072572
-2.7690986279871366
-2.7651711981904374
-2.764219477262797
-2.76407501479477
-2.7617471788320724
-2.756208024082107
-2.7530007626428348
-2.7480461016101048
-2.7449733704737
-2.744459894121189
-2.736113011080761
-2.729540365281787
-2.7283347325091922
-2.728103904400632
-2.7246784123999266
-2.7201247538698623
-2.720075622930709
-2.719232665426132
-2.718589472675748
-2.718241834087005
-2.7124076091365055
-2.7114059179756618
-2.6972451913376583
-2.697149196121724
-2.69693915900013
-2.694212917157922
-2.6914175455611784
-2.690525566821802
-2.6868783485219856
-2.6861256385481402
-2.6849637109313527
-2.684616242589404
-2.6841609003355957
-2.6825282608656136
-2.6814476691730045
-2.6813087605583177
-2.679069792909913
-2.67808231737767
-2.677274647258728
-2.67189586412931
-2.669222812237493
-2.665927207410372
-2.6647690888235687
-2.663479994053803
-2.6569781565463675
-2.65142699137575
-2.651277325422316
-2.6489629045441196
-2.6482460803221386
-2.6478476162238818
-2.637565337441451
-2.6322290676750053
-2.632164723094463
-2.632157070372539
-2.6305595107823248
-2.6291467928207206
-2.621880409013193
-2.619030430342402
-2.6173523959664386
-2.612026845652248
-2.6101899813205227
-2.60901241283522
-2.6066669984384623
-2.603980716943079
-2.603073717477949
-2.593726130741902
-2.5922131279726353
-2.5863890956194284
-2.5861651456441246
-2.584522039707815
-2.5841517695419753
-2.5730691567167767
-2.5721613137437727
-2.568033424420782
-2.5675871842613383
-2.563472697831779
-2.558925375940169
-2.5567219144251103
-2.5544486728803437
-2.5461104712700693
-2.544343036228574
-2.54126269218136
-2.5406232848648673
-2.5370469116707803
-2.5362241594464634
-2.5297396904943916
-2.5287697523279227
-2.525454794097219
-2.520181671129201
-2.5145715250172813
-2.5089297109284376
-2.5070881597616768
-2.506757956964615
-2.502521588302478
-2.501560737426156
-2.499753776093169
-2.4972123443673593
-2.49517828482925
-2.4940040743105003
-2.4851997148832723
-2.484076256113275
-2.4826380478878907
-2.4811090774628943
-2.4809450571417235
-2.4777314470320766
-2.477311296615058
-2.477285192632045
-2.472910506264944
-2.4711533153233622
-2.4665915938847376
-2.466163907140296
-2.4639815076347977
-2.463674222497368
-2.4631834542278486
-2.4608651389149685
-2.45996511100435
-2.4580874999096616
-2.457945761884583
-2.456882163357737
-2.4517743901913316
-2.4461024649012515
-2.4428627193440913
-2.439801239116363
-2.437292633054062
-2.436124302748258
-2.4354075168406277
-2.433458917315543
-2.432443363207287
-2.4320458885823326
-2.4308277075808338
-2.4298174383215123
-2.425202404677374
-2.4218968565257097
-2.4199837555469856
-2.417491703143353
-2.4161999591193877
-2.4096585802319805
-2.4083161634201833
-2.4032840122545926
-2.4017461668863
-2.4017209180614576
-2.4009864930444347
-2.400675467134052
-2.395928366607869
-2.3950956532293066
-2.3948140924542187
-2.393243078666599
-2.3881470222700525
-2.388123558960426
-2.3790475354162703
-2.3774304110267863
-2.3738944883542548
-2.370977208753572
-2.3669224323804894
-2.3663497707398764
-2.36285468712453
-2.355679914408062
-2.3515782410495985
-2.3464802442103245
-2.3455964443442574
-2.3431163773084287
-2.3429741936616595
-2.337101689833347
-2.3355372297328234
-2.3296174692963154
-2.3271477657895048
-2.3252904886351224
-2.3170418485728748
-2.3125128115949103
-2.311364607840276
-2.30704193213577
-2.303392329888143
-2.2976825359166018
-2.296595911219438
-2.2955776188526813
-2.2937343744103553
-2.2933992041349036
-2.2927714049945616
-2.28705828308817
-2.2869448520367377
-2.286595163695102
-2.28494366273844
-2.2829849929514037
-2.276950053123117
-2.2769493292702365
-2.2747614474608406
-2.2731095068776526
-2.270325251851267
-2.2650105438558867
-2.2595623000419747
-2.2589159906303853
-2.2514724932599743
-2.25011841226173
-2.245854022243589
-2.236386769627442
-2.2361767899607417
-2.2273873615691784
-2.2262865109071934
-2.2232989394630063
-2.2225316789256606
-2.221250236339084
-2.220040971111376
-2.2189725039600168
-2.211230636798919
-2.2081667648992154
-2.204470895864608
-2.1974147627853626
-2.191740356720231
-2.190962170450773
-2.1897853054315934
-2.1831400655286988
-2.1824479139553747
-2.1805678945421527
-2.178378694473675
-2.1783266700761144
-2.1772809657047634
-2.174161103003282
-2.169512325169434
-2.1674806739161325
-2.167409045243452
-2.1634267789586916
-2.1603223790027655
-2.1589410126625665
-2.1589246969459865
-2.154514829285362
-2.1539308961573838
-2.153561877830104
-2.151731283514552
-2.1435701888832472
-2.1420035711985586
-2.141926932852291
-2.1413754122836925
-2.1349214104850542
-2.130123574066098
-2.1294219455843644
-2.126964163881636
-2.126304747795502
-2.119641171724693
-2.1196141486866975
-2.1181154361695893
-2.1132073558224698
-2.1075777865129828
-2.106052241527106
-2.094187658367522
-2.0935434097797403
-2.0875973745943375
-2.085199760921406
-2.0845615430588142
-2.0838567154594783
-2.0824753170945294
-2.082030549763767
-2.0807587948618145
-2.078788775930932
-2.0784888599418245
-2.0782078341501333
-2.077713360887101
-2.0754396994549866
-2.074402352328299
-2.0721581863911216
-2.0709819971835803
-2.068024643418238
-2.0608023063555274
-2.0567304872360617
-2.0564687719641523
-2.05548842884724
-2.052749387223157
-2.052642638965068
-2.0526077031104055
-2.051919623801791
-2.0514674195218565
-2.05087169300855
-2.050715897613914
-2.0484026827808917
-2.048340359547287
-2.042731395567037
-2.038402357479513
-2.0365980119020515
-2.0349357542221673
-2.03265214819156
-2.0316766346809505
-2.0293223802349263
-2.0273711220904755
-2.0265707660246095
-2.0250640489778116
-2.0176840071239956
-2.017636947045258
-2.015816970322806
-2.013314814472163
-2.0131319029336
-2.009594643908758
-1.997632863221769
-1.9963744647405672
-1.995320435483697
-1.9941673838704597
-1.9907732949432508
-1.9907709330262207
-1.990071820386655
-1.98974574107141
-1.9885863892112399
-1.987995453488217
-1.980239059605982
-1.979896958546997
-1.9756121800260962
-1.9744864902694017
-1.9738994464324224
-1.9721743157629703
-1.971203853314647
-1.9665688950417253
-1.9657683089166453
-1.9655469860183223
-1.9651074580014372
-1.9642354511949325
-1.962057271566176
-1.9585916524440181
-1.9564305673635562
-1.9556461291082015
-1.9482745621861783
-1.945580568620778
-1.9425541914130082
-1.9392632364872473
-1.936608079527145
-1.9365020101449133
-1.9337027734955141
-1.9326899658167667
-1.9296675002023398
-1.922586587821769
-1.9194448800557495
-1.9172805814038678
-1.9147658329243464
-1.9117452715907821
-1.9105787899301983
-1.9102466701896197
-1.9096772814295169
-1.9086320652150788
-1.9081638282654974
-1.9054100001756382
-1.9008685372041196
-1.8990179212770433
-1.8954143752457706
-1.895326228947159
-1.892522956650129
-1.885205396876076
-1.8831288992966915
-1.8827537826606622
-1.88191669696548
-1.8809749436161058
-1.8667559602207988
-1.865991522337354
-1.8635795723709663
-1.8625862517370475
-1.8604624065771649
-1.859952607555754
-1.8592613105577411
-1.8582342360893358
-1.8574912563643589
-1.8568426704496506
-1.8560032878578034
-1.8547601890946688
-1.853375890140097
-1.8491100712669764
-1.845154537663456
-1.8446460864826015
-1.8418076581895713
-1.8399020260861816
-1.8363161371066683
-1.832319017955009
-1.8265909748239888
-1.8242760506284161
-1.8233476083180093
-1.821725334576584
-1.8078671316833919
-1.8055393416739767
-1.8048229525190784
-1.8043185519853282
-1.7979456065283177
-1.7979246696748143
-1.797168794510355
-1.7965247289531465
-1.7951250154337792
-1.789190817651277
-1.7871080237968555
-1.7845426222692433
-1.7838996941716327
-1.7802729399895632
-1.7757273680532402
-1.7733067467229404
-1.7693767805213927
-1.7693154431018216
-1.7688372371801058
-1.7674997350867307
-1.766682942449379
-1.7665692236435797
-1.7619690008831503
-1.7612292561562362
-1.758912882674231
-1.7588325210832016
-1.7540546265056125
-1.752100744424945
-1.7515202774903047
-1.7499295556894379
-1.7484309036509496
-1.748187261118404
-1.7473917240229075
-1.745591916047112
-1.7445937805661669
-1.736332982426826
-1.7331974066311187
-1.7307337050669875
-1.728831954232151
-1.7253791269685843
-1.7249655637234467
-1.7248685107772754
-1.7245160310113223
-1.7197647823340296
-1.7161720146494335
-1.7118827183283003
-1.7055454666351275
-1.7048528650787769
-1.702287943113073
-1.6973976553653838
-1.69526551768628
-1.6950641985093329
-1.693247752959156
-1.6930515363275451
-1.6888982080120152
-1.6853389673355261
-1.6830470114249847
-1.6811490649626073
-1.6803289331042472
-1.679282987496836
-1.6755105221967093
-1.674975733303292
-1.6747821933235203
-1.6737030280262657
-1.672792635317907
-1.672598371712094
-1.6717836430952144
-1.671240668340353
-1.6699690158815188
-1.668872837047885
-1.667303768422503
-1.6670758987247427
-1.664871563379101
-1.660954668066327
-1.6582382573863483
-1.655868668620997
-1.6555181721904997
-1.6548264573134719
-1.6518183132373954
-1.6483907553237431
-1.6400133848072507
-1.6385047789553004
-1.6383599509253428
-1.637906872372512
-1.6370581388717507
-1.6323796617261528
-1.6320320383409863
-1.6316122020848929
-1.6293887802382707
-1.6265120880786657
-1.6253078603412825
-1.6248086613458612
-1.619404842894995
-1.6181958448029836
-1.6141520346143912
-1.611364294800238
-1.6066548642425862
-1.5960044110912233
-1.5945337112074265
-1.5921253225473306
-1.5917277131046146
-1.5907899188212355
-1.5902534426978665
-1.5897159021244136
-1.5895899949788193
-1.5887138378798717
-1.5803705990656811
-1.5789903888895003
-1.5779853717419947
-1.5700044282963386
-1.5618652525743062
-1.5586324286390605
-1.5585843653440707
-1.5574276790904564
-1.5566823390694235
-1.5554898433098985
-1.552058206520722
-1.5480042607561346
-1.5468013965808098
-1.5456129197350057
-1.5452229554459884
-1.5448831745237737
-1.5427624465915897
-1.5396283046901424
-1.5377207786674316
-1.536882442531064
-1.5361352664161014
-1.536048399511171
-1.5356684518693502
-1.5337824655422547
-1.5300586651659667
-1.5288421099910683
-1.5279829701876018
-1.525313563996218
-1.5233423242329638
-1.5223787566044766
-1.5201727667525977
-1.5173083117530521
-1.5146960883970921
-1.5126217633285084
-1.5121287654475006
-1.5119867632104813
-1.5115317095008116
-1.5090366081744375
-1.5086984577329214
-1.5051175249441338
-1.4989942850655606
-1.4987527681178312
-1.4982835287453522
-1.4957551019580224
-1.4919272763539573
-1.4892847614831013
-1.4889662053507704
-1.4869119338136074
-1.4836353330382277
-1.4827770782828156
-1.479198827291612
-1.4788700631508316
-1.4761908415346077
-1.47512765236484
-1.4737162660393555
-1.4709499431274913
-1.4706789826316982
-1.4700903503413119
-1.4694423183274283
-1.4641549100916396
-1.4633133552898148
-1.457883471678371
-1.4511082489914295
-1.4471945565124904
-1.4470317902743672
-1.4400444225043052
-1.437803295484075
-1.437729391178297
-1.4346596804636147
-1.4337335882757907
-1.4334025341680632
-1.4303485643565674
-1.4298840834019892
-1.429473187869821
-1.426981753867095
-1.421132542777885
-1.420541631876423
-1.4141478486953034
-1.413843638022972
-1.4087374309259038
-1.408324978877264
-1.4026714662892135
-1.4024216653332846
-1.4022044866284955
-1.401826987736425
-1.396503997691888
-1.39563185122619
-1.3931071470947616
-1.3928166681355365
-1.3916343063016672
-1.3847141834883203
-1.3835858495038762
-1.3825989397410143
-1.3813726384777307
-1.3801028465490506
-1.3794031783548157
-1.3740190546928412
-1.3710610344570058
-1.3708947479200917
-1.3683370528659284
-1.3678982300629667
-1.3669906117184873
-1.3664676077887952
-1.3636070461963683
-1.3630114028323732
-1.3626113646282667
-1.3616632358259775
-1.361540714941903
-1.3599915237875164
-1.359438093434567
-1.3557437941652357
-1.3553647594585336
-1.3517738109857134
-1.3480809244226064
-1.3454771808205734
-1.3400509698488268
-1.339135256693599
-1.3390047992068117
-1.3376515636389166
-1.3370103106684808
-1.3364514600300046
-1.3332664374723244
-1.330613376981736
-1.3290041732418554
-1.3256328426698345
-1.3244345080404083
-1.3220067478256128
-1.3199779658311306
-1.318290986326174
-1.3157041417137463
-1.3151065233166817
-1.314793690384097
-1.3115093036105605
-1.3085530016091147
-1.304214030463522
-1.3023660866231888
-1.3007482290937415
-1.299982594502815
-1.2971509584033112
-1.2964029787281652
-1.2944177749941945
-1.2942601638194948
-1.2940073078706034
-1.292034624688867
-1.2884691581286325
-1.2841110664841433
-1.2838101276594829
-1.2765628733605907
-1.2757059395172434
-1.273305321143857
-1.2721671530956393
-1.271673879836735
-1.2666729938759098
-1.2661204364799272
-1.262951262405409
-1.2618416174982432
-1.2598186476284607
-1.257820646107788
-1.2552764399559504
-1.2534470906727249
-1.2489761827383477
-1.2438114571961705
-1.2430356851367539
-1.2429213294750998
-1.2422119273575905
-1.24105234228781
-1.2368984164714667
-1.2329868561264397
-1.2289549530389703
-1.2284199767647768
-1.2283476994944995
-1.2247191519865668
-1.2246226905560482
-1.2245323390531988
-1.2209266445428324
-1.2189060592214387
-1.2149420312549628
-1.2148943462314552
-1.2148484316758403
-1.2092352934733275
-1.2057103779811158
-1.2020947394361376
-1.2014184399424939
-1.20141532572409
-1.2009199106120927
-1.198782807015796
-1.1980019886179814
-1.1944697433775948
-1.1935990012705926
-1.1918362004438277
-1.1895263252389847
-1.188395923439097
-1.1854583120011344
-1.1850975072750272
-1.1835630740825092
-1.1792314678320146
-1.1772925148881708
-1.1760232227096143
-1.1742671130079143
-1.1695196582713145
-1.1678631335095626
-1.1668358367415967
-1.1661122413421876
-1.1620353795163822
-1.1577821925419012
-1.1574905159494593
-1.1528814687892188
-1.1484875995725807
-1.1425761673811743
-1.1400726453609344
-1.1381238967466416
-1.1363271247683402
-1.1363154834433562
-1.1352875549086612
-1.1337432704138415
-1.133197529028186
-1.1288756934310364
-1.1261474078983484
-1.1254449470637977
-1.1238817522245808
-1.119992561512416
-1.1134590269376432
-1.1101852800505583
-1.108381946732799
-1.1080063658599242
-1.1078911720486486
-1.1075041175632194
-1.103598170460764
-1.1023123690261654
-1.1016335254672198
-1.1011312438385858
-1.1007422779693765
-1.1006940489912775
-1.0999200480517926
-1.0971178050928567
-1.0966705448493932
-1.0953425682674631
-1.0935407929777743
-1.0925220986164272
-1.091853924203992
-1.0916082825607567
-1.0913058646117462
-1.089374820013926
-1.0809381104890152
-1.0809087214935902
-1.080075361069681
-1.0795232397407042
-1.0753410300276531
-1.0718338111808101
-1.0714261789664137
-1.0675296407379014
-1.065920427097352
-1.0638834123997127
-1.0612483825263381
-1.0610770650579346
-1.0606165500760085
-1.06022889237579
-1.0585647097213424
-1.055767696399835
-1.0556761965313861
-1.0556014010608439
-1.053027536343746
-1.0528245111725347
-1.0502936362187203
-1.0467250762400406
-1.0457069196538669
-1.0402047406331982
-1.039865365873494
-1.0396595045555264
-1.0391626850498203
-1.0387539700674187
-1.0385385916771313
-1.0381848720220603
-1.0377273543088996
-1.0356719975958169
-1.0349866435271515
-1.034944636581935
-1.0316605140621546
-1.0309646565605983
-1.0307080049040271
-1.030511384255409
-1.029771986339202
-1.0285311607836487
-1.0278141323358714
-1.026247123171293
-1.0261178774982274
-1.0194930944437128
-1.018803180442203
-1.0173883251813272
-1.0161299002476734
-1.0124149015196595
-1.0123028620421284
-1.011057263135001
-1.0054045482024532
-1.0047134904284427
-1.0036015447417224
-1.00154376049296
-0.9987737090699734
-0.9980213888693461
-0.9961237308352157
-0.994212165690189
-0.9917590220275496
-0.9852803093107464
-0.983711239244152
-0.9810940734423192
-0.9806980836921921
-0.9802506882563958
-0.9772423619154048
-0.9752544712378297
-0.9743257510191888
-0.9677676043169154
-0.9645637401554529
-0.9645090678482519
-0.9644035882038633
-0.9635168068779267
-0.9599284256388237
-0.9595351305919533
-0.95941472312176
-0.9535326088054726
-0.953329262484903
-0.9501235083414845
-0.9495581810110203
-0.9494311860568398
-0.9478795040303623
-0.94408539658308
-0.9437881928336886
-0.9437719017528735
-0.9436169991506476
-0.9404238451364723
-0.9401424340465867
-0.9390986876271148
-0.938703343842239
-0.9362608771061541
-0.9337434497426951
-0.9315974501386749
-0.9292797591771466
-0.9251687695737802
-0.9246997760007684
-0.921682797059252
-0.9201737361498602
-0.9165521269284226
-0.9151132295852002
-0.9140506002271658
-0.912735441896471
-0.9121104863785132
-0.9090398418080241
-0.905746044407188
-0.9023986514191374
-0.9002123415884224
-0.8990391640212916
-0.8979776852241719
-0.8975494066697565
-0.8941135728914863
-0.8874619673229454
-0.8858187156043763
-0.8827511508275753
-0.8800865497291197
-0.8772884689401923
-0.874643170584223
-0.8731510923427278
-0.8726419175231039
-0.871180333594934
-0.8706409052910653
-0.8703598273741263
-0.8694626430320034
-0.8671419501999775
-0.8671047919882711
-0.8645887503708546
-0.8609108600249844
-0.8592466431909435
-0.8584884550769317
-0.8580083931193494
-0.8566495961802796
-0.8542497768813573
-0.853215064939468
-0.8518835533946317
-0.8505130314536655
-0.8488884203989294
-0.8456020081012113
-0.843343260190327
-0.8414846039721223
-0.8377234268148075
-0.8362802693271397
-0.8338691112265842
-0.8330749239622337
-0.8324399262818989
-0.831471658456949
-0.8306906540253464
-0.8282614869300624
-0.8281401856146576
-0.8271152266890163
-0.8270161497372396
-0.8221848351179316
-0.822070528558054
-0.818470168151367
-0.8172032179130763
-0.81578385256245
-0.8150639626420132
-0.814954908334365
-0.8125063177892158
-0.8123963481767065
-0.8070446052903808
-0.8060421678593598
-0.8054513574954352
-0.8046373692976208
-0.8043672843839569
-0.8035105591585894
-0.8034470181385314
-0.801056905528939
-0.7985109762986771
-0.7965861889402632
-0.793523494712027
-0.7931891043418078
-0.792028182703651
-0.7913994450095193
-0.7907430546567896
-0.7902759237561323
-0.7885004394324433
-0.7876326057603821
-0.7862702370948041
-0.785113126151018
-0.7847295102642602
-0.784376610760087
-0.7826246457057726
-0.7825552528878352
-0.7804098878739768
-0.7743840668005868
-0.7734057695798682
-0.765864631062696
-0.7626712380680403
-0.7593396796878773
-0.7591656598740788
-0.759065896138617
-0.754227926872603
-0.7511924782515774
-0.7511444850784328
-0.7510408676773862
-0.7498532072789392
-0.7498073814054006
-0.7493768584201167
-0.7484314899969269
-0.7469131292418444
-0.7442110302946014
-0.7419173149436395
-0.7404853128955802
-0.7403703493405646
-0.7372488919756437
-0.7365619930813079
-0.7357060171871834
-0.7338211962836458
-0.733308001449953
-0.7329855336314055
-0.7327295134717213
-0.7316197417345409
-0.7304253777742842
-0.7294317459886258
-0.7286863260111087
-0.7279705271151534
-0.7227225589698623
-0.7214457690125673
-0.7207662817147886
-0.7207291379054879
-0.7203564986196405
-0.7186112026593334
-0.7168837884485837
-0.7150193887351228
-0.715018978341567
-0.7141334408116405
-0.712124623364796
-0.7074768734321653
-0.7071085571133277
-0.705809132999522
-0.7051074210616095
-0.704920367330021
-0.7004547712211143
-0.6992626197476518
-0.6981658969668145
-0.6943095694907903
-0.6909531506135962
-0.6886734176172072
-0.6874411459605859
-0.6835319587765384
-0.6830355293604669
-0.6825193042600107
-0.6804121904338446
-0.6787755349916005
-0.677623441588598
-0.6774106446284809
-0.6774098368871277
-0.6746906348000243
-0.6724766890233326
-0.6695293924344464
-0.6695288597336123
-0.6677939176341718
-0.6677137798593907
-0.6668457557769709
-0.6655849425227046
-0.6643012151266485
-0.6642813466135171
-0.6636690735162216
-0.6626186486876017
-0.660818864378262
-0.6578011406619934
-0.6577518706187566
-0.6562424489183728
-0.6542675838183043
-0.6516755495470469
-0.6514928826203613
-0.6505588739748578
-0.6492915448394104
-0.6445424187769212
-0.6438571798744468
-0.6434938349789734
-0.6410449182548925
-0.6393508598178839
-0.6385888767286831
-0.6385884389781926
-0.6368447445122906
-0.6317224459833989
-0.6310079091924743
-0.6299813704293874
-0.6260585806443844
-0.6221238458274668
-0.621566701686038
-0.6209675094961375
-0.6207628178624125
-0.6171920372611235
-0.6165679382060415
-0.6157950016008457
-0.6155801107836264
-0.6152620139355456
-0.6147691403816079
-0.6119065359802973
-0.6110163389671941
-0.6090894680267531
-0.6070894146324428
-0.6059065981016952
-0.6058417064845331
-0.6048668289357088
-0.6042334500154678
-0.6028670692452239
-0.6022105182199429
-0.5974549087607992
-0.5967700673542035
-0.5956646311455475
-0.5948487661972797
-0.5933789060011629
-0.5907960328524434
-0.5896120104365564
-0.5894769510265784
-0.5890907460126019
-0.5889767254218174
-0.5880792416289558
-0.5867751332530686
-0.5835792653634801
-0.5830839235572636
-0.5826631563190383
-0.5812339161618543
-0.5808059328127844
-0.5798188974560006
-0.575642192631237
-0.5743827448303604
-0.5740345219608554
-0.573416810766761
-0.5692448935403006
-0.5687896450912313
-0.5657799027984285
-0.5617771953352018
-0.5607478136701193
-0.5586485718122307
-0.5570237926726381
-0.5569421453912928
-0.5556015031566572
-0.5548825793150819
-0.5528806843778885
-0.5509663284095272
-0.5495564383605479
-0.5487288487376448
-0.5452284417692325
-0.5435173382730614
-0.5429655804379181
-0.5427620139105428
-0.541413406469558
-0.5410097667380178
-0.5387354395684905
-0.5382927118062932
-0.538105308829055
-0.5350978395181885
-0.5333266824405829
-0.5326759250087427
-0.5288367441197027
-0.5241692763336538
-0.5228252430754621
-0.5221034852292593
-0.521968790711404
-0.5213592249359332
-0.5204089120019633
-0.518832069574837
-0.5180658577895798
-0.516177701361467
-0.513519397794888
-0.5133665723548541
-0.5126557718378044
-0.5105647419109516
-0.5105512208066005
-0.5093701326871338
-0.5043006894265394
-0.5033348876243634
-0.5020056694771321
-0.498973144773946
-0.49708198322351455
-0.49026051683196215
-0.48978716081991164
-0.4884908504470106
-0.48613189012947267
-0.48589551699597844
-0.48524573921092085
-0.4828750225475291
-0.48239506610573835
-0.4821806274816982
-0.4798369024596548
-0.47755860434662223
-0.4775221418268943
-0.476937466184317
-0.47589041373991137
-0.4733409096785113
-0.47164711654884994
-0.470790604037577
-0.46624467209296805
-0.4649548628259907
-0.46487457647561803
-0.46330217610027624
-0.4627366908192241
-0.4602086498969278
-0.4600709410866741
-0.4516246188723178
-0.4509085991077746
-0.45089869825120976
-0.4507665063346932
-0.4505233519702748
-0.44792666752655075
-0.4467524180959339
-0.4466792875394735
-0.4432845046166669
-0.4426621640386066
-0.4426603219342182
-0.44176484266164273
-0.43989190123140537
-0.4378353566407001
-0.4338837493672262
-0.43008443662007434
-0.42930911744712463
-0.42877230814452183
-0.4274324290177568
-0.42666874597885274
-0.4260803485214398
-0.4256986135856394
-0.42527949607386795
-0.4252701866246227
-0.42381024372025156
-0.42324398430487065
-0.42300359187811043
-0.42250507381210334
-0.42050510527482643
-0.4189903147764925
-0.41875215717207676
-0.4170996000485545
-0.4156875318359571
-0.4116266375629803
-0.4098438845585328
-0.4092499568465394
-0.4063318664898744
-0.40505541083375735
-0.40502752928229036
-0.4037494029478822
-0.40358983914972657
-0.40288140399776196
-0.40173647562127124
-0.3986741263941751
-0.39854886483625285
-0.3974425773154163
-0.3971193838010275
-0.39504942039448937
-0.3947418933775486
-0.39420523183110123
-0.3937448869144806
-0.3891621699127037
-0.3887536698706804
-0.3876521572359152
-0.38459186515687577
-0.38295383400306304
-0.3818618396673481
-0.38034537998980816
-0.3792721357051049
-0.3752440953364921
-0.3697003614589298
-0.3695217807525768
-0.3690059083287821
-0.36895309189304404
-0.3686845237355185
-0.36697232431342375
-0.3651827818739766
-0.36487049686089185
-0.36267743097704747
-0.36216367464056065
-0.36007378105350596
-0.3587500311563774
-0.35758262734149215
-0.35743920568300674
-0.3482862062050106
-0.34822513599866267
-0.3476274526628189
-0.3446834792635922
-0.3446018382345729
-0.3443423716391392
-0.34343676699957804
-0.3411591375291957
-0.3402435801141113
-0.3384805364530501
-0.3370392798095536
-0.33564975580340806
-0.335393123050584
-0.33348661132149826
-0.33333744546882055
-0.332750823885115
-0.3300500882013857
-0.32941044390113716
-0.328514755965819
-0.3277429388721838
-0.32649977053248447
-0.3259701422611595
-0.3243644170382086
-0.3240056978743372
-0.3219776018595657
-0.3161690400925936
-0.3147485031614765
-0.3142728259743981
-0.3123418621307341
-0.3120169231846681
-0.30777319729368924
-0.3071403913301001
-0.30614346622836064
-0.3052831700633641
-0.3049287699736089
-0.3023825585610093
-0.3017969790719657
-0.29588769710239904
-0.2956344333839119
-0.29484933025560955
-0.2940213645080715
-0.29160653289133903
-0.2913425361875406
-0.2907940877601082
-0.2872913901154334
-0.28636741395061044
-0.2848726592414629
-0.2833946461451362
-0.282652326493978
-0.2816225171320031
-0.28096582981287954
-0.2809423943791628
-0.2792039547070432
-0.27687382695110585
-0.27609875515260274
-0.2752526576404756
-0.27479163418660146
-0.2729705664358466
-0.272853468893554
-0.2719032657967382
-0.2694381946910492
-0.26938568482740677
-0.26798528356709994
-0.26706784263395356
-0.26542789810741896
-0.26508361451595674
-0.2647708251818028
-0.26089407202586057
-0.26044633979063925
-0.25911966834989775
-0.2578714974170444
-0.25696885041306394
-0.2561293375893583
-0.25155735727571993
-0.25109722026628534
-0.2500049088093095
-0.24951424732853691
-0.24811116931436566
-0.24614818587577952
-0.24511154403747912
-0.2442886616249365
-0.24423049387967577
-0.2436324190342882
-0.23979512064645325
-0.23906142528563
-0.2368707916025684
-0.23592948376405393
-0.23561084943005797
-0.23507434012283646
-0.23174946408379504
-0.22788949777711964
-0.22616263339411502
-0.22377079892505025
-0.2233180866258671
-0.22226915846266737
-0.22111899381081912
-0.21989544226425256
-0.219295234763783
-0.21922612218661006
-0.21784680518896793
-0.21705005329970392
-0.2149857989906559
-0.21319747067079198
-0.21183149140992644
-0.20757224920857886
-0.20751985207223356
-0.2054578907293273
-0.20506460185404984
-0.2050200605910636
-0.20282215046215699
-0.20277447167342005
-0.2007751664526899
-0.2004206020048264
-0.19905684907658183
-0.19875178810276165
-0.19824231851617946
-0.19797640226145163
-0.19781162216284626
-0.19721191332750754
-0.19644471866482383
-0.19526123568154474
-0.19097043324949592
-0.18944365791000517
-0.18825141270791712
-0.18427819794566852
-0.18342289188160998
-0.18265082002615896
-0.178946091562987
-0.17481228252131703
-0.17408415449597026
-0.16856510509416187
-0.16814340387398224
-0.16784695464340157
-0.16748069342748528
-0.16701226742784492
-0.16541056689721811
-0.16469882718147721
-0.16459827162040558
-0.16299901986293186
-0.16255816355494013
-0.16106576444756782
-0.16073880245116856
-0.16040569654153092
-0.15944548487828947
-0.1586370386969187
-0.15835002409606677
-0.15584969438585494
-0.15484659962946945
-0.1538253655335955
-0.1534615308341326
-0.15070395034542883
-0.15059528755610307
-0.14890229140842104
-0.14824087642051176
-0.1434084847005663
-0.14153843147334347
-0.1404429500525287
-0.13894175668668213
-0.1376792678820935
-0.13592430226234037
-0.13446302288955125
-0.13334202743023682
-0.13259207836793108
-0.12894799362692322
-0.12322492798020357
-0.12204111363700343
-0.12113835203357226
-0.12057257730046203
-0.11999572753394377
-0.11988953672118507
-0.11721705313218944
-0.11669272395577979
-0.1141063639782989
-0.11025260173232987
-0.1058848136115299
-0.10368501249575923
-0.10251173232409583
-0.10239550265112651
-0.10234546312824869
-0.09984073026599549
-0.09603386651125803
-0.0953102338865569
-0.09452375646943934
-0.09397375721353596
-0.09371346844310158
-0.09289082041843078
-0.09278091041016567
-0.09264142338637771
-0.09097901451935819
-0.09056435088699699
-0.0878069033785573
-0.08711266868345058
-0.08642739268509303
-0.08506232294175209
-0.07760822089129749
-0.07421262457444244
-0.07241698856800893
-0.07180650206378936
-0.06985151728306405
-0.06970402855869073
-0.0682767128070989
-0.0664217039710524
-0.06427190564953056
-0.06280235330550754
-0.061628171046082536
-0.06149395247086631
-0.061463560504152276
-0.05963256421154765
-0.05610676243331558
-0.05513350199429157
-0.05298545060503912
-0.04880062924605699
-0.047670046224788876
-0.043751740005886885
-0.04373831588610455
-0.04301227504458727
-0.04300356635834046
-0.042304304336372445
-0.041126915514293594
-0.04028305332826637
-0.0381506866139667
-0.0379411466880466
-0.0377306451772724
-0.0350666344102038
-0.03277108346062685
-0.03213516417551261
-0.029476655297729137
-0.0293949662650575
-0.029218442391885313
-0.028388573551024643
-0.027486109634180744
-0.02745286922111767
-0.02677664316551881
-0.02446092576887049
-0.024389041022773533
-0.021579604166029054
-0.02147791067854954
-0.01951369017182214
-0.018953909183023532
-0.016214343915402107
-0.013836463013587208
-0.01277972333129529
-0.009678357155881057
-0.006744991723725335
-0.0065189925684649985
-0.006489758439658266
-0.006085677369235265
-0.003677940372916799
-0.0025931488225207078
-0.0009474086565334772
-0.0006143968027077229
0.0005728214807510512
0.0007319772413140191
0.0010370970373279054
0.0022599195299275454
0.0029785944956843835
0.0033302517542881382
0.003539609753935191
0.004733152137287533
0.005365929094759747
0.006354925001724188
0.008154402099827651
0.010827089723241756
0.011562650387671347
0.013981895270277378
0.015139360551063241
0.015629411893910483
0.017155283790673992
0.017743134026454478
0.017939121096658572
0.01993757216811526
0.020332144291896226
0.02077404349602896
0.022551178214363587
0.027215686387409566
0.028239803566598165
0.030581300637984477
0.03210764344918127
0.034936498275914496
0.03623458565847783
0.03754505479468728
0.03815457928027166
0.03976328321254824
0.040612010060176174
0.04365286082152364
0.04411634517611884
0.044545956626378856
0.04462689140908682
0.04585805490631234
0.04898202528207729
0.05184791467490035
0.0523702373789061
0.05264292017427874
0.052889470052625176
0.05371884983413283
0.055150108902413564
0.05668241287569456
0.059137526537078766
0.05918176637188098
0.05934756349095438
0.061079772531383594
0.06231825616160547
0.06362252083637132
0.06514828728365252
0.06553495581595048
0.06593275099050822
0.06667172963724832
0.06698063445044689
0.06861083233747622
0.06882223940344034
0.06952301759861695
0.07075660510362525
0.07215579209098721
0.07417550128210915
0.07504173325448749
0.07617261615176421
0.07683607501945999
0.07996344956051249
0.08135119697741422
0.08136242965502227
0.08164550368376017
0.08196970140828375
0.08325258641105854
0.08518515656721759
0.09092204893800848
0.09398611945072466
0.0948949629101159
0.09546201223942713
0.09963814132392779
0.10266125018783823
0.1029706739910296
0.10339814375220052
0.10378236146859415
0.10388842401781562
0.10449532553722485
0.10711736969376984
0.10875798606789311
0.11031750633426396
0.11143355232104579
0.11193857515352817
0.11252639300450518
0.1126870205106063
0.11462696291868069
0.11467562672499665
0.11600703385472477
0.11684285176527631
0.11704874799178189
0.11759850802889338
0.11796626545759548
0.11937314207377969
0.12006642063454029
0.12152215944735312
0.12364471069645258
0.12569281580337932
0.12759030512430247
0.1303960972823689
0.13359707924905828
0.13367678788060783
0.13661108790951249
0.13684709307368714
0.1385600879974075
0.13975144796084915
0.14028370805867874
0.14063726881661298
0.1435689226269043
0.14458579722443426
0.14902879834108002
0.15124072155817941
0.15192905958568986
0.15266466440735815
0.15561946011053074
0.15572026833368768
0.15600038216732096
0.1573243226378166
0.15816118526298384
0.1636307998673392
0.16416664053938868
0.16537480882773092
0.16564484118445902
0.1657175798430091
0.16762897128682192
0.16771817361105845
0.1694766711015519
0.17048616847995235
0.17085417152062082
0.1715030615544546
0.1721228841048861
0.1723106981926929
0.17488105270043508
0.1756363278190365
0.17583975782045702
0.17596227885798127
0.17763663009158404
0.17794489052981288
0.17976192526040746
0.18151347985938532
0.1831098550674352
0.18507519843262255
0.18608000416768697
0.1922468924354075
0.1923596250891616
0.19271662442976378
0.1929549116336141
0.19299174670407937
0.1951710741185731
0.19598380676942806
0.19637753297819804
0.19756043495451608
0.19793882179290262
0.19812796207494165
0.201778651751781
0.205606745528029
0.2061877611993948
0.2063283069154408
0.2078267695232065
0.2084401249702669
0.20937207857061724
0.20994050214134818
0.21248236236541618
0.213417392324953
0.21985814578481344
0.21990014896290982
0.2222713793284164
0.2222976199695783
0.22270882121872962
0.22319297697915863
0.22332792712548621
0.2240053607249557
0.2240870975852023
0.2246291512744304
0.22481229375386735
0.22556772118937995
0.22823856335480452
0.2369080781680501
0.23708612757243647
0.23774850913819473
0.23789740322623748
0.23878599802336026
0.2390261583527173
0.24036686178580216
0.24228941123292932
0.24254022674886266
0.24254307386265994
0.2433974874715463
0.24522531929260188
0.24545399513586624
0.2461116377364167
0.24624494568858568
0.24714599204222976
0.24836237388384286
0.24980592434728735
0.2504765078560631
0.2519123456303517
0.25874375077070355
0.2597313010288209
0.2600560768864593
0.2603821887259802
0.26057115295656985
0.26154464470316435
0.262342911469489
0.26507096271820596
0.26519396868495404
0.2662420828036407
0.26685744550373225
0.2683269910641735
0.2703164790183675
0.2705464141318997
0.2713677380516176
0.27170667935100706
0.2756822106427842
0.2774440245405049
0.27950974566161574
0.2798048318647298
0.28213304276475026
0.2825208056304541
0.2834831985113486
0.28501151284908244
0.2862696441113297
0.29067291018331687
0.290820898735974
0.2913196855416408
0.2918946701104963
0.29377596493582947
0.2943501742261011
0.29649868422326386
0.2993239575526091
0.29958770085817
0.30223440078024844
0.3040440830281058
0.308518691440162
0.3087315366851316
0.3098905727153053
0.3103847543417639
0.31346018458617997
0.313523256450719
0.31384316205698104
0.31730046753831187
0.3192409481335968
0.32002342910580966
0.32145735444256374
0.322880767394735
0.32472978469969843
0.32518704534591925
0.32528061442869105
0.3261483302071692
0.3264288565605395
0.32760766395758745
0.32785637933307143
0.3329729415230561
0.33433545003904297
0.33565167158971476
0.33880482914683685
0.3394359494117577
0.341535661114843
0.3418483989493273
0.34225564662600805
0.343145935134443
0.3439177306668585
0.34529204282293846
0.3464674873214827
0.34809509855071097
0.350061998632741
0.350209998001639
0.35136311148098986
0.3519891353537836
0.3524274554922605
0.35255244771974426
0.353919224274529
0.3543154364280944
0.35594864909237733
0.3585838203577063
0.3603237408240869
0.36047455899298875
0.361779520807857
0.3619471774457393
0.3624332558751713
0.3635121695285599
0.3652086889019073
0.3675543338329651
0.3700594685754263
0.3701357868988407
0.3709377366920408
0.3711965022260941
0.37290696755325986
0.3753127874044767
0.3777324642396732
0.37804809717324384
0.38181814005432096
0.3820662344011918
0.38298715131668304
0.38393953466299063
0.3840033171595168
0.38554930740132803
0.38646322197290617
0.38653230190013255
0.3872258791124872
0.3891492869953667
0.39611476135866563
0.3971880226984501
0.3974334360076717
0.3982289621804287
0.40490814772223294
0.40774581844142654
0.4118783114593265
0.4127297916664135
0.41294774140114104
0.41490442164604213
0.4165008847800791
0.4181337406978418
0.4207499709414145
0.42096023194780013
0.422523126698536
0.4235409585452037
0.4245083485571461
0.42459707654683554
0.4254908166141752
0.4282233710435552
0.4291327450805107
0.4298788491008257
0.4300298020344063
0.4319828257665583
0.43526015675877444
0.43780481720629955
0.43844231698070335
0.43892247340322116
0.4401802924571899
0.44103895016010775
0.44132569977973485
0.44294610227666
0.4543385440870916
0.4546009029615199
0.45503068229597377
0.4563345200095411
0.4581469735204261
0.459212748218039
0.459821853303675
0.4598493870274068
0.45994551237106995
0.4615731294188001
0.4634899322815361
0.46440751464397845
0.4657274716502391
0.46616659278087175
0.4665211477230776
0.46752344030964893
0.46828807365898917
0.4683100990319947
0.46839299499895626
0.4692586033840467
0.4694319047868118
0.4712181567124883
0.47224247091329524
0.47312706344827404
0.47322836017207154
0.47371825285317615
0.47565691925967946
0.4801034523547807
0.48225092642836426
0.4834272141671675
0.4843449458316898
0.484948531743546
0.4850298754191118
0.4876222599619479
0.48868880834967043
0.48924966103686807
0.4919548330788907
0.4924287596758749
0.49300450545187274
0.4951585579120901
0.49650758743451506
0.5006569618858665
0.5009622144382646
0.5012446575393039
0.5014334024077459
0.5026927517687653
0.5026934814564037
0.503314219636892
0.5038869551098717
0.5040245746052353
0.5046443811842415
0.5060533618045938
0.5088148365357155
0.512571712588245
0.5131015019937246
0.5137654891929182
0.5145725578895064
0.5147909019713587
0.5156868647132516
0.5202823585940334
0.5227224258024048
0.5247059807160607
0.5257779318600055
0.530101910823342
0.5305645984402225
0.5311464870838756
0.5326017745541676
0.5328728503229369
0.5340698520544993
0.5376923483478491
0.5384081103441274
0.5386269703428244
0.5398012155026409
0.5405273194347066
0.5424176439571714
0.5437637243046273
0.5446175926809195
0.5449415769879153
0.5457425222154795
0.5466105979507574
0.5466686459605944
0.548883579877151
0.5493349308356898
0.5499322481738569
0.5504053126322045
0.5512111237056493
0.5521313785681586
0.5576795368116415
0.5582672487011917
0.5591196277173736
0.5607482623047989
0.5635125071083186
0.5647243604032461
0.5659376495072044
0.5663618473164036
0.566871381383396
0.5680211577171261
0.5704427440276472
0.5706063031932901
0.5715483273403618
0.5733435415977285
0.57629835764353
0.5766443502762417
0.5818273290528552
0.5854800559641046
0.5870024605456996
0.5876056343207603
0.5908141042579946
0.5914655001000483
0.5938498655982996
0.5956348166905481
0.5957293123059242
0.6019888855717528
0.6042019166939412
0.6060869924751606
0.6071764892578819
0.611519923743364
0.612738555058776
0.6169657422775362
0.619033523000168
0.6198248586488839
0.6225339435826451
0.6228244905271465
0.6232003801209675
0.6238522748359878
0.6260033176412334
0.626535471178495
0.6295193535061784
0.6298320657771141
0.6330218161532393
0.6355194684631018
0.6376872902492283
0.6396995612852199
0.6400514029052048
0.6423570999290675
0.644019258924045
0.6465639220533645
0.6473381293135058
0.6474244743624211
0.6476148826658301
0.6487327245132308
0.649707735411188
0.6500963738219976
0.6504129297890037
0.6515077304321675
0.6535987574420854
0.654334874291139
0.6555556714790821
0.6583441273806847
0.6585714727921339
0.6604156694148371
0.6619571954828564
0.6623683742708646
0.662963113293793
0.664317162294584
0.6668768144576032
0.6687915972830323
0.6689854549517602
0.6693380124890329
0.6707666247713151
0.671369879957125
0.6731466374233254
0.6745319411805275
0.6776437979789753
0.6798748468418679
0.6835996159072553
0.6861836616896821
0.6873233530982917
0.6912776065660091
0.6922773318001829
0.6929789661730037
0.6949997963917552
0.6962368556875602
0.6979161061546084
0.6985871645710595
0.7002681319698802
0.7007335660282645
0.7009730906385347
0.7021614018764297
0.7062565797516361
0.7076715211297635
0.7110166736945454
0.7135095962212566
0.7182425724521925
0.7190356536334758
0.7205101348138099
0.7228563356638209
0.7233630623360421
0.7235607201028078
0.7242184452047201
0.7242939578219172
0.7254748520504406
0.7276696458725298
0.7303346323136182
0.7337980156364075
0.735515507676611
0.7368618061021686
0.7384724130928122
0.7395622997217145
0.7413556661987823
0.7416399406099059
0.7416696543551055
0.7426987619691928
0.7432755899917255
0.7433921547353037
0.7439648253337636
0.7482935390103422
0.7483855019223062
0.7502332582968874
0.7527684483377992
0.753218941647311
0.7544925783735655
0.7550522043298237
0.7560777285014034
0.7569381825785392
0.7569676874653144
0.7570443609425709
0.7574308896689981
0.7578830420199654
0.7598320849234824
0.7602841255071797
0.7606888569100453
0.762718565333792
0.7628476884619492
0.7655554491106874
0.7656441790505715
0.7662852218980951
0.7677249819440684
0.7716038109199458
0.772041914620656
0.7725751877392946
0.7750534505193565
0.7757940239523676
0.7805151352961747
0.7822705291492424
0.7828010448395251
0.78833908539596
0.7917579593264201
0.7922644597368651
0.7933993053989615
0.7939320973398057
0.7991051123611302
0.7992661912413748
0.7993204587016557
0.8000741857096462
0.801149959132988
0.8024571490176038
0.8044533786060444
0.8044735411250757
0.8046298736766473
0.8071227422501926
0.8098080357871125
0.813174256550282
0.8146927057511049
0.8148346153864297
0.8162994942992505
0.8167648760510375
0.8168671519795497
0.8179205626682184
0.8197663307307663
0.8208300616279154
0.8239310840973586
0.8246218523468932
0.8251178831865041
0.8255088965549855
0.8271560133577347
0.8321081689205316
0.8325526019796632
0.8335190865382354
0.8341792044199421
0.8341909626737635
0.8389324774329713
0.8403178228019932
0.8409833109638802
0.8410844646565994
0.8441016704858512
0.8465631392168086
0.84782413349688
0.8486148284142145
0.8486416331395296
0.8526783899144967
0.8549988408108594
0.8557347823298342
0.8561728255383058
0.8563330981556205
0.8567966176966486
0.8621187604276171
0.8621207106955333
0.8625569793787011
0.863047470028465
0.8631575067358275
0.8642053303496585
0.8642161974156063
0.8643200122758856
0.8644669230757703
0.8645537533597426
0.8668472064077364
0.8679099148741147
0.8687120868158643
0.8687445418194426
0.874989901933409
0.8752559685175992
0.8795857922013026
0.8805488653517054
0.8815432116932476
0.8819863002825412
0.8822054684489786
0.8824931016041433
0.8829751852968881
0.8840295441971449
0.8852219252180443
0.8855742930847784
0.8873014329681976
0.8883062023544286
0.8889341758221924
0.8893533098872229
0.8923850717082707
0.8956766088838477
0.8978539847548866
0.8982088623460368
0.9010929359086872
0.901268086098696
0.9022121486526837
0.9053377750402544
0.9074195391077665
0.9088691485224685
0.9107004051786501
0.9132315656526361
0.9136256416256509
0.9142439864568539
0.9157217644472041
0.9165902751678277
0.9184245455530069
0.9217427107064722
0.9234462915528739
0.9235018084531993
0.925868000508317
0.9259126423463744
0.9267249025857489
0.9270452713933834
0.9275901760077447
0.9288329444782176
0.9305779792269426
0.9321091765362851
0.9337915623855072
0.9353330171293074
0.9366034586633256
0.9368352406762582
0.9429672630417547
0.946184284444464
0.9481410245723383
0.9502114583023686
0.952998548133537
0.9552784720266931
0.9598348232371918
0.9620410110601942
0.9621553205172347
0.9642116402068909
0.9673586912614152
0.9674643427841613
0.9688225644408749
0.9703538591642732
0.9722733229167759
0.9746521363527882
0.9767428739388521
0.9767933430502191
0.9803334942903075
0.9818249945284481
0.9848063333056145
0.9859758119139297
0.9862652458366654
0.989189500927914
0.9905755540218262
0.9923010781645846
0.9929118259783497
0.9934172179737908
0.9934309931916394
0.994202728505784
0.9948418572771294
0.9954296042628384
0.9994789674321043
1.002044210280668
1.0033111164955122
1.0041183844063093
1.005421683743163
1.0069844472568605
1.009699965270065
1.0102260201734052
1.0107155359135753
1.011675763661462
1.0135141866457569
1.0148832963544054
1.014933263644211
1.015069903741262
1.0220018010817309
1.022053523502355
1.0238599976851457
1.0239648654524776
1.0247853768432016
1.0260691435915348
1.0271652937083033
1.0316316735177358
1.0319360538866862
1.0322755538470347
1.032795026445734
1.032961846091957
1.033245232617215
1.0333334282056474
1.033350006087637
1.0342269517209328
1.0355287288755126
1.0356282052172168
1.0387265944235646
1.0407020151912134
1.041513818015258
1.04226834324004
1.0429174924006241
1.0455147493220067
1.0462779964407587
1.0474312057753115
1.0511234151261148
1.0544589751226732
1.0561650479865146
1.0562994249387487
1.0601550291503201
1.061002301192341
1.0619020153413374
1.0621998176120473
1.0637450184651165
1.0650146254600499
1.0659668163823852
1.0685190712459685
1.0692083523550993
1.0712483941271722
1.0715244812728488
1.0725881625574656
1.0736102208652178
1.0744269739331331
1.0771201431348287
1.0805302345587289
1.0814728497290127
1.081960810107185
1.0823054293087055
1.0843196961736417
1.0866774921317015
1.0870979717103348
1.088457421348513
1.0916374298079259
1.095721232052846
1.0957758750995394
1.096707047883914
1.0970093973745385
1.097171877591574
1.0977925728996039
1.098876859144782
1.0988799898943615
1.0992058647635352
1.102266834835054
1.1068548716634896
1.1074970465927376
1.1075382362493618
1.1097240905296721
1.1101573279576569
1.1102251153275955
1.1131713589351673
1.1155539296166204
1.11584900109361
1.1178183341563512
1.1257816753057712
1.1293460614876853
1.1305539557295505
1.1315896909196348
1.1335112483200123
1.1337253991079541
1.13594358122797
1.1377199856110425
1.1395285007217275
1.1416459284401292
1.1418558817658573
1.142964427991736
1.1444079650691767
1.146610299693926
1.151395235755535
1.1523423685787269
1.1528806050161038
1.154000783172791
1.15991069456391
1.1601931095100833
1.1637159703277664
1.1665942520685513
1.169227936147668
1.1712066847737181
1.1744697348175315
1.1746021072569812
1.1747979179677621
1.1748166323377305
1.178012799008915
1.1783438876852923
1.181619423192273
1.1817101583507272
1.183958851918065
1.1866123367485117
1.189979133504664
1.1912634460965668
1.1923951538404396
1.1936674492854102
1.1944452072918808
1.194559979068838
1.1956069730049335
1.1970991084335803
1.1975644176558298
1.1996340617267651
1.2024021758209256
1.2032710911083255
1.2051049006288233
1.2069973178845397
1.2079319414091834
1.2111904095354307
1.2185023656239182
1.2231064523792767
1.2238839049325603
1.224029627566565
1.224695161159648
1.2248088625338613
1.2248126103583459
1.2249029635254725
1.224924984526074
1.2257213545910957
1.2258731272875203
1.2261576840516724
1.2277179820382407
1.2291975050595412
1.235681517626484
1.2358771066870382
1.2371673075113636
1.240548788967232
1.2433418380128698
1.2442525009270402
1.2464492678206955
1.247904524232983
1.2534244164966817
1.2586993679852418
1.2615477761938494
1.264527126310039
1.265316009581137
1.2704694036354214
1.2729788705204093
1.2735708911187376
1.2779364844961152
1.278411475362735
1.2788123559035502
1.28021881904679
1.2802206751963547
1.2812329539496172
1.2814295770642596
1.2815344065386365
1.2847343211159825
1.2870591302143641
1.2917582767289943
1.2938946564653404
1.296022643659811
1.2979895604776055
1.3063851362480978
1.3070144863491544
1.3076193433343748
1.3076483941778263
1.3094931901504094
1.3097780172175655
1.3105960903825244
1.3129997756957428
1.3133684499472402
1.3135081094962862
1.314063281346503
1.3144401774908974
1.3194182711031903
1.3199031424159147
1.3218194049466843
1.3233840156761205
1.32779170627356
1.3301890205556397
1.3311948327330887
1.3312203393931605
1.3345544614751828
1.3352108647919148
1.337112129426775
1.3373857632161268
1.3466444646341982
1.3505983126639585
1.3542965478144144
1.3590238402445172
1.3659244518880862
1.3720775823202476
1.373196908331793
1.3750338693234916
1.375309153312328
1.3779221503726244
1.378343225011354
1.3794217759302527
1.3808201018208004
1.3812062379361916
1.3818192784095915
1.391004157360236
1.3931280573252494
1.3937734432131481
1.3940380555266692
1.3941628998105242
1.401165152033124
1.4035856533390736
1.403633986268357
1.4039185333305477
1.4062671512887497
1.4128011449661262
1.4128428739411252
1.4144819641517168
1.416988287539717
1.419179082453554
1.4207482646911669
1.4208222996574629
1.4238101589562775
1.4239916373358095
1.4251007754643
1.4293149189749348
1.4307898522371467
1.4354423194117332
1.4356431704399037
1.4403903959098996
1.4425173644725724
1.4446612547503461
1.445810545056688
1.4475061143709493
1.4493619506968995
1.4509010537786802
1.4521822811129004
1.4529476410115088
1.4547701255527643
1.4554759201853549
1.4595419022345115
1.4602832582322978
1.465406215043672
1.4664865712562132
1.4684497235615108
1.4689806220591215
1.469461292336959
1.469738853660524
1.4706582126524954
1.4720102038272562
1.4741878474055676
1.4744243357456175
1.4766355555134327
1.4767776396504764
1.4890963994800217
1.4902744696989716
1.4907036921341577
1.4912855715108042
1.4959635251997039
1.4972353353098709
1.5015828298218477
1.5027433020160006
1.5038530101049998
1.5040514516075882
1.5060672888712876
1.5115487229845836
1.5146914441175834
1.5200529052779972
1.5203284815072586
1.5214889255425144
1.5234939295916294
1.5332773740342156
1.5350877815611814
1.5351912584239602
1.5364413581792777
1.5384183212387144
1.5426144658829521
1.5430357460986772
1.5437569040453019
1.5458101462555631
1.5465823303811557
1.5479434749660212
1.5506847862511368
1.5636166833997556
1.5659602705665554
1.567328769577282
1.567786307886255
1.568473027714215
1.570174140451475
1.5701864998305126
1.5703965494033714
1.5721839432524702
1.5758343887217747
1.5764563892417573
1.579415899659321
1.5815107765867897
1.5822157869164557
1.5824182944897127
1.5836557752098346
1.5843889775945796
1.5885036689924497
1.5912170043723575
1.5913511517668923
1.5965595093749385
1.5988025870834601
1.602457725823807
1.6048187887028
1.6100404017981451
1.6103242821778283
1.6134622193621115
1.6175099725749322
1.6201623259173248
1.62115482925098
1.6230205721322915
1.6296439904577675
1.6330538494492877
1.6356184780699885
1.6416780910977886
1.642042487703517
1.642274655218459
1.643983333957586
1.6447392437865618
1.651747604070653
1.6556183225829664
1.6598987603310837
1.6599561393993443
1.6630795239998837
1.666192537062574
1.666561517423049
1.6708678656276157
1.6723602081220306
1.6764905352133366
1.6844047566034446
1.6901902742144899
1.693800904900681
1.6968157564391786
1.69681876451228
1.697329943499163
1.7030300425842806
1.7054261456636124
1.712830282234241
1.7156024578674947
1.7215634233146144
1.7216276063668432
1.7245322801447427
1.7258455309013343
1.7263462742386955
1.7285602511555052
1.729457000022759
1.7309165817227314
1.7318793421446141
1.7353815610342305
1.7377375366689365
1.7393659392558907
1.7395600782284095
1.743338805294456
1.7451837693355083
1.7516889198598173
1.7524678864291365
1.7540271948577209
1.7547673044253242
1.7563865536230183
1.759940675397961
1.7629145868301888
1.7653492815128602
1.7672223058252698
1.7700462008755173
1.7756071631874843
1.7757434117996584
1.7921962370366016
1.7980733963167277
1.798074017230962
1.8031993933324646
1.8242441733181693
1.8243377438202044
1.8263192902985819
1.830258356522374
1.8330545378323557
1.8416635067449372
1.8424226752476454
1.8485254198807182
1.85300418064611
1.855341980200793
1.8596314895721195
1.8691260423052336
1.872069183303783
1.8762851427743896
1.8947226109023383
1.8975043022186595
1.9000326644481509
1.9076814575878362
1.9096111867418677
1.9227993991904857
1.9277099740489412
1.9286904764467936
1.9333292259969381
1.9388834726147772
1.9390976010572023
1.9415410132821642
1.9500034399026218
1.9524186361477467
1.9535947893297017
1.9538010553850667
1.9541997751365177
1.9558574190138374
1.9696125585729471
1.9710746650208237
1.9797987647655573
1.9828050899564214
1.983466785160775
2.0219458130656607
2.0360997965270005
2.0437336208238315
2.044211124915542
2.051545693091756
2.0534207274687164
2.0544740464366127
2.054968036608507
2.0631423597245844
2.0635397055485623
2.0677103072089222
2.070755193415226
2.0813065307110454
2.092318419935945
2.0955053270484076
2.096601545401816
2.100713736891812
2.1044852165293384
2.111454982163019
2.112311443642515
2.12203452792039
2.127348204840277
2.1307769738153564
2.137372308426709
2.150735278489378
2.160964291792295
2.1641849335644543
2.1706909590879895
2.194191953531954
2.2028141161586126
2.206636125464841
2.2089959738109917
2.2121118884341997
2.2149690091709897
2.219535931052316
2.220417535533319
2.23080645268326
2.237642221051266
2.2542705807573
2.267616793208604
2.2729419728293374
2.3028080685987113
2.307571109496868
2.3091926029885506
2.3142354516033445
2.315336673306869
2.365709727468092
2.3707893350699227
2.4188939668000957
2.420868762057958
2.4536457211140075
2.4860799271323835
2.497337788648477
2.524230680556138
2.573003004139646
2.573501691347096
2.6008576322780863
2.6125600798349504
2.653543766050942
2.8874691423340266
2.9185329065196375
