-16390.431254 1
-8197.737845 2
-5466.665452 3
-4101.044175 4
-3281.620769 5
-2735.304853 6
-2345.055203 7
-2052.349981 8
-1824.676381 9
-1642.526314 10
-1493.485288 11
-1369.276803 12
-1264.170858 13
-1174.074511 14
-1095.986209 15
-1027.654742 16
-967.358562 17
-913.758659 18
-865.797898 19
-822.630554 20
-783.571979 21
-748.061994 22
-715.637835 23
-685.913854 24
-658.566105 25
-633.320469 26
-609.943437 27
-588.234850 28
-568.022158 29
-549.155812 30
-531.505557 31
-514.957418 32
-499.411235 33
-484.778625 34
-470.981310 35
-457.949704 36
-445.621744 37
-433.941899 38
-422.860332 39
-412.332190 40
-402.316993 41
-392.778117 42
-383.682344 43
-374.999474 44
-366.701993 45
-358.764778 46
-351.164843 47
-343.881118 48
-336.894253 49
-330.186443 50
-323.741282 51
-317.543625 52
-311.579469 53
-305.835849 54
-300.300741 55
-294.962982 56
-289.812190 57
-284.838701 58
-280.033503 59
-275.388188 60
-270.894896 61
-266.546276 62
-262.335443 63
-258.255943 64
-254.301718 65
-250.467076 66
-246.746668 67
-243.135456 68
-239.628697 69
-236.221916 70
-232.910893 71
-229.691639 72
-226.560387 73
-223.513571 74
-220.547817 75
-217.659926 76
-214.846868 77
-212.105767 78
-209.433891 79
-206.828648 80
-204.287572 81
-201.808315 82
-199.388647 83
-197.026441 84
-194.719669 85
-192.466401 86
-190.264792 87
-188.113084 88
-186.009595 89
-183.952719 90
-181.940922 91
-179.972735 92
-178.046752 93
-176.161627 94
-174.316072 95
-172.508850 96
-170.738779 97
-169.004721 98
-167.305586 99
-165.640327 100
-164.007940 101
-162.407459 102
-160.837954 103
-159.298534 104
-157.788340 105
-156.306545 106
-154.852355 107
-153.425003 108
-152.023751 109
-150.647888 110
-149.296729 111
-147.969613 112
-146.665902 113
-145.384981 114
-144.126256 115
-142.889154 116
-141.673121 117
-140.477622 118
-139.302140 119
-138.146175 120
-137.009243 121
-135.890878 122
-134.790627 123
-133.708052 124
-132.642730 125
-131.594250 126
-130.562216 127
-129.546241 128
-128.545953 129
-127.560991 130
-126.591003 131
-125.635651 132
-124.694604 133
-123.767543 134
-122.854157 135
-121.954144 136
-121.067214 137
-120.193080 138
-119.331469 139
-118.482111 140
-117.644746 141
-116.819122 142
-116.004992 143
-115.202118 144
-114.410266 145
-113.629210 146
-112.858732 147
-112.098615 148
-111.348653 149
-110.608642 150
-109.878386 151
-109.157690 152
-108.446370 153
-107.744241 154
-107.051128 155
-106.366855 156
-105.691256 157
-105.024164 158
-104.365421 159
-103.714870 160
-103.072358 161
-102.437737 162
-101.810861 163
-101.191590 164
-100.579785 165
-99.975312 166
-99.378039 167
-98.787837 168
-98.204582 169
-97.628151 170
-97.058425 171
-96.495286 172
-95.938621 173
-95.388319 174
-94.844269 175
-94.306367 176
-93.774508 177
-93.248590 178
-92.728515 179
-92.214184 180
-91.705502 181
-91.202378 182
-90.704719 183
-90.212437 184
-89.725445 185
-89.243658 186
-88.766992 187
-88.295366 188
-87.828700 189
-87.366915 190
-86.909936 191
-86.457687 192
-86.010095 193
-85.567088 194
-85.128596 195
-84.694549 196
-84.264881 197
-83.839524 198
-83.418415 199
-83.001489 200
-82.588684 201
-82.179939 202
-81.775194 203
-81.374391 204
-80.977471 205
-80.584379 206
-80.195059 207
-79.809457 208
-79.427520 209
-79.049195 210
-78.674431 211
-78.303177 212
-77.935385 213
-77.571007 214
-77.209993 215
-76.852299 216
-76.497877 217
-76.146684 218
-75.798675 219
-75.453806 220
-75.112036 221
-74.773322 222
-74.437623 223
-74.104899 224
-73.775111 225
-73.448219 226
-73.124186 227
-72.802974 228
-72.484546 229
-72.168865 230
-71.855897 231
-71.545605 232
-71.237957 233
-70.932918 234
-70.630454 235
-70.330533 236
-70.033124 237
-69.738194 238
-69.445712 239
-69.155648 240
-68.867972 241
-68.582654 242
-68.299665 243
-68.018977 244
-67.740562 245
-67.464391 246
-67.190438 247
-66.918677 248
-66.649079 249
-66.381621 250
-66.116276 251
-65.853018 252
-65.591825 253
-65.332670 254
-65.075531 255
-64.820383 256
-64.567203 257
-64.315970 258
-64.066659 259
-63.819250 260
-63.573719 261
-63.330047 262
-63.088211 263
-62.848190 264
-62.609965 265
-62.373516 266
-62.138821 267
-61.905862 268
-61.674620 269
-61.445074 270
-61.217207 271
-60.991001 272
-60.766436 273
-60.543495 274
-60.322161 275
-37.820791 436
-27.332942 597
-21.226395 758
-17.209215 919
-14.352989 1080
-12.209599 1241
-10.535965 1402
-9.188693 1563
-8.077662 1724
-7.143344 1885
-6.344815 2046
-5.653000 2207
-5.046660 2368
-4.509914 2529
-4.030642 2690
-3.599432 2851
-3.208859 3012
-2.852987 3173
-2.527007 3334
-2.226988 3495
-1.949676 3656
-1.692361 3817
-1.452760 3978
-1.228941 4139
-1.019255 4300
-0.822288 4461
-0.636816 4622
-0.461778 4783
-0.296246 4944
-0.139410 5105
0.009447 5266
0.150957 5427
0.285683 5588
0.414126 5749
0.536732 5910
0.653903 6071
0.766001 6232
0.873351 6393
0.976250 6554
1.074963 6715
1.169735 6876
1.260787 7037
1.348323 7198
1.432527 7359
1.513569 7520
1.591607 7681
1.666783 7842
1.739231 8003
1.809073 8164
1.876422 8325
1.941385 8486
2.004057 8647
2.064530 8808
2.122888 8969
2.179210 9130
2.233568 9291
2.286031 9452
2.336662 9613
2.385522 9774
2.432666 9935
2.478146 10096
2.522011 10257
2.564307 10418
2.605078 10579
2.644364 10740
2.682202 10901
2.718629 11062
2.753678 11223
2.787382 11384
2.819768 11545
2.850867 11706
2.880703 11867
2.909302 12028
2.936687 12189
2.962880 12350
2.987902 12511
3.011771 12672
3.034507 12833
3.056125 12994
3.076643 13155
3.096074 13316
3.114433 13477
3.131734 13638
3.147987 13799
3.163205 13960
3.177397 14121
3.190575 14282
3.202745 14443
3.213917 14604
3.224098 14765
3.233294 14926
3.241513 15087
3.248758 15248
3.255034 15409
3.260347 15570
3.264699 15731
3.268092 15892
3.270530 16053
3.272013 16214
3.272543 16375
