-65544 1 
-32775 2 
-21852 3 
-16390 4 
-13113 5 
-10929 6 
-9368 7 
-8198 8 
-7287 9 
-6559 10 
-5963 11 
-5467 12 
-5046 13 
-4686 14 
-4374 15 
-4101 16 
-3860 17 
-3646 18 
-3454 19 
-3281 20 
-3125 21 
-2984 22 
-2854 23 
-2735 24 
-2626 25 
-2525 26 
-2432 27 
-2345 28 
-2264 29 
-2189 30 
-2118 31 
-2052 32 
-1990 33 
-1932 34 
-1877 35 
-1825 36 
-1775 37 
-1729 38 
-1684 39 
-1642 40 
-1602 41 
-1564 42 
-1528 43 
-1493 44 
-1460 45 
-1429 46 
-1398 47 
-1369 48 
-1341 49 
-1314 50 
-1289 51 
-1264 52 
-1240 53 
-1217 54 
-1195 55 
-1174 56 
-1153 57 
-1134 58 
-1114 59 
-1096 60 
-1078 61 
-1061 62 
-1044 63 
-1028 64 
-1012 65 
-996 66 
-982 67 
-967 68 
-953 69 
-940 70 
-926 71 
-914 72 
-901 73 
-889 74 
-877 75 
-866 76 
-854 77 
-844 78 
-833 79 
-822 80 
-812 81 
-802 82 
-793 83 
-783 84 
-774 85 
-765 86 
-757 87 
-748 88 
-740 89 
-731 90 
-723 91 
-716 92 
-708 93 
-700 94 
-693 95 
-686 96 
-679 97 
-672 98 
-665 99 
-658 100 
-652 101 
-646 102 
-639 103 
-633 104 
-627 105 
-621 106 
-615 107 
-610 108 
-604 109 
-599 110 
-593 111 
-588 112 
-583 113 
-578 114 
-573 115 
-568 116 
-563 117 
-558 118 
-554 119 
-549 120 
-545 121 
-540 122 
-536 123 
-531 124 
-527 125 
-523 126 
-519 127 
-515 128 
-511 129 
-507 130 
-503 131 
-499 132 
-496 133 
-492 134 
-488 135 
-485 136 
-481 137 
-478 138 
-474 139 
-471 140 
-468 141 
-464 142 
-461 143 
-458 144 
-455 145 
-452 146 
-449 147 
-445 148 
-443 149 
-440 150 
-437 151 
-434 152 
-431 153 
-428 154 
-425 155 
-423 156 
-420 157 
-417 158 
-415 159 
-412 160 
-410 161 
-407 162 
-405 163 
-402 164 
-400 165 
-397 166 
-395 167 
-393 168 
-390 169 
-388 170 
-386 171 
-384 172 
-381 173 
-379 174 
-377 175 
-375 176 
-373 177 
-371 178 
-369 179 
-367 180 
-365 181 
-363 182 
-361 183 
-359 184 
-357 185 
-355 186 
-353 187 
-351 188 
-349 189 
-347 190 
-346 191 
-344 192 
-342 193 
-340 194 
-338 195 
-337 196 
-335 197 
-333 198 
-332 199 
-330 200 
-328 201 
-327 202 
-325 203 
-324 204 
-322 205 
-320 206 
-319 207 
-317 208 
-316 209 
-314 210 
-313 211 
-311 212 
-310 213 
-309 214 
-307 215 
-306 216 
-304 217 
-303 218 
-302 219 
-300 220 
-299 221 
-297 222 
-296 223 
-295 224 
-294 225 
-292 226 
-291 227 
-290 228 
-288 229 
-287 230 
-286 231 
-285 232 
-283 233 
-282 234 
-281 235 
-280 236 
-279 237 
-278 238 
-276 239 
-275 240 
-274 241 
-273 242 
-272 243 
-271 244 
-270 245 
-269 246 
-267 247 
-266 248 
-265 249 
-264 250 
-263 251 
-262 252 
-261 253 
-260 254 
-259 255 
-258 256 
-257 257 
-256 258 
-255 259 
-254 260 
-253 261 
-252 262 
-251 263 
-250 264 
-249 265 
-248 266  
-247 268 
-246 269 
-245 270 
-244 271 
-243 272 
-242 273 
-241 274 
-240 275 
-239 276 
-238 278 
-237 279 
-236 280 
-235 281 
-234 282 
-233 284 
-232 285 
-231 286 
-230 287 
-229 289 
-228 290 
-227 291 
-226 292 
-225 294 
-224 295 
-223 296 
-222 298 
-221 299 
-220 300 
-219 302 
-218 303 
-217 305 
-216 306 
-215 307 
-214 309 
-213 310 
-212 312 
-211 313 
-210 315 
-209 316 
-208 318 
-207 319 
-206 321 
-205 322 
-204 324 
-203 326 
-202 327 
-201 329 
-200 330 
-199 332 
-198 334 
-197 335 
-196 337 
-195 339 
-194 341 
-193 342 
-192 344 
-191 346 
-190 348 
-189 350 
-188 352 
-187 353 
-186 355 
-185 357 
-184 359 
-183 361 
-182 363 
-181 365 
-180 367 
-179 369 
-178 371 
-177 373 
-176 375 
-175 378 
-174 380 
-173 382 
-172 384 
-171 386 
-170 389 
-169 391 
-168 393 
-167 396 
-166 398 
-165 401 
-164 403 
-163 405 
-162 408 
-161 410 
-160 413 
-159 416 
-158 418 
-157 421 
-156 424 
-155 426 
-154 429 
-153 432 
-152 435 
-151 438 
-150 441 
-149 443 
-148 446 
-147 450 
-146 453 
-145 456 
-144 459 
-143 462 
-142 465 
-141 469 
-140 472 
-139 475 
-138 479 
-137 482 
-136 486 
-135 489 
-134 493 
-133 497 
-132 501 
-131 504 
-130 508 
-129 512 
-128 516 
-127 520 
-126 524 
-125 529 
-124 533 
-123 537 
-122 541 
-121 546 
-120 550 
-119 555 
-118 560 
-117 565 
-116 569 
-115 574 
-114 579 
-113 584 
-112 590 
-111 595 
-110 600 
-109 606 
-108 611 
-107 617 
-106 623 
-105 629 
-104 635 
-103 641 
-102 647 
-101 654 
-100 660 
-99 667 
-98 674 
-97 680 
-96 688 
-95 695 
-94 702 
-93 710 
-92 717 
-91 725 
-90 733 
-89 741 
-88 750 
-87 758 
-86 767 
-85 776 
-84 785 
-83 794 
-82 804 
-81 814 
-80 824 
-79 834 
-78 845 
-77 856 
-76 867 
-75 878 
-74 890 
-73 902 
-72 915 
-71 927 
-70 940 
-69 954 
-68 968 
-67 982 
-66 997 
-65 1012 
-64 1027 
-63 1044 
-62 1060 
-61 1077 
-60 1095 
-59 1113 
-58 1132 
-57 1152 
-56 1172 
-55 1193 
-54 1214 
-53 1237 
-52 1260 
-51 1284 
-50 1309 
-49 1335 
-48 1362 
-47 1391 
-46 1420 
-45 1451 
-44 1483 
-43 1516 
-42 1551 
-41 1588 
-40 1626 
-39 1666 
-38 1709 
-37 1753 
-36 1800 
-35 1849 
-34 1901 
-33 1956 
-32 2014 
-31 2075 
-30 2141 
-29 2210 
-28 2284 
-27 2364 
-26 2448 
-25 2539 
-24 2637 
-23 2742 
-22 2856 
-21 2979 
-20 3113 
-19 3260 
-18 3420 
-17 3596 
-16 3791 
-15 4007 
-14 4248 
-13 4518 
-12 4823 
-11 5170 
-10 5567 
-9 6025 
-8 6560 
-7 7189 
-6 7940 
-5 8848 
-4 9961 
-3 11351 
-2 13120 
-1 15422 
0 18500 
1 22754 
2 28929 
3 38843 
