-5467.976642464267
-4103.882757200682
-928.7767231359212
-575.0981181530743
-350.6523326832622
-305.55989703963144
-285.2755541680448
-269.9386913611581
-259.90830331542304
-247.45077818736638
-205.0598066480839
-174.0729366263931
-99.52525987710185
-92.88738646562066
-83.76416222109978
-74.85402970520929
-69.41583677264326
-66.87243765423972
-63.158822061833256
-59.84336825680997
-58.35015849195427
-58.23862417721757
-54.09508280759375
-49.801688252224395
-48.13423905727449
-47.83932512443042
-46.9442057686125
-45.49797468907404
-45.489736714644266
-43.70414549682113
-42.238017222098925
-41.474249417994166
-40.78186165672915
-40.74458993497943
-39.699475550561345
-36.16451757577617
-33.50148183163887
-33.45754733444385
-33.26226657467614
-32.574038917149274
-32.079620958268606
-31.15723114363541
-30.828951653240082
-29.63505404586416
-29.241651675733216
-28.841098261761722
-28.441121843132727
-27.893091825423532
-26.647424393837404
-26.431010366064186
-26.07477619892573
-25.465605192379815
-25.395124307655138
-24.688742400619667
-24.616422400409647
-23.876922709530792
-23.157758152064524
-22.307187644134856
-22.106190808413448
-21.800281734481345
-21.373526724003653
-21.20773885107148
-21.145830378702044
-21.09468019566614
-20.49924549285513
-20.461435432389077
-20.44649035047151
-19.925987673679785
-19.19750809989852
-19.088102908473424
-19.014823928433344
-18.424951875652468
-18.366570465867994
-18.133358809461388
-18.001006440967664
-18.000184921622704
-17.817705480838725
-17.763766804416022
-17.667436575509555
-17.418894568606824
-17.08348166329667
-16.764496190421028
-16.520535265528995
-16.26286958466156
-16.257941428019905
-16.16355140653769
-16.03656806450335
-15.845272714517193
-15.401789450433977
-15.340853605722227
-14.873157626198788
-14.827501371381942
-14.638402836900934
-14.560880065212102
-14.280708750188133
-14.123117950316246
-13.872424650734143
-13.794912686012434
-13.788432752747106
-13.70006693627646
-13.446602304213476
-13.393334607614992
-13.025953330357728
-12.886881716711962
-12.862571768227626
-12.587050781224292
-12.586792224435715
-12.345730361259907
-12.236359929750394
-12.098828056142857
-11.997937853098167
-11.916745303203612
-11.885211988783414
-11.775104664599766
-11.617938396013049
-11.53733973971054
-11.510743053944436
-11.47906904354589
-11.113088796760035
-11.090146443465205
-11.017558445011238
-10.839755959312024
-10.405596232256972
-10.295970077990702
-10.212793066642659
-10.035880538592181
-9.991593213104228
-9.891561150013228
-9.759374149386469
-9.722455385835634
-9.637628154675747
-9.588034629551357
-9.578806505296022
-9.56415505496583
-9.558633348566161
-9.55205657095688
-9.520769380231762
-9.489414449847693
-9.48381133176337
-9.25412156606852
-9.245321332822733
-9.167387178562743
-9.14896388008589
-8.968696399855215
-8.935027383828782
-8.840860217456095
-8.828797076550046
-8.747713350199517
-8.71724839051538
-8.32852735744683
-8.193028419260349
-8.192203060260518
-8.121453648256859
-8.113952468144253
-8.002725017049272
-7.968175901678489
-7.934596067833146
-7.900540819295845
-7.878858229045649
-7.866943010898065
-7.821439014129025
-7.677216631780203
-7.61134488532543
-7.602339871515107
-7.592635643997111
-7.565605878679678
-7.521154430307172
-7.511351782415543
-7.486982117768488
-7.418192021761385
-7.295441669874974
-7.236794782446609
-7.206371294176299
-7.1869794321880445
-7.178428928941427
-7.177923537928174
-7.154706002568224
-7.141598939520012
-7.1401966202679885
-7.1020434804183274
-7.091674865288033
-7.059689553696245
-7.0559448148916895
-7.043440387382219
-7.039515392864839
-6.9778317092401805
-6.84524015715413
-6.835535250199719
-6.829027720414359
-6.811657491677558
-6.810570225126936
-6.743852399799881
-6.617687839942066
-6.598577367449196
-6.597893985220867
-6.5804222607654825
-6.532133555563114
-6.440914817528457
-6.407167814344709
-6.38641738062948
-6.368125789779913
-6.3488951184897395
-6.269340482586918
-6.208540922654258
-6.173493906929252
-6.1477972989425025
-6.13958177683641
-6.138707488843766
-6.119779228570767
-6.076317268113867
-6.051017505384156
-5.945902041667179
-5.9430828425479545
-5.939722520257639
-5.903268262124042
-5.872643238721837
-5.868276181270364
-5.798668613019581
-5.794196923191537
-5.7711433771344876
-5.681440837197067
-5.66616515207185
-5.657993534885858
-5.636242939047719
-5.598746534286168
-5.55074803902702
-5.470230963251532
-5.444785089883778
-5.441412482838613
-5.347681354259331
-5.336418305400491
-5.284066802919497
-5.278683504354495
-5.2754063133398414
-5.271555116985883
-5.1549822596625425
-5.144968116692923
-5.133997084330179
-5.098773181442548
-5.0897323605190685
-5.088383704172208
-5.078002003078659
-5.067033321278412
-5.065557668410836
-5.063566227555417
-5.030655133789235
-5.025814342063779
-5.023237876084587
-5.002825027018284
-4.993601784101924
-4.993010543414025
-4.940088226175335
-4.93926751929592
-4.930984576432621
-4.922130708195655
-4.915948198919518
-4.88748825043316
-4.877623317331345
-4.870696053907344
-4.863285787760809
-4.855553635511347
-4.846080747974561
-4.834350125082994
-4.825361859254069
-4.81912710735949
-4.78296955051312
-4.779653541812369
-4.740901275189551
-4.710899095867291
-4.710245913494765
-4.548710451526474
-4.548079501992141
-4.5411139788596495
-4.5409342804589965
-4.526998838754212
-4.470757346815795
-4.425105932946627
-4.416985826096522
-4.404179543600887
-4.40359118521589
-4.365647201520479
-4.361808848093897
-4.320007525201925
-4.293335884086125
-4.2869287525268485
-4.226209222770599
-4.123768094942013
-4.0815147314157265
-4.071569438673316
-4.057150332619349
-4.0543950096748445
-4.048081790800147
-4.034294571026734
-4.011973896697012
-4.0048047534428
-3.995391725932479
-3.9849142133934237
-3.9689684650015646
-3.968842074441619
-3.96285548806955
-3.958415756609326
-3.94143006429606
-3.9368818638018257
-3.9255602074996045
-3.8601867621450148
-3.853473773146445
-3.834743332904607
-3.8197747737671044
-3.8138432543610272
-3.79432490790128
-3.7518277352209743
-3.739419742065947
-3.73128697205441
-3.729192170258578
-3.7094542858073334
-3.6953187488932286
-3.6496011961754258
-3.639926919321425
-3.6346719304700112
-3.624377236352879
-3.622657995368745
-3.608291310975767
-3.5871571707271723
-3.5838875586775245
-3.580205816574309
-3.5681569011089724
-3.5611608929271057
-3.555638837596639
-3.5495923925929747
-3.5052499928767706
-3.4937301608448212
-3.4756339477137077
-3.4707748897706576
-3.4435383614289528
-3.429081068196481
-3.4236083572249427
-3.4161012478110235
-3.411572714806627
-3.3664977361148916
-3.335101800297647
-3.3219219129204682
-3.310215504460544
-3.2993326032830117
-3.2969996778095756
-3.2926980455670556
-3.2810773665142428
-3.267313542367435
-3.2668581815177693
-3.2653059474247406
-3.2518643408802097
-3.246307004185077
-3.2317813213482154
-3.217527423113984
-3.2049172365108634
-3.1907859843553115
-3.1898684274174904
-3.185406162536505
-3.1731335081463645
-3.167804875273507
-3.160195612439124
-3.1580480061476015
-3.14026809462713
-3.139165336457402
-3.134802439739039
-3.134347288117685
-3.1335804806239347
-3.1215442976106447
-3.096987291790989
-3.0942850434264946
-3.0904152527575373
-3.0863143973794775
-3.082047656222285
-3.081711967914339
-3.0640773964605548
-3.0495783079586443
-3.0094044541109963
-3.0063775651379627
-3.0054552233397316
-3.0043799671644393
-3.0022125132351687
-2.981635915576672
-2.9735780253381368
-2.9696282031291275
-2.963710408780528
-2.9598088055064813
-2.951465803793945
-2.9381361382162767
-2.9145349685001065
-2.9143932278504594
-2.90217314131427
-2.892590032633799
-2.882911505516905
-2.8813136584243164
-2.864265232751101
-2.8571651885206646
-2.83743064952209
-2.8167067903333143
-2.8031322372882754
-2.798014670257873
-2.777169266121118
-2.75567799074385
-2.7504263008680105
-2.722762190066363
-2.7202514203355017
-2.717407326480934
-2.674509336858562
-2.6669007841119656
-2.6590611136803397
-2.641025853453458
-2.6293423886668057
-2.622135287442048
-2.6169553496570392
-2.610748523136058
-2.593425330082227
-2.585252012513174
-2.582579238671669
-2.564364947208576
-2.56429961637164
-2.5458345065237338
-2.5349756968645454
-2.521242571869414
-2.507773081225225
-2.5072173508462603
-2.497720512935695
-2.4878647702165355
-2.47200565993338
-2.471974356524097
-2.4701972697420946
-2.459237076428174
-2.453371828635875
-2.417755322693431
-2.4074354521992936
-2.4051575523713087
-2.3866477877769903
-2.384913066709154
-2.364631806547428
-2.361307682108263
-2.3562501135222593
-2.35036542058279
-2.337644702972403
-2.3275955111119684
-2.324698054087023
-2.3189759376319614
-2.3029758846790878
-2.297348661808644
-2.292175929713708
-2.291798340982801
-2.2900858155163943
-2.2878102870153882
-2.2790274168171076
-2.270307298989172
-2.268180678999437
-2.257101230188273
-2.255196030839314
-2.2461453373858515
-2.238130380192022
-2.158570026412738
-2.1323417898017123
-2.126163112005668
-2.100584670034172
-2.1003892159414748
-2.0945030738409165
-2.0821458526573813
-2.0592991920699597
-2.056104740155733
-2.0516833846544538
-2.0288360188378287
-2.028078193339454
-2.024492703519549
-2.022455115019201
-2.0022805021291266
-2.0002065951597485
-1.9937049939863818
-1.9868180496619345
-1.9852484953549472
-1.971252561342098
-1.970719571440084
-1.958000754249862
-1.9441756056648591
-1.9377277902341794
-1.9305871299531088
-1.9050895527831977
-1.8868649672095352
-1.8534124089380233
-1.853102577953856
-1.8356121511483394
-1.8341231864086738
-1.8287558838145404
-1.7972166489734769
-1.792192363766229
-1.7810074212556004
-1.7761514847262914
-1.7264445486131845
-1.7157296829256379
-1.6592520521525727
-1.6528158535441657
-1.6458811076377784
-1.6445134219144157
-1.6395335878887816
-1.6227884037151405
-1.6077587102883704
-1.6013398764081435
-1.5962796186333483
-1.594848216060217
-1.589994042554903
-1.5848127887086967
-1.577599963935863
-1.564294796892522
-1.5530693908744522
-1.5467370257619684
-1.5402025655709175
-1.5219525519807293
-1.5194307396067734
-1.5023927250733
-1.484776348911034
-1.4826545295022364
-1.4795000289229763
-1.4689257216916234
-1.4666659241920295
-1.4654512548987884
-1.4581302850515403
-1.453554489471177
-1.452997973546955
-1.4526867630572535
-1.4473290157318364
-1.4473040540331885
-1.4380231927458735
-1.4373419781410652
-1.4357407753961797
-1.430939981331779
-1.414771210164869
-1.4147060999592216
-1.4001261500483344
-1.3999891114426894
-1.3973636748064973
-1.3853619055110706
-1.3851910329360462
-1.379821686630849
-1.3783862017315736
-1.374133468191822
-1.3435066629471641
-1.315162680970095
-1.2970341370568905
-1.2962101285383993
-1.2803668725351351
-1.2770290173100118
-1.2753818014533476
-1.2744568340042775
-1.2650902396396684
-1.2568201568531379
-1.2501212630933936
-1.2447223993701482
-1.2368650722925092
-1.2280116429814252
-1.2248282284756136
-1.2154222176675271
-1.209762144555127
-1.2094624632186233
-1.2035326865454665
-1.1861005136521985
-1.1846887234740602
-1.18164028582943
-1.1558594423341377
-1.1315278320630042
-1.1287833965105616
-1.1264314342766166
-1.1137787650807771
-1.1115196478714142
-1.1104671657351197
-1.1053171005695834
-1.10415713163256
-1.0979985557667293
-1.0977926287854194
-1.0843885229827839
-1.0793469166761265
-1.0753093528081972
-1.0744373986589189
-1.0742184189504034
-1.0568346122751517
-1.0426071509975938
-1.038963773480591
-1.029657331369547
-1.0294476103218437
-1.015320668098959
-1.0133818833982693
-1.0038494200365091
-0.9992369084521912
-0.9957890836376246
-0.9948996105308177
-0.9927646168238046
-0.9885462737209423
-0.9875561939391281
-0.9829230747560168
-0.9809348353880712
-0.9712386846407376
-0.9593089751453856
-0.9361223697735261
-0.9317048725644483
-0.9287009548441427
-0.900875590367428
-0.8847685268042335
-0.8801850303363681
-0.8657925010896185
-0.8628200335062001
-0.8564943864848921
-0.8557758519631005
-0.8447784928962576
-0.8304544793795163
-0.7935635850857033
-0.7893180993681101
-0.7849827530938294
-0.7842293810371581
-0.7827820976845102
-0.7751014522559252
-0.7646153666717029
-0.7605389652652293
-0.7601793004644094
-0.7584362540235327
-0.7518058969448697
-0.7495122150724093
-0.7481131912972515
-0.7352186516696877
-0.7299107195786081
-0.7275042494953021
-0.7108928515078251
-0.7033694876165819
-0.6973666270175587
-0.6924902978293067
-0.6843363379790147
-0.681311077822289
-0.6788953749781564
-0.6764985464589958
-0.6705093898365481
-0.6678253833726088
-0.6531721438635526
-0.6517159629354878
-0.6487975282833383
-0.6480882943202299
-0.6370751908813269
-0.6298725759060398
-0.6214774390635557
-0.6178776421311288
-0.6153964762137221
-0.6118334072287575
-0.6105205615720224
-0.6102890927229147
-0.602365714960333
-0.5972122246888973
-0.5935379074145899
-0.5849095267054881
-0.5780295464648617
-0.5726150512023634
-0.5724030810510881
-0.5666287301930438
-0.5441152540977275
-0.5419036890388348
-0.5393307825495282
-0.5320587145754161
-0.5285045251852355
-0.5277488814229541
-0.5125538682650951
-0.5070539665278049
-0.4999412437956571
-0.47897503607354075
-0.47828911019431297
-0.4653048257360304
-0.4442416979794349
-0.4344614107365876
-0.42962357745027147
-0.42943312392352506
-0.4265337349088576
-0.4198910945203673
-0.4172925989998263
-0.4141724066559237
-0.4047740359131784
-0.3992270353913384
-0.3915421567717152
-0.38948899067121145
-0.38854794746610044
-0.38434462813451986
-0.3709512289700725
-0.3704672832455521
-0.36578102285189895
-0.3614072667267939
-0.3606194997014682
-0.3444189163381175
-0.3406119439947074
-0.31787927245378655
-0.30717569499422337
-0.29694015551879566
-0.29595423961691314
-0.2956809985370697
-0.2936872690224208
-0.2936575421034958
-0.28956201767038037
-0.2894469105212151
-0.28717628798057604
-0.2861760568427597
-0.2708857648286129
-0.2625925230641617
-0.25469423157138155
-0.25307533097243456
-0.24878348556275726
-0.24796595547480238
-0.2415798450712273
-0.24012665611800357
-0.24011195441898348
-0.23554526100826123
-0.23444262296908838
-0.23312738146383066
-0.2308779310162593
-0.22817010909848578
-0.22369270469917002
-0.20829410080972155
-0.18910323584687327
-0.1814885252551306
-0.17838898346628557
-0.16053809163879484
-0.15744822191559305
-0.15576355357270336
-0.14926203504488378
-0.14637911419577587
-0.14627055763471009
-0.14610778199906693
-0.1446063199258778
-0.13347274499991035
-0.13136450143994272
-0.13048429600045053
-0.12889924878295222
-0.12653000325093733
-0.12598309254943363
-0.12493693980758525
-0.11449550760462573
-0.11356389818113444
-0.09601680107945826
-0.07538829738753808
-0.055903073161290506
-0.05192212706011534
-0.03340650216701169
-0.030806180770556107
-0.022429449745837493
-0.020428024914173948
-0.017989598627154213
-0.017716812460420006
-0.017298041549400955
-0.0073654894631641765
0.0009949573202646111
0.005474138484052871
0.02358027355339143
0.030150861116868655
0.03784517069099169
0.04222246732433599
0.05427981437567082
0.05968972958821739
0.06534682363705269
0.08757985913165744
0.09135937863386262
0.0924033772329721
0.09522477533353135
0.09928964548416458
0.10187924240149582
0.10339637543398855
0.10869070315649157
0.1095340677370102
0.11137212930667229
0.12984958087906984
0.14493367481811215
0.14564733446107012
0.1538862038688365
0.17313606906092105
0.17673328259691823
0.17857745685588955
0.1789056270423105
0.1806444921634207
0.18303954475793582
0.18522813825915377
0.18536443050424134
0.1906740291833814
0.19509873411019407
0.1964477284980065
0.20311739485143876
0.20553787854706285
0.23047277053244408
0.23614499503445174
0.23829101867502644
0.2451589315895576
0.2508962042463416
0.2509070810547471
0.25417574397108306
0.2557489105667922
0.25877998161047044
0.2632003481141029
0.2667132195948798
0.2700834288154376
0.27191161248297474
0.2815414892391348
0.2862857665049515
0.287650597077879
0.3261180170589316
0.3321931917236133
0.33755361837465714
0.35241405592921565
0.3719364705970747
0.378076290662414
0.38592226270852853
0.3906412719042987
0.3926401640076532
0.39484740174374644
0.39510627146130894
0.39624671535362993
0.39934308717307454
0.4015013497940894
0.4267644969959865
0.43220102362696766
0.43431843770296447
0.4384245014187304
0.4399516684697097
0.444031522074461
0.4468120794604964
0.45132736549423375
0.45551454947956704
0.4587003289135604
0.4788330859697524
0.4905500123684598
0.5145256451383393
0.5181566842874124
0.5312233550060164
0.5327979684883173
0.5335238702540483
0.5378136869478422
0.5392975951015422
0.5402688326842211
0.5407238357290931
0.5412971599940252
0.5464421054966386
0.5502886433639577
0.5531064845684213
0.5536483968235983
0.5581793025360311
0.5611855893612951
0.5643018681131098
0.5645318273752501
0.5739153022655196
0.5861579832937384
0.603091863133844
0.6069320213616008
0.607868135464601
0.6178390351292848
0.6199013127147357
0.6224454232837696
0.6278097477252713
0.6360757328920905
0.6415816376836285
0.6446555309537192
0.6472759169113877
0.6490261712959626
0.6524739390965331
0.6534972382873995
0.6537037773316282
0.6586210325247372
0.6647881920175644
0.6648747648347639
0.6871501179934518
0.6905902103725339
0.6938675701885275
0.6960275318628582
0.6974451593772026
0.7047598982001293
0.7201517186506537
0.7217439311623466
0.7332520588153173
0.7432141008931568
0.7448025239737299
0.7530515341434039
0.7570169439682602
0.7620180069832861
0.7628965610715703
0.7692678952005227
0.7740812960986928
0.7826631165730404
0.7830197761870765
0.7877051907606137
0.8017632098086013
0.8082560320973986
0.8127262538227178
0.8185729998802388
0.8254853505779924
0.8270725628876974
0.83791407770655
0.8385496935952058
0.8578313743554766
0.872621133465976
0.8811757055253313
0.899165132222272
0.9034438446188217
0.9146105710243337
0.9200079695748755
0.9263880463662295
0.9277308170706265
0.9403090160918097
0.944821804716397
0.9472492959091066
0.9473516389721179
0.9659096291461401
0.9693375774843817
0.9717670933066037
0.9772995249868925
0.9813878638832276
0.9879431159203746
0.9887605446138076
0.9995380467857985
1.0016786481281554
1.0058654582856268
1.0062152209194606
1.0115878836786096
1.0158513687848445
1.0167573416835514
1.020808271970794
1.0210883826005575
1.0491870502242595
1.0518264925764786
1.0548479918758453
1.0757449063887676
1.0790576675468762
1.0978226203924817
1.0988595284175766
1.1321989875457663
1.1419566200152729
1.1421391991766447
1.143422509473463
1.158775108497413
1.1626483862757033
1.1627901510915626
1.1679147227998294
1.1707318688614903
1.1711196646359219
1.2070622660723929
1.2172557986872405
1.21927656484595
1.2545550376586514
1.2629839257285926
1.2671740803685636
1.2705906524838406
1.2816008546434874
1.2864873395141574
1.293946598950639
1.3038525129339757
1.3044352473796612
1.3164669838936522
1.3263630596829716
1.3320267471762726
1.338047906050375
1.3510693228150668
1.3589017157059744
1.3610112475276743
1.3686551906566127
1.3699520187038654
1.3727282565755226
1.373444246275119
1.3739741140908908
1.3825180445268404
1.3847991436008675
1.387609818711815
1.4088035678315844
1.4101819412157177
1.4106712452279382
1.4113472314492252
1.4374234496241831
1.4467075029416425
1.4519443531155993
1.4572415668546896
1.4623203320179563
1.46241070164105
1.4654702789554526
1.47008374282049
1.4893662900857727
1.5058205163059246
1.517609650356444
1.563519986339165
1.5694836283253961
1.5803098235696695
1.6012006908182776
1.6177818258251906
1.6196574207549017
1.621297929193602
1.6236004676943843
1.6362178248868524
1.6468076798552096
1.651029496483271
1.6569964101119146
1.690855000356208
1.7143471640837828
1.717163901427241
1.7193009380777533
1.734187679706905
1.7441672508955206
1.7707734990181023
1.7809493311696618
1.8430327554748347
1.8488175336273414
1.888581895534513
1.8957761763279817
1.895796307538911
1.9270248427018686
1.929594241699848
1.9590955998328174
1.965749794255765
1.966320290703877
1.976834701270888
1.9877149652535968
1.990983387405831
2.009897022045729
2.04582302456813
2.0656540808345993
2.0773621223150203
2.126592758625673
2.156335087067544
2.1922898337518424
2.197463598089623
2.225957165782532
2.2996590250356315
2.3882012757669147
2.6067323526136272
2.7057999829112296
