-2266.7446128963993
-1495.7106403000475
-1046.2350983704853
-569.0314705850569
-343.5436878862042
-300.53909874723684
-200.90392660023542
-163.3688246129795
-125.07047772940555
-114.04065433718908
-107.37271026672181
-101.8817463103751
-90.04760754995019
-83.05241045615283
-80.64381022009987
-79.2573686760182
-71.95988400450105
-62.59935350652247
-60.61531664926309
-58.752982907106095
-58.21881848118955
-50.00367173611399
-49.35637544089476
-44.73999759903944
-43.28586845360004
-41.591158649877414
-40.16583786581349
-38.64309189686176
-38.17164766611954
-38.123352354705105
-36.83140971449207
-35.03894718730387
-34.52131753077564
-34.34593999850367
-33.38967297758235
-33.037269319165254
-31.895018236992517
-31.685080294987756
-30.40992359904262
-30.358865103179102
-30.18138604284692
-29.628541169127992
-29.479804662016022
-29.214583028483638
-27.836551213160103
-27.7504701926176
-27.74936701514864
-26.060230202173912
-25.90462711389531
-25.440935354055444
-24.998481564242585
-24.33050988506201
-24.084991666095387
-23.703505933659237
-23.467885775913714
-23.261405452807463
-23.250257483744704
-22.939209265070936
-22.32951054725668
-22.145612155117664
-21.957512325397936
-21.528128669128414
-21.50105512244857
-21.265337015915414
-21.21009418680588
-21.016938526692755
-20.848212048015434
-20.397407644550025
-19.981047393884413
-19.571231888765247
-19.498660235931247
-18.918867512998766
-18.913926732155772
-18.866942980300454
-18.216527851004628
-18.215896225882158
-18.16172868356196
-18.042512035795035
-17.731010477601487
-17.492384721195034
-17.19172132825684
-17.082147349524973
-16.72348998779376
-16.504361900304637
-16.453954389773006
-16.415910567691654
-15.94486534243848
-15.821792339711946
-15.572786927959523
-15.530045698083763
-15.0329509026037
-14.99669598033744
-14.990221641175065
-14.787726387005316
-14.753710758732051
-14.492060582906266
-14.29302162528772
-14.039011078554081
-13.923405269947288
-13.91437200452725
-13.89243213965998
-13.660896360424598
-13.443469048297397
-13.121355238732582
-13.054363379850578
-12.825845162828669
-12.757592357709182
-12.746407178416675
-12.629938685409037
-12.324916331752782
-12.178428891775642
-12.174345400220757
-12.151422644721267
-11.926059376772447
-11.908892770482392
-11.749101325720709
-11.699459790579416
-11.69461228610327
-11.555645294778152
-11.33286841372038
-11.197898743884373
-10.975027696741416
-10.928340697096461
-10.833304749633749
-10.815016828118313
-10.702899918087102
-10.639219740259142
-10.590608905793543
-10.541969145852786
-10.440562089384304
-10.400143144435264
-10.115460669354476
-10.073769984317797
-10.07313046953929
-9.96384867244916
-9.893707820087815
-9.834744987448005
-9.79800920238483
-9.726407639629187
-9.62949549729291
-9.589300979099518
-9.53183273530613
-9.330575294279193
-9.178205499099485
-9.170349735831255
-9.05756006361461
-9.052395804270366
-9.008351580274393
-8.974299876758572
-8.962162475279353
-8.938282260949839
-8.934373428768534
-8.731972007082248
-8.679309137869707
-8.640309690053792
-8.41769307618928
-8.395910815009717
-8.319380299890385
-8.191934692035616
-8.100507816433657
-8.095218637546559
-7.954885450080457
-7.880701763263521
-7.822281743948833
-7.776466009081469
-7.731639830538867
-7.712628381582802
-7.674532039518269
-7.63836250124697
-7.635441182896675
-7.620194891247397
-7.58191449483595
-7.541380801139937
-7.524106498234865
-7.430885944044336
-7.420292602053537
-7.3789436574348155
-7.359735618620463
-7.268466770266921
-7.2456859688916975
-7.222523504562704
-7.2150956885532285
-7.127258700451051
-7.105219886119265
-7.02334644461373
-7.015890971257139
-6.982546015341405
-6.964598131302296
-6.952693121096521
-6.932679985961973
-6.907131646690136
-6.844241141546077
-6.840123447412344
-6.832699372438221
-6.764810766845606
-6.739039301571608
-6.703142545273309
-6.691253863745912
-6.667225753577526
-6.528475999364046
-6.497850832538332
-6.424422338344658
-6.422049509437088
-6.414719627595175
-6.403453975615264
-6.395568286581374
-6.344035166150851
-6.247871785950643
-6.140634325591374
-6.053688057010361
-6.012109792729579
-5.9743950023982455
-5.969908240470951
-5.933327702022399
-5.885941747479517
-5.880892460209662
-5.863125975139228
-5.847523453028505
-5.823355089532379
-5.749048064017823
-5.731772961378341
-5.661386826868375
-5.659892301824769
-5.644928051948202
-5.623738290503965
-5.575799970689806
-5.5016733956192425
-5.467596730868665
-5.4504596896014
-5.384299365937619
-5.351513189662654
-5.2444951808262
-5.222314212477877
-5.212451269801189
-5.181698115817994
-5.172473552273173
-5.164277224425454
-5.142851799144564
-5.130147589695823
-5.124785366945481
-5.070071047258273
-5.058917001068042
-5.049733148378167
-5.044716571047513
-5.002657041863727
-4.958809275429763
-4.9538983085614365
-4.94861014384823
-4.947720947871698
-4.927299798310135
-4.9192317344062655
-4.896471920521822
-4.893718862262126
-4.879379525805008
-4.8750957144610245
-4.866795211713738
-4.861883662475002
-4.835689176786639
-4.825377605734351
-4.7399011043174175
-4.73889013356715
-4.727579994658317
-4.724479461848217
-4.720176039061706
-4.697841223094069
-4.696789716728274
-4.696071554088949
-4.669937194433965
-4.64694405669724
-4.643857544626059
-4.63112685655676
-4.6037627672250485
-4.588493627047546
-4.551419444069362
-4.5496380579266384
-4.531287435971702
-4.510349346448678
-4.483826330463286
-4.4714514934141825
-4.4589825872539635
-4.438023427735874
-4.426400828595484
-4.419979087758724
-4.385468875964997
-4.384528526093819
-4.3623541669196735
-4.344547504105243
-4.3143938741303804
-4.272123620321148
-4.25657128457868
-4.22465049271803
-4.212107058305701
-4.207824428715466
-4.176718425468152
-4.171237652110959
-4.092945726997563
-4.077236267965632
-4.0709753892029905
-4.0633022323033785
-4.0301624463292
-4.018144519724804
-4.005610292860931
-3.9965608866359865
-3.99478809314176
-3.992178327022578
-3.985069122089371
-3.960852399999542
-3.960792324538781
-3.9418809050964603
-3.918176792048911
-3.885742051814291
-3.8842835694015023
-3.878473024325683
-3.852790675630367
-3.825774909019519
-3.8123507110968315
-3.7788182026410864
-3.762650044762834
-3.751202887057568
-3.7432580135634694
-3.7423396573980914
-3.6993553043017124
-3.688773789157493
-3.6723814058447313
-3.6687756725966687
-3.666459837838787
-3.6486068428758904
-3.629896543035528
-3.6055357113618864
-3.577648114324564
-3.5524125513701517
-3.54425624867386
-3.5350462869629093
-3.5344598018214075
-3.5336647085745163
-3.5282253166848005
-3.5045698621996175
-3.48037544231672
-3.4602518971911413
-3.4468193322217657
-3.4356153893890555
-3.4297816111356187
-3.411701262017091
-3.4107058236411945
-3.3976625927397146
-3.3742019383314235
-3.3648202705835653
-3.3534173524982633
-3.3484658657598976
-3.3396834752654225
-3.317555560500233
-3.309353357951777
-3.299384504205478
-3.2987680494554343
-3.292688744586232
-3.2701970223991212
-3.225474865734557
-3.2210312772382452
-3.1742706278911963
-3.1382987738701837
-3.1377625049940767
-3.1261533762232405
-3.096737821450091
-3.0675330376839964
-3.056781993001101
-3.049835242710471
-3.0312183732631697
-3.005143159607752
-2.990096931796413
-2.9844645189249235
-2.9759829488258442
-2.9353485992641923
-2.924041012862504
-2.919727597584772
-2.8579292882749927
-2.8362418058590464
-2.8314194448087404
-2.8200116681500957
-2.8101251809846515
-2.793019996234975
-2.7873516125816695
-2.774680245377531
-2.7701683963832915
-2.7652263405030313
-2.74484874709583
-2.736044029022481
-2.7282903431699195
-2.7246649454803906
-2.7200966744052346
-2.718443148287122
-2.696747663294312
-2.6912507047605065
-2.6841825742764107
-2.681314656167428
-2.678949767664515
-2.669225135548504
-2.6481443144872188
-2.647797995454397
-2.6376240760453644
-2.6321617453407944
-2.6065023968734877
-2.5412240843687837
-2.540710108591831
-2.5369062859633082
-2.5253925827436343
-2.5023615560040797
-2.49704892732203
-2.485277752972566
-2.481168884951069
-2.481127988437011
-2.4665420610371163
-2.4632005143952345
-2.461190472872804
-2.44261769594337
-2.4335244496504105
-2.4249869885247053
-2.4219621020441875
-2.41753300571576
-2.409730906894771
-2.4082503553594647
-2.4031699752595785
-2.395088791484758
-2.3947352538687863
-2.3790035461965857
-2.3663765039503266
-2.3513310951101234
-2.3454799350402524
-2.3431701259017
-2.343059503553088
-2.3125194372026305
-2.28666072912739
-2.277024799021712
-2.2592945060866283
-2.245865463543573
-2.221297089636825
-2.1917771552027707
-2.1805106516029054
-2.167331611699568
-2.1634140694237374
-2.1420085173190353
-2.107425547357432
-2.0942809506405977
-2.093512755203097
-2.0787354836245093
-2.077658993864599
-2.0746753431398663
-2.0367303812385504
-2.0348342038052007
-2.032907555190529
-2.029091875257729
-2.0133651870938554
-2.0131043627557794
-1.9886237578841457
-1.9802149953778583
-1.9656040632706735
-1.9643568467262371
-1.9585755109286032
-1.945607441289967
-1.9147155364863193
-1.905405551071881
-1.8950720498870564
-1.8830663495566329
-1.8827631013144162
-1.8817327003865363
-1.8603908007101082
-1.8582519140944609
-1.8571042403503113
-1.8490534229430433
-1.845135925075803
-1.823339535131161
-1.7978564209106196
-1.797215636526649
-1.7951275762600671
-1.7871348724154257
-1.769072030469613
-1.762000650828298
-1.761164591750181
-1.7542073238107732
-1.7481143567206074
-1.7472965716997226
-1.7332748363468233
-1.7249548867581275
-1.7249325604402814
-1.7198233315008646
-1.6929397220679205
-1.6888407786395758
-1.6830285312352635
-1.6609790685275463
-1.6484974049857037
-1.6385090291939068
-1.6369582706745873
-1.6320542112556455
-1.6315600343105545
-1.6294237860164977
-1.6253448566862019
-1.6193323386972034
-1.6113876133039275
-1.6065805332547678
-1.5959407757253703
-1.5896719545226445
-1.5565741184551856
-1.54533108998289
-1.544843850700304
-1.536032640792674
-1.5300237638249554
-1.5223919818991145
-1.5202126552038366
-1.5126380474260055
-1.4988708310740595
-1.4957148884246307
-1.483654622242152
-1.4827142013450652
-1.4750361963096295
-1.4708975215897901
-1.4708442063040703
-1.4345208801987905
-1.4337109683426335
-1.4270082113914606
-1.4211023259917437
-1.4022266456185604
-1.3915480005230312
-1.3815429829296257
-1.3678636344685438
-1.3480946161214806
-1.345613325976855
-1.3182018258609935
-1.3114920283196523
-1.297172403854463
-1.2963844005041087
-1.2756931204917452
-1.2732293437649318
-1.2668098225691922
-1.2489386090251215
-1.2439036720549208
-1.2430390647974938
-1.2368578088708944
-1.220856346419231
-1.2057861314214644
-1.2014019398878588
-1.1792339215126784
-1.176146670993894
-1.1426383325046279
-1.126174760225419
-1.1199569981584399
-1.099869551935556
-1.0925435855052033
-1.091608247936053
-1.0913828622742299
-1.0800645706357714
-1.0794966215584083
-1.0610883465506822
-1.0555814696557442
-1.0321499267073035
-1.0309741887440174
-1.0296624323633814
-1.027768883021234
-1.016164563457945
-1.0109405656702661
-1.0015727833832926
-0.9980155405834801
-0.9942054155179532
-0.9853001848370789
-0.9838046851646808
-0.98115527860327
-0.9806718896064038
-0.9801254756317161
-0.9645449244826971
-0.9437539073687408
-0.921676693364786
-0.9139308869454936
-0.9058098951435221
-0.8979704997957145
-0.8874183454333335
-0.8857451172979762
-0.8801079620097958
-0.8745755739172361
-0.8731838486969967
-0.8711027022044401
-0.864668973727957
-0.8609111717371911
-0.8580029297893702
-0.8415247770098804
-0.8362942113687862
-0.8313412574055311
-0.817226699142235
-0.8054348149663626
-0.8010529105095866
-0.7935219353066798
-0.7920528246315892
-0.7901894889748723
-0.7846583173524031
-0.774459930719272
-0.7734782386607882
-0.7590690211125535
-0.7512490995858452
-0.7468905168094471
-0.7365719997417405
-0.7327661905585416
-0.7287745443293513
-0.7214234816780746
-0.7186298617460211
-0.7121106338636501
-0.7075251275521339
-0.7049908372244434
-0.7004596160084742
-0.6981715833060222
-0.683021779525006
-0.6774129973894484
-0.6724725027993439
-0.6694564741161084
-0.6668522242359438
-0.6626172433438513
-0.6607410544122132
-0.6578027355404307
-0.6517187505049
-0.6386523958329805
-0.629966028759841
-0.6215795210528616
-0.6207429154084076
-0.6147550569732737
-0.6059030123373503
-0.6048065034954285
-0.5948453662501736
-0.5933986137466635
-0.5908196549604247
-0.5890812544611186
-0.5812542173954302
-0.574014018637718
-0.5733997620689144
-0.568856008158824
-0.5657488926102194
-0.5617243698892658
-0.5585537196168503
-0.5486496377967679
-0.5427299014678216
-0.5288034616154356
-0.5228547607202247
-0.5188236487680796
-0.5104700264627602
-0.5093751563221744
-0.49892481121030113
-0.48604696521183693
-0.48581258373983527
-0.48238412022277055
-0.48216172902805676
-0.47985856968940666
-0.47761394999168116
-0.47694398004401745
-0.45075313404274886
-0.4426375214289175
-0.4339559529051811
-0.42935341476900013
-0.4287452352868599
-0.42733331046284495
-0.4253268236706842
-0.4115823041037864
-0.4092457450381707
-0.4049780594424734
-0.4028888545139709
-0.40174505453327836
-0.39713257550816217
-0.3829025843786024
-0.38031489279086367
-0.36966534959859665
-0.369496638302559
-0.36699569371151564
-0.36216531777323213
-0.3573733791812777
-0.3445823591368876
-0.3384339645352633
-0.3276739709903752
-0.3240126123666357
-0.321972282480622
-0.31233776408754343
-0.30176602323716883
-0.2956181044447255
-0.2863602502056617
-0.28486630823771875
-0.2833899211018345
-0.2816136560680501
-0.26943359831934827
-0.25912744859546066
-0.23593829897259377
-0.22618296202326538
-0.2211444445308105
-0.2054832534079319
-0.20511054617202018
-0.20504443015575236
-0.20078141849915399
-0.1987541571903902
-0.19646907657984036
-0.18265532109838034
-0.16812879455099633
-0.16780864956780103
-0.16702128959313478
-0.1654112507756761
-0.16072656585643275
-0.15385571365534528
-0.15070126885788915
-0.1389601350273482
-0.13590348844898353
-0.13445465015075314
-0.12320995955260627
-0.1200272293203033
-0.11720114355282807
-0.11661740136975446
-0.09264237776669848
-0.09058153957569781
-0.0878119798211701
-0.08706379526385066
-0.07433220569082766
-0.06990187136084725
-0.0683349791465715
-0.06154746859474092
-0.043734349793221106
-0.04370235022635821
-0.04301157708972614
-0.04114392985003623
-0.029207229162463877
-0.028428654712087886
-0.021579228464049416
-0.009701492856283911
-0.0005824095600039103
0.0006059248731921096
0.0008117473842367273
0.0010322575828274339
0.015130617976956362
0.017112994945510662
0.030560095664604048
0.03623004112782088
0.04896715744102875
0.05932917217951983
0.066670710329089
0.06955625743033583
0.07072390528825168
0.07215671581553307
0.0768244910904955
0.07960543314464863
0.10872543529535861
0.11704435496890875
0.12373583911409683
0.12757027092790957
0.13662462716432022
0.1406646201627887
0.15124974937294342
0.15573247598590567
0.16413154745245495
0.1656380167510538
0.17233606294613413
0.17580122199109816
0.19235044699176268
0.1951876081881274
0.19759410747586026
0.20186908552503552
0.20631926388880162
0.20781763986994656
0.2199528243778079
0.22231485692765535
0.22331006265917108
0.22545491161958015
0.23774549268894918
0.2388001312254391
0.24340623111624365
0.24622510214738036
0.25046579856860607
0.26055394911930296
0.2668397962177239
0.2682944291329939
0.28626577920517415
0.31347113874853705
0.3200671987681918
0.3252394645850005
0.3264062756209628
0.3275946217814303
0.3343265626682874
0.3394471736697768
0.3431095500891449
0.35133110048211513
0.35198295629938425
0.35597136623741316
0.37293628410150403
0.3753199530719128
0.3818007571254397
0.38204723305516697
0.3829841635409107
0.38390573468341055
0.3865355205339731
0.4245578397143499
0.4245718403087909
0.4352947307956743
0.4389385694444238
0.4401470086343874
0.44104476927901126
0.4413009082140791
0.4545673561880982
0.45500598289844896
0.4598082828197029
0.4634869790434813
0.46826956522425683
0.48340108854242175
0.4930075914653093
0.5009650775508082
0.5033173441176195
0.5125696483473441
0.5156788932526899
0.5305324742412825
0.5376720065825658
0.5384606095206196
0.5397962422563527
0.540564906812929
0.5438081800158948
0.5466386137311292
0.5467114666946948
0.5635318576889795
0.5647438595869387
0.5659178002684526
0.5663415649754522
0.5680347876210704
0.5704311564621044
0.5762674832292916
0.5818198634121826
0.5869756948195699
0.5875553720282639
0.5956172030231601
0.6019825140910836
0.6127057653701727
0.6190485992093474
0.6330172458976591
0.6396927477422568
0.6440485754078469
0.6473076704743611
0.6487329681170064
0.6535956439608859
0.6543424553487437
0.6555488206978367
0.6619381174994069
0.662355476003802
0.6643003316463035
0.6669169387869148
0.6689556608078555
0.671344623666934
0.6798711343956891
0.6836093270567556
0.6861552270251277
0.6872910978440027
0.6922558571741346
0.6949979421045737
0.7001784110247422
0.7022231372471011
0.7062348669313061
0.7076708774243502
0.7233730474254954
0.7242569503107821
0.7355047156559892
0.7413538395738138
0.7416340817114214
0.743268470681999
0.759842937513934
0.7602884483292396
0.7628179664335286
0.7656256275533235
0.775047379580708
0.7757657276460579
0.7805287765487728
0.7827974037996671
0.7882943284284195
0.7939289778322369
0.7990748852418599
0.7992665488530777
0.7993022220761073
0.8208252373741632
0.8239235137010725
0.8255237999695584
0.8341842997538607
0.8631397059433092
0.8641930311256583
0.8642134784898396
0.8752384931877438
0.8822088532480988
0.8829746525389794
0.8840572342194692
0.8873165288234421
0.8924308441546598
0.8981676485862821
0.9022215234597609
0.9053131851123315
0.9136147657435272
0.9258595006079803
0.9270281978027031
0.9353310933612129
0.9368018600352149
0.9481188514110294
0.9502100496876235
0.9552756145215915
0.9674463285007924
0.972261393366282
0.9767183355462675
0.9862539368688241
0.9922833216973256
0.9954094787817278
1.0032955675665296
1.0069504306679138
1.0219896129226267
1.0220305667569871
1.0247871844041065
1.0327408090994434
1.0329468972726639
1.0333321332432033
1.0356187670378467
1.0455048217548462
1.060967672478494
1.0618883135662156
1.0684992155253463
1.0712626380186498
1.0814906531604567
1.0819347079904182
1.0957121214203205
1.0988701508961707
1.0992058370395406
1.1075272668442346
1.110224130453942
1.1158394867352968
1.1293222739984656
1.1359079784468658
1.1377279791362864
1.1528400103671987
1.163698599641943
1.1692190591222893
1.171191509083306
1.1744439486109077
1.1746126385875737
1.1747671675209144
1.1748051313328025
1.181595649370961
1.1817684765667196
1.1912801746509167
1.2050801517079701
1.2184630195610056
1.2240187246958625
1.224185901698476
1.224674897232018
1.2442608355626872
1.2615452379441598
1.2644987735618665
1.27301112841494
1.277940157495576
1.27882020756278
1.2802274005288927
1.297971049238867
1.3133518218744225
1.3135058489411733
1.3193798525703646
1.3233957571739228
1.3352047727389729
1.354269428652011
1.3909927003861458
1.394128408090886
1.4036449603757652
1.4128353493100705
1.4250885542521488
1.4307650635362092
1.4354419383731536
1.4356541404651322
1.4403507529809394
1.4446389840581655
1.4474952246471258
1.455436001133865
1.4601533272694749
1.4654025991129127
1.469461007608844
1.4719855744793455
1.4890783115199142
1.5027466438036665
1.5332760638740794
1.538403516597137
1.5506721806485113
1.5672913404450124
1.5677640669546054
1.5684612946452332
1.57214135597675
1.5758487810610962
1.5764453020128681
1.5836228827743808
1.584366977517861
1.5964947626150794
1.6048063997696151
1.6100068328723731
1.6134192887623473
1.6175096887129217
1.6200949853919633
1.6211265782250597
1.6599463223346382
1.6901716579900818
1.693755681437728
1.6967736369351964
1.7285407137032895
1.7353076279199322
1.7376981475973174
1.75987520290071
1.767209958363643
1.7700329084977584
1.7757303673058713
1.7980461581561515
1.8330897096623915
1.9000297420761938
1.9095762197363884
1.9286015681992756
1.9390400862590966
1.9537447861578343
1.9541482035234483
1.9558670890168752
1.9708616710735591
1.982776693355011
2.021914470197615
2.0922245151041454
2.121974471614057
2.1494035426740186
2.160850598094045
2.2198005689640024
2.3706806685038044
2.418814295127203
2.573076711942504
2.612122525477357
2.9165471894154686
