-557.8950797278518
-424.33068515929006
-376.6862195106989
-276.84725985103483
-218.81856135101015
-208.11382524580637
-193.2056808034912
-147.67795479251853
-137.39381868620092
-101.40595862380759
-92.12191962668044
-88.39941430225687
-81.56155521121465
-79.61554428802283
-78.78566454856124
-74.38294484874562
-61.94397487839053
-52.685219119854025
-50.8000095771809
-48.42554692945823
-47.857654027488174
-47.38157286566576
-46.17533175782608
-45.62427817027575
-45.13648080379122
-43.17193382246059
-42.353984785603366
-38.16880366378497
-37.374163865481066
-37.138813495474814
-36.32550141661508
-36.21970656051783
-35.32091656093566
-34.889121640639665
-31.49034716266632
-31.010983746969444
-30.696051855854236
-29.77709081589727
-29.438629392788776
-26.192551029207888
-26.089740320386966
-26.044958060467835
-25.502675698330147
-25.24786559930185
-24.940272379245847
-24.19080346053238
-23.397949737812002
-23.092988614333915
-22.884123388883644
-22.7437413211793
-22.55959674414799
-22.514151806963106
-21.949997508694302
-21.28405669583666
-21.247107538553728
-21.14225942492454
-20.970741260894115
-20.235437132986217
-20.078783110461483
-19.84937876861168
-19.724560200076272
-19.46992485930189
-18.995935897351437
-18.418501939630094
-17.982131021681123
-17.868956827384405
-17.57497561333854
-17.41116599072673
-16.945198350269674
-16.836777982445692
-16.498291542780933
-16.341400168508738
-15.977189524143718
-15.853717310848324
-15.397251015783201
-15.185006442472872
-15.17929465328149
-14.812476309183399
-14.727133744568862
-14.452450476887066
-14.291114677911064
-14.18948473815852
-14.129954542763059
-13.68420257471921
-13.449952001721242
-13.187709708304268
-13.134613660634002
-12.702004539352814
-12.696310079205086
-12.479982933703072
-12.308465408972044
-12.136894606858883
-12.089355326665048
-11.993617565571157
-11.980488354036511
-11.913405674352884
-11.88404136706287
-11.87049707580482
-11.763577799847738
-11.724320830324132
-11.658444879110506
-11.524854315251709
-11.515838930263563
-11.388784600984492
-11.383171214697482
-11.152517082163186
-11.124592978741788
-10.826438725747812
-10.754163850037479
-10.722824837672645
-10.716376874692486
-10.618508046944843
-10.56992556645252
-10.475306810587732
-10.341323514170258
-10.306677699264679
-10.29227524956852
-10.185554492974445
-10.148550770542
-10.131528657838162
-10.08979151337818
-10.0441885255739
-10.008937811179818
-10.00001359245336
-9.836263548753934
-9.833859431233961
-9.635782804824977
-9.579426069257002
-9.576994946100415
-9.341640254484302
-9.237361493859728
-9.204538449852695
-9.095425009039698
-9.079599911426055
-9.042513241447374
-8.910824151097682
-8.892690897536701
-8.539872572669658
-8.509257639260454
-8.41168368202067
-8.2747273404451
-8.19477698580684
-8.140981172136463
-8.100814359079521
-7.9799949513124595
-7.951151031099724
-7.8773763255660185
-7.856048692959236
-7.775338766651725
-7.705272503550966
-7.685460379052581
-7.678718844114718
-7.626529411664089
-7.594920260343492
-7.575545707939231
-7.537514257549848
-7.519680683177035
-7.510365001386921
-7.496521708654113
-7.411499995806394
-7.382405734226963
-7.378944427258458
-7.345458820434734
-7.3319107155466
-7.313318091734329
-7.276212962119309
-7.171930860656902
-7.166734468180067
-7.138401543957665
-7.077599711581314
-7.065901151259789
-7.0237062888392785
-7.010479596052406
-7.009840325591082
-6.913031203789368
-6.836945259452497
-6.826899012179501
-6.804151155723761
-6.703662483253949
-6.696183127181804
-6.664587633299388
-6.638533800693951
-6.630979551217462
-6.609536475264315
-6.59996415257407
-6.599798806750467
-6.572206060581569
-6.558532237857355
-6.536623035076161
-6.525318803280762
-6.5215374724967505
-6.470676952261458
-6.466515674812422
-6.466066491787622
-6.451897619870943
-6.44114497899387
-6.4403668655007404
-6.402851820601686
-6.3793474217178066
-6.354967330170232
-6.339709621140576
-6.324586172368236
-6.293806596737996
-6.239573247956635
-6.221182694821077
-6.209880416562195
-6.181511044946185
-6.1737054757241285
-6.128514167052787
-6.105986379734961
-6.1013023514076385
-6.100743623355784
-6.0100212078684
-5.994903348949919
-5.956328365590128
-5.893208487981731
-5.883886521212293
-5.868559978705563
-5.851006225531863
-5.845897125298345
-5.809390479608071
-5.805483955665096
-5.67265305934819
-5.628959592577823
-5.627967012172748
-5.6245003774876645
-5.608645876030654
-5.600380586497829
-5.594461602138788
-5.517616923977045
-5.515573945520533
-5.467304760767683
-5.417156229486059
-5.346465934995841
-5.33946924023727
-5.2565847861861545
-5.207824331145344
-5.189205100081942
-5.146641430688823
-5.09395190492995
-5.081759896195673
-5.076691891103248
-5.058398392063021
-5.028328202205697
-4.97201069639902
-4.968344888112646
-4.967629229737486
-4.952133111100126
-4.9219914096438915
-4.861784870651163
-4.813531734124275
-4.772877132008434
-4.759631392671903
-4.755286250947018
-4.706552293041101
-4.669058510028624
-4.635827387861781
-4.585885317703626
-4.556827517547116
-4.549375188886356
-4.544818635617905
-4.540044919626558
-4.534157979907164
-4.49043701649153
-4.4886763921747885
-4.4842641436233
-4.460106585827565
-4.4472861100179
-4.427261588558686
-4.394911871415016
-4.372015500397285
-4.337140115821471
-4.326698484154736
-4.309851791626336
-4.299766205892041
-4.286395195205244
-4.283126230231088
-4.26554122288319
-4.257423502728193
-4.246055443553155
-4.218613839211745
-4.210276636191926
-4.1882052381828
-4.187130141943781
-4.155719412739695
-4.147616677781457
-4.133432865550384
-4.124076211932459
-4.10867074491205
-4.092754259797298
-4.089589632360488
-4.071304600439014
-4.058815855815916
-4.0582361139644405
-4.021602599613836
-3.987845345778874
-3.9697385831360634
-3.95712821537229
-3.898814324398773
-3.8753466770005303
-3.872999860314405
-3.833266827349827
-3.8220785693136072
-3.802474227035235
-3.797066431808473
-3.77369203809549
-3.769513028435784
-3.7410844324890817
-3.7137936725168226
-3.678967074037225
-3.678625702193271
-3.612674225345015
-3.5955761132098423
-3.5944173898141676
-3.587186856431499
-3.5659338906872278
-3.561197678239175
-3.5611105616455454
-3.469283118676323
-3.451035377509049
-3.42870372246327
-3.411730221245338
-3.4080724339684494
-3.395786927901305
-3.3824216925952486
-3.370662403499539
-3.3663811689369316
-3.331320368544933
-3.3202589954624178
-3.284291053211679
-3.282967347825335
-3.2805272608083613
-3.2615680436727907
-3.2581806937805347
-3.2570614168282503
-3.2553447268723454
-3.2529559630232217
-3.2195561294254595
-3.154122807012
-3.0700837449539655
-3.0636515604735175
-3.029513086804823
-3.0200620359540142
-3.017889597704987
-3.0146924188245228
-2.9818014295662323
-2.9667023085032644
-2.9552550441278402
-2.955088610573378
-2.9547239941996253
-2.94164899983413
-2.9399244623817458
-2.9223113549461748
-2.89881506981225
-2.8761183789830223
-2.870250746623631
-2.8622326551515584
-2.8047176526021174
-2.8028029345598897
-2.802689499452903
-2.7801271146212345
-2.769776841331825
-2.7505336077901883
-2.7318012336877873
-2.725885817460553
-2.7241553866934014
-2.718002985452677
-2.7034526288133813
-2.702493812755575
-2.6897110764550445
-2.686367652266214
-2.6744623904237725
-2.642494233372207
-2.642240449762572
-2.5771039903533586
-2.5715147624820096
-2.570340884385506
-2.568598220159026
-2.55431997529541
-2.551345190569755
-2.5377627355286103
-2.5227819665134277
-2.4966453012797105
-2.4917715377534853
-2.4879654077535514
-2.486754254805408
-2.479707559430821
-2.4781937677401533
-2.4371244023331364
-2.4348926146916314
-2.424007882427804
-2.400743241747726
-2.3866216879415965
-2.379573137626996
-2.3602466575618326
-2.3561841146834217
-2.3554645792494586
-2.353139605513874
-2.339182914952798
-2.3246067330429345
-2.3245735517918265
-2.322395015983376
-2.320554699967456
-2.316630417569087
-2.302800581872897
-2.3025076447875437
-2.294090242684845
-2.2649196340616276
-2.264300697531688
-2.2513591059273534
-2.2420703117920393
-2.2410548312344547
-2.2132222087708726
-2.1938139956572424
-2.1829186915092658
-2.182244321442667
-2.1707715268674685
-2.1500776472825924
-2.148848456457559
-2.1390444513499745
-2.1303211572958842
-2.1232284140799718
-2.1225140642701246
-2.119020566186811
-2.118255371466627
-2.104939893401451
-2.1014776374138555
-2.0955696431795747
-2.0690980764224767
-2.0551067159729066
-2.0540780682246824
-2.047200973553898
-2.045167827085933
-2.038936311697579
-2.034474454025003
-2.02374366787862
-2.017172763517404
-2.0161210461480805
-2.0095893697066565
-1.9892856898655065
-1.972771874697784
-1.9715133422467994
-1.969351214030834
-1.9596148062816803
-1.9222953336070439
-1.908775414394293
-1.9044676518415489
-1.9019052245024555
-1.8948132917862484
-1.880985894384759
-1.878312133664971
-1.8546671870102875
-1.8422371110105977
-1.8322509662074582
-1.8246674337701003
-1.8209971473741176
-1.8007839602900513
-1.7994491290745183
-1.7833436251563406
-1.771739351185304
-1.736865595060013
-1.7357960029771538
-1.7305177546562396
-1.7297454236621488
-1.7223341565742813
-1.711129075829861
-1.7071662628586664
-1.6994689073179403
-1.683424083292934
-1.6785488612279242
-1.6726797232674384
-1.650721843121304
-1.650025049676744
-1.6398907533502922
-1.6355122442316414
-1.635474941120333
-1.6261412663175945
-1.620400806016744
-1.6194564305518555
-1.6084546744709647
-1.6033035948202674
-1.5943388628050164
-1.5929082663439156
-1.5797777065883403
-1.5719505740090187
-1.5596164995189357
-1.5454485762753423
-1.5443009171818218
-1.5440267236950151
-1.5368334171094977
-1.519986248619845
-1.509709927522669
-1.505315079701063
-1.502855628123868
-1.4840516023520398
-1.4825447023263383
-1.4744184675845626
-1.4658787487418234
-1.4504564174728505
-1.4394861926726048
-1.438368060233767
-1.4337644865815122
-1.4184186156611525
-1.4174003073155963
-1.4160831585271385
-1.4061605300072237
-1.397028485389893
-1.3933671267733412
-1.3797188993125942
-1.3430092822905935
-1.3340851578103394
-1.3107589555803723
-1.309050207457859
-1.3065271320485334
-1.305059327858888
-1.3034742756915683
-1.2958918155567174
-1.2851967693221067
-1.274278347754492
-1.2531212175428756
-1.2524682111062382
-1.251350170265574
-1.245824337925253
-1.239088124386069
-1.2335892432622182
-1.2292461493887947
-1.216566374413106
-1.2120873734640891
-1.2108211076784405
-1.1982875985215262
-1.1962764634115681
-1.1954747709946845
-1.19424797336994
-1.1803694687972972
-1.1785042327974746
-1.17649310587922
-1.1741104094067822
-1.17120207455907
-1.1616111069542394
-1.1567217470195152
-1.1550672768274735
-1.1428364189400877
-1.1422190780451498
-1.1193308055810784
-1.111360203971541
-1.1076277838360082
-1.104789586792749
-1.1029130237917697
-1.096358521284216
-1.095857642203386
-1.090672015009377
-1.085287040219975
-1.0541443624836155
-1.0496089574971113
-1.0433432797586009
-1.03153857068977
-1.029469943878079
-1.0180088214105052
-1.0140932775396805
-1.0075574262622804
-1.0062108075114458
-0.9943068342687258
-0.9835410469124546
-0.9641965221509744
-0.9616705846657505
-0.9594617974239966
-0.9579070894873547
-0.9459520569403039
-0.9203147684480643
-0.9195077205381896
-0.9185161956181794
-0.9167937683670314
-0.9092189902886104
-0.8888752855068122
-0.8862065612724941
-0.8733976760581402
-0.8719167678049596
-0.8691240108346996
-0.8679110516305604
-0.8577440173419959
-0.8574031502481584
-0.8543294210767349
-0.8479773783315586
-0.8470129338903961
-0.8440161988964993
-0.8407225475062631
-0.8388340711179455
-0.8359966538589803
-0.8322840958871909
-0.8268466414521263
-0.825952121187372
-0.8245414278001361
-0.8048834032049921
-0.8015467129946768
-0.794028528065049
-0.7935603206224571
-0.7906165809018092
-0.7905960639332958
-0.7747305754799314
-0.769291083508831
-0.7617416360170571
-0.7612822059111971
-0.740705770694812
-0.7375611811677101
-0.7311194749920626
-0.7310658912283248
-0.7294110750364624
-0.7131564199851017
-0.7127411764298035
-0.7025297452591587
-0.7010043842193993
-0.7008209983515531
-0.6954753057983263
-0.6948466729271754
-0.6922071325854603
-0.688691030730215
-0.6885698782812787
-0.6871547857068456
-0.6809392066236982
-0.6695824121881094
-0.666118878995866
-0.6633936707902188
-0.6615016646773717
-0.6609164524837002
-0.6602199885827373
-0.6581292359182449
-0.6524547947738221
-0.6474424762679998
-0.6382683485616514
-0.6298261522695527
-0.6297730346749406
-0.6145676356977626
-0.607520045911709
-0.5966381773719492
-0.5913143389748777
-0.5836062856578189
-0.5825670393281692
-0.5814674644588617
-0.5790577718930817
-0.5722146159886472
-0.562732296628488
-0.5558833293723098
-0.546605200962011
-0.5447491954577234
-0.5431138283700092
-0.5429917288037461
-0.5417081902796181
-0.5361271320049135
-0.5296849976426472
-0.5291482034665087
-0.5273338616701803
-0.5167941173353474
-0.49859259681479307
-0.490473485155394
-0.47610009519668633
-0.4696613397852204
-0.4662882255820484
-0.4524378236654891
-0.43311739629034596
-0.4265458077660065
-0.4164054059147597
-0.4008167998004919
-0.3985879288710595
-0.39525338588647774
-0.3885127733045366
-0.38690449017584716
-0.36716439744969276
-0.3620541987113163
-0.35740134265337886
-0.35337618592845293
-0.3497069333654548
-0.34235625449135176
-0.33833929184145284
-0.33756451950655764
-0.3334674324026224
-0.3181601908932933
-0.3117597634295781
-0.29752877370106
-0.2963086881537085
-0.28861784507450317
-0.2856823742864365
-0.28407206205284163
-0.26834788733294257
-0.2671551576388289
-0.26661367148956183
-0.2632146680564653
-0.2550941825186111
-0.2439883697657711
-0.24144136055299095
-0.19972029920571877
-0.19706986853744324
-0.19687831824421176
-0.19443873398275846
-0.18851355649590085
-0.17952717270462992
-0.17042646311892895
-0.1532425304946123
-0.15078276911039046
-0.14397170148079164
-0.1375890222953855
-0.1368800976812644
-0.13322888558425852
-0.1311858853871616
-0.12780545113551967
-0.1262069050174719
-0.1230326991963141
-0.11840984159215528
-0.11087260154539347
-0.10510798052954617
-0.10135309165668771
-0.10110059584472753
-0.10007352678710135
-0.09754767977940082
-0.09659905760531379
-0.09199107422074682
-0.08711529347751479
-0.08352615860779278
-0.07987004696893915
-0.07784881696502666
-0.0759329731747776
-0.06973153780183339
-0.06496926901705286
-0.0599838658349785
-0.05555925141667051
-0.05236295517685763
-0.05082960986608753
-0.046810988671156684
-0.037239370816822825
-0.03397701585035867
-0.0338712905269912
-0.027648288168225732
-0.025259784595222268
-0.021550318546495473
-0.010592661231687672
-0.008572724888269101
-0.006899417752357473
-0.004113341020045125
0.003567735429590907
0.004254758275615833
0.009998824168112264
0.011910333675848594
0.01896715941733379
0.019038272459207195
0.02024491299237874
0.02405743357392165
0.05059162104341981
0.0509395781537306
0.053066465724488324
0.07138881088713855
0.07498652979719345
0.07760743173916745
0.08424919705001299
0.08944111026495649
0.09100392180165995
0.10477984814048275
0.10888442398186904
0.10900687666371212
0.12250583632193701
0.12530688329542777
0.1253479028588107
0.13445852335063552
0.13683962615577472
0.1663197080270734
0.16846855542617256
0.17393937531042275
0.174070228851997
0.17912111027131805
0.18127407872913193
0.1819768328607732
0.1874108939699603
0.19160007338949486
0.20226987681626368
0.20227140537999555
0.20256618281063654
0.20453125618206436
0.20664563246041373
0.21219375011383496
0.2146797051160202
0.22585798257814296
0.23090832943223305
0.23103256628423213
0.23327557399877807
0.23780231059372686
0.25880267139265156
0.2596263905205559
0.27103092232450354
0.2722891724074258
0.2735342173011767
0.2781700961310004
0.2783472912968603
0.2804046846036825
0.28400687321794005
0.28749371228423237
0.29982096645932205
0.30143757783547265
0.30879581398105105
0.31138567340463313
0.31907292435481444
0.3516416131011558
0.3516918654169815
0.35272128287961246
0.35626227428706314
0.363076911326885
0.36311727910199876
0.36835173868191506
0.37279642810197144
0.37503828514745596
0.3846851993919022
0.3881314023320171
0.39422720899889807
0.3945481088189581
0.40600298783582345
0.41740813950552413
0.4247742677449264
0.42691512545070154
0.4295297492672959
0.43265013522507867
0.44000427584310164
0.448430030599037
0.4542404040719944
0.46564043197407357
0.4675414444742063
0.4732925972759517
0.4753866232320988
0.4819831167122173
0.48206765380605815
0.4898666503863585
0.49286388248010965
0.5000368010400853
0.5042706255518135
0.5109384826284049
0.5323420104969496
0.5380788514785089
0.5430618908807221
0.5457875352996624
0.5507915208586502
0.5549658645365314
0.5751443989375816
0.5829936844522321
0.5870228997656837
0.587372573462558
0.5888618684615584
0.5939246032946617
0.5990299632934926
0.5991067069143434
0.6009343737397199
0.6032295736282316
0.6051777922895799
0.631076151934595
0.6419518175822458
0.6476475006983321
0.6489051621415601
0.6523902692780545
0.6544646229508693
0.675505938632293
0.6801928177377847
0.6846937487542182
0.685863751694085
0.6876383578194346
0.6888368923697019
0.6932815407021595
0.7031918119935128
0.7050553871803743
0.7262102313648395
0.7353128415430462
0.7408523782567705
0.7569930713212057
0.7590135303885213
0.7626248719000446
0.7642960041837947
0.7705153617664047
0.7705777087673139
0.7716485898668447
0.7737791984889602
0.7807020774608616
0.7808067426440322
0.7886055831669276
0.7903576582169176
0.7905109446088471
0.7961187403817463
0.7989809901570224
0.807969519503683
0.8165433966238076
0.8176107254215289
0.8292309879154615
0.8340090700163245
0.8451129422932757
0.8569409403245764
0.8732537323362138
0.8746668705529435
0.8796113968511261
0.8817317653062813
0.9018738787971449
0.9075133203249789
0.9113424709016554
0.9124598146092833
0.9138267348132683
0.9221992573300992
0.9334130821172332
0.9396258675125496
0.9410380605696541
0.9596293554190475
0.9633309216480461
0.9641398455139729
0.9735921401715757
0.9763494172997317
0.9769213297547358
0.9778546084752421
0.9819601214891449
0.9892186079664933
0.9898437153097119
0.9927926251530387
0.9985421869435607
1.0004474809895205
1.010605489422267
1.0161216306998098
1.028899743160319
1.0328972061643318
1.0330693509565192
1.0391345656956625
1.039422354187976
1.0504222910084051
1.052457488615272
1.072478731007438
1.0771995083933525
1.0953057225129765
1.1094771989772871
1.1104054431802755
1.1147293702705308
1.1152717769684788
1.1177916775762453
1.1207026361858148
1.1238693078978186
1.134594189206632
1.1392983718150502
1.1450703694641975
1.1545214170470448
1.1610394289149117
1.1781443796667141
1.1809853670570558
1.182391530394483
1.2079807362169717
1.2154067161087423
1.2168582019514984
1.217560989089948
1.2338900268928663
1.2374622044194854
1.2402680800214028
1.2420716462951225
1.2556036249279523
1.2625955527253794
1.2718147973221143
1.2727144594922106
1.2826871346254487
1.3005317888138785
1.3378941679252656
1.347453826408537
1.3537137490640752
1.3696519675141416
1.372731775347174
1.3748240412455048
1.3802203318959063
1.3874705625257682
1.395749577852406
1.400121151331125
1.4143158933270148
1.4161188626526557
1.4287060190513767
1.4308652536825128
1.4435611488226665
1.4519408454707579
1.46546224087781
1.4902946171098597
1.497655032217987
1.509492519766921
1.5120754482578809
1.5186101254656617
1.529183340595218
1.5523054151651006
1.5627706480110743
1.5697022441010353
1.5733056973470492
1.5737981595001904
1.5858941194922982
1.6064539675961398
1.6078309145495697
1.6256480997921605
1.6297559420453565
1.649211728193487
1.657249568440497
1.666661480523198
1.66690643991804
1.6736809828328405
1.6751692623558454
1.67699851318521
1.6799093073235611
1.7173245942002997
1.7663453330927432
1.7861925131235443
1.7914843915729892
1.7958421528712263
1.7975557653482783
1.8223639454157836
1.8769500149388676
1.8987482514125689
1.9435689619980008
1.9919117240978954
2.019692642419431
2.0281968899231506
2.0408515435947634
2.050489457231734
2.0893470681082853
2.0950511176201196
2.1178854932802125
2.1407383923279624
2.1733541077415506
2.17846623998024
2.1921991467659354
2.2010119520896803
2.201045349810193
2.223740728214809
2.2424943123216554
2.290652135063203
2.3674589738147302
