-702.3468091635946
-521.1460499003136
-490.2707805584618
-351.1427956778271
-167.01468520559249
-159.236084121717
-153.34673053404134
-130.49945383038406
-127.47679745040126
-127.07426234218237
-120.5982080587341
-119.98286100984791
-109.15471324613843
-100.12772573109865
-86.40526976894988
-85.59883728993046
-81.26050317960227
-81.1051601201518
-79.649605003315
-71.0564829449101
-68.91281684118832
-66.69318938382622
-60.57911439572981
-60.406702464876915
-59.12316713804371
-57.38161680382153
-56.316414193700965
-56.05164087555525
-54.97663468490334
-54.16263226122808
-52.26178094095164
-50.87828449213453
-50.80021282187855
-50.2928056806027
-44.871443210533265
-43.686033183905266
-42.89597068079424
-42.069586172784675
-41.96431310380435
-41.25877327929838
-37.78769087167851
-36.27796914868905
-35.8586688693453
-35.73892134780995
-30.93087500611793
-30.690946439285685
-30.132641847087648
-29.236065757113394
-29.22380956537941
-28.95099360570887
-27.62105040909763
-26.512024609279425
-26.38284436212976
-26.19488577548165
-25.702113568825357
-24.921662485168945
-24.35317833375656
-24.038958599830355
-23.709896724481155
-22.967046466450867
-22.744286091762394
-22.602991137315758
-22.57841578458536
-22.21380417411796
-22.146985750178587
-22.139163734865278
-22.117003929633427
-21.881006734957566
-21.77948340658734
-21.55228581360337
-21.15216445113961
-20.625507206791028
-20.441794058383895
-20.44107005447274
-19.881711547677696
-19.61503210684492
-19.582612416116486
-19.49948990675167
-19.47865921086218
-19.12738338663806
-19.032539464012235
-18.743918005282172
-18.19598799697952
-18.15296939457931
-17.982017495819086
-17.74638346222455
-17.736762809186494
-17.672890720664657
-17.443578948524298
-17.229088514511915
-16.84767536925805
-16.37025974909251
-16.258366766300277
-16.00618654172426
-15.635934811595803
-15.632082417224156
-15.602900390541542
-15.06993176683713
-14.974829327117426
-14.951280810639838
-14.582408055755902
-14.398868580914787
-14.212629532226492
-13.889426741820746
-13.844112197272983
-13.67097162910406
-13.530811487680268
-13.50598749368441
-13.476618359036005
-13.330640054262743
-13.198329929555733
-12.990785143551221
-12.899893878810984
-12.883765689199453
-12.772958736059964
-12.74418845708471
-12.427435083424761
-12.421503261792886
-12.410145150987029
-12.309207082997386
-12.304903120458176
-12.276422777278473
-12.250541716330218
-12.177282386876307
-12.166176837651186
-12.119433601200463
-12.0045203546466
-11.999229232514685
-11.96650753623999
-11.880666554763142
-11.774898514763452
-11.552005004212527
-11.451580318578248
-11.413083053244097
-11.279989365132572
-11.001830722536038
-10.994098592528708
-10.980178697888736
-10.94363512391995
-10.889648770760749
-10.851863959359227
-10.715768210958018
-10.594107490726502
-10.58147151820523
-10.5682358488484
-10.323759242050397
-10.273051186760704
-10.21285838635546
-10.19858453630154
-9.741224231854982
-9.726252860802377
-9.444570226646924
-9.441026850387049
-9.43491166899267
-9.31562660564869
-9.241009140972222
-9.186947758791678
-9.082251392065444
-9.070416682138646
-8.956884015967736
-8.799586438370548
-8.7398820996265
-8.71083427000243
-8.694412668300476
-8.625570164422287
-8.588006145736424
-8.494268110696877
-8.4499302129619
-8.419530913485305
-8.307319345279762
-8.306999660580638
-8.274121521310306
-8.259027883158335
-8.210698720309793
-8.158221989847512
-8.046250528498938
-8.036971340386586
-7.861756642366287
-7.861175207904657
-7.782056437637107
-7.65003948928538
-7.515543994101381
-7.513955256656196
-7.50225735090666
-7.458546351999919
-7.423275223482013
-7.391167785796333
-7.349836357748005
-7.314627676287092
-7.245053072672958
-7.205174742304653
-7.201417185880939
-7.159591597821581
-7.0321753697102904
-6.998431457461546
-6.972664664892827
-6.953412834894679
-6.907726175901393
-6.893108219321326
-6.8865267708803035
-6.827006250589063
-6.788068187779837
-6.744146033599691
-6.7318499905885245
-6.685243734855459
-6.624087050221246
-6.611642877848496
-6.610665966994535
-6.567668537725755
-6.56199006161225
-6.5466750980355775
-6.488202093089807
-6.422533295617535
-6.407325023936973
-6.32818861501833
-6.307246204099128
-6.293006253015046
-6.261742377727161
-6.250341841084048
-6.181910541535451
-6.129065578373313
-6.1270198982472746
-6.086990603132344
-6.072319674777227
-6.0673846303325405
-6.062846534630041
-5.995423165974941
-5.943842919902142
-5.9400970476044455
-5.880333332272747
-5.862369397816112
-5.81001023661085
-5.792139238605103
-5.768536881645249
-5.7196518061176285
-5.719430041686019
-5.702871290577502
-5.6350188339747795
-5.581871194424906
-5.579944818528562
-5.5709895867978725
-5.522158768415777
-5.490977460204766
-5.3658682767190236
-5.317212523452913
-5.30642235325756
-5.28312515900492
-5.259539295069338
-5.239020272823028
-5.203328880659557
-5.150746063118082
-5.0922621757551525
-5.080809019735573
-5.063514785384085
-5.061159382815517
-5.006044660653669
-4.955045602578291
-4.864354994995551
-4.83424470488968
-4.830784826997054
-4.827101974137163
-4.816169769737787
-4.803382821760769
-4.7290725399470865
-4.710635290651197
-4.698823812051222
-4.6883234355662715
-4.679157873275439
-4.6729770975328515
-4.670177434916917
-4.648245618814648
-4.628296295498449
-4.628093897735099
-4.588458729420945
-4.585415431232751
-4.5262429628550045
-4.51398731185621
-4.504506866081949
-4.461491551559182
-4.4410881036416665
-4.43914324133049
-4.4000661868970825
-4.3868222266484365
-4.386494128959853
-4.359018670235417
-4.354240959331085
-4.344300662415932
-4.318309725593779
-4.312343415759241
-4.295082870915243
-4.2359292382393905
-4.204493963261216
-4.164698127665957
-4.16241598688611
-4.134518631232001
-4.117177926660074
-4.08624207203863
-4.069513723775456
-4.054813261890301
-4.031355589168259
-4.021337666215116
-3.9946839072334397
-3.9875561332518097
-3.9735702892133684
-3.9433739070944114
-3.909346619094716
-3.8940039472361727
-3.891562492642884
-3.8517920920621997
-3.82865935554096
-3.812808338092677
-3.804413422234889
-3.79975924908914
-3.7982453792321103
-3.794659137148919
-3.7610164871231806
-3.756123309329542
-3.7522394736317386
-3.7344265309696585
-3.7181300370795505
-3.7012070713322522
-3.6965941028559186
-3.6918802163669544
-3.6386336674309345
-3.6288399867820624
-3.6172589706456346
-3.606482459399204
-3.598371859771169
-3.571879788278721
-3.541663922222745
-3.531022955050376
-3.497160354386123
-3.4935308112765773
-3.480273942670504
-3.479709206121527
-3.458791828253265
-3.4454709558180276
-3.429446013292401
-3.422786993876124
-3.3640470071292126
-3.360196885925811
-3.342614121349087
-3.3108095948276643
-3.2697316561450296
-3.2694200477481585
-3.26897428073209
-3.249000590721045
-3.234908473050702
-3.228737789098866
-3.2255503158857324
-3.21809439010604
-3.172437525672009
-3.1635472339414568
-3.150001145732115
-3.1166796091144233
-3.0884791050200584
-3.0505250581564676
-3.0298096894827644
-3.0118017928283827
-2.995917916595128
-2.994216229092325
-2.988591172784197
-2.978299648606101
-2.95159933186997
-2.9490063941243294
-2.9326295501250437
-2.9287927867355976
-2.9280453570089646
-2.920377407928319
-2.91754653648953
-2.9139630313068494
-2.912960067834549
-2.890313485677057
-2.8666877031647884
-2.857001882992771
-2.8549554377553075
-2.854891203543505
-2.8528537863669854
-2.8418969603443367
-2.841717682247827
-2.832781209855197
-2.8325686814778717
-2.832417508678974
-2.8053935054128067
-2.802168019000761
-2.781469926732944
-2.7743286244842627
-2.76771325719422
-2.751389484789268
-2.73635407585039
-2.724437648133094
-2.712252476038734
-2.6711482562777245
-2.6637752443174643
-2.6596785591433743
-2.6491629299297963
-2.6391746126898425
-2.602871685015843
-2.5865544528368956
-2.562670357130672
-2.5376212211739055
-2.5290556678454252
-2.514004234181878
-2.483257522245458
-2.4799291279707125
-2.4567548438857223
-2.454526254301485
-2.422532148210837
-2.4011247694946145
-2.4002387203000684
-2.39439480055451
-2.3852810996063853
-2.367213389667002
-2.3668471978707535
-2.3661714976388275
-2.3520248841702704
-2.33614980925484
-2.3339993231068332
-2.324316537810714
-2.2914982943236177
-2.2867829622933016
-2.286685871280098
-2.2791650854629735
-2.2715257993700555
-2.2636014688872894
-2.256392755610849
-2.24257456027787
-2.2403732248151864
-2.2390637782196783
-2.2352943780439536
-2.232172423797654
-2.2313604248838685
-2.2045169496005688
-2.194029928360422
-2.1779960453700578
-2.158998741193834
-2.1395840223390734
-2.1245285143206125
-2.11586998701123
-2.11077033903063
-2.1049895872438467
-2.0939873604481236
-2.0815350554089007
-2.0763476763056534
-2.0674750679835605
-2.044309524002445
-2.022493727696855
-2.0150740592657446
-2.0115943891988484
-1.964737029317123
-1.9276226323307464
-1.9214461610759566
-1.913907093273711
-1.9096612882980604
-1.8879624081588382
-1.8873929358752153
-1.8637624223899034
-1.8573236252531005
-1.8573140350541513
-1.8311153057228315
-1.82972241933634
-1.8199576689525623
-1.8055846393889448
-1.7839930192425328
-1.7792595289378605
-1.769258377132482
-1.749349522120864
-1.7324015763046843
-1.727962757652503
-1.7182209582584496
-1.7105953421020836
-1.7088558738765944
-1.7056557497995333
-1.682407965376578
-1.6713307784607239
-1.6477177923110742
-1.6230478310435301
-1.6084834743005558
-1.608073141897863
-1.6009098645281323
-1.591142266085318
-1.5849641784872088
-1.5830800751275311
-1.5770627727252933
-1.5661924424492535
-1.5659732522036924
-1.5636388424301386
-1.5362212422692156
-1.530708677392967
-1.5135784144518685
-1.496954405152059
-1.4940307737247533
-1.4764451017574838
-1.4757283934832897
-1.4721042249920675
-1.4691751428381548
-1.4650324533367607
-1.4535555227010217
-1.4513915426224027
-1.4456255438111694
-1.4419587822632516
-1.4379273456078228
-1.4217524428694879
-1.4211443419876493
-1.4174659376027188
-1.4021181080871004
-1.3984130428123915
-1.3632701327807257
-1.361682163252408
-1.354260697549519
-1.3476637871924644
-1.339805786414624
-1.3290098309419336
-1.328857500823247
-1.3262552563896304
-1.3088313870210875
-1.3065385750263463
-1.3016782287848274
-1.3007459598752622
-1.2960802981478599
-1.295300692208902
-1.2656135436428557
-1.264823752260628
-1.2511681043378289
-1.2433795035067607
-1.2304863322688435
-1.2289704740298004
-1.2256208167221634
-1.2129572055357505
-1.21169336735202
-1.211537537572699
-1.1891160447058458
-1.1812872643555616
-1.179893731536915
-1.1752033762646725
-1.1658233333397319
-1.1645196414562666
-1.1626520571170094
-1.1600800297651441
-1.1587655650426343
-1.1539862972978407
-1.140745052503087
-1.1277522248980762
-1.1264261874229593
-1.1209327924448163
-1.1167813238430968
-1.1145202240283578
-1.1140950188328742
-1.1064659912072088
-1.0992661600653788
-1.0986585687680082
-1.0899671038491165
-1.0759419331353826
-1.0759318674523153
-1.0750159270676978
-1.072261942677032
-1.070815173044855
-1.0684412013380231
-1.0654665788566318
-1.0643662178642552
-1.062195849378547
-1.05747658637627
-1.055916722184979
-1.0465906262971507
-1.0368926328952752
-1.0233383566758425
-1.0130116442312684
-1.008099217471656
-1.006241559912589
-1.0044682590899163
-1.0022310386955815
-0.9808622123993495
-0.9669212020836848
-0.9655195329429884
-0.9627741987952569
-0.9532077542666603
-0.9512538304288294
-0.9475575517519841
-0.9400391895316828
-0.9397977728125765
-0.922632613171804
-0.919194539588054
-0.9119375994417817
-0.8953554601760988
-0.8926224291685508
-0.8902853548636437
-0.8874327051894019
-0.8789615921587924
-0.8657452222007155
-0.8652957357639633
-0.8497356980055718
-0.8489872812069096
-0.833608099525305
-0.8277914674685906
-0.8237350850387093
-0.8184993661923707
-0.8153113240915866
-0.815217742173747
-0.7946419322111473
-0.7915209575246238
-0.7895758312473578
-0.782218624454226
-0.7820005620263915
-0.7782157034745637
-0.7597385176345055
-0.7548752169660472
-0.7408601579023314
-0.7328582784535016
-0.7325012227882391
-0.7293007175753066
-0.7257399098380307
-0.7218292067869275
-0.7121438700907048
-0.6956934305622311
-0.6883812288946963
-0.6779902600955978
-0.6539253390103321
-0.6473106309547948
-0.6401708216412327
-0.6341621161908788
-0.6312217938370326
-0.62428708849637
-0.6206147136357993
-0.6181917448085816
-0.6131340879612996
-0.6075255365975348
-0.599382902747668
-0.597680392074467
-0.5921826160288021
-0.5900701789317161
-0.5849637904920537
-0.5829603341161721
-0.5786777837757743
-0.5773859288261043
-0.5605104207800827
-0.5579037561135994
-0.548950655866118
-0.5445461421157259
-0.5300181190780041
-0.5274647789797869
-0.5273610250019256
-0.5257477728851573
-0.5189852316608199
-0.5143383730009051
-0.5108406668805827
-0.5091704901080252
-0.5088233521197127
-0.49818632712988464
-0.49600904339684754
-0.4957893479631449
-0.48944332951303715
-0.4793331333875892
-0.4790006456869138
-0.4715842195920732
-0.4539852427567991
-0.45362292363352674
-0.45085545516137937
-0.43882084691160794
-0.43577302397483864
-0.4346201719870919
-0.42057745749369846
-0.4108056685651441
-0.4085495726147823
-0.408543240004006
-0.3982436403338181
-0.39072841378499357
-0.38971300730417946
-0.3797147023241182
-0.37702188473212794
-0.37661489479715354
-0.3764951371052262
-0.37642692546860934
-0.35655321533934137
-0.31744332405285214
-0.3080693396951215
-0.30383919032238826
-0.30296847447573505
-0.29972924543173995
-0.2925120297625104
-0.28448284839082394
-0.27407474586990493
-0.2730385915798952
-0.27202981906163815
-0.2676197489597939
-0.26740656637101023
-0.2668672526347179
-0.24425529141163616
-0.24162256261062393
-0.2404952297966959
-0.23787539485658227
-0.23394459039993937
-0.233282358513985
-0.2324447193998802
-0.205453530331411
-0.1984318898169773
-0.1903021599513703
-0.1664939223043841
-0.15883831887194177
-0.1543474267687535
-0.15291168921095666
-0.1519599389961439
-0.13997394480161698
-0.137467023316741
-0.11898540181721462
-0.11647275375949628
-0.11427750960474115
-0.10986889433357727
-0.10641308744385664
-0.08976626881707225
-0.08936810168877904
-0.08783024781634219
-0.08111855839630333
-0.07966468603347243
-0.06988537740277057
-0.06631135193398785
-0.04776579816002391
-0.04773005108092121
-0.0370595626391611
-0.03130973327073483
-0.028811407881675133
-0.025630449879590456
-0.020106165025413694
-0.018238882247093025
-0.015856463567736512
-0.013922106213275387
-0.013261924378202464
-0.012096483234570354
-0.006351326752799924
-0.0062217402319652
-0.004629080531420748
-0.002880455155070738
0.002468122298631914
0.011466643131397336
0.016606384354499237
0.01662049598754589
0.03772870019639929
0.047740967300995196
0.04981418263875903
0.05728263886524765
0.06644534550428827
0.06809056307997757
0.07221695045529086
0.07306477455544791
0.07654743888772628
0.08104690942961756
0.08247348401444177
0.08326606261180014
0.08393395570469996
0.09041691743204971
0.09126316363261733
0.09153105036050857
0.09589737562717326
0.09608925920685898
0.09963576965484944
0.10098327206020896
0.11355874698502305
0.11814261953324229
0.12983626295283068
0.13696116589340457
0.13983518593732447
0.15554440670006442
0.16575495491093312
0.1688522787854132
0.16885922999496275
0.16923856724553524
0.1735206995956935
0.18051334381861014
0.18356874366173292
0.18792841790578374
0.19410077294498917
0.2098135993181981
0.2185450302192633
0.22712403010912569
0.2281867199391756
0.2290698243819963
0.237814446310193
0.23909312655034154
0.24314495301535294
0.26152908860966495
0.2648930647810004
0.2753545218649741
0.2772930414576099
0.2856109518923022
0.2901017257388215
0.29150945821396335
0.29433363686406644
0.29940794429688594
0.3023738001561716
0.30981980952218313
0.32014762699937227
0.32433809730779073
0.3424433389792306
0.35264050114105044
0.35303565665075864
0.35560183284873903
0.3566045269647145
0.36247714031291667
0.36281309555103997
0.3702183706698774
0.37473723582022
0.3755672096403141
0.3789102543241417
0.4004169668088824
0.40109244507763986
0.40726845145731183
0.4086797100210639
0.4184191742855241
0.43543576477756085
0.4392220546692617
0.4411421707201119
0.44491487711866445
0.4502633661756665
0.4509998150776754
0.4513060374749253
0.45597936897739444
0.45605116061184453
0.45746394024432546
0.4611661825667757
0.4718015944802869
0.4797142758764898
0.4922540215787193
0.4954188664372505
0.500097947271386
0.5060149316747583
0.513920337781425
0.5182338991075853
0.5216899139555704
0.5218591769060795
0.5240067761056132
0.5276283334997672
0.532201300607629
0.5455448528360587
0.5479726129437227
0.5542272463108542
0.5641259096750679
0.5665492342455676
0.5782662602922826
0.5794252133707233
0.588896265596957
0.5984650704516556
0.6115406055973001
0.617405085625504
0.6303740263481032
0.6304935845246682
0.6320254227627977
0.6354979171667452
0.6409219222234767
0.6474352607671796
0.6474861377910871
0.6637154853844802
0.6679429341451684
0.6777040177398758
0.6853389656614479
0.6905942948428831
0.6945902303479335
0.694778870777869
0.7058092464491575
0.7142538239466645
0.7263688202431731
0.7271472149556995
0.7344540285370367
0.7378641651669537
0.7389775879547377
0.745090291094151
0.7532597533623391
0.7585244268358645
0.7603107657279821
0.7645261074985064
0.766897083850648
0.7754936383222488
0.7800497159906625
0.7808204287370554
0.7855145511498283
0.7984044984569166
0.802902769641928
0.803716719235097
0.8072025277619943
0.8096153792560187
0.813576089894299
0.8249275439561645
0.826281064330321
0.8324651611640439
0.8345800962129265
0.8391344170350209
0.8441707442300774
0.8446541646717491
0.8558891502163883
0.8627375423714493
0.8696385262717199
0.8743946244230913
0.8874162841683537
0.8987043314062231
0.9021538926430681
0.9049883620516952
0.9153346447083587
0.9211539266997937
0.9239649039328129
0.9349801351240443
0.9381724480405211
0.9400667516580342
0.9404537985295641
0.947715906945175
0.9532355776779077
0.9553231057715982
0.9726343915164325
0.9812567074103817
1.0052911105635516
1.005567393414231
1.0119765230391362
1.0189402146112245
1.0233081545382492
1.0236720203298275
1.028016741798366
1.0340241748386911
1.0362712677785186
1.0390280735980633
1.0405459267839456
1.0423213956198047
1.0914626466966846
1.0935161678000265
1.0977183320226662
1.0992214490585845
1.100849551864271
1.1033075179103795
1.1091921225486505
1.114304357574483
1.1151261954704452
1.136426457125351
1.1444336959203114
1.1463543075707343
1.1527316662943554
1.1582344450193247
1.1590057887945184
1.160612174859605
1.1811437774909566
1.182289480936884
1.193676144223637
1.1945699856423646
1.1973066772118484
1.205124000729596
1.2077974637277928
1.21560758666104
1.2255454604216252
1.238457448092717
1.2432035344091663
1.2441241999566814
1.2587424709147101
1.2645810744971673
1.2654062357221139
1.2698618386196048
1.2731898487339248
1.2767666301431897
1.278471274500235
1.2826280368124268
1.2907635158384818
1.2956981142760442
1.3103975984171272
1.3165059923800617
1.3277040413905925
1.3377222485064955
1.4006783349921421
1.40595827728054
1.4071205437243872
1.4377903113360233
1.4397195317526061
1.4487502951022906
1.4505854899888901
1.4590571886118227
1.468076137429431
1.4698180235273006
1.473111626887508
1.4760432109255022
1.4985595305758943
1.4992221980178362
1.5317286849691556
1.534655776652947
1.5435490051584675
1.5481686276761009
1.5508957067994475
1.5518341275245102
1.5542335603737691
1.5683508073422923
1.5773052792997952
1.62245507260118
1.6236936240504924
1.6345535442938401
1.6448875942791767
1.6449850183244243
1.653018895878983
1.6877946461263251
1.6905418123649902
1.694430462054889
1.7098819084177248
1.7327050907126034
1.7474355749031685
1.7495374958554315
1.7592691365882993
1.7843655060615264
1.7926139371958105
1.8068510422298654
1.820099275385302
1.82181363229256
1.827607495701395
1.828734961269426
1.8884928369964133
1.8903485973077125
1.9111572707672424
1.9167054050854304
1.9286199188056328
1.9453878343456477
1.9621317005065513
1.978508591165916
1.979020870952866
2.0124578577749492
2.01756657390721
2.026311920040495
2.1013573690449836
2.151122714865211
2.2161793134850027
2.3338767709837622
2.342032356280734
2.570545754017428
2.5929447965752557
2.5950425334415925
