-13114.688146295
-446.4641682464007
-326.8009045503427
-216.84546041482432
-178.13391107962713
-147.1898465876404
-146.29080639601565
-143.13813726175712
-138.3284195989593
-132.2420429330401
-131.2571382461178
-129.58019341730107
-119.92391273410239
-115.46141693462312
-114.05158518999082
-108.29714901818605
-104.89440500774127
-85.80482399374772
-68.5889789971921
-67.40110067997205
-63.28518132962335
-59.19023566654843
-59.0044567695719
-51.899688516709034
-49.58271985247973
-46.769441105912016
-41.82686273022768
-40.987302893456665
-40.91699546547921
-39.2815466821561
-38.31770292904568
-37.963606334964396
-35.53417185879289
-35.42950695576046
-35.08469604196615
-34.260832434677354
-33.227694224558626
-32.83222451752609
-32.58437387518312
-31.814213222825973
-31.058733801577002
-30.884450743152982
-29.55031223518021
-28.549656750332378
-27.569140059223518
-27.21936636816444
-26.35703438226513
-24.186099332878314
-24.046465267377744
-23.45379049801876
-23.31969206431868
-21.557412568622645
-21.425265671161245
-20.414797326818036
-19.936571058972053
-19.9300764151801
-19.719616480536754
-19.649904682331325
-19.425969591965277
-19.309769013660695
-19.104484527486054
-18.468232793849193
-18.168521929377857
-17.971983663345686
-16.92932398524596
-16.61443318665534
-16.392389015068122
-15.872144806841586
-15.855086897867956
-15.111137300117365
-14.975297834729048
-14.842801448307807
-14.754115669882218
-14.50941258650483
-14.35214152713242
-13.780552796841295
-13.764038554051604
-13.41425291052559
-13.364720559523757
-13.332326269603199
-13.318264462404489
-12.908900737631743
-12.864950100586393
-12.78756300820268
-12.745680484931562
-12.448124140599822
-12.416491118275367
-12.313119792764294
-12.233752535435775
-12.214151879227062
-12.168884212270807
-12.065812466614421
-12.043064312786147
-11.945772839857565
-11.655253683616309
-11.607560487895132
-11.57993500978795
-11.421574730929688
-11.27075227861883
-10.863154040845028
-10.787504915658
-10.751726775848745
-10.737615228247474
-10.725172206891633
-10.69309006300116
-10.62472391362133
-10.43840158313977
-10.017400869388133
-10.001596672121138
-9.950480638899782
-9.87188399199139
-9.87176976535627
-9.775262182407468
-9.638714088707886
-9.502475536940166
-9.49254401435774
-9.47605077616845
-9.377872123070906
-9.215158467972815
-9.098196124375926
-9.04520637123587
-8.997572071957324
-8.975329758409677
-8.968817337745236
-8.902091236393266
-8.780935009074302
-8.737555333701067
-8.719145993753502
-8.71533723140282
-8.57060909538005
-8.55363849523333
-8.520478717019607
-8.453946901775765
-8.441684928371068
-8.411265219683871
-8.376244920787068
-8.340572236581092
-8.322285607384291
-8.296683348681555
-8.213224950767918
-8.157967920315317
-8.147137618329776
-8.048285854108377
-8.032293477173395
-8.020043070931198
-8.00173921710654
-7.97584171695167
-7.954987067943154
-7.908253000576874
-7.846242348718173
-7.806782353409655
-7.786198568546236
-7.739025393445452
-7.682831185912063
-7.674673219062065
-7.562959474441543
-7.408805216093264
-7.38239989346286
-7.286393761291109
-7.169308358719483
-7.088531530210961
-7.067471592254751
-7.042082825257622
-7.01526932514533
-6.917867893126002
-6.913497456779031
-6.907756393967288
-6.871471412570278
-6.7500886240954525
-6.723983417704009
-6.600464257748522
-6.586006876958183
-6.576085196790454
-6.559961907583178
-6.554187352800469
-6.5447682688665205
-6.502637894812698
-6.474113053431258
-6.429943534795706
-6.391846139499359
-6.385778046376002
-6.2479261039093785
-6.242115957698104
-6.201416294776971
-6.145800075222144
-6.023923692150208
-6.007025010361755
-6.004941693371902
-5.9842837828841535
-5.912384855027998
-5.89660849855028
-5.833264383963929
-5.8189110608862915
-5.783383072926962
-5.743997153992236
-5.739135908807993
-5.719444204714346
-5.586492556535472
-5.5757837902118865
-5.552765580839742
-5.55121019960241
-5.521832833017308
-5.473244667134573
-5.462485038662404
-5.4316893050294475
-5.412885440342924
-5.395952313691057
-5.392771155955186
-5.35501772626985
-5.306511911531439
-5.268726097703048
-5.250919008918045
-5.235481990724193
-5.230482343245244
-5.219165107272862
-5.204832081079379
-5.198752422102037
-5.196385024097421
-5.1020442630426945
-5.07252904284197
-5.053324225467197
-5.001690520345666
-4.999842526635984
-4.9878525866837595
-4.9725986121912795
-4.955660865731104
-4.9543203957104955
-4.950300222649294
-4.928014855007223
-4.906567488176654
-4.870691536858667
-4.849921814236229
-4.8273327622674245
-4.8131102066027704
-4.788304047231943
-4.74625131989205
-4.744267413849069
-4.689290044920536
-4.688903906392798
-4.610052081824404
-4.609633758189951
-4.590994959344803
-4.550072527476471
-4.54605081121765
-4.506008156460101
-4.502965241782883
-4.497166229227407
-4.490261913678217
-4.463712399637538
-4.426467398819934
-4.3890756748683
-4.384738049399319
-4.382639962297883
-4.356345932458413
-4.345875312370559
-4.335352777550344
-4.3302707305319155
-4.235642932667825
-4.202131479677799
-4.191913966345376
-4.153846004444443
-4.141318387555874
-4.126828622098255
-4.083826957298675
-4.04239578600171
-4.011268530284092
-4.000107281223819
-3.9799155445050687
-3.9668639728517627
-3.9609467554151165
-3.9564822974912675
-3.9550140299553753
-3.925030811873217
-3.922143042936119
-3.920733501149158
-3.918525711805764
-3.9172697121381646
-3.910035793371965
-3.897033547839131
-3.8697808668617197
-3.8596449247146367
-3.8566872229319973
-3.8481629586613812
-3.847942175246483
-3.8347184158073553
-3.829712595027414
-3.8181066489137447
-3.813039898549798
-3.802317412783621
-3.8019297795493
-3.7863479633829105
-3.769949284966688
-3.768651087120319
-3.6997549212873206
-3.6962064630791676
-3.688284972743556
-3.6744328100267207
-3.66798149049609
-3.665414267565458
-3.6577289480311386
-3.6365252468811846
-3.606028856610888
-3.603098703775471
-3.591054732395133
-3.576542074147679
-3.5731567516348153
-3.570669040932782
-3.5668318937675916
-3.5635613773713937
-3.5625918749650465
-3.539166615309145
-3.4943182246119795
-3.4751544397208507
-3.4689755842739025
-3.4365813753574184
-3.43083675185278
-3.424266206426527
-3.416265919757987
-3.410229305614184
-3.4071727981924442
-3.3998560278720067
-3.3918894903778694
-3.391686314465934
-3.387097671016405
-3.3821612403712056
-3.3683163848060493
-3.3508632201700346
-3.345375845970818
-3.3453115476714843
-3.344311346536897
-3.3273651228364587
-3.319538872724234
-3.269011442116705
-3.260435639655999
-3.2476580242963244
-3.2427908027639694
-3.228525317517512
-3.2235988081658475
-3.2042464263002364
-3.180458877113746
-3.1711320681130326
-3.154618217107373
-3.150052645004969
-3.1363550369583186
-3.1309384460131517
-3.120647898218423
-3.120035315921748
-3.0929234039074673
-3.0916679388744654
-3.0759930055389915
-3.054053066391414
-3.0523873631991174
-3.0167159494878772
-3.0025347974832806
-2.99971748547988
-2.9533850946229245
-2.94805523695908
-2.938085192034006
-2.9237923459886694
-2.902062835758241
-2.8983842882037303
-2.8684582034267363
-2.8660691945825834
-2.8475835154463245
-2.8411585764245997
-2.8236614094547643
-2.8217919727624663
-2.821326967319865
-2.8199952511792103
-2.8157755307353396
-2.7919207697023536
-2.7814209641901506
-2.7784931195867393
-2.7634301752300314
-2.745447553678915
-2.7446119246411675
-2.743949325013967
-2.7380873939606696
-2.733777533496898
-2.7290774484722466
-2.728320677975706
-2.722826973089405
-2.71532579108724
-2.7057885710073895
-2.682649221402437
-2.6752105417048493
-2.6742315866826107
-2.6694270255351036
-2.6626092113454236
-2.660367761408598
-2.6514002453817405
-2.647346641177382
-2.645602863089996
-2.6246204176247563
-2.624568528135999
-2.6113913740722894
-2.601748430689811
-2.581501418631186
-2.574276405271533
-2.574171239734492
-2.5737461917571247
-2.56306126765642
-2.5501467060594716
-2.523165849363816
-2.519709400106609
-2.507621418845593
-2.505416220957344
-2.496875999379773
-2.490482840760658
-2.4904483216632967
-2.4841496683345237
-2.4825687466912
-2.4484097164425123
-2.4389980439643892
-2.428064278594815
-2.417330806163211
-2.414909477698636
-2.4143707256897464
-2.3834986474342923
-2.37067208565983
-2.3606081981447384
-2.355150963172722
-2.3474755906019684
-2.342357246244952
-2.3344823475061625
-2.3307639914401275
-2.315097197826222
-2.27633976620844
-2.244712240690149
-2.228842059201514
-2.217897038799955
-2.212719730950738
-2.1967272814354617
-2.192209112427988
-2.1850350485474475
-2.1850221797223752
-2.1807259879948604
-2.176842881898811
-2.1704163373120275
-2.1364339504520564
-2.1277629024789095
-2.1188442456122125
-2.0780347280934564
-2.0737467491831287
-2.0728914101991034
-2.064212683450604
-2.0539038405340193
-2.048565165374941
-2.0222535678897344
-2.011489730401826
-1.9952389123873704
-1.9642553412124952
-1.9619209486474216
-1.9537607536733743
-1.945329271188426
-1.9300304377529975
-1.9270889724289786
-1.9255256310027216
-1.915183461593627
-1.9082036599713417
-1.8973349699242907
-1.8727067677034777
-1.8508339482561091
-1.8391787921538314
-1.8336183278312532
-1.8175678138893825
-1.8174826200875929
-1.8141478640668103
-1.796870478094616
-1.790961347333585
-1.787417190090369
-1.7833142006366036
-1.774790730706906
-1.7624526288781355
-1.759916210603059
-1.754298529929047
-1.748038586665467
-1.7425409190064804
-1.7372562185265217
-1.7313188674739068
-1.7308933554356258
-1.7308511394580819
-1.7101125417516463
-1.7053969256557262
-1.6903966260037382
-1.6794829130850686
-1.6740179475428798
-1.6618350996102502
-1.6612848296185918
-1.6591957225905027
-1.6261252584289259
-1.6185347590672436
-1.6164104601117018
-1.6143502753420398
-1.6123805600678531
-1.6056973931938794
-1.6009130269794007
-1.6007170947880198
-1.5973761370194541
-1.594166522425648
-1.5916886082869919
-1.5904518111039656
-1.5898686955976369
-1.589025415240418
-1.5835491347326776
-1.579942975314272
-1.5751350748318576
-1.5690440937796022
-1.5458541412103164
-1.5441540905403601
-1.5404762446449836
-1.5395356506409796
-1.5232497067277446
-1.5209958381673827
-1.5178767014892265
-1.5143798891647806
-1.5030332517718108
-1.4979845418587685
-1.4901294202922633
-1.479289373656125
-1.4737483245053016
-1.462964763346284
-1.4550526173124751
-1.4507569004020064
-1.4475164131738403
-1.4306228108039838
-1.4295639975161205
-1.4226607565223226
-1.4172360711587944
-1.4050092112063044
-1.3879412088635616
-1.3846982577881857
-1.3838910730699372
-1.3758667252108985
-1.3577549083632094
-1.3560156125276532
-1.3431266215938795
-1.340380531878591
-1.3387231003880369
-1.3371625677451702
-1.3151205060166236
-1.3114260671903248
-1.3063250228377603
-1.3059539843406531
-1.3045590741631061
-1.2986579702778343
-1.2980660639059545
-1.2932886322201442
-1.2915462070021988
-1.2859631068587993
-1.2845434033015304
-1.2708032543071048
-1.2497962597349888
-1.242654611968757
-1.2376323992521039
-1.2198890392207025
-1.206094005213015
-1.1983341998804646
-1.193356403863405
-1.1860973408631543
-1.1731337350339341
-1.1448405180295937
-1.1369151194878995
-1.135443685727418
-1.1117661281439983
-1.1071892068594549
-1.1012135727443606
-1.1006349068190857
-1.0943521288527456
-1.0890574821604022
-1.0839675412381615
-1.0716556733153353
-1.0504298617332686
-1.036998902757288
-1.012601544945336
-1.0071877099135709
-1.0008086084504073
-0.9917240500554427
-0.9873481127623621
-0.9827651425131647
-0.9725875204382052
-0.9614654904034836
-0.9587593541850012
-0.9572648788907718
-0.9487027179761174
-0.9360058028509529
-0.9263137017710596
-0.916333330278406
-0.8998560835833204
-0.87681306123388
-0.8758336208509897
-0.8731429901434415
-0.8728966543989113
-0.86666472154954
-0.8661290393565115
-0.8627545169921785
-0.857942867700379
-0.8557081479907744
-0.8390630453733903
-0.8371780060173686
-0.8233299327015776
-0.8210245491346894
-0.8203487276700516
-0.80405651043678
-0.7949369373225104
-0.7920428886987168
-0.786126795771036
-0.7827890575515961
-0.7759163483116637
-0.7621813595983541
-0.751518663651191
-0.7477534678236906
-0.7286954340064054
-0.7201913357530995
-0.7157836640714772
-0.71451997611921
-0.7090487290141786
-0.7024767800598897
-0.6895045102631188
-0.6727420944779781
-0.6621431085443461
-0.6586599910428482
-0.6496160872021315
-0.6431470132492145
-0.6406827816347108
-0.6395760548967125
-0.630566651292907
-0.6108056276256821
-0.6090795133793772
-0.6057920282059104
-0.5952077156555592
-0.5874989463950715
-0.5853620370508794
-0.5761478688989524
-0.5715590087747271
-0.5683416362413325
-0.5665759892642871
-0.5653304804627246
-0.5476352349096447
-0.5433726280201445
-0.5426973604847887
-0.5421372787214572
-0.5295152793192621
-0.5257520038920198
-0.5213975067744829
-0.5198296235996287
-0.515517000397411
-0.5097877280641847
-0.5095448341713901
-0.5088936404613598
-0.5032167011927007
-0.4981182703012682
-0.4949809753599498
-0.4926461104949467
-0.4913753628524101
-0.4891391592716987
-0.47280986596166663
-0.471058379319504
-0.46778897438316747
-0.4645924681529988
-0.46014165990024003
-0.4577880356357784
-0.45766330254995463
-0.45635505075677235
-0.45528462995291274
-0.45368360649165684
-0.4467367426904907
-0.43804227659371975
-0.4355035057067137
-0.43125114790083185
-0.4094112041170781
-0.40777910820587054
-0.39715287463913074
-0.3927751252226366
-0.39226334271454333
-0.39154467402833126
-0.3877051833198395
-0.35610691702752273
-0.3559350969850734
-0.35494100911785187
-0.3472035105854576
-0.34605548228031235
-0.3341790650214972
-0.3301693366129632
-0.3230116851892224
-0.31335253022578574
-0.29884993638605506
-0.2801924660584828
-0.2762284466795085
-0.2712667220085996
-0.27104401554426116
-0.23822123889211058
-0.22724872782389188
-0.22645451704775432
-0.2235783018240322
-0.22081989015986958
-0.219605662810348
-0.219379114892862
-0.21770009025198234
-0.21345102153859644
-0.21148341181032818
-0.1990969477962628
-0.1948955597025983
-0.19101512261811124
-0.182722788794013
-0.18180839316732633
-0.1737213590700143
-0.17304519304324262
-0.16338080520010412
-0.16061906410599025
-0.15468582305371115
-0.14801034579836825
-0.14622647090197738
-0.14022979627572116
-0.13674408475585853
-0.13575193458919083
-0.13550698746904155
-0.13529979090303226
-0.1288930759670156
-0.12250372792605102
-0.12017027989232121
-0.10747105127563866
-0.10543534772380558
-0.10091195999204516
-0.10011790077747135
-0.09439558043062313
-0.08791936752873442
-0.08687425319273201
-0.07648529121576919
-0.04026403303771206
-0.010293411768846378
-0.004108163692385536
-0.0014741402251175484
0.0017964851581858676
0.011296638651606794
0.012654157248748993
0.013475141681123626
0.014881294191712802
0.019903900703058364
0.024569133054367254
0.03333411883641335
0.046307029796013865
0.05519703317786362
0.06014458927404848
0.0610605648368967
0.06213357873982858
0.06443203265967146
0.0648209433691253
0.07223083823040277
0.0740641656435087
0.07574787980751396
0.0776826529655244
0.08475871951025385
0.08736734565002424
0.08995446549439821
0.09202055991117308
0.11244815190318513
0.12042130098410106
0.12490388263505947
0.127183616592209
0.12892599372216762
0.13198229919732896
0.1447776143086636
0.14560191735831096
0.15384332817087087
0.160758562625542
0.16218575046730138
0.18190770241754406
0.18845002945143174
0.18912559383326644
0.19516032714205372
0.20025844672178755
0.20053065120183178
0.2094318673463767
0.2167333954586101
0.21895075615637194
0.22919122633970018
0.2317182639707841
0.24565982318708818
0.24953968061529858
0.25182309565583827
0.2518795792572195
0.2641813296117906
0.27115373961306577
0.2805896821042789
0.29229485516873843
0.29331213779610726
0.29474507551375806
0.3092009293946315
0.30947425543187257
0.3164049010439665
0.32060757539147045
0.3233475990487896
0.3283860437342906
0.33094707272060053
0.33764411843178904
0.33807618457717803
0.3392567507141342
0.35060737194536984
0.3545932536144756
0.35849603682191
0.36118122107246087
0.3675348373366265
0.36966336601359484
0.37338681730288675
0.3741627589135543
0.37863992047123174
0.38022532364416084
0.4058418281931778
0.42431813714385297
0.4395230330831624
0.4406756775499012
0.44968786296863417
0.45527276848663806
0.4819195346927947
0.48329416809008635
0.4838358482028796
0.4839088537465964
0.490834310830795
0.49525628779741426
0.49939303504926147
0.5014656938352426
0.5101285033743984
0.5182538309574581
0.5192810190915866
0.5203587213708032
0.5285946474461825
0.528745625101644
0.5297994796733319
0.532024383836146
0.5336018054291216
0.5441836842444323
0.5482671134792918
0.548304486875089
0.5520348634132066
0.5574241972001153
0.563026298762023
0.5636756818633142
0.5652591967618339
0.5748753474884521
0.5762526669327739
0.5801818379933967
0.5840642317464806
0.5841987909904294
0.5850543608754173
0.5863464028239216
0.5866409976218462
0.5873209528459752
0.5874518662938157
0.5929486914045947
0.5973742608541299
0.6111680634293146
0.6117645240933471
0.6142318035155818
0.634285110494841
0.6366450251504374
0.6368389204076806
0.6407622135529462
0.6460600545547168
0.6508398773312594
0.655705764785375
0.6686440125240243
0.6774992467865533
0.6780399616484868
0.6887265867189363
0.6904176500214361
0.7009490199800823
0.7113822003981795
0.7139135149493001
0.7403455533378089
0.7436032651028259
0.7554669016610316
0.7765263213708493
0.7921532281132612
0.7941425105492345
0.794577416628744
0.794742409829172
0.8009368847012291
0.8024624839253541
0.802795893433706
0.810552411449603
0.8219773090042695
0.833456884150273
0.8346298941042526
0.8369585025968038
0.8401619292772079
0.8445758426600821
0.8488031936100777
0.8542915158938661
0.8599050932308759
0.8640268397121786
0.8647391192224629
0.8863044784003337
0.9028805675074714
0.9086806469328204
0.91136663761526
0.9392142442711103
0.9435986299651615
0.9446249594158863
0.9512796640217762
0.9554690490704624
0.9608188509853395
0.9720671378069949
0.9828529593918862
0.9878309686957927
0.9912286018481086
0.9984035777511281
1.0013419983816108
1.0020680035529415
1.007417811142234
1.0084325055322951
1.0098545349421126
1.0200330452533561
1.0209265233973217
1.0223437422746522
1.0231715824505456
1.0337375044877601
1.0365450203755127
1.0386484000809963
1.0389322050252612
1.040138154319188
1.049369660675416
1.0539821181345497
1.0560510473929106
1.0606568551988955
1.0652740800509006
1.0679670886764596
1.0900133635344267
1.1031099039166898
1.1039000789584943
1.1051267045641424
1.1068712152629105
1.1112880691478875
1.1118408131967474
1.1184097084888474
1.1276359757712138
1.1290491265137637
1.131022792981589
1.134778265775459
1.1348587466007243
1.1379654226951144
1.1439186959787861
1.1603373440409865
1.1628888095468712
1.1665290773032795
1.1665471619300454
1.1711438812016033
1.1792231386564334
1.183778556477623
1.195206826786147
1.1977796581584874
1.206462162452852
1.2170637193007994
1.2196242871725098
1.2237343772418496
1.237421152246476
1.2396258193770202
1.2533523122501018
1.2563776991509958
1.2621291788497757
1.2697476156336527
1.2798108054022008
1.2864631698524218
1.2930630322483143
1.2971185494919764
1.2986143558940055
1.3130634843510642
1.315211780536832
1.3217666037335647
1.3311749625301592
1.3347123988358929
1.3513821395070749
1.38049497308464
1.400987758183748
1.4082495951910867
1.408858929104939
1.409173516721792
1.4133918860875714
1.4139991873901883
1.4265008570233948
1.4492097341571057
1.4594335747539868
1.4645302825601836
1.4724577517708837
1.4828012497238452
1.4911329965869475
1.5154004061313309
1.52626960692688
1.5344175213359714
1.575777109777257
1.5803771607024188
1.5859834090322262
1.6023889412681522
1.606632291890071
1.6241582349224046
1.6356608698322403
1.687212418549168
1.7076843037061278
1.7154258871817814
1.73119509730095
1.7532967843002245
1.7717410095252426
1.8072216451804666
1.826978153545803
1.8452655118032704
1.8493276380918873
1.8861664753173621
1.8951637769061138
1.9224615511170922
1.9358839015570357
1.9599501172929896
1.961945470463358
2.0067534779263942
2.0082017596408246
2.0127084041285386
2.049150119829784
2.0732526001716325
2.0802397327941202
2.0881134393625254
2.1399927035333732
2.1907510681771707
2.2638254237661615
2.402423363668766
2.568789606333709
