-1879.8760839717636
-825.6824242777494
-495.3402548219319
-340.16031730451306
-276.96690874098493
-269.48771471433196
-248.96052151707738
-208.75439940810477
-178.77030276438552
-108.37639979501185
-96.79961079579387
-88.42437894087408
-84.22459113777143
-77.40966968713086
-66.23403476004312
-63.724200048566686
-60.384900908665855
-56.65426076106839
-54.685429738042025
-52.21400363093695
-51.905966648819884
-51.850790661589535
-49.48440298379175
-42.92964513311513
-38.92711889050574
-38.325261735202396
-37.96759689476734
-37.03933310510058
-36.28465456146595
-34.66766902608142
-33.833029593648085
-32.158585357853454
-31.792986090999
-31.369126353304605
-30.24425966668925
-28.206364384253632
-26.905599990127335
-26.80204399010697
-26.52058918634945
-26.225786044812253
-25.40700520272405
-24.85545130357907
-24.70542900945992
-23.80545493243461
-23.651683873233033
-23.588129005655908
-23.426002296550756
-22.963014362284053
-22.28615319189409
-21.885404450090615
-21.73265093571012
-21.705948915636004
-21.534230263669418
-21.03767861924398
-20.715408240853524
-20.477224372207456
-20.14895856893026
-19.857727212683507
-19.730077806825904
-19.337024021245774
-19.25312033467112
-19.238220119088915
-18.487461901381185
-18.194254223436005
-17.996336369839145
-17.486573825013675
-17.31401272148517
-17.13293990855932
-16.920819624118877
-16.906739445403645
-16.72132776901196
-16.582378260077082
-16.023243946329796
-15.707731182116014
-15.50652865471502
-15.432996950911217
-15.137382886873532
-15.118066877485024
-14.813455682246573
-14.528785285745911
-14.313545747424248
-13.956948914030564
-13.535305533968723
-13.47165689110979
-13.428865980178744
-13.397181719778867
-13.36142518314143
-13.081500806091583
-13.011678010668986
-12.94973560360275
-12.664610670862203
-12.622895952364843
-12.253076793883423
-12.127030686350455
-11.944634633810999
-11.942969625678543
-11.921579784794123
-11.748951915755613
-11.703069480322892
-11.656656993585724
-11.644450901320875
-11.499118196600755
-11.442854226695697
-11.406372829703418
-11.379451997979611
-11.323606874835217
-11.194365007973888
-11.184369935330427
-11.08775390074547
-10.980901616848735
-10.908414248546764
-10.873148424472442
-10.835501779883181
-10.808274450194277
-10.593634822164013
-10.590384926725473
-10.573779228704382
-10.564285072835306
-10.473030015571727
-10.390961419936746
-10.22383963520328
-10.103576620593408
-10.042058242153086
-10.032179853528627
-9.826672256235543
-9.697350984264348
-9.633912135374748
-9.564857295450416
-9.527321701468832
-9.506109002029945
-9.483454971687657
-9.347406978911323
-9.338322935242527
-9.33806511455785
-9.317047652432983
-9.206086177673837
-9.156881819520834
-9.133818807968577
-9.110279809777092
-9.074838104179616
-8.986288475915298
-8.966606994183875
-8.947362947872795
-8.788986173707851
-8.784585059016312
-8.775735860265948
-8.693234113486614
-8.304564300497013
-8.287745352918726
-8.257247035734386
-8.113841735200388
-8.034434096988257
-7.902723277148973
-7.896786729968644
-7.860538485755875
-7.84373796135403
-7.758844411849994
-7.744416522812907
-7.720404867380986
-7.70785633381595
-7.682445773307199
-7.657396166650994
-7.6463185485838014
-7.562911625946894
-7.5314730325010055
-7.46151607372815
-7.329257830295621
-7.272711013336129
-7.256249941438551
-7.256039262097847
-7.193447578770794
-7.131279735146093
-7.122885607228638
-7.034349054633249
-7.020277199540512
-6.890228870325347
-6.875133404116637
-6.8464586283711935
-6.732153368222828
-6.723190526629601
-6.705608735854842
-6.676119998802962
-6.665065178350473
-6.638676206244778
-6.519270155584564
-6.510497134509501
-6.483631388743102
-6.4506538300540575
-6.440572091634587
-6.353018352937839
-6.292981541191759
-6.292065660286002
-6.274535486085121
-6.259738628404744
-6.238193396108555
-6.200219662264738
-6.147043318385064
-6.146139975256604
-6.134797812094575
-6.0875551125369505
-6.052179143207638
-6.014507986960358
-5.991093498474332
-5.968465587418299
-5.960979538952648
-5.9116186365237535
-5.865864562680973
-5.821337580708291
-5.815120829551088
-5.811153558439356
-5.703692873043915
-5.7032846531360715
-5.691641510804969
-5.649575720485631
-5.597230529150694
-5.587677746262829
-5.559795453649952
-5.5569277381854265
-5.52332886025742
-5.462809387658186
-5.438692871135131
-5.405601983689303
-5.399292097552284
-5.3801868604974405
-5.354701914358067
-5.353536587699331
-5.35033084340545
-5.294933299685447
-5.2832281873254585
-5.257344316282905
-5.223353551519988
-5.1469594131093235
-5.101004633035245
-5.086622824081964
-5.071917814178999
-5.041421019572645
-5.036679772704399
-5.016022195878721
-4.994828971120414
-4.994797333262921
-4.990728305625231
-4.977681470587466
-4.948914051260046
-4.946202766565811
-4.929564943933887
-4.927304301398003
-4.9246885074194084
-4.919973951874427
-4.896589157522479
-4.840247623185635
-4.822990043020701
-4.735169767237766
-4.682921796551108
-4.623576120945428
-4.608636525762898
-4.596783677568624
-4.592902460567298
-4.537580409181918
-4.51611748383441
-4.485457741684229
-4.464300493295464
-4.453248266423154
-4.40524456326197
-4.3906995436987275
-4.387856150348616
-4.386786319568104
-4.3805487853212295
-4.378273947044941
-4.364309089621538
-4.3630422544924325
-4.348089391626849
-4.346894104043291
-4.33709967638873
-4.31634326000263
-4.285616719324467
-4.261747056034863
-4.259325772131584
-4.1965097287364035
-4.194290372149537
-4.193314275563706
-4.179379077612546
-4.176510097274129
-4.159639987663748
-4.148357528938563
-4.078396254556118
-4.07349475773985
-4.062523071122623
-4.0565538285552565
-4.031834332628591
-4.025658617233829
-3.998219903123939
-3.9922425724736477
-3.98093993366101
-3.965562044588515
-3.9652508636427433
-3.943633586017298
-3.9420156985647195
-3.9401131101839817
-3.88637174412475
-3.8716644501227693
-3.8698593982358505
-3.8695434976215455
-3.8359907679630774
-3.830093999286034
-3.739651885946465
-3.7208021271461984
-3.720437277126535
-3.7080885352704933
-3.6974070875493226
-3.673146564026996
-3.6572366145212354
-3.6468528586830447
-3.6301337078541254
-3.575991864179163
-3.5752581451856624
-3.5639214586658534
-3.548380550990341
-3.535300699420239
-3.5287381809948384
-3.515912299235895
-3.4948773402817466
-3.4927512779760255
-3.4839569553442185
-3.483018815024785
-3.466556915601587
-3.404871605337969
-3.3891284811720275
-3.3836042924688714
-3.3795985595377696
-3.3686066422174443
-3.3409335807533087
-3.3168341463461477
-3.256185924918876
-3.2550743524057264
-3.2540552181329834
-3.2392664579428088
-3.226257278053385
-3.2249753485081065
-3.22437656695735
-3.17506472776033
-3.1556887760578594
-3.1522988545163284
-3.1113670819657884
-3.098379060873228
-3.069460632086511
-3.0485084612599063
-3.041727308635248
-3.0165591828028777
-3.0071231840180905
-3.00250193824457
-2.999841983373828
-2.9976671152070073
-2.98261695136979
-2.9782143712460996
-2.8886182884587366
-2.859677586417532
-2.8547463703273435
-2.8205229753282426
-2.8203360402903432
-2.784962958650368
-2.777608879920825
-2.74616447361876
-2.7313576321264774
-2.7245397735900245
-2.7165528811432584
-2.7081649707538804
-2.6941902017034955
-2.6897240161239746
-2.6897226509199976
-2.668297021348568
-2.658370921463699
-2.649101880392269
-2.628271355991848
-2.6020951553347373
-2.588739885105611
-2.5833933925276
-2.5724388195143955
-2.563892757690927
-2.547019082314489
-2.5465605101936
-2.543228255307472
-2.5311576790425314
-2.5271496447907547
-2.4851684769579654
-2.483435449498878
-2.478204989724717
-2.460757038704279
-2.408930437427094
-2.375116944837795
-2.372714121221644
-2.369532771488557
-2.3456019805905495
-2.337523147785432
-2.3257437891729293
-2.319977251829517
-2.315693490254357
-2.3142341361935843
-2.310557154530308
-2.3039335442562456
-2.285039364732959
-2.2617130458590573
-2.2607834761550585
-2.257313459964713
-2.2543226893586974
-2.2480952116497828
-2.235819149140765
-2.234738032716929
-2.2334506940269065
-2.232593190835337
-2.202405074067328
-2.197234447662261
-2.1778324258864767
-2.1713706453651334
-2.1710517776388594
-2.1554191953852673
-2.1373321035867594
-2.133416183296836
-2.1087920608153228
-2.105184526356745
-2.0995636369029547
-2.0922411839335173
-2.0858471408777812
-2.0762485404934345
-2.072283942932726
-2.067044669542865
-2.0582769224259088
-2.056454945791288
-2.049699156791605
-2.0446677056381093
-2.0382828135098565
-2.033258073855616
-2.0228186038852822
-2.016256565513328
-1.9959491647717824
-1.995628808404496
-1.9842742274976488
-1.9835763304361504
-1.961986183632646
-1.9441825192761348
-1.9394341056296993
-1.93844704021873
-1.9338135763796271
-1.9310810376072207
-1.9288866609895352
-1.8977475184652826
-1.8865414356987535
-1.8737882643912562
-1.86598015499602
-1.8558867556789593
-1.8109437332336682
-1.7904450423727996
-1.7870835424885505
-1.769368516327409
-1.7536257108382944
-1.7433432014594035
-1.7338423669362846
-1.7157511421688163
-1.7101836473462755
-1.7064825327471884
-1.6970261055868057
-1.6887220006038222
-1.68707156034302
-1.685907767324783
-1.6804887712306305
-1.6770125911985578
-1.6764004436452924
-1.6700438408647964
-1.6671511797068521
-1.660504981888411
-1.655115048700301
-1.6485355502124543
-1.6393382977093132
-1.6362910553273158
-1.621493897762234
-1.619652654369144
-1.6091699949138816
-1.6037306120507198
-1.5919058149515795
-1.5788318502698955
-1.5756470588160614
-1.5728784091287473
-1.5564029950234177
-1.5509340636691507
-1.534472367500275
-1.5310000029616568
-1.5276309456892305
-1.5262267809549845
-1.5237742907613494
-1.5044198123020092
-1.5026655548543029
-1.4652236232044102
-1.4535455124970371
-1.4524971173523336
-1.4508710245752343
-1.4498663302974915
-1.4420600682191096
-1.4403175253057257
-1.4401895187353557
-1.432603596337168
-1.4317715864418938
-1.4007789260130294
-1.3693644495490267
-1.3610698534004515
-1.360263914071004
-1.3576640946614522
-1.3547908624968321
-1.3439600689701485
-1.3366097218306008
-1.3260976874580699
-1.3214474820483315
-1.3184740761404758
-1.3162044949565859
-1.304853777385696
-1.302243936383089
-1.3020864268131338
-1.2932646826275818
-1.2841759653763374
-1.2836072385278836
-1.2821090947990916
-1.262987429338541
-1.2523356165318438
-1.245870037233455
-1.243488132320487
-1.2298016313149518
-1.2188446981445316
-1.2082349683051339
-1.1879862935167438
-1.1863885397778697
-1.1854443549892635
-1.1811120022691204
-1.1799248916248248
-1.1654976008493838
-1.1527575921025446
-1.149928490059838
-1.1433989821782913
-1.1429656621002056
-1.139237868194481
-1.1371596619301314
-1.1105603981264496
-1.1039067405141492
-1.1035356364983349
-1.103259210984198
-1.1012890195462084
-1.0986003847090078
-1.0984320741331168
-1.0796606570341187
-1.0720546334833967
-1.0706999870450304
-1.0693494735492544
-1.067417814533086
-1.0649044735968822
-1.0554390853625326
-1.05260050719133
-1.0355768415112308
-1.035024027161554
-1.0348809878426402
-1.0333641250593444
-1.0305905012726262
-1.0278209624418133
-1.0200139733368352
-1.0198710005624243
-1.0172369608160197
-1.007955584775178
-1.007110482113792
-1.0039227991332984
-1.0022508753371908
-0.9822281793860641
-0.9763976159711847
-0.9732268814882353
-0.9728537790144878
-0.9724402472591755
-0.9689783530581871
-0.968939784140759
-0.9578597451725231
-0.953800283896212
-0.9535645905607304
-0.9395282095669008
-0.9309478596148754
-0.9262017449433716
-0.9221602103802046
-0.9110248825103138
-0.9106103622770199
-0.9083228081268931
-0.9071650876065288
-0.8978293965532194
-0.8917017775278278
-0.8871460860265262
-0.8819557265015932
-0.8809006496645189
-0.8791654776741241
-0.8722051662329899
-0.867165790093091
-0.8642010741887932
-0.858237717192786
-0.8577907676347936
-0.8472946409541515
-0.832731471713085
-0.8248748392503457
-0.8190116886520864
-0.8170788350977031
-0.7942073551616168
-0.7925192090413548
-0.7914019734784126
-0.7830441871016526
-0.780491917054617
-0.7684441685486538
-0.7512273628072919
-0.7496283038147695
-0.7319098300413006
-0.7271946485246882
-0.7225713718487892
-0.7198767843796211
-0.7161271201529593
-0.7096541033690112
-0.7034397659847047
-0.7029905438416572
-0.6994605237303655
-0.6957818714533929
-0.678033591556327
-0.6657341705928409
-0.6637397441613871
-0.6591023514491052
-0.6504189551924007
-0.6504055855417045
-0.6482719585540277
-0.6304267453848997
-0.6296417060980972
-0.6246268953218023
-0.6108553646509026
-0.610557891412618
-0.6031871515416897
-0.5613822444004029
-0.5556751917834529
-0.5498793173570784
-0.549246323687764
-0.5411806573411432
-0.5352720180908379
-0.5189374125893098
-0.5088951341323974
-0.5028866479144697
-0.49331597514133557
-0.4868333121388463
-0.4821430773920708
-0.4752568440667555
-0.4621269858855527
-0.4551117475386133
-0.4533393643056686
-0.4524266451698171
-0.45115169057686844
-0.4477183747831075
-0.4375657040338701
-0.4269113822008809
-0.4223896916611884
-0.4179251737942422
-0.41406933480967023
-0.4111184387686043
-0.41071830394026154
-0.3925936859555308
-0.3832419631878745
-0.3755742109291914
-0.365353924932198
-0.3611503272215375
-0.35722840909041154
-0.35251532583410844
-0.34119629502772864
-0.33646728354672834
-0.3321416140981792
-0.3237060005844209
-0.311028164578218
-0.31039800804289064
-0.30310860411144475
-0.2958541070795807
-0.2821912897122403
-0.2770745583963684
-0.2693900604867413
-0.2689322812703877
-0.26572441832482435
-0.2638686583233354
-0.24764154123139193
-0.24031860267297933
-0.2358432658485622
-0.23418783009901778
-0.2334565968376475
-0.2192642417579388
-0.21473241435766754
-0.2129573314371308
-0.19862524975768703
-0.19069667957979886
-0.18007844262727035
-0.1788316893363654
-0.16787276949218902
-0.16742796374482616
-0.16615956549504696
-0.16146175123281892
-0.15851490669888313
-0.13212767046867246
-0.11557778104942307
-0.11314105482390371
-0.11119554511467733
-0.10550800002875921
-0.10075990227417764
-0.09299118416950308
-0.08720679729099434
-0.0852117018341293
-0.08275926752970764
-0.07791828436507109
-0.07420522360289583
-0.07057602046535183
-0.06843551463982289
-0.05893190487467459
-0.057840303668426574
-0.05283710342941206
-0.05178807123276008
-0.05070584810626433
-0.049518890705004315
-0.04945758312995119
-0.04562769849492121
-0.04457071352509934
-0.03665923897101703
-0.03531155544620626
-0.02525694264492473
-0.024824816831441332
0.009340585705540416
0.021159620947505176
0.042469324630501015
0.045606679012585194
0.053196303134692924
0.059257907997956494
0.06783478695033862
0.0714822219036052
0.08526133200241681
0.09000309983195287
0.10352365559448418
0.10433299683050223
0.11396209756544462
0.117526900484411
0.1187638653347444
0.11920554855178667
0.13249809841899865
0.133549096992704
0.1352264311372997
0.16090683069693157
0.16699369953443516
0.17774456986378095
0.17944336014886475
0.17994273108157544
0.1821100322558037
0.19082518199172793
0.19183729313017517
0.21302259989421735
0.21758520131329329
0.21795534221720628
0.21867728918687562
0.23338809835608898
0.2447649995488243
0.24741771535723095
0.24796849196095072
0.2530079953122266
0.2580122651113881
0.26146849335149935
0.26265908554345446
0.2787677827186652
0.28114797083168197
0.29169420553771463
0.2925576569180746
0.3060996837988418
0.31906264629516284
0.3250180098237077
0.3320181156026581
0.33299285128690903
0.335870696281518
0.3433265609348627
0.3464554633517921
0.35675961655892363
0.36031632252803797
0.3656118815641891
0.37070628321796806
0.3712847682099075
0.38040424447960786
0.39270416210145975
0.39574577989565146
0.39686917636278496
0.40400061968406087
0.40637072142949926
0.4082051379501125
0.4188637878912438
0.4283786746856617
0.4302825372840938
0.4321272836426802
0.4329538504536212
0.43377243884117833
0.43787074940819043
0.4386035602179977
0.4395445941453599
0.43986793320542555
0.4473989542022146
0.4519213466536496
0.4577683133689201
0.46319599906025516
0.4656683890388844
0.47066769333248004
0.4779873213919828
0.4797813379485995
0.4804722015632795
0.48459910655264227
0.4856082084130032
0.4871115567687137
0.4920712120512424
0.49339077928235536
0.49461543785890094
0.5046672008498272
0.5089265035531851
0.5100568590847196
0.5112513830333771
0.5154297004847539
0.519898220449793
0.5249785832200591
0.525326594792091
0.5299621551306921
0.5311514196894278
0.5326120323771848
0.5329091803596088
0.537940370467743
0.5420460060032317
0.5539464142694089
0.567848750126394
0.569852745081674
0.5761933853682224
0.5778642559074307
0.5823431860702927
0.5867385948829955
0.5987013294275888
0.6038056249163399
0.6206848141612697
0.6211806270345543
0.6220426320909795
0.6325734721570235
0.6327133782557472
0.6429146183020682
0.643056567888575
0.6481278606030743
0.6573562499581624
0.6580850491023125
0.65859684752524
0.6677410616991901
0.6679330931869593
0.6687164586995017
0.6915754770056012
0.698656418124046
0.7016808266429528
0.7036368696465538
0.7050871215210132
0.7057149500250205
0.7072401641520543
0.7103821421094907
0.7260550413736162
0.7262354305995304
0.7264388927768737
0.7359280819785823
0.7388448336294355
0.7405038057507888
0.7521246977861518
0.757374374156627
0.7688519743932991
0.7708449837488209
0.7770215945441141
0.7949192797333159
0.7976012340137315
0.7994551692330913
0.8107049605434157
0.8150879722253894
0.8180914348327304
0.832102592019568
0.8446142267829397
0.8485081355795465
0.849342745471537
0.851537865837698
0.8516096419466501
0.8543056286258929
0.8677629621044362
0.8734919844619666
0.8735480408149746
0.8736665780631215
0.8788440910130197
0.8914824232532633
0.9082291434967339
0.9196192120501908
0.9209227515664626
0.9233654185126272
0.9275928629155272
0.940772239642579
0.9412285231934718
0.9450496245689
0.9460361855987852
0.9478570492349859
0.9488095022187764
0.9498046838309779
0.9523964002544082
0.9553598320812655
0.9623492942382494
0.9623898975420854
0.9860616562460377
0.9928841851945198
1.0008995644027865
1.0054968051920026
1.0154009060574998
1.0215501125958546
1.0287169115420403
1.0347679399400698
1.0436263300166106
1.0469017871549675
1.0487132859485864
1.0543459744605932
1.054661522633828
1.0610836137279216
1.0659977029947847
1.0689228391955288
1.093186075053593
1.101131752848514
1.101375683937316
1.1059658029295292
1.1070526052612402
1.107312507882226
1.1082359805005484
1.1241188912588063
1.1341536001441488
1.1359621117788092
1.1428518038675892
1.1520444379732606
1.1563609606668677
1.1581767271536347
1.1669364401787037
1.169336284306827
1.1696955035795775
1.1697551514795417
1.173723497418678
1.180740611683803
1.1900285819362626
1.1908866291598859
1.228791809442301
1.2364595213698586
1.260611330649396
1.2626389508218665
1.265000416792426
1.2663535715399175
1.283335740789758
1.2886732355704125
1.2887208252184674
1.2931882707125468
1.2951219958127294
1.3019100896173548
1.3120367772818744
1.3155969907489378
1.328671880031791
1.337186606938106
1.338711023942611
1.350091613273209
1.3513202787398535
1.359790677037767
1.3764964221566014
1.3814606242462646
1.407570127654758
1.4150410819247052
1.4205021080832345
1.4401623306075129
1.448493394716146
1.4512762518539846
1.457035348866885
1.4581511357841177
1.4621319215141118
1.469775302504662
1.4777009546060293
1.4806915965672638
1.4816330662460593
1.482466765570966
1.4869190790785753
1.5087574847963567
1.5283778846112965
1.536272231001228
1.5578858602877625
1.575143892867165
1.5759152526029694
1.5794089925863548
1.5899230107471036
1.6001652611999853
1.609554878506572
1.6392151346013906
1.6527092646888617
1.665146132209435
1.6781985214961654
1.7084959720153532
1.7360381820691637
1.785412231769786
1.8290052359092455
1.8358553456875122
1.836254001862594
1.8445161458868498
1.8732260416746151
1.8742028484998274
1.8894618087093924
1.908345127519926
1.925136882043159
1.9397691806184532
1.974112959841222
1.9872390955558101
2.0093532240809604
2.0322323788264725
2.038418541914328
2.0416785176299106
2.0564937384586446
2.065724153796503
2.0781821950733907
2.082963035263352
2.126600862869112
2.1282131605462586
2.152084042650522
2.1632216309818784
2.3003328260886784
2.3776182866328983
2.4421771486451287
2.5200057473481965
2.5583978138186025
2.602647015876728
2.9049858388287877
