-4375.352347054536
-1731.5914402765056
-1371.3625885224153
-348.458719006756
-235.1290268040143
-211.19143052366385
-124.50505699115068
-108.67766894317162
-101.14017178953135
-100.72134839062991
-86.76383691979734
-82.74953726559832
-76.89538231757061
-76.44741267013296
-71.61269282659187
-67.68677716484855
-64.99295451481876
-63.31511293807296
-62.34823405152287
-57.803303724452945
-56.83053115080703
-55.225727026211175
-52.84882009261144
-51.68865725664453
-50.47629871652447
-45.2724380220718
-44.31235709796649
-41.396668087422995
-38.16219820145861
-38.09727651045439
-37.787447831095506
-37.70308167087011
-37.64502766203717
-37.57345729942837
-36.25856860872866
-35.41041896308295
-34.5489215028805
-33.77150202468764
-31.98216582538621
-31.744233873194172
-30.458628120488356
-29.84056912526462
-28.93328270782314
-27.761506592891354
-27.090725435612725
-27.06092421250371
-26.326305837240604
-25.476765175838725
-25.241770148384262
-24.235731412648803
-24.084733927782384
-22.906584308444085
-22.75464781761589
-22.623149763323244
-22.551700992954462
-22.357688837040996
-22.31372458738525
-21.609063396234184
-19.484019531382263
-19.391923132216323
-18.656341232999413
-18.26526611686065
-18.121940477859695
-17.784418275121055
-17.692918759811565
-17.676421435380423
-17.431130092633758
-17.066806950106102
-16.978121566323008
-16.766134462335962
-16.682143326535517
-16.076888482181435
-15.996992366783946
-15.424601618797853
-15.333662462239445
-15.018753988409967
-14.92931019036095
-14.522783007686767
-14.09289704156672
-14.071307711497916
-13.867524332676842
-13.78691188998657
-13.750083018812543
-13.729083690874724
-13.526613613353613
-13.364172206785028
-13.350971642139939
-12.91671580519911
-12.782804225646675
-12.641626673896774
-12.395045954969607
-12.375817288184408
-12.335145216513649
-12.293807122005019
-12.024103899284853
-11.988436942598295
-11.98609040097232
-11.931663974891237
-11.923512945992073
-11.842238710747267
-11.697238719400637
-11.667485223854264
-11.643810398534075
-11.50131538426117
-11.473921097521792
-11.337427088404096
-11.219486693380498
-10.909800424477185
-10.809310889882504
-10.785600105110039
-10.73765044836035
-10.722911759978961
-10.52507181983785
-10.496398285777083
-10.435045858770984
-10.421142716805758
-10.408315432355339
-10.335780382371755
-10.30241452669176
-10.301063675417687
-10.252562827334428
-10.144999033081426
-10.109733294064144
-10.09433341733987
-10.089253785616025
-10.015818820455475
-9.928863912548275
-9.898883576890572
-9.88091134442425
-9.843635877348127
-9.727854420018334
-9.547411018652786
-9.498886449398398
-9.47695508193192
-9.437666432512756
-9.413438316698373
-9.206403557616177
-9.18264692160596
-9.070913761295873
-9.01541500779361
-8.93372387443269
-8.841586279533683
-8.793099219538966
-8.778949634146137
-8.755291049696433
-8.7352229274842
-8.670084450966128
-8.589700834186491
-8.535131148858333
-8.405182573372281
-8.371813316278564
-8.364781077461572
-8.239553200940868
-8.228209985510382
-8.183499434299016
-8.162082447306252
-8.158125925766331
-8.134578489441552
-8.10766118798606
-8.048174956748543
-7.933074339536537
-7.725551812357196
-7.717310549403505
-7.648003881031998
-7.626171451278986
-7.600860159982097
-7.590116082924395
-7.549379341755962
-7.512364096689599
-7.463133095586461
-7.40070630385191
-7.354507029194522
-7.32239472584276
-7.281530112944645
-7.258896113203671
-7.245556189800677
-7.205973309673688
-7.108918300556887
-7.059103754989982
-7.05811854503508
-7.019782939063887
-6.950329518325983
-6.950042198557435
-6.842950128698291
-6.798774127141522
-6.647290430458808
-6.645495046242656
-6.619149580155309
-6.616945638676562
-6.593388319464061
-6.504452071936824
-6.4979423195888355
-6.426702340479093
-6.418920979300976
-6.396934581331397
-6.346700248351121
-6.344225365823158
-6.341877280302651
-6.330197358571006
-6.226239687817575
-6.225502270758678
-6.197084794400709
-6.169009244596561
-6.137549174517877
-6.109014913111348
-5.966115858263963
-5.940681802611264
-5.91730661178391
-5.819866683383394
-5.800949665410682
-5.799510427650927
-5.792307471782111
-5.77854100492835
-5.731789850701106
-5.729655696130535
-5.701887596036407
-5.6089664812426125
-5.45195602182931
-5.429690188085578
-5.4296900593173
-5.420795782438994
-5.38435378207683
-5.371907550971168
-5.308610236350496
-5.268014411069681
-5.263147468385617
-5.226591106591584
-5.226509873531686
-5.216003989400054
-5.186671420307017
-5.165662223522569
-5.145745726053475
-5.092105406084128
-5.088749741329671
-5.071398892715953
-5.052035373058329
-5.036355293825027
-5.004084179272629
-4.987489743030521
-4.980690888887973
-4.902401997310034
-4.85206399777087
-4.85049273888127
-4.841773004800499
-4.826184243299177
-4.818156916170418
-4.785033200582376
-4.753365302112202
-4.715512584617803
-4.681850121110038
-4.670045959210821
-4.658491197559315
-4.653917664211025
-4.651167742915555
-4.592333626655634
-4.577694034596399
-4.556204144699771
-4.490645735828423
-4.489134295472976
-4.457600957870297
-4.440231015720478
-4.438513357374442
-4.380556270713563
-4.353428315341228
-4.329268052135958
-4.303367654727433
-4.298919866180486
-4.2960959090004405
-4.289756225149846
-4.257065325780708
-4.250981250772423
-4.245696246056417
-4.220472544518932
-4.214311094072831
-4.181414304853458
-4.180079933645148
-4.172825549036508
-4.166458337538151
-4.152776061896067
-4.144537073756879
-4.128101392432244
-4.1167021763027964
-4.105591714342137
-4.100862255995266
-4.0174547531948
-4.017022441852719
-3.9902039252878647
-3.9779987875303218
-3.9637787789728733
-3.9581645550135507
-3.9291203919873414
-3.8894113814617053
-3.8630708393645783
-3.8461732901538563
-3.823288121000169
-3.820283831187028
-3.8144365519681864
-3.7822063171017417
-3.7815967579094134
-3.7781035791804816
-3.737897529127432
-3.713873031564151
-3.7081117194400424
-3.6989741244055536
-3.697626857990751
-3.6823921759272533
-3.673447619508919
-3.6574438171233448
-3.6517624654464185
-3.6345738389922646
-3.623942284342411
-3.611441789506297
-3.580010704749828
-3.578020064818122
-3.5475058294472928
-3.509019278331341
-3.5055968642879494
-3.504441416154056
-3.4824806122342205
-3.475975340564133
-3.460551928423368
-3.456532566155041
-3.403313107466211
-3.3979801692471385
-3.3792124769971656
-3.374098079155414
-3.370849896232314
-3.36651363217492
-3.3647292905865487
-3.3618628393835728
-3.358902060763039
-3.3548377507478504
-3.3451258418108267
-3.3391928492068317
-3.3319337201788732
-3.329823133526375
-3.3147451528726615
-3.313327539127628
-3.275717953289617
-3.2597451696105537
-3.2566398477834824
-3.2529242696891165
-3.2411228551001727
-3.2358024660218625
-3.222092223386383
-3.220902052547209
-3.2094617931886376
-3.178210121347593
-3.1433643320769757
-3.1395186008735263
-3.13943697908353
-3.120529472742188
-3.1091792037330275
-3.0984040525209777
-3.0573728128639552
-3.0569926736552704
-3.040310410730757
-3.0352772146635134
-3.0146410727641433
-3.0039212744795236
-3.003477332322728
-2.995403212250894
-2.9853772146381514
-2.9725661453119527
-2.972425126584327
-2.963946266644524
-2.9035054595098257
-2.8675752813309527
-2.8457296405745995
-2.8295944503115855
-2.8201213196634005
-2.7848831268007985
-2.783273365895046
-2.762438097776845
-2.758020988378872
-2.7491874035874884
-2.748172022749822
-2.7317969857520477
-2.7316594423775604
-2.717036194190357
-2.712906522948273
-2.711329732095637
-2.7067276350779395
-2.6997022523623544
-2.675255487861828
-2.6699125299210347
-2.643058571778334
-2.6216460802379116
-2.6192803511081477
-2.612701243068302
-2.5831786185424654
-2.5814025974490376
-2.577664616341928
-2.5716156670292074
-2.55483802794051
-2.54467233106543
-2.527554154649191
-2.5242980545162594
-2.5114253752803064
-2.498136500449708
-2.4892447815210366
-2.4674688504952322
-2.448752272136595
-2.426228539268253
-2.4252832247268183
-2.4235065119077874
-2.4142192540669782
-2.4054103030730842
-2.3842445879197496
-2.37453572796702
-2.3654561847647413
-2.3533168744165183
-2.353045782654351
-2.337517863965321
-2.3241416970841153
-2.3182030576562314
-2.2744998407100265
-2.2637031079927095
-2.260602248547466
-2.2277298924626567
-2.206238342777786
-2.1774561677565196
-2.1645721608218147
-2.1582644672041433
-2.1546487342635503
-2.146569441603734
-2.1420307648121097
-2.129422721206849
-2.128037983281945
-2.1206470405083575
-2.105121024444672
-2.0950344899208213
-2.0826558144372878
-2.076099722628348
-2.0687952917625383
-2.055364207843525
-2.0396289860830517
-2.0339983067694933
-2.0268465408360634
-2.022271742702215
-2.0179057241450216
-2.0050823992584927
-1.9865378667958484
-1.9838384803816713
-1.9809236305225915
-1.969091057877642
-1.9599339078561344
-1.9308105897796863
-1.9261660494097446
-1.92067158921138
-1.9106213871732156
-1.9071587414231201
-1.8890283658871068
-1.8821349064517685
-1.8819748262609721
-1.8784932074837202
-1.8769645770224153
-1.8716026752140182
-1.862886686865616
-1.861960830595853
-1.8566774466947307
-1.8543913086982704
-1.8494126271049762
-1.8490951452785689
-1.8451759670521635
-1.8451228384845777
-1.8305693654205917
-1.817556496804094
-1.8158552605485054
-1.7982867580401813
-1.7942431712758762
-1.787171356250426
-1.7854242991576978
-1.7662435254505455
-1.7652894561196728
-1.7496303227013543
-1.7434505150323591
-1.7391466854686195
-1.7261882367415455
-1.7174873802602497
-1.7073202627642066
-1.704547067703449
-1.698329118278278
-1.69342106627853
-1.6894935365251846
-1.6694795054581981
-1.6630540443791495
-1.6598490148380214
-1.6518669964449924
-1.644521363050183
-1.6255020336989188
-1.6246816403006548
-1.6206965207339463
-1.6151151055600912
-1.6048183345183598
-1.600002049340536
-1.5932808993585548
-1.590462237300708
-1.5862902795883316
-1.583442123990019
-1.581105137487653
-1.5632819159172535
-1.5549159175417557
-1.5514224174485212
-1.5165600990618013
-1.5150938379875551
-1.511323270564707
-1.5068902495514354
-1.5040760290997786
-1.49410814620169
-1.4853739651309492
-1.481103981214209
-1.478696937399286
-1.4766702510268939
-1.4636701312856053
-1.4542997908926252
-1.438749449466763
-1.4350678803135495
-1.430740748652823
-1.420533615717604
-1.4166733918192933
-1.413958750160701
-1.4097944407783831
-1.4066034328106047
-1.4013593809213476
-1.3961192450018811
-1.386557495681237
-1.385401948643124
-1.3835206049588518
-1.3804026050921991
-1.3746189644875861
-1.374417112211649
-1.371928579799328
-1.3594187713678543
-1.337176988213683
-1.3368000077482483
-1.3328255351392886
-1.328542121697006
-1.3183810721594926
-1.3146628508809142
-1.2818408974760043
-1.2673554919932106
-1.265307703381349
-1.2608435714621322
-1.2493788282007618
-1.2436460641741327
-1.241342065324758
-1.2338219928152954
-1.2336438151927318
-1.2202653787709115
-1.2199575703230083
-1.218757175444247
-1.2127041902815983
-1.2112640756368152
-1.2016613799015758
-1.1957162183494594
-1.1938898809309044
-1.1914933436408917
-1.1877822947971615
-1.1861160651171114
-1.179260005236863
-1.1779466282052804
-1.1675614502164735
-1.1622878075119518
-1.1569715006443508
-1.1511900472600625
-1.1508189957024906
-1.1369440269807145
-1.1281090068603183
-1.1251441897495846
-1.1235227148860023
-1.1233727854555213
-1.1138801812535306
-1.113190132040146
-1.0965453395990852
-1.0952235590339299
-1.0948058138947352
-1.0873294405388823
-1.085344942471187
-1.084504690491045
-1.0804175848128856
-1.0799845009832432
-1.066739324211351
-1.0540204322333457
-1.0473181752843486
-1.0428249140057009
-1.041871695298768
-1.038508955449622
-1.0251128519750716
-1.0240132844218253
-1.0237282004170123
-1.0134890355860204
-1.0128964628959256
-0.9968568412818046
-0.9890333236320001
-0.9879026910210998
-0.9705970642783432
-0.9704091376283164
-0.967787108150611
-0.9598261992689663
-0.958587631725814
-0.9584294646117504
-0.9454038493631931
-0.9418585617235816
-0.9399815606165708
-0.933105525611571
-0.9271839182256019
-0.9239466058847936
-0.91623223131281
-0.9154338546225408
-0.907448259312844
-0.9059092071176664
-0.8916083190000231
-0.8854194039726013
-0.8667088753759529
-0.8666926532109571
-0.8569185184937793
-0.8523959409143425
-0.8437914042601914
-0.8428066123104332
-0.8312892790972859
-0.8243214443060074
-0.8144587525638416
-0.8144358592871379
-0.8119126896240979
-0.8047950517140687
-0.7885940236281899
-0.78340594997366
-0.7810767616640452
-0.7683234462268073
-0.7647797850168292
-0.7498128474565932
-0.7482694737604585
-0.7356579011474152
-0.7297548360626026
-0.7296797103020101
-0.7289906940076305
-0.7239835332983546
-0.7217471760639789
-0.7185500972255418
-0.718348652139647
-0.7168450612373818
-0.710780654408028
-0.7101026841563722
-0.7081271960966596
-0.6952592037701821
-0.6952373936202182
-0.6950332568948647
-0.6856301160407288
-0.6838762465397243
-0.6812146310633644
-0.6676817814754543
-0.6599972276983967
-0.6570172668061782
-0.6522637103438534
-0.6400016239610371
-0.6307886298011656
-0.609400627465539
-0.6051030136974426
-0.5910408003002239
-0.580314870988647
-0.5668354813200395
-0.5608726739394503
-0.5497821872672364
-0.5497240229931175
-0.5462900471743826
-0.5424030489316558
-0.5420948616307643
-0.5317659896707688
-0.5302009737540083
-0.5261174961695414
-0.5261017737228258
-0.5235733290478779
-0.5198984513206005
-0.5160218665502656
-0.5154460116716135
-0.5092865281218711
-0.5052665742663857
-0.49507717872913115
-0.4944582217335719
-0.4800849606413763
-0.4777508365710791
-0.4753904208360659
-0.4705107402546005
-0.46220214910487
-0.45356184758040613
-0.45113414936579854
-0.44627834295463276
-0.442815870411588
-0.43682129976863504
-0.4333512087618347
-0.4297749401247788
-0.4237106327294762
-0.41490678420022875
-0.4131124375627852
-0.4071986125544103
-0.3994641888550271
-0.3979220173582387
-0.38769101712542414
-0.37946501730609583
-0.37753719543990194
-0.3486804664792764
-0.3481224410870303
-0.3470747698080525
-0.34210293299867467
-0.33627018043695406
-0.32517240647063894
-0.3160616495860966
-0.31542406182507177
-0.3084503151932817
-0.30617937801913053
-0.29401631491369185
-0.2848492039118984
-0.2827134555775992
-0.27589121912854414
-0.2737447948648768
-0.27330102985808874
-0.266077138417259
-0.2657202778669673
-0.25883354851221907
-0.24631253272527764
-0.23541004386367237
-0.23440656302795448
-0.23148745466293016
-0.22806604010703235
-0.21651605096508791
-0.20526019127183226
-0.20256117042679755
-0.19868187777066215
-0.19709509586411791
-0.19244286892851084
-0.1895957386106546
-0.1826224282058606
-0.17683718071053267
-0.17135384530818382
-0.16722795269004076
-0.1554263368267157
-0.1549063340173673
-0.147287610226574
-0.1464316483393603
-0.14118341787099875
-0.13995372169814502
-0.13487199837121425
-0.13462467852972032
-0.13046750865079826
-0.13033010804906597
-0.1254851986876546
-0.12443567468727734
-0.12067083266668671
-0.10753609806122
-0.10531430895073637
-0.10087215955156159
-0.0995151067001519
-0.09671842842444411
-0.09288328238105081
-0.08777591840457964
-0.08762237166202747
-0.08758208579258686
-0.0848560334106232
-0.06186189028149436
-0.0568224354450908
-0.05181298281017235
-0.049821673399618294
-0.0497495800671337
-0.035988744188835575
-0.0313754830344693
-0.02749141316744197
-0.026577576062005226
-0.02627417478793964
-0.014328523507496305
-0.009122306575361658
0.019380828539332984
0.021751499889016035
0.0253410448618
0.025661426554253075
0.026212077991662475
0.026286806240223504
0.027328831599141123
0.0323790347864949
0.039371211801835615
0.04260431122493391
0.04774824036649472
0.047806790635808956
0.04983721983843481
0.05233227830482401
0.055169475890999964
0.06312206720234914
0.06378575956960533
0.07092147786613608
0.07503132313901728
0.07686247120418244
0.08225954200220914
0.08355774819952533
0.08732564724093389
0.08753508582567593
0.09622754781639409
0.09930193726960779
0.10934855268517696
0.10952254211197021
0.12283707136140731
0.13682613571346613
0.13860484456872996
0.14374364239696336
0.14635434815193937
0.15174828760934977
0.15251640478393347
0.15502177524482197
0.158986296665854
0.16929430464594908
0.18268807865963083
0.18726194723669465
0.20324315149965633
0.22845356378701387
0.2386645205925552
0.24880971725057144
0.2640949973811555
0.26448005024806875
0.2711780317655623
0.2721871305462048
0.28322940208921055
0.2834209403305982
0.28806849526049916
0.29260901148687685
0.29269841489537035
0.3117169846215941
0.31414708283493264
0.3208987503075933
0.32174136865321723
0.33469451823537655
0.341593473885868
0.3700029157947938
0.3738243690769742
0.37952525506494517
0.3818096407595082
0.4032520430356781
0.40596594860176916
0.4077900968483483
0.4251965809385857
0.42844867418805843
0.439117933768032
0.44431387285249824
0.4450260765287577
0.4604857948286062
0.46366229264483716
0.46628883685452904
0.46867214714970096
0.4790607661729469
0.4835847295715966
0.4858934029936287
0.4878153682225047
0.4943325743534373
0.4988759565435077
0.500251598006972
0.5146263227851482
0.5196303510874938
0.5240868520681382
0.5343614980059991
0.5362290790363737
0.5393386868018546
0.5512237776483717
0.5672625904895249
0.5686821409575988
0.5718114798982392
0.5786240466409793
0.5811450209252285
0.5825016211783407
0.5837784101026207
0.5938100592123152
0.6012051128795268
0.6092173082891252
0.6102463435967515
0.6155823367573051
0.6162203843502334
0.617848067984356
0.6193283107602826
0.6213503469342215
0.6218903851987916
0.6234864280313324
0.6270788386029535
0.6394250096409793
0.6465221835546451
0.6539946428314207
0.656423672637148
0.6568149417420543
0.6580612671261595
0.6590047481737707
0.6678635309076569
0.6682722800426077
0.6873273687398354
0.690748077063599
0.6977102427172817
0.7008543429895053
0.707038025365367
0.7073287761608922
0.7159058038624023
0.7195783539009967
0.7227714370261751
0.7319274274488653
0.7703461045921574
0.7725538385653884
0.7780270856788285
0.7944558523440757
0.7975748255374296
0.8004859255197704
0.8101953529038689
0.8220029167444868
0.8352691111904919
0.8581910262716351
0.8817692988204946
0.8833406586497987
0.9142259126732849
0.9335683652039274
0.937200202111153
0.9387719685621084
0.9468728244364051
0.9582187976025343
0.9595423148531181
0.9703771068298723
0.9717812209724159
0.9775791632366346
0.9795474876700206
0.9800516505526446
0.9903878683584705
1.0006343548636745
1.0078507474633431
1.0242990818712445
1.0321157100209974
1.037672671928267
1.0386518982551711
1.054539969100637
1.0599383517117518
1.0635984296852286
1.0711177040850015
1.0734311498391516
1.0827661631383045
1.0942877406174867
1.0988771229005037
1.116147402280716
1.1165851110086098
1.126502871799142
1.131034494942289
1.1380016201918548
1.1444278742802019
1.1599585708854332
1.1604455486229635
1.1634093846648759
1.1691111140805819
1.1771912534847393
1.184733833533783
1.1856421276734022
1.194794866436725
1.200092824640881
1.2027380370732528
1.2029270523155522
1.209022763115231
1.2113476493435225
1.211674327976728
1.2178623452170458
1.2199603642705101
1.2270587368470918
1.2391311526535755
1.240229401792158
1.2531390326265057
1.2536250766929529
1.2593868661100989
1.261379926069029
1.2653142082416622
1.26590613972795
1.2791537835893543
1.2815411128113596
1.311040165522951
1.3174678843913603
1.3178639522880173
1.335078925478256
1.3353980889016428
1.3540157697525388
1.3582834781286477
1.3594808082167504
1.3676535423797955
1.3769132599153642
1.4210023200950666
1.4298740471031213
1.4371515444120582
1.4400617931116808
1.4553329623503157
1.466947927389571
1.473478937883718
1.4843631123237058
1.5024400885802585
1.5231751225509196
1.53854967416589
1.5458169460668165
1.5598623691365878
1.5714244275501121
1.5729259676631926
1.5924938134645403
1.5957418213361794
1.6006556052210288
1.6019473518625622
1.611522907995131
1.6335886172268785
1.6522755009106338
1.6763679568559848
1.688541693433086
1.7027779632551099
1.736526148569178
1.7428185783989838
1.768729904461111
1.8534936333362182
1.8838173840818793
1.8886704329713004
1.8971651216863412
1.9209773380036048
1.9727598584572297
1.989795139410638
2.009054225217661
2.0164260543332055
2.020782045710555
2.0648183771821538
2.2718476672405914
2.3028218499202078
2.3072932420446772
2.5803983883631987
3.0669771416684997
