-1062.5312408890024
-251.98662076281698
-181.501601424747
-173.3155139985194
-156.5294136204065
-140.67190815112275
-136.39388796244373
-125.35224847166405
-123.2608950265544
-119.87363659566036
-102.38313558933301
-101.21163856137889
-96.98399549048388
-82.56930719458192
-81.95039123097126
-62.392061749113836
-59.09371533011105
-53.94415665184681
-53.69633160643258
-52.54717278950203
-47.043027472692955
-43.78892238076207
-43.5876078390441
-43.56847284778688
-42.19873825652827
-38.72288580458184
-38.009134187038946
-36.607582311773086
-35.95690788204853
-35.55155127393751
-29.465034253049044
-26.915886418110265
-26.704977300977394
-26.369489325083258
-24.725799546824003
-23.840276862296335
-22.57384083947924
-21.951753223426774
-21.83824725780518
-21.760094800957603
-21.697656690693815
-21.44238443401338
-21.358381315574782
-21.324243455286418
-21.08900970518795
-20.385209625505478
-20.280960042807905
-19.620290158109206
-19.18681591465629
-18.507202048602576
-18.465683382154786
-18.453454832276645
-17.905638645321808
-17.871371244444937
-17.325142117963175
-17.170719219533236
-16.682259195509495
-16.599092504901172
-16.579048497314435
-16.38504563295153
-16.31169636075671
-16.056546235069995
-15.728229669187613
-15.106894160809743
-15.053554128179709
-14.676292524500035
-14.61823994589404
-14.54387655803401
-14.248111640897655
-14.22001375662171
-13.96735550880009
-13.93965980892386
-13.833199696255996
-13.431057247029594
-13.30654585098694
-13.208527976890439
-12.970992311423277
-12.891017171731988
-12.720207539617663
-12.55392408307645
-12.547440854051903
-12.522912299196772
-12.462549177767634
-12.348378312262456
-12.203855553825912
-12.184737821531398
-12.175391742190874
-12.018565299841995
-11.887198458822096
-11.848012294341224
-11.762009060876014
-11.532679103426833
-11.46204569897386
-11.081911145452263
-10.832721654050474
-10.646913217732397
-10.561001671556607
-10.522369277164383
-10.461273874811699
-10.385446301713287
-10.348393050529733
-10.240390293993553
-10.207384683669835
-10.20585637253463
-10.175041860348296
-10.160004563758255
-10.109964090487049
-10.058193512256494
-10.029330554446265
-9.983686355026975
-9.901278033952318
-9.716868871327906
-9.68979549244435
-9.6425628345397
-9.441034308433045
-9.404494542603524
-9.397868469606042
-9.39174411997564
-9.234916737263566
-9.210382432707673
-9.202727895705646
-9.133507993818167
-9.106946054663108
-8.965785687160645
-8.94064892684764
-8.900119769305238
-8.88989992413545
-8.849588922108664
-8.824357812763362
-8.737890748055444
-8.66308257306542
-8.634099993918893
-8.60899588858641
-8.53538170309951
-8.484017424013096
-8.457159914928743
-8.384246088583089
-8.38342105466226
-8.335774456888895
-8.244320221030621
-8.240035752803358
-8.211793860334156
-8.18965610314397
-8.146953180141841
-8.06157263186986
-7.973937357890059
-7.922493926739041
-7.642415359108565
-7.6247218579036025
-7.541514481477371
-7.488690238625886
-7.469372247561157
-7.460076372167615
-7.435805174636382
-7.345895615819444
-7.302583329559619
-7.264620516307862
-7.2480078810274655
-7.231295382959081
-7.19366457647177
-7.027582705642497
-6.896497413560203
-6.8680894368467875
-6.866555100493143
-6.8522586109444195
-6.832075821455419
-6.814807173544053
-6.810018906253117
-6.7653579472480025
-6.7571799598841285
-6.736063335486817
-6.684237103312945
-6.667521453039436
-6.6196430428403215
-6.607293302018798
-6.606126975926529
-6.59648421799802
-6.554909040158854
-6.5345883800024085
-6.5117693305342526
-6.466980833409833
-6.448376386254431
-6.441351610814513
-6.437728483606616
-6.41572613092038
-6.377579543374789
-6.367506531571468
-6.315492456830618
-6.276920785305002
-6.255887979317208
-6.159699771861106
-6.130958013505784
-6.056217729698216
-6.032381165070785
-6.0120745593987035
-5.936862098201386
-5.927344803147005
-5.910650112263157
-5.907147769528204
-5.895726653153673
-5.873350710955812
-5.86008684761474
-5.854020875736299
-5.805477793177987
-5.805056757390828
-5.803118749914694
-5.801242880826471
-5.789406527176656
-5.7694011201830335
-5.745464136715678
-5.700017625442003
-5.692364080063971
-5.683223340910496
-5.6766125331050805
-5.65908965729019
-5.6508828161197435
-5.600586107209542
-5.575601862430834
-5.5342672350164195
-5.514627457136027
-5.508503780441208
-5.507113545716822
-5.506740992700422
-5.488600978471704
-5.467290909990799
-5.395955222612016
-5.233980822323106
-5.225780393049881
-5.185167835812839
-5.0984923239166715
-5.069071748682028
-5.026548499933641
-5.016234717986263
-5.002067732736519
-4.978902953980984
-4.957418815600139
-4.890336563294171
-4.792237605736734
-4.785183879652568
-4.782911965232781
-4.778405342660845
-4.77014097827562
-4.762060570969763
-4.724013614225201
-4.71223441493362
-4.619595558183724
-4.606940254726261
-4.599386567267644
-4.591302015726255
-4.573950756619728
-4.557643454975093
-4.529231368624604
-4.514132419049764
-4.505453871968038
-4.47230690686506
-4.4513079364076305
-4.323590412193765
-4.322299405700751
-4.270297168994681
-4.257269106107758
-4.246545235116266
-4.239976669020917
-4.237727205764029
-4.213655044335644
-4.132722603957777
-4.125311909953327
-4.123216543996167
-4.081747347335011
-4.052713409504602
-4.022209820317295
-3.9553657969536564
-3.911171688421378
-3.8791121675880005
-3.8693443451814957
-3.8540249961500423
-3.8456891251424623
-3.8255641140081584
-3.815964219436579
-3.812792709921365
-3.786744155857285
-3.7639082253442937
-3.750360258113387
-3.7238115604658457
-3.722967701762676
-3.7012875471696614
-3.668635524367449
-3.654271338786571
-3.6465010852126873
-3.6177790363599303
-3.6077191198328
-3.584411114232252
-3.518589136361015
-3.5119099111189263
-3.510392484899752
-3.480608060807689
-3.4765027018399763
-3.472798603151328
-3.4722733568876647
-3.452204352499858
-3.4457071914873305
-3.4442247457555863
-3.442361850650454
-3.43704444774081
-3.405323803103748
-3.399222482528132
-3.37803888903417
-3.3780015813515063
-3.3744751135068745
-3.3697794448810012
-3.3606614190848076
-3.35073670826681
-3.339522718000889
-3.3252027620842792
-3.3230482950258455
-3.2871137752455013
-3.28377389566762
-3.255265016309957
-3.215866356201069
-3.200777300971383
-3.200098343420053
-3.1805424787946994
-3.1694332852822003
-3.1544514086539115
-3.1537372941565867
-3.1493801965916224
-3.10480424924332
-3.0831629061567964
-3.0801771375239646
-3.0754887205394317
-3.069454537476841
-3.0255279133428195
-3.017484224484646
-3.0171945271328
-3.0095514438803006
-3.0027352649502763
-3.0014409521904724
-3.000578493454362
-3.000021281834261
-2.9892954851671174
-2.986594305234883
-2.9856202891860657
-2.9794728236169084
-2.9769579941866153
-2.9745983552357877
-2.9615035389646795
-2.955853479754488
-2.9395629287970593
-2.9180109881096534
-2.908857002976522
-2.900361731493371
-2.8862206029825312
-2.8841872803578394
-2.881050206713589
-2.876630714021002
-2.8610564158805083
-2.8454389276714758
-2.823983016752287
-2.8109298045260243
-2.8076589348709184
-2.8020067458283675
-2.7869259423743538
-2.7666204338149
-2.750906829295662
-2.7377817156885125
-2.723553959940046
-2.721716251835319
-2.7053894644132725
-2.7023614358859054
-2.6873325831525383
-2.687211607985949
-2.667175179498169
-2.6632690618709467
-2.6581948546385603
-2.657467437779578
-2.63852404849454
-2.623844445680084
-2.6121811499470713
-2.5932823626816326
-2.564009243826576
-2.5620196896267515
-2.5595100840759146
-2.514991692205135
-2.4907504873220994
-2.4891730161501613
-2.4566901092927274
-2.4471545539500372
-2.4467947307894478
-2.4428440267125113
-2.4321504756952708
-2.427550336341718
-2.4127121108819347
-2.383234796654415
-2.355977344821565
-2.327036437159764
-2.3251111578156047
-2.320771399488506
-2.295134224938553
-2.263654760605544
-2.251132309153429
-2.241655049304657
-2.2284512427339074
-2.2125917186784525
-2.2082472976781404
-2.1885888776233338
-2.181803376340098
-2.1745445805853594
-2.170754324562046
-2.1576248390629105
-2.1575621648568477
-2.146257508876814
-2.1451467669832573
-2.144132227940272
-2.1424744520174657
-2.1417177601038393
-2.139955037392089
-2.136144457057891
-2.1118313456477007
-2.1047126613886737
-2.0858628280691724
-2.071802049471145
-2.0379531171730543
-2.0238774841969196
-2.0188341658417523
-1.992183357724646
-1.9873258957824025
-1.9818380294562212
-1.9670021673509535
-1.9667805044501026
-1.955453880526742
-1.9476463806018889
-1.9455871302835146
-1.9224511940758648
-1.9161877812244532
-1.9099474723340357
-1.9082126464147542
-1.9059414855441026
-1.8963379325494811
-1.8885168348062074
-1.8875915558252203
-1.8865142777763857
-1.8859950498559046
-1.8840835757130212
-1.8790501941174722
-1.8612609303656846
-1.8588823221419577
-1.858160294530374
-1.846259349209592
-1.833082412770061
-1.828864265482283
-1.8219807619349104
-1.820317062643116
-1.811277377206989
-1.810015100541683
-1.805327650711893
-1.8049153895865548
-1.8047955516821594
-1.8026890319726139
-1.7904540702608995
-1.7832640580042467
-1.782999278821138
-1.7742375743279781
-1.774177861346634
-1.7672478961993638
-1.7609240379046542
-1.7544798806246873
-1.7368661199085995
-1.72371435966271
-1.7134215022415393
-1.7117803567437158
-1.7022723857494102
-1.70118854795979
-1.6948480594489648
-1.6921635856729047
-1.6902422096071015
-1.6864045338590903
-1.6784761953377902
-1.6651236788661437
-1.6557943799508865
-1.6488755603082117
-1.6424046507436243
-1.62924263022883
-1.6229884688622414
-1.6185364697262437
-1.605632818039589
-1.5994561666266813
-1.5862457994068029
-1.5836716292626924
-1.5739633146637373
-1.5731880070281798
-1.5635118846368334
-1.562754034741792
-1.553634391618735
-1.5468800051455007
-1.5284481811802029
-1.5211178928477787
-1.5062440378914355
-1.4988606349265723
-1.4906617308141021
-1.4854595755490831
-1.4748578714268474
-1.4650602412815588
-1.441044262419325
-1.4363231516822705
-1.4355138165851415
-1.4251651926580817
-1.4187968377954454
-1.3998041085184942
-1.3991964279746352
-1.3788196562772912
-1.3731734036620735
-1.327536246631486
-1.3250343470886201
-1.3220852426469665
-1.318765013160854
-1.3161842157975383
-1.3159205621782522
-1.311981326772953
-1.3081815996573969
-1.2948231855710903
-1.2861802053125755
-1.2458300501134645
-1.2431010383239152
-1.2355592567447349
-1.232019888077125
-1.2209340382720046
-1.2128749726431236
-1.2126271931109498
-1.211022462160257
-1.2040241487452543
-1.2008588874214297
-1.1939804151785314
-1.1845833062441071
-1.1799748209585574
-1.1720986408902463
-1.1675209975835812
-1.1606237933641341
-1.1568279980231453
-1.1537815842115298
-1.1350834126795581
-1.13345574266721
-1.1247331489876444
-1.1238218939268982
-1.1185201884177567
-1.1151489355391355
-1.1132967445340851
-1.1129330155211719
-1.1006968967808193
-1.0890384567492275
-1.0547331948847445
-1.049150162066507
-1.0491279748215416
-1.0427274706918088
-1.0387444191080877
-1.0076322491547174
-1.0065333497506987
-1.0006303097490703
-0.9979473877252942
-0.9803804211277913
-0.9721967687088403
-0.9704715602594802
-0.9668429208349816
-0.9606616422288988
-0.9600911696757553
-0.9582072656456301
-0.9577510202200323
-0.95465929827166
-0.9521648746458551
-0.9502247882982475
-0.942688575380044
-0.9334687124557929
-0.9240313142793378
-0.9221827692811647
-0.9172377172640493
-0.9137268887962985
-0.9091320712288283
-0.9020601110813615
-0.8968507440294293
-0.8800151825879794
-0.8731560589660826
-0.867814336527905
-0.8661957645563348
-0.8644199953621317
-0.8530541227480805
-0.842057081371533
-0.8380571814807019
-0.8228482576199727
-0.8200215048950513
-0.8084877854106374
-0.7990124661903157
-0.7938840232749845
-0.7906935235670013
-0.7887488010464399
-0.7884961881973203
-0.7812095634120202
-0.7787830139323456
-0.7781382690192002
-0.7750395358982295
-0.7727257527822443
-0.7716365961942804
-0.77070936738724
-0.7647061889799504
-0.7634287033015529
-0.7584790362024199
-0.7578190420920123
-0.7516502007635475
-0.7481009161895855
-0.7456697736338244
-0.7426451497509876
-0.7348021153932431
-0.7320028446483346
-0.727110485884028
-0.7148911985474679
-0.7139912644283097
-0.7126163176577018
-0.6972037142585117
-0.6965334884297498
-0.6897012247636698
-0.6663676526486821
-0.6602059731837284
-0.6598870786322613
-0.6549706687649459
-0.6505893984064736
-0.6446435346685329
-0.6321150766604692
-0.6163425477921909
-0.6014203333790173
-0.5981651440430038
-0.5960548631157481
-0.5844557559400434
-0.5827216194198336
-0.5788551438087604
-0.5697898940076223
-0.5685645739131051
-0.565363485290306
-0.5556594039017524
-0.5487149282329697
-0.5469749389964005
-0.5460596709582829
-0.5442243864567886
-0.5439194224952544
-0.5438539637926915
-0.5403393166249181
-0.537249516998621
-0.5327291290807581
-0.5265750438652829
-0.5244279588060717
-0.5222063010654463
-0.5169189734717341
-0.5160150600263196
-0.510220369604507
-0.5050940493007253
-0.499216756703597
-0.4953185802891419
-0.4896241146643509
-0.48341995041349617
-0.48274767812545716
-0.4826707101448905
-0.479414686099946
-0.47630642569024517
-0.4762693227515832
-0.4578925713484562
-0.447501932184246
-0.4351189137677922
-0.4334909097965176
-0.4233168996788338
-0.41534699159938093
-0.4146627070125336
-0.41047193668585347
-0.40991433205763206
-0.39276870948978926
-0.38748732247054113
-0.370489417145177
-0.36723477971544527
-0.36411855364896306
-0.3580420556899965
-0.3552555360184371
-0.3529421896991408
-0.34850732340880985
-0.34486845526634835
-0.34087367745807584
-0.33504927750661284
-0.31897119513930106
-0.3101697424529975
-0.29364528056526223
-0.28873932537271263
-0.28484484352545025
-0.2677464845023233
-0.25483584634575074
-0.25467819117921253
-0.25049753655474516
-0.24816648712675649
-0.24142617002048372
-0.24121102473169376
-0.23849610169683078
-0.23588202903101219
-0.23555488387890666
-0.23194576216206383
-0.22298242264665163
-0.2170436637807288
-0.21328369230811606
-0.20827138618187008
-0.2037378795900352
-0.20112304392308478
-0.1801948131942484
-0.1787579407665939
-0.1773383718812344
-0.16975034023433871
-0.14867026433361008
-0.14348913609270852
-0.14050582025932545
-0.13996458160785552
-0.13863868487494668
-0.13631309621060028
-0.12866192910231522
-0.10914054093574443
-0.10851215178393236
-0.1073583229499876
-0.09787074353575687
-0.09334694185587128
-0.08748116793917649
-0.07784142460121646
-0.07226679680839043
-0.07004882316058958
-0.059479674033047325
-0.05394217518498812
-0.05358756549451382
-0.04088681690172269
-0.014380111888171898
-0.008075962393738534
-0.0037920445751654652
-0.002148393741083554
0.004447567647233086
0.00863122841992403
0.011319530037060543
0.01441608154473601
0.015632263959521886
0.026205931100311775
0.03994675187480512
0.058294484169249094
0.07683510850900988
0.0785159109849144
0.08972220248690503
0.09983739659000945
0.1053349226546142
0.11035491468895031
0.11382690417043956
0.114758158120563
0.11968023471451561
0.1268355702855979
0.1331682340498851
0.13489679651075284
0.13738748645451482
0.14690299804056423
0.1488663198926531
0.1686205314349633
0.1737934585573867
0.18854004871954083
0.19676473709445783
0.21633056517174953
0.21852880846706202
0.22039594763751091
0.22381421750414826
0.2424454267208953
0.24257446033938762
0.2454572064020012
0.245499726870383
0.25099199612407
0.25118452193239904
0.25219493581995855
0.2589378548140926
0.26690576967465074
0.26723792156667237
0.2677687073275161
0.26788544752155513
0.27805460703482465
0.2876898230457458
0.2912811430686781
0.2921716334874943
0.2981077144072354
0.3073377241592661
0.31683513227732296
0.3371323259075446
0.33870502560862115
0.34198701322613545
0.3423005388516386
0.3424543183055161
0.34807560222259093
0.35737208182061964
0.3669995520194904
0.3675403717582745
0.37028264138210676
0.37553164527618066
0.38434180075902524
0.3867110326977536
0.3982878510798166
0.40018429669983413
0.4024083572744529
0.4058072894845186
0.417449777481526
0.4192838261207655
0.42029321155120053
0.4237795832251622
0.4316520178951979
0.44069378201092957
0.4506830831832953
0.4515640649219514
0.45199927441505877
0.46062991659258534
0.4628702750733656
0.463539547175679
0.47013960868051274
0.4734881729441225
0.4766209213734194
0.48340845399281834
0.4843264623174921
0.48743854011462573
0.49024342536172977
0.4909955939136385
0.49205543675040975
0.49284496491895485
0.4943337793172819
0.49596219902282956
0.5039326916601561
0.5222366003383956
0.5282967851320415
0.5287785161820011
0.5353599487987687
0.5362796518541574
0.5431138254076648
0.5527197744001406
0.5653533270067075
0.5761788125085089
0.5785427378179934
0.5949423267710119
0.5965222331359081
0.5980204208656522
0.5992948557218167
0.6014016804094745
0.6074282462137683
0.6087927188378103
0.6143188297748314
0.6177483660116553
0.6186294523370575
0.6220647652378296
0.6256547377920703
0.6262516819893298
0.6317984835497368
0.632341971276734
0.6338127746323622
0.6387179003209851
0.6412648939439588
0.6458709948587366
0.6492887674451222
0.6500118131750773
0.6547632212103977
0.6590656426688032
0.6609196695441225
0.6712306583718215
0.673600413383972
0.674158225076903
0.6858159548070878
0.6965295580959481
0.7033639640768262
0.713853508482668
0.7272699746859141
0.7287155208419167
0.7319187128709865
0.7357081091291535
0.7358867611062919
0.7455693208248958
0.745714925923062
0.749489278464558
0.7752819341970875
0.7772909113806843
0.7776369944018864
0.7783037280542292
0.7807787082520072
0.7824388405707527
0.7829659284379491
0.7905240959721678
0.7926225875549151
0.8128834715454499
0.8139149739404324
0.818408226925327
0.8305684988702149
0.8361948140589492
0.8454729736198302
0.8465720309752289
0.8488272474015182
0.8509828562385084
0.8651341343093942
0.8659546664456402
0.8923244213541636
0.8933379982627375
0.8996928682744403
0.9018379332725974
0.9108483883457357
0.9303646310864767
0.9327945667082871
0.9383464266835009
0.9423615294827132
0.9450199372393551
0.9629518410276545
0.9731286356143535
0.9799215339781159
0.9814941143862711
0.9843329562988594
0.9848709578407403
0.9856801736698895
0.9905655000454077
0.9968454226072898
1.0000975895837858
1.0175137302384345
1.0252685475081211
1.0371909453653916
1.0418246099525725
1.0447565513514352
1.051828194947098
1.0568850719401233
1.0582723943937957
1.0646522465071369
1.0656548366665026
1.0735499324960722
1.0817916383186057
1.091648262889225
1.101327036166718
1.119717170730078
1.1271730635763844
1.1376768270740245
1.1383371005137555
1.1428852389173754
1.1494125397755859
1.1512707273406602
1.153030666681263
1.1661053285915273
1.169391526807727
1.171214932785961
1.186193713125102
1.2083601037741554
1.2160987696338188
1.2172221242080794
1.2285709339394892
1.2542319901988819
1.2639068258350876
1.267744416848524
1.2712880933238306
1.2763207307631805
1.281778557293335
1.2818317185925348
1.2910953906287312
1.2967463903373035
1.3120150308839038
1.3207550154840555
1.3209159987092334
1.3227839973156723
1.3246808469722553
1.335875386673776
1.3432262819361072
1.35588432691404
1.3732969554707215
1.377601060473406
1.3795664948925306
1.3862570673820411
1.3971340292348533
1.4004492452298605
1.4017488126285182
1.4045831365452845
1.408545086017102
1.4135178246422766
1.4769296522651199
1.4841565396346197
1.49608826285087
1.4976111026343566
1.5027864357107603
1.5089045540126582
1.5181343547100832
1.5276014955723904
1.5438807912302657
1.5519568405232957
1.5580155438405066
1.5601242879389574
1.5694472108189563
1.585750836841369
1.587289106700061
1.5947504498384761
1.6161112237318496
1.6194018754681574
1.6220321591175797
1.6361499152819878
1.6502746184727093
1.6505835825062054
1.6589874825124444
1.671600337816245
1.684069651245149
1.7381069615884357
1.753868891481511
1.7666977502302352
1.7668139970303254
1.793928556412445
1.7969160803542712
1.8032941871923849
1.8410312555665502
1.8750917856788134
1.8825729934275377
1.884323415517525
1.9099954217267303
1.9788125306597673
1.99706260874668
2.0040343295392837
2.019501472989674
2.0309398733557025
2.035996693743414
2.039524145877373
2.044532240180196
2.1750516208815682
2.1982092925714745
2.200284230833188
2.2025889764908273
2.211917352003872
2.24791505117926
2.340414234552587
2.3537144458071606
2.490394351377488
2.504915438346291
