-243.19607914959263
-221.25826335200685
-152.9434660106667
-135.39556575513222
-130.87936178870982
-129.4667901850022
-128.33849263501372
-114.65207225208646
-93.50058712424155
-90.15921453313736
-89.61116011166163
-76.12037370646706
-71.78466852135517
-69.76844241225129
-64.7282156759736
-61.14608904169512
-59.19533105572276
-55.732925977740585
-49.612225847687036
-47.90429938300923
-47.42792263370108
-46.51716774093538
-45.88482802153611
-45.19824036942174
-44.85131795774732
-39.33633025163485
-35.06069537140129
-34.77488520455034
-34.48601588066853
-28.577690534929783
-28.073946942058356
-27.616021013627012
-27.145259314439492
-27.09519195177436
-26.68728239265949
-26.406920147938244
-25.687066092851616
-25.559145938082136
-25.463480719669622
-25.285243906741215
-25.27051643860775
-24.79566255966032
-23.91554718412241
-23.47060479051427
-22.91130113783744
-22.770796983413682
-21.98207984605709
-21.90033357460143
-21.21086571737981
-21.034981090604997
-20.56645151360896
-20.376527937162933
-19.6133041542632
-18.40392646575626
-18.382068729890076
-18.308267375885624
-18.036352075628084
-17.708029262387633
-17.70042543707105
-17.408987444190153
-16.309517914278544
-16.210362648073577
-16.062445555316383
-16.047223457925107
-15.534490078477363
-15.513108225174637
-14.939603744097939
-14.843479527892839
-14.723983003103296
-14.531893077891706
-14.530129385075982
-14.502754160582924
-14.39384170437209
-14.381836283867184
-14.317686241741145
-14.297297423724494
-14.170026957747675
-14.14654703725828
-14.026178616850562
-13.613810317905646
-13.509597125713432
-13.236161457601911
-13.125795294964712
-13.096357560772136
-12.973848105192536
-12.968550351065664
-12.69366934703396
-12.692941126563081
-12.488990728438539
-12.352205519925302
-12.344671753963437
-12.054163813584749
-11.151719867388977
-11.12506088824769
-10.998669806185495
-10.978907828231854
-10.792604222292953
-10.551261503407126
-10.473261004547693
-10.466243236627315
-10.457918586954465
-10.324323435493667
-10.276209305779757
-10.249389566854084
-10.166863313636066
-10.016986765996023
-10.005364347795378
-9.748024760908423
-9.595206776115635
-9.542292193706274
-9.489560821347428
-9.448215047812358
-9.388763999204716
-9.388538027972823
-9.222593558282705
-9.20653821070997
-9.071072420486015
-8.994665673039947
-8.969320896469505
-8.855384281156638
-8.822100956875245
-8.782698193673607
-8.590604976590742
-8.581691731812139
-8.573221879021421
-8.529658431405256
-8.527600202000592
-8.481112059782404
-8.47473835018987
-8.471085061815591
-8.419064700626468
-8.38573116463579
-8.358785714723934
-8.318012148972606
-8.260503692780857
-8.244259747348519
-8.21416062186965
-8.186824485149922
-8.152329051183182
-8.035806535669611
-8.02077100856298
-7.928488888999148
-7.861307105640546
-7.7950295841062545
-7.789378135301158
-7.772192938528339
-7.770652097245433
-7.624754282519867
-7.610952240149771
-7.604534713550624
-7.540377155559115
-7.415597250860882
-7.375495699115527
-7.372588081561538
-7.371783749546974
-7.362557640331759
-7.360868899394104
-7.335909129157708
-7.173514529079251
-7.163310920847729
-7.141980298926236
-7.135291423860787
-7.127790953016479
-7.124190525137324
-7.040646074660305
-7.03274786079742
-6.9947979548417
-6.922832829600068
-6.91203942913155
-6.8739747266765825
-6.848311906666287
-6.777109332373164
-6.758867574593017
-6.758479346276987
-6.734589866900514
-6.7149862932580815
-6.672087073276003
-6.666527382750926
-6.607892638229929
-6.6072666236890765
-6.578855875492874
-6.54811037657474
-6.539731918922878
-6.480685084800492
-6.466782668869144
-6.446885501909376
-6.423204698713596
-6.413457884719227
-6.365292031821571
-6.362929948329096
-6.362797569653355
-6.3331650721220365
-6.293224997627051
-6.259221708814328
-6.15586565206976
-6.146473111547086
-6.093051123318898
-6.092312136587494
-6.010042715311923
-5.969387777879199
-5.941322341567808
-5.866587951345469
-5.847435040670774
-5.812789917895129
-5.722529369060488
-5.6903116639936275
-5.687012428435612
-5.680273291258327
-5.670720609218465
-5.575510979725653
-5.555047665105797
-5.524175308910693
-5.518908737464407
-5.34853219658094
-5.33387049987238
-5.294346627903083
-5.266820765763638
-5.261960815289065
-5.219504637937327
-5.149829990505157
-5.138484339972625
-5.1064406229107835
-4.997134157978946
-4.933977673616308
-4.896394316428804
-4.877763182795632
-4.869730203579019
-4.8653246848870815
-4.865224738911242
-4.803604485062405
-4.780242594142137
-4.758505819298421
-4.697558040406418
-4.676153288828804
-4.673809728910462
-4.655659742681324
-4.653292055686725
-4.652587512654444
-4.633617174827142
-4.630624367061538
-4.603332780743353
-4.603325870160072
-4.560442452956631
-4.550514020530544
-4.522740993043687
-4.512595242349489
-4.507840782715064
-4.475101606501326
-4.440898287539261
-4.430381941664702
-4.382114685273052
-4.3669611709978104
-4.3179950136089875
-4.31741954773616
-4.276877526939328
-4.272940055087832
-4.261220680324248
-4.249779520291212
-4.20370225357833
-4.17968758959838
-4.137820951105022
-4.093192235596165
-4.090401653361415
-4.081303687947666
-4.07623685809114
-4.069048553523936
-4.045170653500469
-4.038446450526011
-4.0344115011435395
-4.026761039561828
-4.025859967370357
-3.987068219722211
-3.979466170560181
-3.953723703167759
-3.9483588183134217
-3.9436141264620255
-3.936194593015361
-3.93352174653795
-3.9323621039993433
-3.920711504669752
-3.8984554088654138
-3.889540149735227
-3.8888533190597236
-3.8451512838559068
-3.821925793846754
-3.8007458269479586
-3.7913880453895814
-3.7893620084598982
-3.780476246610898
-3.764582988673628
-3.749905959736096
-3.735064020071341
-3.698974523020142
-3.6984421644652477
-3.6242865171958982
-3.612096122975869
-3.560152076232228
-3.4153270974792242
-3.4065983036795915
-3.400225150850919
-3.39061629078378
-3.3585379588885176
-3.34380015097904
-3.338545761223398
-3.2850699673054486
-3.2836035120837033
-3.2819893790421757
-3.277037885067213
-3.238211416408391
-3.2314878538267604
-3.209997433531437
-3.209855059700878
-3.199539126494534
-3.18142316112873
-3.1601831698127953
-3.1539904041322884
-3.1522961576478545
-3.1245072539539795
-3.1031973900283507
-3.0998550592299274
-3.0671575159523643
-3.051406994616565
-3.0448873893011497
-3.0358284100873436
-3.0255535688841326
-3.015314735308155
-3.007926040532098
-3.003566567844432
-2.994943969350789
-2.9906023854333474
-2.9854228095156046
-2.9418271814817767
-2.9191570978163286
-2.900577709293918
-2.853302780840469
-2.844797819093774
-2.841293156064018
-2.816622498461975
-2.8164458048454963
-2.808056448120692
-2.7970114936699346
-2.789866531634396
-2.7870094578344315
-2.786062435671539
-2.7826401517051593
-2.7454295553163894
-2.7406624675383133
-2.720010946671163
-2.7195633669512254
-2.71924427977199
-2.705451003485558
-2.6880012097085944
-2.6808866597935515
-2.6577212629011417
-2.656732919018479
-2.649541489389301
-2.6415329497916886
-2.6396927196860327
-2.638569522534996
-2.6294441723073025
-2.628995391408771
-2.6213191041391637
-2.620451067252586
-2.612881034767513
-2.602964116378269
-2.6027319795538584
-2.5990301376670915
-2.5956075068567976
-2.582688193269406
-2.5805042749959326
-2.5467922323444525
-2.5382839417957777
-2.531592693362743
-2.525031109465833
-2.48776985433901
-2.4851348876857133
-2.481768013625425
-2.478998470963092
-2.4745326181805813
-2.4632282469317492
-2.4468891336562413
-2.443808616734462
-2.441775776865346
-2.421335360266661
-2.3969930735515628
-2.3856335472651384
-2.3659416107633255
-2.361616571837063
-2.3442924962360516
-2.3340200922905416
-2.3320883793874736
-2.3067896912547945
-2.2998039918267583
-2.297674337397612
-2.295393346951952
-2.2900407003828187
-2.2791731705695746
-2.2721559012270838
-2.2695279982932717
-2.2610224816873328
-2.2508344504310562
-2.2480290608181015
-2.210651864544711
-2.2041717103128353
-2.2014265030161946
-2.1955522131627165
-2.1774625883588636
-2.1692801852196895
-2.1603490896309356
-2.1431295595576128
-2.137062125451244
-2.1350969086244564
-2.1317929512157154
-2.120818769305505
-2.081669701669303
-2.0774537188719497
-2.076363461667945
-2.0725999371018116
-2.067504579381144
-2.057095264744122
-2.0377860312219394
-2.015059161280864
-2.0076715692905602
-1.9924176471597526
-1.9403078753206664
-1.9365358644650612
-1.9313969492406702
-1.9225964431964084
-1.9107467095550033
-1.9031704765467503
-1.879027842698238
-1.872685613784732
-1.8355681514945155
-1.8271110204694634
-1.8188902086533831
-1.8152723430402622
-1.8071496040233765
-1.7921420660636733
-1.7903708811886274
-1.7807352767537616
-1.766875434221659
-1.7523870200115077
-1.742252403989606
-1.7385510908460196
-1.7288482633030255
-1.7162829453920008
-1.7024026092151336
-1.692656264623003
-1.6907917440456801
-1.673263789002863
-1.6481212265438043
-1.6425942212161846
-1.6423768902637534
-1.634731441239821
-1.6315343241850713
-1.6154655710084997
-1.5914184743655397
-1.58976659361124
-1.589333286483058
-1.5846060161721751
-1.5555901125057536
-1.5465505730268496
-1.5418489825561466
-1.5400377198128568
-1.5367726216492303
-1.5128758880901845
-1.5082167690779573
-1.508209608052137
-1.4698669338254422
-1.4636533007895003
-1.4582669414627518
-1.4382406546560653
-1.4376431099740412
-1.4359119073020006
-1.4292455576478214
-1.4240216839809015
-1.4014362048906837
-1.382142907363936
-1.380264874835804
-1.3771551337044339
-1.3763090573718757
-1.371004805206524
-1.3703973915421714
-1.3608593789181402
-1.342811205375662
-1.326270974175177
-1.3257141683230076
-1.3232360690924372
-1.3111708835923463
-1.3011694729650098
-1.2865649041465934
-1.2855998600761769
-1.2852671994705407
-1.2842061997767122
-1.276652825299434
-1.2748634197018234
-1.2650219613065445
-1.258207617504418
-1.2573573251730406
-1.2472444306595623
-1.2450196034885748
-1.2349912177788913
-1.2181488558266311
-1.216344560137423
-1.2032010224811287
-1.188523215901376
-1.181827683202561
-1.1739057574284866
-1.1602391321171082
-1.157983910071656
-1.1563495093389458
-1.1548967021016283
-1.1547625757467896
-1.154122075464175
-1.1532654577786974
-1.1463821034856496
-1.1444704412419637
-1.1340341220119776
-1.1268769060983859
-1.1213798640391421
-1.1207627383417258
-1.1122635813858173
-1.094542722331513
-1.0934615194243322
-1.0894192702333438
-1.0889911597727095
-1.0832551202448877
-1.0818746061076612
-1.081079239177474
-1.0787414822477364
-1.077220787780025
-1.0700679713066377
-1.0686400666066147
-1.051602428464654
-1.0419761018117804
-1.0339495102019247
-1.0252143479057074
-1.0212662159651895
-1.01345158508177
-1.0125503526722937
-1.0009966762766873
-0.9868135892251532
-0.9816772570498123
-0.9656702365719848
-0.9635308229185976
-0.9598754274763296
-0.9508580987093939
-0.9464398040904434
-0.940350958575521
-0.9331345141945524
-0.9289403523555797
-0.9289235299070009
-0.9239962096454927
-0.9212874547439612
-0.9180168532965863
-0.9105170908940025
-0.8883505729763662
-0.8866259418701539
-0.8865854620725113
-0.8771870638987561
-0.8751541940077444
-0.867215904863673
-0.8632627962299562
-0.8607503752223177
-0.8531121500956764
-0.8453780534505235
-0.8343659777175448
-0.8270644511973078
-0.8127391829281256
-0.8112782142924184
-0.8071636811723366
-0.8057291253585465
-0.800823878299946
-0.7955931730738274
-0.7885985470887421
-0.780079145438811
-0.7772109696743809
-0.7734513871089874
-0.771551044284215
-0.7705336569031505
-0.7572872194808515
-0.7535823340800889
-0.7530731383662289
-0.7494909399162708
-0.7418037596499265
-0.736465385262963
-0.7220399027913742
-0.7186795044839684
-0.7181084839503281
-0.6967281110094273
-0.6950477790339675
-0.6901263389566709
-0.6821521545488748
-0.6768107806657091
-0.6478447509307005
-0.6463547512870009
-0.6449191021295095
-0.6103439725908459
-0.6094404877857452
-0.6070839434988321
-0.6066051128576395
-0.6035854567503705
-0.5998362392193624
-0.594631095307745
-0.5804096096063346
-0.5773185738726486
-0.5719525817001136
-0.5678729228659255
-0.5666793520269809
-0.5639981170602347
-0.5288567182382696
-0.5204371549555377
-0.5197325701466345
-0.5177077607163277
-0.5161103756388177
-0.5087191133023375
-0.5075496696645343
-0.500885453384563
-0.4970617007984356
-0.49639886389979265
-0.48190813346604033
-0.4738457817008268
-0.468889802589168
-0.4681943842922485
-0.4628992990626719
-0.4610596949044813
-0.45866800727887047
-0.43742133390505467
-0.43446291827683325
-0.4174539013775429
-0.4155349975976353
-0.413199116443266
-0.4088950453491156
-0.3942190497790139
-0.39027315588117906
-0.3836765011042271
-0.36734676672734456
-0.3655677972597389
-0.35257214952634025
-0.3468023037896586
-0.34386435130499193
-0.33073760617798675
-0.32621669226609545
-0.3206082004974832
-0.31923867492275715
-0.31203254361080546
-0.3064099728707909
-0.29366955481802326
-0.29078457725508355
-0.28262243909428086
-0.28189829072681666
-0.28007637071755265
-0.2753268354927122
-0.26858063264828497
-0.26548586354835957
-0.2652368912411527
-0.26457926665005926
-0.25313311253469056
-0.2504192769823973
-0.24941720444281737
-0.24655827720200552
-0.24342655408179625
-0.24278989709916876
-0.2387874082453556
-0.23831396349018402
-0.22481054746675755
-0.22007405378781836
-0.21872857511651225
-0.21157761921952312
-0.207644498511809
-0.20150499748653894
-0.20051059692414241
-0.19690792836461324
-0.19443015659920182
-0.19327745986993364
-0.18492068189284608
-0.18472622966764318
-0.170335954669639
-0.16943350728766826
-0.15338121429442975
-0.15031265955250905
-0.14380801074681016
-0.1417593899701332
-0.13283784444619828
-0.12543494015077605
-0.12534585817002286
-0.12355943954907556
-0.12220669465685466
-0.12196133161183614
-0.11172129882568815
-0.10956268708657457
-0.10531288287062524
-0.10523977607148882
-0.09649513137141508
-0.09585893373598009
-0.09412805040900607
-0.0861740585386433
-0.08284962518305505
-0.07703916680891043
-0.07449024419472416
-0.06998205812279656
-0.059327527879550784
-0.05474226447776642
-0.05330257434912877
-0.03975270989037538
-0.03129548913707081
-0.02736795546716364
-0.02187247995573266
-0.01999222352079999
-0.019632113218255365
-0.0150384742308588
-0.010215413005489948
-0.009727424742961066
-0.00816863458566619
-0.00730036329100614
0.0015140659576104443
0.005914184173116288
0.013124514858253111
0.026073651173600387
0.02703406343918953
0.030867974752794847
0.038722673630639526
0.043771321107247456
0.046333538989723366
0.05057059540388087
0.05088556946933598
0.05119458606567551
0.05604823186808383
0.07012811537591937
0.08718233584295643
0.08805393879459161
0.0911060657946964
0.10028199445027675
0.10543990705532158
0.11416850724598498
0.11843423716367801
0.11859806699996078
0.1284997936039909
0.13647171165480454
0.14775507977651417
0.1481089393339221
0.15592205194447306
0.15730331207811665
0.16188687676625246
0.16808831450253514
0.17948797909004788
0.181668869448806
0.18697487534544757
0.1885732179785583
0.20604603413182954
0.20981912641236178
0.21211043793109643
0.21738757662150587
0.2182548206188451
0.223229768401338
0.22448069367295148
0.23003514802275837
0.23577207361287356
0.24324448789026007
0.2542392640612534
0.26689521741336253
0.2684038384679577
0.2703788240633125
0.27413461994648824
0.27451622763982675
0.2769173101105087
0.2887906825631331
0.2899637378362938
0.29239681618015645
0.29761878997609026
0.29801233914413794
0.3018996259951288
0.30305493150643126
0.3081212688605568
0.3107000299622774
0.31256550786253656
0.31367227947098686
0.324204416949764
0.3315119146220248
0.3457195870210489
0.34902694462377537
0.3490562821259755
0.36168048015455284
0.3652822841971255
0.3694191638353326
0.3698155185796628
0.37680658082098906
0.3794314887203375
0.38156794916160724
0.3885861453340821
0.3912088053802661
0.39923836751529124
0.4065407673912838
0.40834843607566707
0.42268485584041915
0.4303239746656654
0.43217804040380614
0.4335419509438885
0.439541837918093
0.4484375212750629
0.4782323476694218
0.48043491021881457
0.4815968148477519
0.48753150008536505
0.49359231090234496
0.4941952481695685
0.49431473587194485
0.4974419901026135
0.49842027500682595
0.49865841377720055
0.5003374320834523
0.5061208932403765
0.5194969989150646
0.5206093111940395
0.5286734832038376
0.5290414562353629
0.5513773851096011
0.5535666717523808
0.5625482679086884
0.5692755486446863
0.5709567556461601
0.5732279518332614
0.5849648103068575
0.5911558870981851
0.5916179069111478
0.5935526865628418
0.5960240440745476
0.5973473965451472
0.6051568882829562
0.6068649196943682
0.6093852041141381
0.6199729912462829
0.6218693476178558
0.6247091563513316
0.6254923789397643
0.6271380645406229
0.629320634659168
0.6324888734580887
0.6351909293731117
0.6451931318685041
0.6553649406260349
0.655566120264627
0.6595946412219094
0.661728555322178
0.6698093185634839
0.6701667489288455
0.6707619059699018
0.6759499571254851
0.677774740088661
0.6803584902850013
0.6844444663052056
0.6952781175815286
0.7072774167247766
0.7176324848561135
0.7195102386850043
0.7244354301505906
0.7282042017565554
0.7403251476617009
0.7587037147859125
0.7658505034401181
0.7696989545976644
0.7813915563738392
0.808627704187316
0.8092398156131477
0.8117041069495127
0.8129977779978567
0.8154337713562294
0.8189762829775512
0.8191051764376543
0.8216546024198123
0.8259071501877941
0.842512164439668
0.846977862034551
0.8483759501845818
0.8609780212147957
0.8612343227823464
0.8626224253468282
0.872929694005071
0.8837463742673872
0.8914838828209987
0.89583509237705
0.9002234924415269
0.9091385245163011
0.9200990880659126
0.9384502557172243
0.9418770667243297
0.9495610288322922
0.9531518852872718
0.9561789666535468
0.9692708037425648
0.9713919040774563
0.9783499845500025
0.9820097468768316
0.9902697131284082
1.00159038250823
1.0142178333054401
1.014576416092993
1.0196328617004073
1.0253020304961893
1.0408003945118371
1.0526662040199521
1.0556918821681827
1.0662343203662532
1.066760178670865
1.0667662301720362
1.0758416267570847
1.0988017282105822
1.1182837595157635
1.1272588736463813
1.1298528847820843
1.1318971583570163
1.1373467918560562
1.138906547097438
1.1393790939323738
1.159045519856796
1.166377499233065
1.169693365894577
1.1762072246043753
1.1788188237574149
1.1805614100587793
1.1821405833311251
1.1865085021028272
1.1994474951002247
1.2001360032227715
1.200357365464166
1.2069935406788432
1.2299565552710285
1.2359303542584779
1.2394251785381463
1.2434840458828262
1.2558165883956711
1.2629149447434505
1.2668140050186454
1.2755576459917883
1.2838061344486555
1.2968334250543185
1.3069848851336503
1.310592529795628
1.3167727808793521
1.3169139206014742
1.3198440865315775
1.3379140405561316
1.3504706123878825
1.3511543239385566
1.3525456778726404
1.355354390824751
1.357795353188997
1.3607418104019524
1.3746081246873705
1.3830019260101272
1.3887115968700197
1.3922000767790723
1.406956973884044
1.4098795360551766
1.4116537663018325
1.4127042403886532
1.4135031588703681
1.4264778117916062
1.4363627587319243
1.4396851622631819
1.4417751206214289
1.442241511180145
1.4507220687740654
1.4676057084722691
1.4757967708835031
1.4854025879415904
1.496578772107323
1.501301380440367
1.5176765201557654
1.52438595339968
1.527065425491783
1.5486342773367632
1.574412529957117
1.5749707544081688
1.5862166780302798
1.5939901900293507
1.5997502910942918
1.617522570177479
1.636284167173108
1.6889145925544347
1.7024684701007367
1.7307175697665134
1.737092610601854
1.7497686182620253
1.7529262367054264
1.7536682934172738
1.7583426814033922
1.761397033705724
1.7635304967586558
1.7832645682697614
1.7959153480640977
1.8283048896563967
1.8417884925125447
1.8494828921173452
1.8552719558136257
1.9084537686932388
1.9137093451005303
1.9196333682108109
1.950062495321819
1.9596665629705203
1.9601179306192535
1.982013863894761
1.9908597480110548
1.9915743679298155
2.0007017936971856
2.024674713416009
2.043168081573812
2.0865687844476533
2.1278679881514586
2.1583707881982037
2.164093288561151
2.1754389918076886
2.2281324688275244
2.252461342368628
2.299701470061507
2.3001314478086767
2.3461560431814448
2.389694426737954
2.441757283546461
2.469925053494363
2.562428967126301
2.6086671985881047
2.63554415666998
2.7191898948031006
