-2528.2391605861067
-2190.5645629553505
-834.2702288613116
-804.4614383328183
-653.3121579194099
-390.71245955085755
-325.0124162365035
-308.55370198065634
-191.77832603101484
-184.6850856185891
-166.22723023173214
-158.4909334574651
-141.92642800705048
-136.42190133678096
-120.42816634948855
-110.1288363726888
-105.09928163627686
-89.28027343452239
-88.70915925983896
-85.72385864908323
-82.64016507959425
-78.44969989524043
-76.8800342118576
-72.33226802447952
-72.0334162965667
-70.23731117920804
-67.26806161189587
-62.45312184399539
-62.154255427454146
-61.68305683230679
-59.9553855304039
-57.43540978386824
-50.92436788360241
-48.90994498436626
-47.69313551482811
-46.166174011421546
-46.0922739180201
-44.80961806711998
-40.138950398477256
-38.40378248085397
-38.132822532975005
-36.51913412431902
-36.29200725113265
-36.28139608923287
-36.1656581526912
-35.56295702155882
-34.951258463160485
-34.72612273425653
-34.643523086205384
-34.047490815039666
-32.806049523881065
-32.326981641438
-30.934355127174364
-30.27656254245287
-27.415919315663167
-27.375940813864453
-27.19246563749722
-25.920158164741537
-24.62569353591117
-24.283148391298504
-24.125335131616158
-23.95518483778344
-22.789625386520665
-22.752233186417662
-22.1899888297972
-22.125106908272443
-21.461207042776223
-21.006519316889573
-20.055318629754687
-19.75735394394273
-19.57234059478353
-18.89251009789968
-18.60973770299051
-18.520177828676697
-18.006368579313413
-17.937134884787685
-17.830047038184546
-16.87064487424727
-16.439480189012613
-16.422094817117824
-16.35945097564938
-16.355794613685838
-16.320459847608205
-16.13303645838749
-16.048451265296734
-16.03234336643708
-15.883982882356571
-15.633741694909464
-15.517279924448133
-15.200055589295598
-14.933939831460052
-14.780645452091381
-14.737453094125357
-14.2474371602672
-13.910477389134105
-13.867445077333027
-13.738673925444198
-13.631238251014356
-13.520574468586268
-13.47295579453103
-13.460047319943023
-13.393810073607462
-12.936759092621122
-12.899800340389476
-12.884979235920675
-12.674718106649864
-12.577008030779652
-12.51917643881919
-12.469111654815638
-12.313472909245279
-12.29951020475696
-12.252682066336282
-12.143413707168975
-11.95944751611409
-11.91196153418354
-11.88820234707914
-11.826775480538567
-11.780082945078936
-11.74858644295536
-11.731719553658866
-11.502068646095381
-11.46787161456232
-11.355050687322604
-11.038761729962314
-10.997132210551396
-10.968519558928827
-10.948593655757977
-10.905974742576372
-10.895235786395508
-10.799614527030705
-10.73184059524141
-10.726635706084176
-10.707677494359919
-10.656763218784103
-10.636668484743458
-10.597164357644463
-10.568392862529613
-10.46235498971463
-10.30142498414995
-10.206180959670531
-9.960410115579604
-9.86680773212109
-9.848922546886746
-9.803426884555176
-9.724896881025177
-9.591305591753061
-9.589544567547803
-9.419009925809181
-9.41502029761312
-9.378022147010103
-9.198387859343313
-9.18761819993757
-9.1854294491291
-9.163250971751918
-9.124313402927402
-9.1109536025215
-9.105794649177469
-8.997348730820125
-8.84092426327914
-8.678342882226126
-8.601091007410645
-8.575072991498114
-8.54325123247018
-8.435986212847371
-8.426387593771546
-8.398639631715213
-8.372048219526674
-8.369913879982573
-8.360302883432569
-8.289223248207644
-8.24995865684789
-8.24662233173052
-8.189702761452137
-8.169471022990956
-8.155111195330239
-8.126746604985438
-7.975747864687546
-7.96248613349182
-7.858578684363328
-7.824359305528541
-7.806831231983093
-7.696803028134396
-7.629360149075216
-7.602741943411137
-7.511765775607326
-7.477871028789654
-7.438765391992799
-7.4084002213613385
-7.359619032349448
-7.351970202163383
-7.345709914681974
-7.2985075819822605
-7.297646521652062
-7.283381745449221
-7.167875092056204
-7.097714488041801
-6.9811404606409795
-6.969418215755974
-6.862513910125746
-6.742758731274568
-6.686713989544069
-6.655586801751548
-6.6152304781427365
-6.553035288275522
-6.550235322829505
-6.520383249405761
-6.4769902509522375
-6.468437781103896
-6.4573225378206605
-6.453092855198005
-6.448641502794162
-6.4343096884321955
-6.417958353614888
-6.375222574111176
-6.307635664152379
-6.268599665212941
-6.195005913417548
-6.1816612099570865
-6.179183480585753
-6.146019300376501
-6.056835577692641
-6.039875863886925
-6.018495598365906
-5.82049729064185
-5.816302308781141
-5.804494970739646
-5.8015259763224805
-5.79965341651219
-5.76285475362868
-5.735580879786491
-5.727619495806773
-5.70607417124673
-5.704474527386402
-5.5513092025705095
-5.5295354626337705
-5.529431155319793
-5.526612142383424
-5.47535399556748
-5.4671983061765745
-5.44578111079082
-5.435708297061645
-5.408111340475003
-5.390847122630837
-5.388245604565978
-5.346906862329593
-5.277621374074025
-5.222698748014919
-5.2102646809091695
-5.1986807920972975
-5.194914299432586
-5.1804612202108045
-5.158685408105342
-5.108241320443973
-5.099216064861883
-5.095942589626293
-5.075753693458392
-5.070252277385394
-5.064959209715387
-5.032491884014844
-4.991310680139227
-4.976520383611911
-4.970607828700692
-4.951789568157169
-4.948377434037473
-4.862757789241154
-4.86152119323238
-4.841957678439771
-4.830604539843668
-4.805668864198801
-4.7467512638904035
-4.7104635758366475
-4.68795004650173
-4.63575171216689
-4.604577622982327
-4.584082004227557
-4.567943794719239
-4.536067057549853
-4.53546618463935
-4.403842533984109
-4.38543062532305
-4.358075292803164
-4.350558367482068
-4.342187176068071
-4.331837699363641
-4.320691724425366
-4.319316664207229
-4.312559839147664
-4.286674772369043
-4.24435034048703
-4.236254145428533
-4.233349564509757
-4.198674095397451
-4.19091855937786
-4.163045410453499
-4.147838316447925
-4.144938280532459
-4.144013722144223
-4.121911402091488
-4.117563713750639
-4.112447368500743
-4.060003989077263
-4.058305743669896
-4.034833029874067
-4.030192148726071
-4.025792840168454
-4.019861341973675
-4.010826286488745
-4.000594658656568
-3.977309741492282
-3.959351727375103
-3.9577488093828745
-3.935547463099172
-3.9325239361393876
-3.91184961748015
-3.9113036765234552
-3.8963561806518405
-3.8927711810182863
-3.860086606447957
-3.824286721059818
-3.81562211493099
-3.795561046963651
-3.7766449701228466
-3.7734883569802893
-3.7691785118216634
-3.757122089495516
-3.6711363061811166
-3.611355127105519
-3.6059406866300927
-3.589266611317178
-3.571976558189656
-3.570231364680105
-3.567384960871377
-3.524919112805543
-3.5100890796568507
-3.507718666480088
-3.5075151725577993
-3.4955110310104285
-3.482077107517368
-3.4752546864099134
-3.451664447721496
-3.4210203541619313
-3.40340739595423
-3.388483413936776
-3.3867428220124047
-3.3379621236692496
-3.3174548959213306
-3.29907755921746
-3.298544900837168
-3.2927559220163647
-3.289281888671288
-3.2793562527032263
-3.2496192661957983
-3.2325768634612535
-3.231671360809158
-3.217557224896364
-3.211536472913469
-3.2000994528116373
-3.1941069651851905
-3.164971416002229
-3.1570299014554664
-3.110599075178709
-3.1025450075946592
-3.0720970804333425
-3.0422178805859357
-3.035108805946841
-3.032318049127156
-3.011862853271314
-2.964248083854854
-2.9635723866572032
-2.9571966511558703
-2.9292181157603174
-2.926935830993659
-2.924486790943436
-2.924098669246068
-2.9197953249191393
-2.914370530068443
-2.900884393833653
-2.8890093757318827
-2.875384799515196
-2.857268121309908
-2.818840911399109
-2.816488061036142
-2.812949584875617
-2.8092452410369066
-2.8062032698336696
-2.735930855794752
-2.7142049714083
-2.709497727802277
-2.701160334953713
-2.697503527883382
-2.6974317008038557
-2.6937187753026075
-2.6918217778196896
-2.683432699475389
-2.682661746677195
-2.673719481178354
-2.662945398100307
-2.655088077259634
-2.636243529082954
-2.62684238961331
-2.615163262731498
-2.605590115488776
-2.5998997871039284
-2.5738435241828723
-2.573491273996509
-2.564090629812513
-2.539082309360828
-2.5342334744743567
-2.5327537627209655
-2.5162283731474795
-2.5100631165688303
-2.498309353428699
-2.472396551490144
-2.4679681402731575
-2.450517443119486
-2.4382145156017097
-2.4289528366231163
-2.4155536254503644
-2.3886799297123047
-2.383077194191061
-2.3759969353479162
-2.346188783661472
-2.3103559524770394
-2.3097735210254284
-2.3036702465252485
-2.2865986971279217
-2.284975050293144
-2.2841175313887536
-2.269349102610926
-2.25891863429623
-2.2474144934808953
-2.236050196080643
-2.230170272750992
-2.2240761995529352
-2.219658039540563
-2.215145370254543
-2.2065472700794473
-2.1855605077862705
-2.1748297440082762
-2.1668864474491185
-2.16364662099425
-2.121303595507162
-2.1185270016529607
-2.1145546199692222
-2.104213748307621
-2.1025946293526987
-2.095518847516496
-2.0921854385306045
-2.0786055590440973
-2.0751524630676963
-2.068291819227661
-2.0548441612239894
-2.0246110495703693
-2.0228239408709054
-2.0215490797289646
-2.018532673823582
-1.9878748286219108
-1.9863280604169988
-1.9670331996630543
-1.9640912350587216
-1.947724022929672
-1.9457462960708105
-1.941918311483842
-1.9384332860709783
-1.9322025858646397
-1.931328636266693
-1.9028149215130452
-1.902346831249366
-1.8972342079245432
-1.8958208848838507
-1.880210303264598
-1.8619416970678293
-1.8596084414913718
-1.8490895329153412
-1.8485520595521603
-1.8409339422676714
-1.8267645659049756
-1.8078653418186441
-1.804447938556042
-1.7761512356940563
-1.7602143526356104
-1.749513489614313
-1.7393439201524352
-1.7365644659578408
-1.7274103195540982
-1.7246047136445883
-1.7212368937373173
-1.7041273505552073
-1.7024384392816274
-1.6897268310256004
-1.6807670639985783
-1.669523793748222
-1.6634793391759963
-1.6564780116109616
-1.6560333354619918
-1.6537253417902815
-1.6478686273847327
-1.64151701547052
-1.6258347654528738
-1.620373922505616
-1.6133661278498546
-1.608764806478519
-1.5786634798706758
-1.5777748522310624
-1.5611395061932152
-1.559590463761593
-1.5510605546171738
-1.5474622274240444
-1.5159990450703598
-1.5147500858253702
-1.500208809488229
-1.4693660932868233
-1.4647187192442706
-1.4615341609278598
-1.459443373288504
-1.4560339901952302
-1.4542694177889148
-1.4512376565986012
-1.4511574092038666
-1.4507639114948874
-1.4470103650486072
-1.4458190010285332
-1.441304936794988
-1.439952244359377
-1.4378503336263115
-1.432352483830205
-1.4306677679339346
-1.425535542053915
-1.4242519193040488
-1.4074516036625448
-1.4021165726727494
-1.3990748665547754
-1.3984620348839973
-1.398244208808308
-1.397240180545959
-1.3862566034876502
-1.3737210960890247
-1.3727331966678753
-1.3715456553062224
-1.3714297712799186
-1.3696459321524517
-1.3679399111334374
-1.3468901770025328
-1.340320879264415
-1.3348528504906783
-1.3046024120557425
-1.3045480602580923
-1.294558669180906
-1.2866699872418037
-1.2834105193650105
-1.2793400819151786
-1.272971037764557
-1.244880452485426
-1.2256333961713337
-1.2176054900802042
-1.2167152098244145
-1.2098518075693168
-1.2059047098193374
-1.2027056395664648
-1.1943963866389082
-1.19220209160284
-1.1914806909044031
-1.1819259687735575
-1.161095354379178
-1.1514021937634782
-1.1485540555441425
-1.1465057872423638
-1.1440426925325153
-1.142941194230768
-1.1339361266390113
-1.1223929987104668
-1.112056818912209
-1.111001054839021
-1.1016691365238387
-1.0917000125767746
-1.0744095195997723
-1.0712585155213934
-1.0631323199089988
-1.0539683841562757
-1.0456326862975214
-1.0453408024111184
-1.0309836781058648
-1.0305331769099353
-1.0220527763039613
-1.0199569159845923
-1.0190009937711486
-1.0188394957836722
-1.0145643240383477
-1.0046582598306135
-0.9919254168232781
-0.9905407740420135
-0.9897009447613468
-0.9893554873198382
-0.9833304281680744
-0.9800391701621344
-0.9799061737604122
-0.9701067099767371
-0.9500589513214256
-0.949776729611301
-0.947110534150717
-0.9344596457542839
-0.9341425362608871
-0.931465084886111
-0.9194617813770709
-0.8979933474078574
-0.8858727828937628
-0.8852640142323787
-0.8840120767207579
-0.8830292116749034
-0.8611620106273494
-0.8487071717463571
-0.8380361949246532
-0.836000336140702
-0.8357877512789271
-0.8330467833451111
-0.8294180367565566
-0.8227980729265828
-0.8172664094126789
-0.8153624550676999
-0.8071005448113097
-0.8016264116398741
-0.7976915098407713
-0.7955148824705404
-0.784124275524525
-0.7780702669926339
-0.7727422815327416
-0.76828238256543
-0.7668515368864096
-0.7597966947634752
-0.7556373973240809
-0.7550915209279817
-0.7491494280664287
-0.7468177233333083
-0.7435880336836603
-0.7411099361112015
-0.7211694091208309
-0.7204201556985859
-0.7186501414937583
-0.7154512894493614
-0.7108299519508797
-0.7083252480024036
-0.7004121518052332
-0.6987839894360137
-0.6856702605807348
-0.6853112939734166
-0.680902083891019
-0.6765330295996412
-0.6757085128162417
-0.6748330384389933
-0.655547718778375
-0.6530166148600242
-0.6501509462433017
-0.6495698132677312
-0.6494640604010246
-0.6489199958904579
-0.6412640362619942
-0.6410451496634485
-0.6367384495016916
-0.6073950927611379
-0.60659402858416
-0.6025058304967661
-0.6006007496860816
-0.5956756205356027
-0.5646913861695505
-0.5618620303497784
-0.5579579352632733
-0.5443905056163183
-0.5352836694952977
-0.5344192972725152
-0.53408601786958
-0.532349688829444
-0.5098948032609708
-0.5095126883438419
-0.5053226289992047
-0.5031564301311848
-0.5027612837044857
-0.4990889022733472
-0.48843670978900683
-0.4849625165894784
-0.47589969339578286
-0.4717307884258535
-0.46792584176022456
-0.46703675928912025
-0.4571705471283557
-0.45716943457651577
-0.45625478178710277
-0.4277525278011368
-0.4131229229017691
-0.4044796425494589
-0.3994650622650138
-0.3941890645090267
-0.3914877391666679
-0.3914834482655283
-0.38606037485319367
-0.3828188511523998
-0.37730652015953425
-0.3647340708077795
-0.34274102462307954
-0.340088087845515
-0.319870976837351
-0.31759478872952773
-0.31455322212884984
-0.3118500355378035
-0.3095466339083317
-0.3076742259929509
-0.30396950034944314
-0.3013002552503612
-0.3006863684333093
-0.2895693425136896
-0.28243131010611067
-0.2795801456530801
-0.2608474199724885
-0.25974635005754965
-0.2574745063774666
-0.24939746512006583
-0.24807933766951606
-0.24802118534903317
-0.23941492121127647
-0.22800046390058315
-0.20681303943826135
-0.19987484409173562
-0.19940620209701881
-0.19591599368266754
-0.19502040023236744
-0.18598897169971496
-0.17423079778458672
-0.16568806552589
-0.16113480169465322
-0.1583665401093982
-0.13752815980096583
-0.13643198918680555
-0.11654252244571173
-0.10763254296005487
-0.09522237483415014
-0.09395177550519415
-0.0801261500310565
-0.07211351120186943
-0.0678720329524306
-0.06760817375745598
-0.060659170825037134
-0.058895625395731566
-0.052332737799040574
-0.051896845776041256
-0.0517043393196025
-0.05034825549866373
-0.03780401537877032
-0.03320475805767498
-0.032452307733878416
-0.030765151678523006
-0.030668432880323837
-0.029440068503893135
-0.022555631745956317
-0.021698385260037423
-0.02030535706650094
-0.019068448319803033
-0.01808950691258815
-0.0023219479718848968
0.017793676859164775
0.02099534686304727
0.024304131638006377
0.025264723353702834
0.028281224858359932
0.02879458286932679
0.029743498413072333
0.034558731254555886
0.038223279529607156
0.0436963730663088
0.05327907224310224
0.05635841129845842
0.0605200280743205
0.07357345625146472
0.08259252523753302
0.08543403129066048
0.08594935274251259
0.0872551276060814
0.09037067140592336
0.09347708268094279
0.09509226744378707
0.09993582654308845
0.1002028199389241
0.10633624278359949
0.10842523418677885
0.1084658473894452
0.11869991537955839
0.13029596687397316
0.13176512997162726
0.14179718869935154
0.14340020302036394
0.15923611707620888
0.16420194256902765
0.16743892985324493
0.16802259501702907
0.1943636015793888
0.19477934210234416
0.19549651353696873
0.19613453301892114
0.2029315100499126
0.2172999565659403
0.2234685776522119
0.22478437459042688
0.2345067622348237
0.2443797948900338
0.25425932099514803
0.2544424686920481
0.2578107259152542
0.26016775637691025
0.26165049313955413
0.2711882242589705
0.2757758355444273
0.2764950746518564
0.28081617787933455
0.28392751091558377
0.2859200642889715
0.29240902224652376
0.296172395986491
0.30032740684133663
0.30132048025937896
0.3152124092530222
0.32669326832742684
0.3298477535731087
0.330454485792659
0.3357295128706759
0.34359397216239573
0.35023504735105127
0.3563223654772009
0.3588792918732147
0.37837533923706
0.3858989556956777
0.403622564821752
0.41479769169762937
0.41927171331971996
0.42090317275005623
0.4244890201409688
0.4256767127186462
0.4321473228516386
0.4375092164194706
0.44121685012837
0.46647066626469896
0.5268298247676974
0.5344794900870724
0.5368220945222004
0.5404656899530058
0.543292392565965
0.5552615473496862
0.55847870638694
0.5777633364606448
0.5812672932132934
0.5825113797215244
0.5933843718220111
0.5948518970203944
0.5963704802432022
0.6157427331376948
0.622095052653398
0.6238717487523694
0.6325648566472342
0.6437869530886422
0.6511218567202525
0.6550650514865524
0.6629188322346958
0.6633263278075883
0.6657351584464306
0.6714825356095081
0.6752756129112287
0.675445958734699
0.680428866069927
0.6822236063167186
0.6841006823937819
0.704577069504754
0.7081573595117331
0.7200723078870344
0.7231407898689325
0.7236318662025926
0.7251385018140379
0.7296021439029259
0.7296594380611686
0.7635512588292099
0.7731498035536205
0.7805774885410479
0.7958347880266684
0.7974883817070646
0.8072698430980614
0.8203464093192652
0.8242469681014116
0.8294640080205846
0.833596780874805
0.8542264006392081
0.8568369242092093
0.857218158603997
0.8839250148413577
0.8842379543531196
0.8940126717888989
0.9135507079034862
0.9219754030736559
0.9369663652430715
0.9426384505856793
0.9428255669070102
0.9438262894078714
0.9583246284772017
0.9602706298216418
0.963635409286443
0.9731677389932794
0.981784066848882
0.9920720594563486
0.9926614346605551
0.9990818224018727
0.999593804897261
1.007023017394532
1.0096732999468658
1.0140559578889885
1.0287623915548498
1.0418195107748174
1.0475597928850948
1.0492662409909266
1.0509872315048354
1.05197421774546
1.0607847663090062
1.0754531874570066
1.0869189803995754
1.0928553392237816
1.0953395041892886
1.0974480019986055
1.1015530285997128
1.1065412929214795
1.1073127197595725
1.127195179572985
1.133118685431409
1.1395536359077467
1.149859606912636
1.1498899359480375
1.1526960911975583
1.1551726140299392
1.1711097221391662
1.1731743437530173
1.1797081980983721
1.1870868844357847
1.1933464195153698
1.2442320467249484
1.2579490140782144
1.2662956614268435
1.2683882886970823
1.2838124916810738
1.293220934062279
1.295763751381831
1.3089981503535428
1.32499438766447
1.327161334981964
1.3303197784938723
1.3415590230755248
1.3596107247122928
1.3670163882985216
1.3710904587250723
1.3962542679931234
1.4240639952546574
1.425632903102979
1.4272094399877324
1.4273932478413278
1.4292839018687529
1.4351425385744851
1.4549100812950202
1.460064530197673
1.4769042450519754
1.4952414563242193
1.5007690810275787
1.5059857939989227
1.5099015884665659
1.5158615140367746
1.5184026723476274
1.524140873641444
1.5420353427090099
1.545023719641002
1.558003306830519
1.5753553269925376
1.5921385027019939
1.6032902746089812
1.606447823729224
1.6306139893749103
1.6386902143348843
1.6617945930517055
1.6655258786395402
1.6673043005751016
1.6891883132862575
1.7010424289424515
1.7178742379936627
1.719665799514447
1.7292108359928386
1.7304646432385018
1.7322604496613434
1.7342087497995988
1.7426412860053888
1.7433167841269122
1.751556598547128
1.7634089624197131
1.7644367566192891
1.8083661859304594
1.8146058628918744
1.8385266243207792
1.8603186524001192
1.8717075232326055
1.877315541615923
1.880976470471228
1.9122735523642493
1.9236599515140536
1.928552136516179
1.933418973711368
1.9486855203269844
1.9495130186817846
2.00671523837776
2.0082798378269806
2.052268123799302
2.0719742418850533
2.0844020532579086
2.086580779042232
2.115194387200505
2.165993714857262
2.2013911807896336
2.219051362140361
2.304010107261626
2.306358840042197
2.4081253595522307
2.4332093180206997
2.6014684339533924
2.73306303157206
2.7477755662100494
3.0957295905597055
