-4107.36307514036
-4105.0441401120825
-4103.171628627546
-2056.7640303744784
-2054.7839076723944
-1371.5023214467915
-1029.9658975411019
-825.3844883986031
-825.2338759172833
-823.6173742368125
-689.1259515357211
-592.5547406088231
-520.8063860409349
-460.47301039514855
-459.38863965875623
-320.7364428882923
-319.0427500523165
-297.89486466005843
-296.01454539905046
-209.4726404713714
-207.3766926276897
-200.90466963061445
-191.46705171642944
-182.80331780942475
-174.76159426119568
-169.03423388479513
-168.9485028987201
-161.8300462337287
-155.55111440268882
-154.6828340854272
-151.28114042011637
-149.8800485584379
-145.65926356805696
-144.74896861070368
-134.71685367934626
-128.38446001743856
-122.79766269768348
-116.41090647232113
-115.01708111262877
-113.70823260864367
-111.66326939970519
-106.22930408848669
-104.27044238608562
-100.60019854848301
-100.24250817740385
-100.09648601200588
-93.67214570981189
-90.72911546014247
-89.02355933932733
-88.28873252933933
-84.73214065300117
-84.42873603203466
-83.46076737681334
-83.0525135774041
-80.28618239513318
-80.255419762312
-78.03696969365926
-77.43401514199468
-77.07837505049253
-71.59696947380016
-70.91997455520307
-69.55187735498117
-68.65429717666017
-66.98973195676429
-61.91796093263306
-61.68755261312598
-61.66879875862183
-60.057088229700014
-58.048150620239895
-58.038312947838406
-57.90801804958194
-57.05573223449742
-53.41086439366319
-52.80680207816373
-52.41063735666222
-51.63789347269569
-51.12122322549905
-51.08721880192738
-50.90352559371578
-49.83420410396958
-49.21202649538295
-48.663799237911704
-46.90062119514694
-46.805813396542185
-45.90154131481965
-44.57587089032385
-44.0838414245594
-44.065557840972104
-44.020010171169936
-43.29350414202211
-43.10629002228519
-42.93646537403153
-42.85310318935158
-42.616343416673615
-42.1693628397463
-41.983982045865666
-41.47196305302231
-41.11048101405419
-40.29887695976884
-40.19305568768554
-40.10187797197478
-39.753384216231865
-39.60358735826768
-39.470691396988954
-39.07560209027573
-38.588473591499834
-38.142579162585726
-37.97875026740627
-37.90639606970873
-36.741231618170055
-35.65143819426051
-35.53955457544873
-35.41163380397293
-35.351048043932195
-34.96821705813809
-34.94443871104493
-34.93586098857702
-34.79542731033704
-34.535079341302904
-34.52643273793447
-34.488199462942646
-34.12639806086492
-33.87726378212374
-33.85534016955085
-33.267900987425065
-33.208845623910904
-33.09125479832063
-32.908269671686625
-32.891317218440236
-32.11460928494932
-31.866805384894004
-31.798922591839773
-31.518242388112178
-31.4942341118898
-31.455683382194163
-30.445122082638157
-30.365593579421084
-30.36148641007249
-30.172795089128165
-30.13291661532475
-30.115407946546604
-29.880243478654915
-29.86563137696089
-29.794996281264865
-29.792385397667132
-29.74722400795513
-29.45227473704929
-29.42818829526167
-29.41947255709254
-29.30206015734387
-29.193356999339677
-29.03493283163269
-28.897317359205527
-28.70253999220909
-28.58556811651151
-28.54222638887095
-28.448943064596865
-28.39310878929149
-28.269143534430036
-28.16481709458971
-27.96509291522406
-27.69901963842407
-27.689695110137034
-27.68345509176198
-27.60307661642177
-27.597197367114344
-27.154906697020657
-26.889104159717455
-26.674913909050503
-26.53784881180995
-26.30612221960574
-26.183960634652543
-26.059518882629213
-25.975453421603632
-25.895667813547995
-25.500839781851997
-25.36558286511022
-25.199179917735343
-25.059826795479694
-25.009027076875146
-25.007346805276995
-24.947968998433343
-24.71323493355843
-24.602465514527985
-24.504237795495094
-24.48042550929225
-24.39417508691306
-24.26435801977678
-24.055994031287273
-23.96569385556464
-23.675580127288942
-23.499485953094677
-23.427600856519707
-23.408764596266444
-23.316111239027
-23.245206073263862
-23.18419705003908
-23.146447562341823
-23.04330533587422
-22.829897330922698
-22.58235154097784
-22.313192865386213
-22.18705293044318
-22.129686826547832
-21.926184906486938
-21.631385192041893
-21.503519415036862
-21.487821103745414
-21.454702831635757
-21.198357981478676
-21.18953945779139
-21.183619338011876
-21.15324671083674
-20.986135703760382
-20.81509259405551
-20.664287340032313
-20.561205752281428
-20.49234725722848
-20.372941843229395
-20.333052462095058
-20.09827005027043
-19.900955362252954
-19.893001391159142
-19.79374583130054
-19.75723799758939
-19.685479508500567
-19.683912160485
-19.557035344219134
-19.479089854936245
-19.430830582895343
-19.39907873253343
-19.252007150539892
-19.12848601824934
-19.06328786542879
-18.874657595699045
-18.873250798535064
-18.86233019232605
-18.82729422760812
-18.725778364234888
-18.69739996462323
-18.558433786949468
-18.43523604152718
-18.31659080150756
-18.21863391386558
-18.171959552818194
-18.168172891568553
-18.140062665431376
-18.09701331906174
-18.066975594152776
-18.03040242969581
-17.984640048731933
-17.85293599497573
-17.702084194026117
-17.68244924960653
-17.67656919031738
-17.616196744815728
-17.582052259724378
-17.53571746391461
-17.48135666717244
-17.3936331171726
-17.225168780376336
-17.149493084384194
-17.038225583865433
-16.95734104817606
-16.891791200596604
-16.811914291690574
-16.811867384675335
-16.792454812535247
-16.73736488704862
-16.71229413123707
-16.527601850166597
-16.518866521604494
-16.465942611201132
-16.45647408254209
-16.445276288318436
-16.435033786455733
-16.397671112365007
-16.389582564813573
-16.132194710488548
-16.116806559972545
-16.100990622910903
-15.935189445245058
-15.933827473722767
-15.871089892585509
-15.809816954552684
-15.711857020087505
-15.696639241712052
-15.645753612091791
-15.557018884349741
-15.54387987085655
-15.517365956929616
-15.436844837695356
-15.33833014015816
-15.30866539150302
-15.184587562921507
-15.157400850964518
-15.072220057944435
-15.020027817041512
-15.01140216686193
-14.997073417227654
-14.987439309925737
-14.949903153722389
-14.75805338390511
-14.726621525604088
-14.630670187117788
-14.603470305438725
-14.597622314357807
-14.587197756597371
-14.585224929102372
-14.557483920211986
-14.53629957023171
-14.527979731846317
-14.512847548628145
-14.47074878473188
-14.407728673588837
-14.359132771755476
-14.307415352410807
-14.271909990935198
-14.262157490893102
-14.259673514523303
-14.217229061926755
-14.204299084860788
-14.15941176125901
-14.106565990322872
-14.103116252550205
-14.069884545716922
-13.99139800693209
-13.951560555011254
-13.908058008684222
-13.897460021557764
-13.89306194038934
-13.891901355412577
-13.818780367147177
-13.79676731562302
-13.776923245993435
-13.727821586888913
-13.665912093708695
-13.653538686717496
-13.548308648235455
-13.531709406062603
-13.437374786687439
-13.413251681482569
-13.29985327211251
-13.248817619945685
-13.179964344062299
-13.116593815773655
-13.058308949491625
-13.009359261831975
-12.99896906427715
-12.985709965213573
-12.944786441701194
-12.892635485123336
-12.869551485738082
-12.861544758129707
-12.850753290639368
-12.803674922958551
-12.783613239330766
-12.779398434308755
-12.736246713535582
-12.715803245087937
-12.66221792090893
-12.661449923181523
-12.641697490112255
-12.63612409246738
-12.624816268926123
-12.614450273420992
-12.611290376309018
-12.600185847231868
-12.559974852142147
-12.535091693379375
-12.532118650641602
-12.504010620005086
-12.441329776297447
-12.422588796918873
-12.312058476434544
-12.307424453408874
-12.301892773062558
-12.236765030336205
-12.217471221697387
-12.213568241907561
-12.179667431800755
-12.163666776227526
-12.12353731636557
-12.072725661519097
-12.033738405586622
-11.924083523592945
-11.914833598868933
-11.888713446846616
-11.804636286501816
-11.799964687096162
-11.755993990105011
-11.72939805837909
-11.692575751312651
-11.67618109926754
-11.666301363266609
-11.602585912334545
-11.588928803029516
-11.539214700525992
-11.504878847645166
-11.374177828714263
-11.368106398309411
-11.343784961901335
-11.316030526477743
-11.299288343864578
-11.241082638777055
-11.219650658997825
-11.219522395110797
-11.210472939792213
-11.20559531934542
-11.181704935169163
-11.17938148627015
-11.069695982962534
-11.051954265416011
-11.049595385559238
-11.038371051002992
-10.970887353235536
-10.96778263285707
-10.948916521187982
-10.929314509544819
-10.911085023885127
-10.84633965274709
-10.829150480169343
-10.819794792923972
-10.807317150848549
-10.791696899233864
-10.787533262422318
-10.725969512153432
-10.71019185900565
-10.704013089938437
-10.694152675683666
-10.682119028424864
-10.659528181765156
-10.654575596861255
-10.654335766353508
-10.622716872929734
-10.619159138591183
-10.6147720109879
-10.602980192163237
-10.592295894631699
-10.59085016423034
-10.57116274442372
-10.569636058162416
-10.522823381547209
-10.518982073600782
-10.517417870179509
-10.49670075561608
-10.482198130901606
-10.481669683420137
-10.46325975686727
-10.44690172292934
-10.430281068543307
-10.411272667795474
-10.38721612722425
-10.363879372988945
-10.355227280681124
-10.311314397226626
-10.263606824113033
-10.24599892376727
-10.216160502544009
-10.176436087850622
-10.174614716867088
-10.159304507815085
-10.15589777164708
-10.14329407921907
-10.121930256727266
-10.109470708590344
-10.105519071165046
-10.08075310722963
-10.057926775445315
-10.053647009491682
-10.037088850082013
-10.009832298337177
-9.981582269582578
-9.957081210583771
-9.950049848833086
-9.943021754942539
-9.941675726616838
-9.918059857643584
-9.894870848926361
-9.834342696377227
-9.799481550486995
-9.799350380698653
-9.78032274861143
-9.778808138511053
-9.776677286967681
-9.726459802900514
-9.712329030547647
-9.661244189739824
-9.659209495288323
-9.650193205831386
-9.641093263171696
-9.627728669246792
-9.6252929428784
-9.60718539367556
-9.591855562917841
-9.583880576322468
-9.572707788651757
-9.56796824490726
-9.565060669989974
-9.534164668714608
-9.532275771185738
-9.521878334555456
-9.43568075192159
-9.432169587372453
-9.407309158135064
-9.313217379192023
-9.270074572764974
-9.167275007107861
-9.162140308212798
-9.160395568959808
-9.121373544269298
-9.10865608085674
-9.102114072829146
-9.079713836899632
-9.05175944934437
-9.038388465288845
-9.03588648122045
-9.027280676844311
-8.993751160105202
-8.991605104562165
-8.975377059479534
-8.970314864093089
-8.966189107868274
-8.960903495008818
-8.951410195010968
-8.93605721945681
-8.935992384062166
-8.916221396581706
-8.908094576590663
-8.888852553719666
-8.776036738660686
-8.759852274165734
-8.727958248797128
-8.7202983765469
-8.677387376533334
-8.676123111174944
-8.661795311574306
-8.661535638369147
-8.639784761682009
-8.633481306249998
-8.613052442986312
-8.607698406634434
-8.589111323704984
-8.583729388665628
-8.55627629137323
-8.541949806117001
-8.530295193223163
-8.505353765573728
-8.480460171372796
-8.477226477720695
-8.475990588559965
-8.471426997458632
-8.431903568188499
-8.422507339949382
-8.40813926560549
-8.40561287852075
-8.396591436481103
-8.394132241791718
-8.3921833553622
-8.38813124526548
-8.370151516994397
-8.364214933475806
-8.36137600148015
-8.360300370309945
-8.359436645390554
-8.34069586747542
-8.337285125150569
-8.327985318286881
-8.310953748119879
-8.310808421654876
-8.308104985218998
-8.303516134257883
-8.29595436550863
-8.285277339837636
-8.255040242221984
-8.253310223638547
-8.238649657275637
-8.232688902603421
-8.227882142107834
-8.215566945564152
-8.196396405623311
-8.19027810710568
-8.189614603398349
-8.185230651465796
-8.182259817486926
-8.176353015915069
-8.164341365261679
-8.143797780451335
-8.141343345612475
-8.127574144334469
-8.124750197919383
-8.120769185499956
-8.110920816432449
-8.091986485875058
-8.086649720451438
-8.048904086544834
-8.045173626293066
-8.039189214540363
-8.037891349514002
-8.006347639348965
-8.003640198158909
-7.945506237216497
-7.94459017391059
-7.944159280525607
-7.941827347803132
-7.929259828563589
-7.880826691685471
-7.87597973812678
-7.868453468051012
-7.854038342890317
-7.851677747184478
-7.84451852611538
-7.83542130693981
-7.829192952412772
-7.82529765637652
-7.819971071172932
-7.819466696073465
-7.816963749005247
-7.816115743430527
-7.800558369553107
-7.781355857624618
-7.776751127639197
-7.767027338437746
-7.76116627845088
-7.731609713801024
-7.7277049173722006
-7.715319295050071
-7.713958053085049
-7.702840426781949
-7.684539856747853
-7.675044704564552
-7.671403302056861
-7.667781255504844
-7.6518136303477045
-7.6453447612017476
-7.637679320068969
-7.623283510866344
-7.615429310027858
-7.611913098563521
-7.586844001495219
-7.582343904548096
-7.560132238271482
-7.560072304475273
-7.537353772262341
-7.524724543176947
-7.491761980650493
-7.484365153542317
-7.468860044770686
-7.457864094285235
-7.4556506679176096
-7.442283989380218
-7.43504706893796
-7.42623871582472
-7.421997640049615
-7.421320444047948
-7.408718311002341
-7.397984562945144
-7.394430708201297
-7.393017690740981
-7.386545505674451
-7.379192560349433
-7.373787370228158
-7.370305501181944
-7.35113126126075
-7.330194347139779
-7.310533650850823
-7.2984062644350765
-7.276187358548685
-7.275021272798142
-7.2665653875647624
-7.258692049958983
-7.252342959882209
-7.24256474097981
-7.229420257583414
-7.225492481847537
-7.222778608383614
-7.214076621165786
-7.208199795598933
-7.197922477736851
-7.1556542962331084
-7.135808048401542
-7.1282300262987
-7.127313704806747
-7.122046589715763
-7.1214107482886115
-7.105906035307679
-7.103668930132633
-7.0932303068299865
-7.055469342512824
-7.032725112178555
-7.026473896898516
-7.022325765920337
-7.019485276711859
-7.016523931078824
-6.986294395999965
-6.981546673348788
-6.977918796182483
-6.977557113610732
-6.9622456340601175
-6.959431386167228
-6.950420859768823
-6.938310516952372
-6.930201616947488
-6.927255601807252
-6.920865820258992
-6.91300238529337
-6.900443820024287
-6.897644965791301
-6.883148311961723
-6.860629924338055
-6.844782682191559
-6.8322460058311885
-6.832187208965849
-6.829171803880748
-6.809514007914841
-6.806337289370654
-6.803880236005374
-6.80028420674662
-6.7757005792815175
-6.771328428309347
-6.759700881377622
-6.759556386657919
-6.75711888535923
-6.7468868500242145
-6.739862390151676
-6.731521130792737
-6.719304586312049
-6.708539365053622
-6.697914265076189
-6.689814698394071
-6.689729741069359
-6.687875446285546
-6.674888224546841
-6.66565805497205
-6.661795202731549
-6.6479809861084815
-6.634213428683331
-6.633488556466779
-6.631355965587971
-6.627889012796727
-6.625816298663444
-6.623437214594577
-6.621655137043701
-6.609303372482017
-6.605306429526389
-6.6038302306912104
-6.5668277324101165
-6.560739426054214
-6.55810383216205
-6.557039912879099
-6.551315844455633
-6.53787144325969
-6.526025136911221
-6.511754481309283
-6.502261844308329
-6.500289516914311
-6.488787582924829
-6.488781146888636
-6.483791659813224
-6.476374837676222
-6.45852106606843
-6.4486106176396865
-6.442128648280081
-6.433036497585221
-6.413291515498128
-6.411040515463969
-6.4106298737604
-6.401327867029714
-6.393660928153498
-6.387469640817151
-6.363977531227882
-6.34892306166806
-6.340372884445475
-6.339421199765225
-6.335335228072319
-6.3154422626515885
-6.3140228253162975
-6.302985350266667
-6.293531460849843
-6.286441801832364
-6.272018567065036
-6.270925668915174
-6.263164945877495
-6.261939212136591
-6.260365058243794
-6.249608051132922
-6.244575701696468
-6.242415085330293
-6.239023764095641
-6.231816805469451
-6.20660286493357
-6.201026626722484
-6.185501485565941
-6.174429690888855
-6.171900762275593
-6.169482560855171
-6.147911617129286
-6.1365585801116715
-6.1211174080468265
-6.1209279087184125
-6.117393354299498
-6.094642708247745
-6.093864619123355
-6.0861326523610035
-6.073037846622941
-6.066988975370403
-6.063956634483484
-6.054808417984498
-6.051573255456791
-6.010764323221724
-6.0033040781666624
-5.995673794189545
-5.992659361422133
-5.990372802032884
-5.9743176242751925
-5.965580026238213
-5.963129514595719
-5.959583391424057
-5.95383816103211
-5.952086762833818
-5.9358294091290364
-5.935083428960436
-5.907064939393507
-5.904717609222137
-5.90459223792394
-5.882397860696372
-5.877172375164178
-5.863180269329763
-5.851094381843355
-5.842691195578649
-5.842019020254863
-5.8250496482989975
-5.798977325259202
-5.7853954133568735
-5.780695342877943
-5.779455071538561
-5.772443878977542
-5.772119886050154
-5.758663087238615
-5.758054674014484
-5.749557372489197
-5.749300263050266
-5.746813212581966
-5.740908232456277
-5.729711852249033
-5.728562567250305
-5.723523747301841
-5.720149427621638
-5.712411597317521
-5.708799553241963
-5.707969584168438
-5.693108745679404
-5.673604889866192
-5.664958429348848
-5.663869949319491
-5.654177275676929
-5.652386463119842
-5.649082837257605
-5.644081669201013
-5.6401994803166104
-5.637037912087001
-5.631442323478842
-5.618327881357686
-5.603887996187107
-5.595707615133753
-5.569582038745949
-5.557145427582739
-5.549450594396891
-5.505331075550541
-5.501239122137998
-5.497333091594887
-5.482228281154954
-5.466989017131217
-5.456705779591594
-5.453857796858353
-5.442572646102028
-5.432860042063565
-5.432202278178836
-5.427798476755257
-5.417440816510776
-5.406792400778589
-5.40456649610691
-5.390766412355385
-5.388418266134109
-5.382023070360096
-5.375971176138847
-5.359016726551925
-5.351054148597952
-5.343003655247292
-5.322765602532546
-5.321944936477648
-5.31908852706272
-5.307137168044327
-5.290381587196412
-5.251834380824235
-5.251695087415893
-5.240505233367738
-5.2399912554406525
-5.229956075911053
-5.223408284415111
-5.220821901100459
-5.2181352676603305
-5.217151110623373
-5.211570538639102
-5.18658320154622
-5.1819370529576005
-5.172033301147912
-5.168840143130637
-5.160955744730737
-5.150867606194318
-5.150721489997808
-5.139296053687971
-5.138362154032911
-5.136384667611898
-5.125541881097118
-5.125042588088791
-5.1243148182648
-5.121853591091266
-5.117325902573157
-5.109742852879786
-5.1081632362170755
-5.100169623853716
-5.099382937233674
-5.090875790780452
-5.087716912109667
-5.081585729439574
-5.067314460925134
-5.064951048911425
-5.064306338322193
-5.06404709442571
-5.054753213416133
-5.051434471697958
-5.050345235779602
-5.039835493587901
-5.028722981589324
-5.027965970067864
-5.0134347152746965
-5.006354820563255
-5.001057301532279
-4.988450596778036
-4.984995022738626
-4.98145777810243
-4.973658627479173
-4.957617567426057
-4.956901995456706
-4.9507216049107035
-4.947113696175573
-4.946588792839502
-4.944148952948765
-4.943466193475267
-4.922002630936778
-4.918705062832277
-4.909266939052237
-4.902594953858384
-4.901457634762004
-4.900458890517233
-4.8911372737415
-4.887894232379962
-4.887765556090006
-4.887242673168984
-4.877224800632675
-4.875932819814136
-4.868529326585881
-4.864993064878248
-4.859649995254733
-4.853329740053329
-4.846502606105814
-4.843202159357395
-4.835805462672975
-4.829457382616143
-4.822372938077016
-4.818760369136551
-4.795249620140845
-4.783052847947088
-4.771063508453603
-4.7540863449003306
-4.74446062675699
-4.74241623711252
-4.741918014271827
-4.73630138910096
-4.736193460353178
-4.733675363045609
-4.732811202130693
-4.729888226753633
-4.729709789031892
-4.729686323849086
-4.728800139133313
-4.726386864003815
-4.724529024146729
-4.723122450709156
-4.714909313513173
-4.706414936540765
-4.7052855226999455
-4.7035532309850145
-4.697978959017966
-4.697246013047664
-4.696896486143771
-4.696799558649229
-4.696413235215472
-4.693746999074971
-4.693161816533563
-4.6906781070652634
-4.686892249290024
-4.675081616053063
-4.668198997833718
-4.6679004504292
-4.664856470616295
-4.657558206045932
-4.656884223232976
-4.651709734797111
-4.646007945173424
-4.645549573619526
-4.645544984743169
-4.639134272801574
-4.635212200779039
-4.634483216667451
-4.630640798334401
-4.625980050291292
-4.619119613995159
-4.61774248476729
-4.606778572477099
-4.6034482347751
-4.601912964220171
-4.58982031414569
-4.589703374886567
-4.589447877182042
-4.586490108887208
-4.584792304800629
-4.58449261332205
-4.5774789587137255
-4.5709492160863
-4.5640168145250835
-4.559654983748645
-4.557603127568572
-4.554016496372043
-4.548397669263304
-4.532410709951899
-4.5307900478691785
-4.527105827074177
-4.508732906678699
-4.495556510374397
-4.491807523688452
-4.488063732367698
-4.4833303861626765
-4.478824091751396
-4.476313996660247
-4.472763449173368
-4.471559713202326
-4.469420871383159
-4.466358202613457
-4.4599351828533305
-4.457047261746699
-4.453244980506759
-4.4520203501327265
-4.450078245890642
-4.4376062490340455
-4.4330770395559815
-4.429343815819443
-4.424615422690622
-4.420623477280785
-4.418457955175749
-4.418386412642235
-4.411083533140004
-4.397711715595313
-4.397600274297764
-4.396245951310293
-4.390941549889858
-4.390554743963638
-4.387431750114967
-4.3863983565105915
-4.385010127702854
-4.384146533227701
-4.378528405201987
-4.373613092787079
-4.35968942230252
-4.35817071014349
-4.338088533652629
-4.337832469588293
-4.33624806205752
-4.3321934538235265
-4.328767763935977
-4.319063128578752
-4.309663460074736
-4.309244141954707
-4.307696396182098
-4.305926214207675
-4.292729046347787
-4.291004098669721
-4.284331239078505
-4.281324663588718
-4.27798470521227
-4.276440554846367
-4.27279420077508
-4.27254512454908
-4.271647854748885
-4.27105779850734
-4.268596809405939
-4.26844458328136
-4.266962532036462
-4.258677384897114
-4.2567845349815885
-4.255848282641705
-4.252037745969034
-4.249541207469238
-4.24782593677891
-4.238763831791896
-4.23171930258136
-4.229014016741733
-4.228380090839312
-4.224852079351059
-4.223900516568962
-4.222215778777658
-4.212171994702441
-4.211790156561184
-4.2104796123589034
-4.206334981266729
-4.2055176673295875
-4.194497443691673
-4.192992817632327
-4.1897875555477055
-4.175510073359522
-4.17405503916609
-4.170781602453133
-4.16931484507592
-4.161123500354394
-4.159957098896619
-4.158159995492852
-4.149579793937107
-4.148241363560305
-4.145982142036684
-4.141041357322379
-4.125681865636789
-4.110820449426156
-4.104396544945705
-4.090744088306452
-4.087468526200867
-4.081549035505003
-4.075285221858517
-4.074679309780166
-4.074124783041766
-4.070587674348977
-4.069324010768086
-4.065502554878755
-4.0496120775755235
-4.041396712340475
-4.041347794804876
-4.035217860089648
-4.034276344794931
-4.030951972728922
-4.030524821533217
-4.026904356883716
-4.0066701473431
-3.9940881179339995
-3.993444967824323
-3.992641436014278
-3.9920532798977995
-3.990796138700787
-3.9850129377791443
-3.983829826518031
-3.98280785724027
-3.97994211412428
-3.9798048593739033
-3.9749419564469766
-3.970173352380644
-3.9643140628948395
-3.9589753900029616
-3.955381788350357
-3.9540892729294614
-3.9457586642526756
-3.942706348884977
-3.9298959700233045
-3.929513231462659
-3.92341094234983
-3.91759903033193
-3.912798614764856
-3.9079858780772563
-3.9053675473882787
-3.9023948437355687
-3.8948843116052467
-3.8900827571311303
-3.8845207073356636
-3.881387016737674
-3.88059354267478
-3.8805248377968797
-3.864392952578343
-3.860615750221619
-3.852453534400693
-3.8493616420122847
-3.848501160876335
-3.8351684737276113
-3.8350951645839584
-3.832486545229222
-3.8299379272011174
-3.827405423441231
-3.826516261377099
-3.825755136041157
-3.8159735899137788
-3.813326052979172
-3.8123133746462745
-3.8099450532450163
-3.7982761789070105
-3.7962310756431235
-3.790336372367273
-3.7890083232341327
-3.7769178912434227
-3.774994638332639
-3.7714948956497096
-3.759766129743714
-3.7578825703061867
-3.7554054143985343
-3.748877417109493
-3.7486313898282715
-3.7480669456754967
-3.747645642006867
-3.745232073579585
-3.7419818147190815
-3.7394118441471704
-3.7364768172421385
-3.7327883836683022
-3.729036684683244
-3.7221711393600234
-3.720786032117747
-3.7154028664159195
-3.714999028731336
-3.7133348379219147
-3.711073248650074
-3.7055746819828483
-3.7048217242731134
-3.703271809727636
-3.69809555386453
-3.696110204156371
-3.691612948190042
-3.6904427597097214
-3.6867021270098905
-3.679866854269275
-3.6756526868837165
-3.6726304241167194
-3.6686115517259204
-3.668166842648285
-3.66439323306034
-3.660806529979273
-3.6591783465637984
-3.6469366272649593
-3.6433715136487463
-3.631781046702652
-3.627720382214725
-3.6218196531059377
-3.615174005000285
-3.6150838394273066
-3.6040800401271613
-3.6034622655735045
-3.5967725700528836
-3.591218015234522
-3.591184310261885
-3.5813287417496555
-3.5753866204353892
-3.573289206494134
-3.5704558939968605
-3.566037066204075
-3.564670045448313
-3.564003742203532
-3.563976675311019
-3.5629929383008676
-3.5620966942708163
-3.55084488766379
-3.5507732880490304
-3.545658461845334
-3.540454386108165
-3.540120223979458
-3.539033588634696
-3.5343244735553685
-3.5321245992171946
-3.5320781960796426
-3.53096959601086
-3.5305311914254087
-3.5251437661441294
-3.5241215479779404
-3.5223823810040726
-3.5195882958091973
-3.515421910812251
-3.5082024427007488
-3.5044919404773642
-3.504215234468079
-3.5024826518659102
-3.497027123532388
-3.492638242439046
-3.4895623447640065
-3.4856415896832535
-3.4854927756225185
-3.4830741465657638
-3.4791644355250515
-3.4781299915353125
-3.476014475687399
-3.4672734590661127
-3.4670232188533654
-3.4606677152163137
-3.458901227680727
-3.4330895735958213
-3.4324323469712326
-3.42914241897141
-3.421744417995485
-3.4116251381101295
-3.406892104863209
-3.4056526067353508
-3.39872824961579
-3.3986092413355875
-3.396926337632888
-3.3869015789943253
-3.3847329272702193
-3.3836563817120706
-3.380852154437142
-3.374296949952195
-3.3737298828171327
-3.371024931919845
-3.3691477863379653
-3.368894214316877
-3.3667295749157296
-3.3649327384621017
-3.363923577737671
-3.3627666231067463
-3.359478565872557
-3.3553573016929574
-3.3547969836541554
-3.354066686677797
-3.3537906899257957
-3.3513310222107977
-3.350835519297595
-3.3473459702500503
-3.3466212091315457
-3.346215814936696
-3.3425911526349212
-3.3396320519475813
-3.338052312940949
-3.33677384300874
-3.334873288667735
-3.3175974099672967
-3.3172160562931716
-3.3170979838794117
-3.3066052702808753
-3.305561161032252
-3.304486151263183
-3.299863484826921
-3.298378533112786
-3.2973786435510366
-3.2932141630213025
-3.28538633469398
-3.2847627793615617
-3.2830890864542646
-3.2773371222441168
-3.277291624500446
-3.2752060504721903
-3.274729562667551
-3.268299660260294
-3.2644369739913923
-3.2624126555566604
-3.2572586773642587
-3.2520887271863854
-3.251865151989318
-3.2466723000550552
-3.2280915787999804
-3.2250786828370526
-3.221496759767861
-3.2209944385137343
-3.2143016764537826
-3.212004155220825
-3.2063007670345747
-3.20501072773674
-3.195621344108524
-3.1930987450393387
-3.1906073104395993
-3.1840037583511887
-3.1800629777684173
-3.1747785838446894
-3.1734294870764868
-3.170794369836805
-3.1695840559809847
-3.1617138541731253
-3.158472413335619
-3.155514110232293
-3.1497244017589465
-3.1482135562045146
-3.139159517188688
-3.1370809757957003
-3.130718944454765
-3.1268688489440004
-3.126587201938926
-3.12460786900301
-3.1167056062553966
-3.113334555777771
-3.105149442998634
-3.0948389406756176
-3.0937397538766342
-3.0882392282442894
-3.0870828389729836
-3.086714236562298
-3.076422129414851
-3.073599847459045
-3.070832362033342
-3.0663323601513723
-3.0607849267347405
-3.0598321199463814
-3.056957090074631
-3.0502682444963654
-3.0382391449986943
-3.0328239532472128
-3.028762108472179
-3.027581751319026
-3.0275694968987468
-3.0163979392293583
-3.014498691381954
-3.006239945019778
-3.004626832579254
-3.003015313066692
-2.9936505784073217
-2.9918736979321965
-2.991066565974187
-2.9895411049372553
-2.9832418827984784
-2.9824071970708297
-2.9823105714698923
-2.9822097730732597
-2.9813307961068762
-2.978639152989907
-2.9744388181771204
-2.972635314586379
-2.971091073439961
-2.952924887271548
-2.9519677402776505
-2.950552366487731
-2.9494741271197995
-2.935589863434638
-2.9349182717458158
-2.93211649057537
-2.9287444893696315
-2.92541597335803
-2.922521958047848
-2.9213107275395265
-2.9212094936112414
-2.915730006163287
-2.915155423177305
-2.9083899837557143
-2.9064151449329745
-2.9050666121990596
-2.8995105446460268
-2.8995070806853716
-2.8973740140513886
-2.896336749327147
-2.8956525718062167
-2.8942756878122653
-2.891608846159676
-2.8894592760455655
-2.884584976463848
-2.877678319849829
-2.8731797465795013
-2.8718600815511444
-2.862245845960707
-2.860818120042843
-2.8607525932544853
-2.8600185823468482
-2.8584565980146825
-2.8583932837963237
-2.854523342326709
-2.848487808614771
-2.8441094079237654
-2.8418603899582306
-2.8408512028370065
-2.8335403959880994
-2.833401048070458
-2.8299257326444343
-2.829613569285789
-2.8220013792034724
-2.8208519970302626
-2.813546699521951
-2.8103896095243868
-2.8081866880978894
-2.807747426736314
-2.8036485402766553
-2.8016613375504043
-2.798146454271844
-2.7932475111579933
-2.7894626952865913
-2.787826677008344
-2.7873131252554555
-2.7854545146225758
-2.7821287890008306
-2.778038996732869
-2.7772215488578476
-2.772091296738112
-2.7702553112574373
-2.7701519761994655
-2.7672052002104066
-2.761691927655621
-2.7581872952348583
-2.752271606924625
-2.7431440373825877
-2.7424701685345028
-2.735542324373755
-2.728057086340846
-2.727563155171725
-2.7269821611910934
-2.724191873879061
-2.7194840800318625
-2.7194375806149704
-2.7180836035680094
-2.717940498921914
-2.7112270696268257
-2.7093127300904296
-2.7082837211854733
-2.6977214309665287
-2.6965696427267516
-2.6947161665343886
-2.6945181775737663
-2.6935705818523443
-2.6933795897165074
-2.691346652085662
-2.690821896008139
-2.6859537690961304
-2.682430292909281
-2.6819601027347195
-2.681076734887598
-2.680624688148029
-2.680040209691242
-2.677724601864588
-2.674725369867566
-2.6690797001305357
-2.66496055651412
-2.6642595775908378
-2.663350489725349
-2.6487408047077863
-2.648336243148071
-2.6483223836064953
-2.6463086745242443
-2.64426273352817
-2.6379382676305054
-2.635092421272822
-2.6323295734762877
-2.6292531874178326
-2.6264455118622583
-2.6220428568060132
-2.61703019716171
-2.616992822624342
-2.6142514454097765
-2.6094374456314346
-2.60605488614224
-2.6032014207592704
-2.6010710440638363
-2.5932037775986023
-2.5895607060286805
-2.5850084956086774
-2.584539757708892
-2.569978555683057
-2.5662989626308086
-2.566178153113695
-2.563909214673263
-2.5596975557524515
-2.5561763873558663
-2.5556606764255703
-2.544524765845134
-2.541094310058967
-2.540895798377569
-2.536911234738426
-2.535030711234114
-2.528505136753723
-2.528222448254191
-2.527744108689849
-2.5271621734718774
-2.523560040897163
-2.5187034778120987
-2.5142057860686378
-2.512681089972376
-2.5067118231120324
-2.506182219117583
-2.5042505241415274
-2.502683659148555
-2.501916995334578
-2.500034167460735
-2.4998438727080865
-2.495948437413683
-2.4951448876641233
-2.4926472298967317
-2.484969007153563
-2.4830333069632813
-2.482942814698129
-2.481926759250099
-2.481373348961274
-2.4772928389549356
-2.470481996324215
-2.4670198584281358
-2.465679731060355
-2.4642616069241083
-2.458968257375448
-2.458553490891527
-2.4570551975311905
-2.4566965247141566
-2.45478239071139
-2.448506188949834
-2.4459998864913817
-2.4416225705332595
-2.440516957932391
-2.4356487796074435
-2.4342585307089024
-2.4331088291770184
-2.4330877130190713
-2.433057235547434
-2.4321803061499567
-2.429001312156382
-2.424282709308974
-2.423027508544279
-2.4212104888529713
-2.4205337928822317
-2.418526226989739
-2.417670625869956
-2.4161604978023745
-2.4143382420960435
-2.409326828910228
-2.407823422887536
-2.4062252567288196
-2.402042758546872
-2.4020255336933163
-2.401672119116216
-2.39934858458229
-2.3942777553060273
-2.3942000604953573
-2.3940875859372492
-2.392788091552099
-2.392723596977739
-2.388717234995692
-2.3771388153608193
-2.373918137286112
-2.373867721782219
-2.3689773845186677
-2.366830211012564
-2.3650254784249194
-2.3610370918739423
-2.3557464967494366
-2.355207531211914
-2.3504155170756778
-2.349793050179844
-2.3448536304005416
-2.3433687846569935
-2.3409096989365503
-2.3385039053958367
-2.338381935119627
-2.334905153399629
-2.3346402621049664
-2.324099237669757
-2.322078496719704
-2.320014200779757
-2.3150439219656365
-2.314448337268254
-2.3132029448292464
-2.3072274822129195
-2.30596987890139
-2.3000019405198144
-2.298812528403758
-2.297980865228516
-2.296114641971548
-2.2956155252358066
-2.2913699426380427
-2.2880085251192694
-2.2870125949366886
-2.2869982445363326
-2.283139356295308
-2.282420532083265
-2.2778256131220855
-2.274459584365109
-2.2744058255778787
-2.272926670292627
-2.269219296713219
-2.2644597353294857
-2.2617535438186076
-2.2585871277590552
-2.2561071584643613
-2.250612961730451
-2.2491878450344656
-2.244763163019432
-2.234583096273369
-2.232819707001319
-2.22760225019155
-2.2274679314631576
-2.2257079054731
-2.2253929006490827
-2.2250971577161005
-2.221977840365607
-2.221629141955162
-2.219372827129087
-2.2185790070588585
-2.212935741780266
-2.209573011528489
-2.208702878248991
-2.2080485470753093
-2.1992612110551644
-2.190704503569684
-2.190378234495241
-2.190161589663729
-2.185547152111613
-2.1824280719051674
-2.1809590550636826
-2.176631758983186
-2.175914076847736
-2.1717391884322645
-2.1635709703804213
-2.162619441392839
-2.1601361845729077
-2.1590797949411162
-2.1578299930841487
-2.155740320474
-2.154243656954045
-2.1532754248950776
-2.1510277999779692
-2.1432842430324888
-2.142513565095692
-2.1424621464930698
-2.140447812356715
-2.1381219177567132
-2.137582193254091
-2.1358184217098333
-2.1305666304533375
-2.130156222088964
-2.128681440836979
-2.1258176999199128
-2.125258207184478
-2.1200784702412037
-2.1182983288189723
-2.1121821429517573
-2.1064308311956177
-2.1052586388057546
-2.10293081140936
-2.1015673250496065
-2.099598700732712
-2.097097750858331
-2.096747704824532
-2.0848806452415336
-2.0847740476696908
-2.0843975751392767
-2.0837320274050866
-2.083102434162648
-2.0825085504848273
-2.0813650848770227
-2.0807419804903398
-2.0787338840595733
-2.076990620750245
-2.0768923967706976
-2.075084747250866
-2.0721456860295926
-2.0676272117502483
-2.0630281127162995
-2.0606004390714996
-2.0604289907839757
-2.0599147124108574
-2.0597275446591943
-2.0554297457945814
-2.05496452346876
-2.0521048976325944
-2.051978140889407
-2.0518873954668253
-2.0507007265295534
-2.049884753131376
-2.0485833449945834
-2.0477989514400674
-2.047512857262182
-2.044499843288329
-2.039143420519423
-2.038212804871791
-2.037802305112747
-2.0365057519662217
-2.0355838871569283
-2.0333825765162077
-2.0316265918224987
-2.0293111885561324
-2.026949164262446
-2.025003021785212
-2.01744895087824
-2.0171925672041238
-2.015877275322727
-2.013563824370468
-2.0124374048698934
-2.011837334424562
-2.009011039557103
-2.001772006278694
-1.9993746939615347
-1.9950413727800762
-1.9925129022501582
-1.9905032352151173
-1.9903889520109013
-1.9885412665889897
-1.9879719466317272
-1.9877607726653457
-1.986456084991913
-1.980017885915592
-1.979906804676959
-1.9797543074708486
-1.977094355202369
-1.9738895032318018
-1.973054646273409
-1.9722656671246561
-1.967083839777608
-1.9668707273693462
-1.965625713148221
-1.9647847892180508
-1.9647504038430612
-1.9588222733626282
-1.9570974630619384
-1.956282843904444
-1.954498002869217
-1.9483875251764713
-1.9470256541652602
-1.9401734855704107
-1.9321494029099382
-1.9307941631083363
-1.9298381469410444
-1.9226517661248475
-1.9207281835025385
-1.9198211144406152
-1.9158364257883054
-1.9142587429463418
-1.91179952692988
-1.910100623164583
-1.9094169069462414
-1.909243624100903
-1.906502417384654
-1.9033896293604027
-1.8998961965007335
-1.8997162831508552
-1.8943227510757135
-1.8932524160645998
-1.8927982167300612
-1.8849608824011597
-1.8828913411282655
-1.8827340509318036
-1.880755865453192
-1.8801795665290362
-1.867608305960613
-1.8625954451931956
-1.8610838784984636
-1.860520922740137
-1.8604205954520618
-1.859627787432578
-1.8578328635798407
-1.8569159664498482
-1.854482711238755
-1.8536830353342477
-1.8527529579569255
-1.8467842231879985
-1.845522448143957
-1.8438023776372565
-1.8426789510088868
-1.8416404631512755
-1.8411766640571852
-1.826581277265043
-1.822912447063066
-1.821582298039899
-1.8204610385302389
-1.809732832622155
-1.8088782172852746
-1.8073541713406915
-1.8025283253461202
-1.7989702667486265
-1.7980702085868059
-1.7972343349246442
-1.7958602092908489
-1.7897352749651845
-1.7884928758520582
-1.786447326553526
-1.7837964326219888
-1.78050870130514
-1.7761513857716706
-1.77303144619985
-1.7730288347693555
-1.772120020613945
-1.7678841616922238
-1.7674699869593817
-1.7674423430003843
-1.7668168810736755
-1.764219166254728
-1.7629927450295573
-1.7599895868762725
-1.7598411498209532
-1.7572329890947418
-1.7515160557837208
-1.749329406428517
-1.7487980342861946
-1.7483420071618196
-1.7474322778443807
-1.7471777784314657
-1.7470308655150713
-1.7460044518934048
-1.7455888822450454
-1.7373422918711068
-1.7355794472169004
-1.7332173302742646
-1.7302911069234068
-1.7301106657640737
-1.725542839416109
-1.724173550136394
-1.7231546873462853
-1.7203474423315313
-1.7185480591790454
-1.7123695220577355
-1.7119311096069696
-1.7052559543713839
-1.7040653404967836
-1.7039950267716226
-1.697630769352792
-1.6936080211068507
-1.6935880370879426
-1.6930072085120424
-1.691740778438453
-1.687704777679226
-1.684311771607103
-1.6838947415684593
-1.6832754749459682
-1.6790444822371582
-1.6778930012059403
-1.6754290937329763
-1.6744119508513535
-1.6701077871967829
-1.6693407988635258
-1.6691741366523556
-1.6688949926516021
-1.6681596455444725
-1.6677443603522453
-1.6669130911308851
-1.66367042774095
-1.6608073349172887
-1.6584291153738882
-1.655284334134555
-1.6547917158639063
-1.6530255789116537
-1.6523214303091371
-1.6489435594953414
-1.6417887329243523
-1.6389372051447653
-1.6384404881937478
-1.6376723429209128
-1.636418421869732
-1.6309809357010685
-1.6307588470415657
-1.6284234870754468
-1.6271057730031278
-1.6264145050299064
-1.624831611030735
-1.6246527187715398
-1.6189463315731154
-1.618156641815751
-1.6126601237863971
-1.6055273176024178
-1.6031903656293016
-1.5961517478539191
-1.594114425070661
-1.5911926304107955
-1.5906761265739955
-1.5904015339417907
-1.590349216672252
-1.5898482461993286
-1.5893519094561612
-1.5887233741485804
-1.5805511173218991
-1.5796986801348256
-1.5765445737310164
-1.5750226370866138
-1.5699897514884682
-1.558709976660921
-1.5578973755840515
-1.5561139571980744
-1.5559235682687111
-1.5508522686526662
-1.5487588646387298
-1.5472046607747616
-1.5468216539443875
-1.5460828348295812
-1.5453347801065735
-1.5434813012101003
-1.542496410134837
-1.5404169483816288
-1.5373158439446044
-1.5371408139943636
-1.5362687546546518
-1.5357280225964818
-1.535693006493904
-1.5299475540725571
-1.5281045170920577
-1.5277125831081813
-1.5259383658491892
-1.5254753511224068
-1.5248869409902692
-1.5241679783625457
-1.5236341360504204
-1.5219831285336594
-1.5190332864518188
-1.5179222381003628
-1.5129247093526401
-1.511725102561742
-1.5114218326683462
-1.510440914891673
-1.5098151241935038
-1.5089234207772475
-1.5063428293278966
-1.50514789757334
-1.5015573018427906
-1.4988191561185211
-1.4980233399216987
-1.493996121465516
-1.4916972353490816
-1.4903874465194642
-1.489547183834463
-1.4888386529054385
-1.4869740598098171
-1.4833141415545634
-1.4810020128651709
-1.4780807216246858
-1.4774642991097475
-1.4773702313829786
-1.4726254522735558
-1.4711812651525396
-1.4708211128492614
-1.4698680587194641
-1.466933509862606
-1.4634775272888767
-1.4603044610253866
-1.4598965860965978
-1.4588058869424747
-1.4584599407143735
-1.451661376848061
-1.4476141610995188
-1.4465420505334388
-1.4406638073689375
-1.4404255402991728
-1.4381295526270201
-1.432713376772888
-1.432594199089456
-1.4320560909613764
-1.4311934246631959
-1.429445817959993
-1.4252225879453495
-1.4212744952264234
-1.4196605894098835
-1.4192938572824334
-1.4189955247285737
-1.4130847389442391
-1.4128224974611279
-1.410388584415264
-1.4080060905258351
-1.401933465949147
-1.4014003938886521
-1.4004439145044558
-1.3958924942701492
-1.395767357203195
-1.3939382907273776
-1.3918431287312134
-1.3838387801977445
-1.3817349612350625
-1.3799533209497743
-1.3796778696622456
-1.3729172932281197
-1.3721125777105856
-1.3717128920550425
-1.37031518457666
-1.3670299957734087
-1.3651363803045635
-1.3634089464699524
-1.362539819490842
-1.3621567271070651
-1.3617308657557987
-1.36070860884322
-1.3586501275175924
-1.3567384754272607
-1.356257010629911
-1.3524780204063047
-1.3484272794837322
-1.34629727890468
-1.3451855658596998
-1.3434963888267244
-1.3408770421725218
-1.3393013627804893
-1.3388679631957083
-1.3363604278232162
-1.3361732280729592
-1.3360373126822214
-1.3317156363465954
-1.3316632894082825
-1.3315676432817682
-1.3306885369211316
-1.324808596881729
-1.323944199141899
-1.3211535160827899
-1.3177048623292842
-1.3173341085267793
-1.3166195182207852
-1.3159640750023223
-1.3156841437345579
-1.3121630244671785
-1.305298461150366
-1.303371552781036
-1.3028444644097803
-1.3019144669327671
-1.3006238859622323
-1.2992824109045145
-1.296135496375287
-1.2944229555231856
-1.294255281568741
-1.2886991870527515
-1.2886772935522455
-1.2837509552375983
-1.2837233254842704
-1.2759089456831905
-1.2745597135318885
-1.2745344889796435
-1.27134294917893
-1.2668268502027686
-1.2634100935169106
-1.2626807306693528
-1.2607069855051682
-1.258824935491912
-1.2550981011076368
-1.2531616041746694
-1.2529603972243122
-1.2489386090251215
-1.2435735781824948
-1.242087339593587
-1.2420269530482937
-1.2407540727229827
-1.2395611788454923
-1.2392662105757917
-1.2372002830098021
-1.2310560548576488
-1.22906438876403
-1.2288722866347883
-1.2278466682845544
-1.2254219570717322
-1.2252261306464511
-1.2240282705157826
-1.2205927697311785
-1.2155824686873236
-1.214607597885928
-1.2134330683106267
-1.2122044951388293
-1.2118694114299895
-1.209527296206197
-1.207760011649958
-1.205725306928411
-1.20209851458095
-1.2019388286487087
-1.2016069039382158
-1.2008149885875417
-1.200591114168692
-1.1985745782810313
-1.1978057609219495
-1.1949147467543986
-1.1920148630696423
-1.190993380494808
-1.1905169228788217
-1.1876453735231414
-1.1856151373351138
-1.1853991589268111
-1.1829230199059597
-1.1794086216496042
-1.1777701057516703
-1.1685548933513714
-1.1678483623887446
-1.166328121169179
-1.1620651483709468
-1.157052669560307
-1.1568329874942536
-1.1502947571280415
-1.1499416848078303
-1.1480229429418405
-1.145728318173392
-1.1425118506962058
-1.1397153050289721
-1.137419070210579
-1.1372179979797914
-1.1358748390422115
-1.132701594814927
-1.1320311934566096
-1.1288788037436932
-1.1252484411376156
-1.1235451111215187
-1.1193597140263967
-1.1169307893323306
-1.1121224784725987
-1.1116423733287797
-1.1101037297238676
-1.109237770095834
-1.1080813614278786
-1.1078862425793832
-1.1046133130623659
-1.1020202793440117
-1.1006449513645746
-1.1002296369581013
-1.1001399572392905
-1.1000495927805443
-1.0998722405403742
-1.0961931249239818
-1.0952439709157193
-1.0930334532756047
-1.0926139828521055
-1.0911560895327364
-1.090932927620746
-1.0817150880955122
-1.0811367041400461
-1.079899315721494
-1.0794857578395027
-1.0783091958195015
-1.0782428506060704
-1.0780042420267466
-1.0765383827369843
-1.074435063994387
-1.0721508126921444
-1.0717930446111956
-1.0693194764414837
-1.067947008250849
-1.0673155217781534
-1.0652943526933438
-1.0617110390026816
-1.0600718984656683
-1.0599033515415521
-1.0595544458362922
-1.056943982540732
-1.0567559105580107
-1.0565551660732724
-1.0560130751987116
-1.0542421915745024
-1.0541775978883128
-1.0522757979479669
-1.0472151749306176
-1.046203567887837
-1.0433557790520933
-1.040077008843332
-1.0400445458357834
-1.0399455262740491
-1.039662288015844
-1.0387746180833244
-1.0378499456725319
-1.0378480593605692
-1.0375329272306324
-1.0369378492560386
-1.035687880851793
-1.0347286648399445
-1.0333845587575992
-1.032442312752739
-1.0306127896195705
-1.0303272818273204
-1.030016682155452
-1.0283809655251592
-1.027318406501116
-1.026488973938575
-1.026053561080757
-1.0194384856709693
-1.019070324967164
-1.0163830679113122
-1.0161495145022166
-1.0148573537377792
-1.0115702519297205
-1.0114493870238854
-1.0109451858093939
-1.0059484502481135
-1.0044868491129755
-1.004123357500674
-1.0040377433569931
-1.001547852050177
-0.997994548825365
-0.9979226247454765
-0.9977934933008087
-0.9963610312443847
-0.9944107852011115
-0.9929380217593109
-0.9888779241284363
-0.9869066447051653
-0.9846988956621032
-0.9841180251264143
-0.9823407684201384
-0.9812247357094879
-0.9802499208108983
-0.9753181100764311
-0.9747202044293668
-0.9738488079241289
-0.971328039051762
-0.9692734233172617
-0.9665492061393458
-0.9658415287770157
-0.9645876933517606
-0.9644492943009846
-0.964119827627184
-0.964080275335015
-0.9614332124919414
-0.9595401679570432
-0.9592178419134991
-0.9528973352526007
-0.9495582079463429
-0.949034026614523
-0.9461428255358012
-0.9448077045784808
-0.9426236980476403
-0.9425365568411743
-0.9422714742440965
-0.9392295019064728
-0.9391315258437797
-0.9390828269404775
-0.9384448788134611
-0.9357844819542239
-0.9347423070699279
-0.9313933020967358
-0.9299632770553653
-0.9252343949819453
-0.9248994847627103
-0.9221296900825797
-0.9185156275915158
-0.9147508359708287
-0.9132384323167325
-0.9124064067598353
-0.9109543160499334
-0.9099353149011913
-0.9061047772884658
-0.9031499987896487
-0.902668929598225
-0.8990561387133397
-0.8987675848419943
-0.8979993970439664
-0.8971359986271179
-0.8948020020527758
-0.8873519855373398
-0.8858628150067759
-0.8842544650414427
-0.8834448645046462
-0.8821867338082987
-0.8795719879008749
-0.8775521815244937
-0.8772502706132962
-0.8732891625025101
-0.8727519395612086
-0.8724531837793776
-0.8711266150148812
-0.8702814755623557
-0.8686617811196007
-0.8681003399965844
-0.8669475816816274
-0.8665367374857847
-0.8656212339367496
-0.8610133597438755
-0.8593999861133723
-0.8590055118262739
-0.8589327998666191
-0.8569291694190408
-0.8532939464417393
-0.8531649819656241
-0.8521546874246939
-0.8506388961927169
-0.8490556748550372
-0.8464357243463979
-0.8441907418250306
-0.842970408387258
-0.8405117057185305
-0.8371639935771138
-0.8354377050980312
-0.8345895550151595
-0.8334713472335251
-0.8320720003254705
-0.8313161797110233
-0.8310019466020057
-0.8290733462866164
-0.8287186976347218
-0.8271336588442111
-0.8269859463430611
-0.8229192392166279
-0.82248966080941
-0.820085573946114
-0.8200039716437284
-0.8186491781201939
-0.8154641766855103
-0.815091420357915
-0.8144938846192296
-0.8133732073402806
-0.8120457780887107
-0.8113183436663252
-0.8071497862196305
-0.8061329659343255
-0.8052550483351624
-0.8048418931171175
-0.8032188103409916
-0.802974082404466
-0.8016661425220759
-0.7992908881729885
-0.7965941075496773
-0.7957277343060166
-0.794135861192076
-0.7926132984632972
-0.7921068029928795
-0.7908770715925099
-0.7895581540679423
-0.7890425465941485
-0.7890425180023078
-0.7856481240621697
-0.7845184284030009
-0.7746964024548313
-0.7735929068694657
-0.7647290542303471
-0.7627550686474162
-0.760464191131735
-0.7572801682954559
-0.7537217436709777
-0.75235634887514
-0.7521788324784954
-0.7509110981454421
-0.7504164782513674
-0.7484037253996164
-0.7477362996397159
-0.7464001506340667
-0.7461189101153693
-0.745163660545234
-0.7447086289482366
-0.741594810404341
-0.7404456084821653
-0.7396912444165249
-0.7389753688560328
-0.7370138087455085
-0.7367330740462734
-0.7344959484884033
-0.7338347755040503
-0.733080696030291
-0.732572878247493
-0.7325597892517187
-0.732060048002484
-0.7302554186532322
-0.7295817568059411
-0.7294792158895175
-0.7290655162243354
-0.722784698931225
-0.7211765613725482
-0.7210273081478771
-0.7209253461619528
-0.7190495877657136
-0.7167454353605514
-0.7167217815136078
-0.7143909023091999
-0.7139604278257571
-0.7138518443214199
-0.7128102844046371
-0.711584620996909
-0.7080765549388638
-0.7071006907533199
-0.7054311774711333
-0.7053224307680318
-0.7047532843466332
-0.7010042287347606
-0.7005645582581627
-0.698368426787607
-0.6980446981721221
-0.6942159234382973
-0.6931892552567771
-0.6901249160265268
-0.6879740137839019
-0.6857817243208137
-0.6834137754985299
-0.6833537899533677
-0.6816842218932136
-0.6815916160003727
-0.6777013049652008
-0.676758995967846
-0.6767190300468042
-0.6738806877936271
-0.6725883196147504
-0.6680778374800211
-0.667720729783008
-0.6669389086323567
-0.6658201513586719
-0.6640695415024024
-0.6632896124926182
-0.6632406751572715
-0.6631985368645122
-0.6624669175787358
-0.6617002468529141
-0.660084029008501
-0.6582952139732935
-0.6566613690586086
-0.6542812815757493
-0.6514742275691177
-0.6514329733189334
-0.6487197867923944
-0.645414109844678
-0.6444009967473208
-0.6438700782150429
-0.639098880921632
-0.6380519024252537
-0.6316128411460903
-0.6313202130069276
-0.6297367894452329
-0.6272116366376296
-0.622774660948532
-0.6210592150899383
-0.6210336794442399
-0.6198378982862215
-0.6177302932850604
-0.6163257805117499
-0.6157777114067667
-0.6149619141002347
-0.6147764053173183
-0.6143802338847425
-0.6102792626744022
-0.6089265542412859
-0.6078554833380383
-0.6061050893605637
-0.6048249557397247
-0.6047160341934811
-0.6042674741366979
-0.6028358051501598
-0.5978714482733963
-0.5961650792067701
-0.5950600994198681
-0.5932412623764172
-0.5929388528640225
-0.5909096997332086
-0.5897077085829199
-0.5892518001592121
-0.5886574955643344
-0.5878884397601457
-0.5871886954458171
-0.5855777329418115
-0.5836154136765718
-0.5818666878050665
-0.5818324655831157
-0.5809230414224261
-0.5806780424098905
-0.5792985499118446
-0.578943541130666
-0.5750202449314381
-0.5747161823031387
-0.5729436207974901
-0.5724667159295258
-0.5688194688665237
-0.5648061641794044
-0.5632299814537002
-0.5616151123554938
-0.5578270517033593
-0.5559070122828091
-0.555665611781885
-0.5555963285541142
-0.5552723363633386
-0.5531582928606884
-0.550209860921505
-0.5478663412261181
-0.545875613549098
-0.5446402665634453
-0.5423965119451718
-0.542230892873781
-0.541907963200289
-0.541904058621308
-0.5418660789389422
-0.5381915314893776
-0.5372883804399633
-0.5371206597611285
-0.535180849465122
-0.5335508529637558
-0.5320003782191132
-0.5283616306011514
-0.5245682087464649
-0.5241418796056119
-0.5228460457215534
-0.5224244438764052
-0.5218506274794493
-0.5210903248142605
-0.5200377926331659
-0.5186262047676924
-0.5182612428202574
-0.5179500174052223
-0.5160406892420553
-0.5141647172418099
-0.5123686503260214
-0.5122422772138209
-0.5102287423395082
-0.5102264973989943
-0.5096492973196773
-0.5063185164915066
-0.5041880291045738
-0.5039924735537076
-0.5036600793826411
-0.4993169187575799
-0.49703311012267415
-0.49524297211199586
-0.49283038150998126
-0.4901201698319331
-0.4889425584929291
-0.4875035671379585
-0.4865621228416944
-0.48544122901601616
-0.4850036720093688
-0.48345026547233155
-0.481845840528896
-0.4817541680234311
-0.4797600891576984
-0.4783923787589061
-0.4777416068726862
-0.47686556235620137
-0.47669611528591366
-0.47574958127556216
-0.4753854595034023
-0.47262833730907405
-0.47187252167844185
-0.4678633664248143
-0.466013862633492
-0.46532742948306194
-0.4645948741879679
-0.46316127649737027
-0.46235737747508376
-0.46050916586486124
-0.4596201560740374
-0.4593322416624688
-0.4519750788082765
-0.45180309232300775
-0.4515200953200395
-0.4509423529851212
-0.45077815407417776
-0.4506136769548249
-0.44864784393692614
-0.4475136143814431
-0.4452682955195654
-0.4448432868481996
-0.4444670008455762
-0.44213489746324286
-0.4420239395006279
-0.44145513900673056
-0.4393986088865122
-0.4389640132557091
-0.4373785831681283
-0.4360207004175213
-0.4350872563260664
-0.42998539509345923
-0.42971041286716627
-0.4286335336973271
-0.4267675126942525
-0.42632836047608746
-0.4260786272709171
-0.42593800346688243
-0.42418693750258196
-0.4238509479646466
-0.42292652683893095
-0.4228078230281823
-0.41994095737847636
-0.41931285741272256
-0.418728078882291
-0.417329385183301
-0.41620522922129055
-0.41187088313584974
-0.4096721136041971
-0.4092383134699222
-0.4064084048246356
-0.40451963549812403
-0.4042312941968449
-0.40362982783188084
-0.40279248803447987
-0.4026958374104559
-0.40191427811181324
-0.4016954771163164
-0.39926224860493387
-0.39790134209356764
-0.3971376259397543
-0.3951932225246763
-0.3943392733907969
-0.3942919896659248
-0.38986741175698914
-0.38945461469241727
-0.3866705243347423
-0.3841611131549974
-0.382813365888919
-0.38158372544709707
-0.37992014428942344
-0.3796921382608742
-0.37242117252366874
-0.36975220315604007
-0.36938525795924493
-0.36916676010602856
-0.3688618186857876
-0.36715553617249486
-0.3652224900111958
-0.3648611341719592
-0.36233015340887853
-0.36155462494007906
-0.3605113205401935
-0.3574920090781032
-0.35691337774868953
-0.3485930650488951
-0.34683806504606307
-0.3462309251802332
-0.3442407514778042
-0.34343974640286273
-0.34317676793652724
-0.341741095172274
-0.33921973143070067
-0.3379670299567149
-0.33653679840905915
-0.33564826529108993
-0.33555808523984343
-0.3328170141113894
-0.3325058376741697
-0.32824292482073036
-0.32818998670411825
-0.32633012471288214
-0.32606579615173964
-0.32513660899416774
-0.32403404335179364
-0.32062075306214466
-0.3152614862802974
-0.31421894925886323
-0.3130661929253141
-0.3127616300691418
-0.3058662601134742
-0.3057531795686077
-0.30359115178525786
-0.3032232687415225
-0.301906866490934
-0.3012720009227595
-0.29591701109139157
-0.2956491554786891
-0.2955363204770138
-0.29250078258576384
-0.29225263405760415
-0.2919578809022393
-0.2913415858056677
-0.29051140743345405
-0.29048487746624474
-0.28735258246245937
-0.2865295130047014
-0.2847314092601053
-0.28429284465545723
-0.28281493540311864
-0.2817018545023258
-0.28068266961699817
-0.28003888231677454
-0.27918229851448684
-0.2776555418742005
-0.2747449560776012
-0.2742685931088819
-0.2733450244402339
-0.273061479296875
-0.27072026065930815
-0.26955935198105363
-0.26840470645430675
-0.26812413463416107
-0.2666517305169764
-0.2658381671948211
-0.2656945136369583
-0.2615555214883226
-0.26064700284204845
-0.25968597270936383
-0.25923917510483097
-0.2581672353542729
-0.2570065721830921
-0.2546388205209724
-0.25106763180610503
-0.24920614239150016
-0.24859884145835848
-0.24820759288739253
-0.2453108805662893
-0.24491310561815505
-0.24270215182362048
-0.24003935949955013
-0.2392824224422061
-0.2368018767562689
-0.2356007683602125
-0.23550114188859356
-0.2344993795874094
-0.22967585422028902
-0.2288398790127738
-0.2262745764470565
-0.22616635720068756
-0.22386868855917585
-0.22167002117257129
-0.2213900324266046
-0.21943015049028936
-0.2188980617470544
-0.21827808543936666
-0.21812222224363748
-0.21506811280920082
-0.21448576630494953
-0.21367063742888015
-0.21048587814524436
-0.20739200830212967
-0.20712154471158717
-0.20549350243993403
-0.20520764077261366
-0.2050260040143107
-0.20224103650662323
-0.20153757366190592
-0.20068208455498715
-0.1999361851766437
-0.19877809260434298
-0.19851721297904573
-0.19845260102494622
-0.1983094375112009
-0.19652059261813082
-0.19643386912872873
-0.19562459050530834
-0.19120947233756136
-0.18893440020676744
-0.18874399970553601
-0.18490321892986372
-0.18393837953167558
-0.18331853422391342
-0.18316200975258018
-0.17829875336635992
-0.1739298143827751
-0.17385864162129044
-0.17375578628237232
-0.1727975889645047
-0.16882098448083577
-0.16837035189064514
-0.16720903148732547
-0.16701779582687637
-0.1667664635390288
-0.16603077869688943
-0.16486323077211462
-0.16422767972276375
-0.16269230025330486
-0.16115002255704747
-0.1603269029633615
-0.15957922966321791
-0.15915524307870887
-0.15878892445202036
-0.15718474873279448
-0.15676485385802147
-0.15456552715625949
-0.15403692562406088
-0.15375096910071573
-0.1511812348097421
-0.15088250775724588
-0.14924503176571335
-0.14846097226238775
-0.1436834768474906
-0.14231673323843597
-0.14222756457878843
-0.14010885465277786
-0.13928264053421716
-0.1381799320833349
-0.13590348844898353
-0.1346772868173754
-0.13301312459174597
-0.13272086657421978
-0.13265289227950627
-0.12830334741319904
-0.1233712975160911
-0.12259117087492521
-0.12106144686212209
-0.12088303221211305
-0.1197992415096808
-0.11958049232813146
-0.11859246855816963
-0.11697093267415914
-0.11559785859388866
-0.10969518762572894
-0.10604319017452746
-0.10416826998069229
-0.10270530674722234
-0.10257720003671761
-0.10221660261711729
-0.10051029641778086
-0.09940374568579713
-0.09857513024602776
-0.09534965053567135
-0.09407064716322266
-0.09334012186771878
-0.092891633986388
-0.09286397221319742
-0.09283771073705693
-0.09103131104198703
-0.09086949708493486
-0.08708054078760052
-0.08689730315843147
-0.08680541027513006
-0.08654518043562413
-0.08508545477415508
-0.08460046578915925
-0.07638788117783468
-0.07637115026552033
-0.07197295433799344
-0.07101269619203154
-0.06988305760654867
-0.06980628354275242
-0.06903097811549808
-0.0680670850103805
-0.067165976249287
-0.06629843101164978
-0.06339122989795198
-0.06304582499385436
-0.06178834146186929
-0.061472891993117784
-0.05983193820042347
-0.05601888640905339
-0.05533008927118155
-0.05316770372600366
-0.0493914719652383
-0.0460351606401419
-0.04428699691176696
-0.04377411162680922
-0.04340683510112214
-0.04287872424534289
-0.0428562996346632
-0.0414216633978961
-0.03929713356739978
-0.03851768430737945
-0.03842910890127926
-0.03701855858980577
-0.034598744968435874
-0.03257010969428997
-0.02946881096786369
-0.029427581741030384
-0.028881210753608944
-0.028511558233190848
-0.02774331336390723
-0.02755791035939892
-0.026144750732565003
-0.024374992033566883
-0.024285945043441393
-0.022002235047405172
-0.021247319067373927
-0.01952040100475283
-0.01891204386601253
-0.016193088514305898
-0.01526066193456077
-0.013132453716385384
-0.011705882941605461
-0.009275302206645686
-0.007344821582908945
-0.006723733982184399
-0.006388512198325036
-0.00620810449824627
-0.0037533679994118385
-0.0033763475586093827
4.8082429147777717e-05
0.0004918346052604772
0.0009368309508730466
0.0013868280557004509
0.0026156061644054818
0.0042919710078151985
0.004363264108090181
0.0046327159534249596
0.005996826640752073
0.008000581421921504
0.010655885497378392
0.0112270000993544
0.013995014361918967
0.01440705573486678
0.015766855228701693
0.016956783649847207
0.01782556592973561
0.020081191539336296
0.02052809070815581
0.020632635858109483
0.022107855537486176
0.02676128418748097
0.028363568646243897
0.03092879267183557
0.031457873225320676
0.03502440665180395
0.037266254094982756
0.037493496813762794
0.04081348031508086
0.04230591528959504
0.04302205438677931
0.043679518570057585
0.044048814741210585
0.047217777898763635
0.04835179826745584
0.05311359343867918
0.05329415726155856
0.05361396596736644
0.054886722789081716
0.056060412537028204
0.05763691124358483
0.058684303154216244
0.05880859315834693
0.05975786740501704
0.06252826074499263
0.06545602739659695
0.06564631729296588
0.06715953997331336
0.0674783421362769
0.06842991446421098
0.06939021223689906
0.07055616120441455
0.0717281604792872
0.07257970707495187
0.07300494361013832
0.07371866455760667
0.0742265961576859
0.07467805484990253
0.076289096312618
0.07662641715388985
0.0766548809876676
0.08104770570224129
0.08166745809416942
0.08183798763315198
0.08197915137406808
0.08220856772352836
0.08399071012626824
0.08520475974105479
0.09452714429164955
0.09490728137644266
0.09605614453230435
0.0993716051350193
0.09969619959094692
0.10279633980332015
0.10304030418016641
0.10354819289748796
0.10460944239483594
0.10466761818533077
0.10698852172012652
0.10805309233777394
0.10961530347436421
0.11045610894139801
0.11120797043091935
0.11193538045652018
0.11246281393146984
0.11425851287270772
0.11613828420401728
0.11617329603371074
0.11681525446480279
0.11735339743623241
0.11759229622109568
0.11901290783649365
0.12118937221080239
0.12401756341300976
0.1253211390827118
0.12662402705663756
0.12825321471806342
0.13000168625632014
0.1332852154103436
0.13412021799224388
0.1363105517804437
0.13647472897472657
0.136645351791006
0.1386547654315935
0.14080312872594836
0.14246655616805015
0.1438711643364703
0.14878979890024968
0.15054762486263915
0.1552096162851826
0.1556071340053778
0.15702711030516192
0.15846024983066542
0.16049082803730824
0.16396468879856652
0.16440943212668246
0.16537278793196836
0.16569395803037468
0.16670044493214575
0.16711080376592813
0.16795269823060233
0.1694776545888123
0.1701745691364861
0.1709792704099014
0.17110548365052602
0.17192147531891447
0.17219884668990218
0.173160690071099
0.1745217760764548
0.17503777830846234
0.17588740448299678
0.17807516940580903
0.1793995626996233
0.17958736839948097
0.1805648727280239
0.18134152465597153
0.1830556759198677
0.18368063988499583
0.18657404912026693
0.18667342440595924
0.19207053401657215
0.19210380765156032
0.19237204769830163
0.1926984195726804
0.19287777347047774
0.19477279025333902
0.1951878853093656
0.1960312227782987
0.19725305577699165
0.1975189939909005
0.19859179017749662
0.20152085174215273
0.20267944306154562
0.20614178686846676
0.20619904675078235
0.20669613370000356
0.20801889489500225
0.20825989956268862
0.20929545600501176
0.21210768993709483
0.21308671554365027
0.2186186580100729
0.21968596287486575
0.22199036145714124
0.22289760648341955
0.22294235243283567
0.22305872426774775
0.2236171878574188
0.22405472270534854
0.22419149848006936
0.2245662333472458
0.22485024848047075
0.2278122513650182
0.23730903830772704
0.2375136463868932
0.2376410943355049
0.2380164112683983
0.23927265501021117
0.23954626964813794
0.24046535570424538
0.24206631773447074
0.24254925822271084
0.24273824864557048
0.24326215385427002
0.2449342529871148
0.2456606563041822
0.24582249837172981
0.24637670550773583
0.2467257722571733
0.24718564872417603
0.24990814639127862
0.25022143482826475
0.25200624500073204
0.25548451547378737
0.2555337169370347
0.25825912558540176
0.2594915836420012
0.2598852161383164
0.2611421606430791
0.2630232867065402
0.265204523356487
0.26588280590337054
0.2671844293467103
0.2683436512272122
0.2709575369345094
0.2713751664556796
0.271946863884741
0.2737469466972918
0.2753461989634327
0.27745569030101347
0.2793067185963517
0.27938370694179404
0.2797861705686967
0.2821947049473805
0.2822677687133969
0.28321641968598776
0.285629813997755
0.2862033901670066
0.29028958004488703
0.29187654045055295
0.2932810230895505
0.29692942131273736
0.2988731585844676
0.29988934064415934
0.3025709183708864
0.30407731249728653
0.304534873982266
0.3073356424763126
0.30896865901798476
0.30927500946301856
0.3100370312743461
0.311368385274196
0.313102943211728
0.313115969680571
0.31365978456262844
0.3179513530872511
0.3193829611063893
0.3201508448485099
0.3207827392638235
0.3214288836195036
0.3245321232810204
0.3247051357501155
0.32484399474564474
0.32608342787900185
0.3266829191184859
0.32766837146023
0.3280575993724292
0.33288137753693603
0.3345115018157383
0.3397099921782588
0.3421708589131308
0.34269085080205935
0.34279276260182706
0.3434582962796191
0.3446419215220171
0.34757674974451047
0.35129555319911254
0.35220841854993634
0.35312732279219994
0.35379926943782647
0.3549590851528932
0.35588226027695513
0.3599284738484537
0.36007941701070223
0.360940046422989
0.36153106817644165
0.36266244272200965
0.3633754105094149
0.3653146276051342
0.3670412106805237
0.3690220603596496
0.37124624784286075
0.37150280781449646
0.3733077488841124
0.3758923352372035
0.37790423275434326
0.38003281330025923
0.38119762212510533
0.38161587650816686
0.3825778494421247
0.38260053431878344
0.3827900255874706
0.38401179245435657
0.38460990566080683
0.38584578734904684
0.3871196417224345
0.38727645386973153
0.3929811783343706
0.39703320468593417
0.3972938241761782
0.39802595579796407
0.4079287428813771
0.409991841086991
0.4105803519873945
0.41109611060127904
0.4117407638277627
0.41272967300830254
0.413353670499
0.41476691939276544
0.4164268382545392
0.4178623518104868
0.421221692397512
0.4233185885409888
0.4240181632362543
0.42509233130245194
0.42531560552729175
0.42540456742648625
0.4270350756289105
0.4297062687642035
0.4298982977878225
0.43035606520881575
0.431654245071539
0.4351375561153357
0.4381926874706321
0.43944596804652575
0.43973719126583666
0.44075417699148295
0.4408618645611286
0.4432701839158203
0.45417052843341177
0.4548466554728853
0.4559961479912584
0.4570828184108201
0.45855655381132165
0.4592851823712687
0.45949398896967525
0.45957637520068595
0.460063710430817
0.460863088251492
0.4615498427302383
0.46349173869887994
0.4659116894365647
0.4663407227243709
0.467403930292525
0.46777932791429117
0.4682979521908408
0.4683304563303747
0.4692388450562247
0.46954659420087536
0.4715757240204256
0.4721759203794099
0.4730743719373342
0.47417648149470887
0.4753958459586051
0.47741753996997205
0.4827063391238836
0.483387075610781
0.48438086431842275
0.4847688415150324
0.4878183105967048
0.48847686433281673
0.4915548990984882
0.4930240044188971
0.4946553540580353
0.49577395958561055
0.49883502431239307
0.5006360069499227
0.5015070009963003
0.5017579587654664
0.5018810950700034
0.5022957084075007
0.5028006171168425
0.5032757772622894
0.5039335690427106
0.5040374072943756
0.5067218862690314
0.5088717923292332
0.5126966458040046
0.5140526562455938
0.5145670567527687
0.5150221071020367
0.520865020285554
0.5224780366314322
0.5246728742568795
0.5257023333078186
0.5309669533455197
0.5311103526827019
0.5314269260181627
0.5314512031216722
0.5327631213847644
0.5337202288265137
0.5343835768728029
0.5353037605573667
0.537447880349908
0.5379487573334348
0.5380103204681567
0.5388815248098974
0.5391302887598045
0.5405606531150547
0.542640296658877
0.5439124949962604
0.5447635026124851
0.5453700755916178
0.5467660062773074
0.5469311919752087
0.5487814604081445
0.5507182282391812
0.5522481324727262
0.5580249634746863
0.5592176192835
0.5612232450744733
0.561756238714258
0.5637878256299126
0.5645962527706138
0.5658872654416434
0.5663312927461426
0.5668207804888632
0.5669854553538991
0.5677274027881379
0.5708318623270832
0.5710082217307771
0.5733759049538203
0.5761442451784599
0.5774058112181469
0.5818562779640102
0.5820808461369228
0.5853241711504857
0.5871475034530955
0.5877225806836284
0.5893963997123679
0.5906356321105044
0.5915695442455025
0.5925825201493009
0.5937405285935718
0.5951216919738994
0.5954978865675358
0.602035223010611
0.6022029442048698
0.6041392692042236
0.6058780137982722
0.6071823390215589
0.6108229568450532
0.6126628244656078
0.6187096606766889
0.619242022232335
0.6206481352393455
0.6223533807872851
0.6231710132032078
0.6232388475027705
0.6259161171800662
0.6268045760871075
0.6296607926880079
0.6329260155464641
0.6354953046337627
0.6357380978768754
0.6373568403407941
0.6402300457410487
0.6403264495290222
0.6404603142651027
0.6421481139240183
0.6421677854496357
0.6444018560906726
0.6468487364152674
0.6469952888449689
0.6470901005852425
0.6480745990474553
0.6485793118689687
0.6489501061139957
0.6519108726073679
0.6532446721078998
0.6535265060457359
0.6550969057707327
0.6556117459505798
0.6581812084598183
0.6617359926656796
0.6624737040565838
0.6625776926963937
0.6631417219971346
0.6638362113874772
0.6643191774164904
0.6669346886707967
0.6676798764361285
0.6685773527043286
0.6689388122218
0.6698347768181232
0.6706327237495309
0.6713025341201453
0.6728239691219797
0.6743240187321009
0.6761168037685178
0.6796134086811292
0.6825104779944451
0.6837387591587675
0.6855572200826173
0.685779247229826
0.6859689490960831
0.6869599627952081
0.6906542913063016
0.6924434358353957
0.6924539897916299
0.6945536561154139
0.6994445457642471
0.7003614234710004
0.701082792232215
0.7031649870603486
0.7054220026775899
0.7065582112601139
0.7081417855202371
0.7081556098631173
0.7102282824730805
0.7106856934165928
0.7142403068972535
0.7154175681585826
0.7197874419655326
0.7206638255945825
0.7228061197914262
0.7232458608936653
0.7235245395032519
0.723796108693656
0.724241966317246
0.7251112057254248
0.725382686366042
0.727200965454618
0.7300219577405314
0.7322139078585856
0.7334180715124283
0.7358647340547712
0.7369552629757448
0.737557831587566
0.7384619056839568
0.7391495090351701
0.7410637292289198
0.741262960082369
0.7418715185953716
0.7429491442605252
0.7437151171147417
0.7443060221859495
0.7477732030053352
0.7485264733532567
0.7528056019676975
0.7529439923406127
0.7544359520290945
0.7552066130079246
0.7553091164279564
0.7559679871303804
0.7565824278887483
0.7572930404528841
0.757397689419564
0.7585146287293876
0.7588928311011927
0.7598989981019644
0.7604338348084332
0.7604926459185022
0.7626587303617438
0.7636024879027703
0.7652999162824217
0.7665090802540254
0.7681060742931543
0.7692951961157022
0.7711888061958225
0.7720010849969382
0.7723726005491703
0.7725605557553584
0.7751791245078217
0.7757657276460579
0.7759628559947818
0.7806487204339361
0.7815436083045498
0.7824603825679356
0.7880855702631329
0.7898822445308618
0.7915126707862843
0.7919668657017397
0.7938529939822097
0.7983867209193765
0.799186253690192
0.7995468903816311
0.8005837226068742
0.8039907097958474
0.8044906017061402
0.8068893029912649
0.807183097246613
0.8074012111919879
0.8093993899460986
0.8105340107719221
0.8145921668763332
0.8146578771896922
0.8162847912696041
0.8167708200275535
0.8176697243656369
0.8203547337041464
0.820581620572863
0.8240796782849661
0.8242949577845898
0.8256287910496586
0.8273077065106819
0.8317602178964473
0.8323494437707741
0.83319930966461
0.8339807582062144
0.8339888059124008
0.8390933513960364
0.8399610586090406
0.8405847305076859
0.8413083747476346
0.8436633466959165
0.846219785011
0.8473779173861127
0.8482270461245344
0.8509025131379695
0.8524828455673125
0.8550147843562054
0.8555775083472242
0.8556360279106222
0.8569081655021741
0.8571832842855116
0.8618826990221609
0.862058526187076
0.8629056777742441
0.8632013519303445
0.8642415705491002
0.8642788907052853
0.8644262697823738
0.8644639869341738
0.8645625196680462
0.8673955968130458
0.8680207574359313
0.8684034725362539
0.8688997492625451
0.8697394874218998
0.8750003497660322
0.8750143192823123
0.880070125048023
0.8805804555932875
0.881119020089205
0.8814632777365261
0.8818263272949116
0.8822019274947372
0.8830821339194187
0.884021449888317
0.8851504093866184
0.8853106759092833
0.8865148342816253
0.8868842341258718
0.890785297868273
0.8930279084335183
0.8935237410749451
0.8976387784807123
0.8981707106080342
0.900844400230279
0.9008760290292169
0.9020625502622264
0.9054491172655704
0.9067267638072692
0.9082140400781611
0.9088433723566418
0.9104541898893809
0.9131139399003197
0.9139084803772526
0.9140181485157131
0.9153037546567093
0.9162796750489319
0.9184701845778684
0.9212210499232574
0.9232929180507612
0.9238824626159485
0.9256329650465537
0.9262089220163532
0.9262747020744879
0.9270885418389069
0.9277955234779124
0.9290387718273916
0.9306225938046236
0.9337371814751425
0.9345570307530995
0.9364372409180066
0.9369343539902205
0.9382477958275097
0.9453531773712982
0.9458298918225353
0.948495069816531
0.9491334993802789
0.9499200690864057
0.9525445138609654
0.9553967892715666
0.9584600475439943
0.9597893313896358
0.9598732840180215
0.9619835442816767
0.9624474639457746
0.9643289830430086
0.9669609808885782
0.9676991292952449
0.9719709432606459
0.9739716608651885
0.9764848598892241
0.9772158491933973
0.9772560306953825
0.9804504377375742
0.9859291433097848
0.9860835602217839
0.9868786173288232
0.9892234902706343
0.9906483451968016
0.9914994592201258
0.9919307886253902
0.9928932089577351
0.9929555337888165
0.9931789826406657
0.9945522149551898
0.994863780218398
0.9950888417309319
0.9995269619961465
1.0015078384848923
1.0032268035399894
1.0036938666483979
1.00641270593593
1.0095048253934684
1.0101463980107315
1.0102274808928737
1.0105543698411168
1.0118526097262444
1.0129396307355696
1.0144524208382375
1.0149051738773096
1.021514652152387
1.0219014321102742
1.0237782147210241
1.024375270561544
1.0243990718973683
1.025661862238298
1.0278248250032733
1.0278941754704953
1.030566092037528
1.0312318933208644
1.0313257211656972
1.0320826450474558
1.0327054115252314
1.0334124248180525
1.0335456061588995
1.0336472173475557
1.0351958599861266
1.0387322192246276
1.0414622020067565
1.0420052072196047
1.0423441684140529
1.0445977584595876
1.046013909911245
1.047324584100452
1.0485927895486242
1.051225207099626
1.0547060711762468
1.0596040195825498
1.060967672478494
1.06149829240054
1.0630449773970803
1.0639222236026271
1.064879342325751
1.0660320256209699
1.0684160291247269
1.0709576952192879
1.0713937483747507
1.0724045682845567
1.07310311966984
1.0743505703531069
1.078193547050823
1.0798960616531785
1.0815136493914572
1.0816080228996865
1.0820619355556604
1.0822248690672265
1.086187793532786
1.0869823975299115
1.088939157359308
1.09156796310912
1.0954955941051017
1.0963575170310689
1.0966734615028635
1.0969729029692423
1.097494100273725
1.0990228841477965
1.099249524208676
1.1017041553301892
1.1060477926930319
1.1073426448741892
1.1074439856386664
1.1076536914001258
1.1093252679970025
1.109917032035233
1.110048967015323
1.1101203738873453
1.1101269953697028
1.1158056416970523
1.1159351713241117
1.1180835539740377
1.123821143492859
1.125268907890994
1.1288368083302172
1.1300660140457575
1.1313154236427638
1.1331053786047742
1.1337766842925303
1.1361433825629845
1.1361678493406933
1.137682128018544
1.1394265130975936
1.1395896860344001
1.1413444400004065
1.1442825534083665
1.1463605898770004
1.150804168768496
1.1527494096023156
1.153945222274176
1.1541285458527164
1.155040614432426
1.163376146526175
1.1668262389008583
1.168909547938978
1.1707372297991705
1.174217088362721
1.1743438253218372
1.1747139540057363
1.17474455541497
1.178561025180267
1.180599189862246
1.1807118736689506
1.1810443902235706
1.1839603613782421
1.1865460800281906
1.1910544524314988
1.193096121164269
1.1934705786036053
1.1946396328577655
1.1955952046994898
1.1972190201295523
1.1995722991167546
1.203350618910648
1.204817305699899
1.2081791603174556
1.2106551225404956
1.2133684856709936
1.2171409584227355
1.2181104679647508
1.2181685802824145
1.2219982588482445
1.223066651091367
1.2240132036548497
1.224115343355629
1.2241400128759512
1.2242686453364668
1.2246631657292313
1.2250064536753689
1.2252628005749209
1.225400094834177
1.225636382386135
1.2271622360301166
1.2289883699918018
1.2354370684388793
1.237344814147884
1.240357502642941
1.2441809903012404
1.2449687252952735
1.2462650924234009
1.246958750791553
1.2474850839793494
1.2489000566306456
1.251348290291467
1.2534005450009573
1.258120901509725
1.2611884153438222
1.2644494103446313
1.2648648075107818
1.272895539869874
1.2730120086398506
1.273670591677699
1.274139870265094
1.2775422309764135
1.2786733912797594
1.2799010906447175
1.2804704100094106
1.2808966583927317
1.2812463019336362
1.2812679995210936
1.2846499902643234
1.287014229505441
1.2918135390947647
1.2933742482127204
1.2959916928605182
1.2979258826205289
1.3057048784500638
1.30720120210073
1.3075624220111153
1.307844002049836
1.3094807739772127
1.309710391880108
1.3112410531721719
1.3125177668525236
1.312888883472977
1.3132558999720916
1.3139095110939103
1.3192683321290686
1.3194889153618319
1.3216960170077425
1.3230411732120482
1.3300313185534418
1.331218564104862
1.3340092858197063
1.3354712264437087
1.3467483169380714
1.3505499510045336
1.353674746969231
1.3583147327443703
1.3653452813424984
1.3719011921149555
1.3728264739864988
1.3752475043736845
1.3777817287345089
1.3781544974287525
1.3808022425212254
1.3813066800349976
1.3817608782533666
1.3883442987685404
1.3905894885007402
1.3930039024112935
1.3940934203090356
1.394450319040021
1.400450420351099
1.4034712862607708
1.4036583365187534
1.4038755796307834
1.4126450203873855
1.4127797878206894
1.4140143823684523
1.4167401866872336
1.4195614280547781
1.4201944044710348
1.4202043156976303
1.4205796377118303
1.424947309896969
1.4289892414298482
1.4306072887321752
1.434568172625681
1.4349719542164532
1.4363058120994436
1.4401669340672685
1.4417811361847261
1.4445004046995777
1.4474523494393607
1.4498831677879807
1.4554811473480607
1.4598963256647877
1.464991552648148
1.4660186697228
1.467956759487832
1.4688153723915525
1.4692021788292842
1.4692969055188123
1.4704584946607935
1.471817621054493
1.4742622731107027
1.4752321503864634
1.488851576207145
1.4899039911809013
1.4914540350653325
1.492019150231965
1.494140381518939
1.4964945400372616
1.5008015599288131
1.5028714979919915
1.5038440841034622
1.5112194230634004
1.5140506573071915
1.5203628737392987
1.5210053855647518
1.5305432841910567
1.5313292291550877
1.5331820166071273
1.5343094218193993
1.5360735761730355
1.5383862201696454
1.542468838300043
1.5433649382322727
1.5463132647083357
1.5472355482126845
1.5499485437123774
1.5606830180531175
1.563151172953097
1.5633530210243665
1.5658613489315587
1.5665033743065018
1.5675549993619702
1.5679517329446124
1.5703143130672672
1.5717241683283691
1.5756750842136598
1.5763694774703836
1.5792452070212653
1.5817895526471053
1.5818820032538916
1.5819913408985102
1.58360169251657
1.583855021975729
1.5885349949317193
1.5903010033098952
1.590795808760388
1.5912717025436893
1.5935857155713966
1.5983034081666865
1.6019468688693703
1.6047752293499253
1.6096223526893967
1.6101539878460263
1.6127100140702901
1.617080472445342
1.6194207024859766
1.619654815246327
1.6226228112809467
1.623621587468151
1.6307720910313508
1.6323863399316967
1.6344379468479695
1.6352275194157047
1.6411214012857085
1.6412371200107685
1.6415805092457116
1.641697695438888
1.6445444307675783
1.6515988298793185
1.6545149885802668
1.6593006914161834
1.6593642386199263
1.6600089436496668
1.6622371165755594
1.6659430833210784
1.6666958260629383
1.6703736602470352
1.6721132925021647
1.6760011577491731
1.688529208520156
1.6901335287622579
1.6938067442072495
1.6962371391511
1.6965510067834588
1.697183547239861
1.7022376411195368
1.7055202663440512
1.70958709116553
1.7126270292130334
1.7146674447435535
1.7152863888350716
1.7177641550234277
1.721465684670866
1.7215083225576517
1.7230007827919436
1.7239091345598847
1.725798696947058
1.7280262065779644
1.7288569597480974
1.7300456912761868
1.7311938977172727
1.7342501716503587
1.7381205832790143
1.7387412916966483
1.7414066221926459
1.7440141595455176
1.7514250663133175
1.7519467236008563
1.7535849677690347
1.753961455960132
1.7563222697191783
1.7599202349425744
1.7606878257568457
1.7612714083569496
1.762788220821653
1.7644208031337187
1.767094674115044
1.7701077961850373
1.774806446599302
1.775108083549555
1.7978453789637094
1.7981893970862055
1.7982849942073404
1.8032992923336413
1.8188656955274876
1.8246680964529292
1.8297564753847317
1.8304036093438483
1.8354370137619593
1.8415652453326714
1.8469695948871507
1.8480082723086215
1.8517945007811334
1.859337048364896
1.8690109279810958
1.8714360481606471
1.8892937655350286
1.894149895617709
1.8969694794561474
1.8989082203650847
1.9054159348926398
1.9074479629941112
1.9085391004963497
1.9217229841600276
1.922725619432041
1.9269269771160547
1.9288514354353705
1.9326145883879273
1.9374766310491844
1.9382096943826759
1.940947117846357
1.9489276568850489
1.9514245949506228
1.953130341132586
1.953134904279434
1.9540602825272746
1.9546719266642563
1.9630787961972016
1.9687987732339742
1.978974222112198
1.982043611193447
1.9821724802254197
2.0188612892950935
2.020845948474017
2.033880345788719
2.0432323564284056
2.05043285168522
2.0509219043193454
2.0530721936058045
2.0542122261819378
2.0589484544651118
2.062287028184654
2.0631785323072585
2.067242699593183
2.079489642467343
2.0910842507962055
2.0951789454885743
2.0966737240490074
2.1101014766549824
2.111495100164918
2.12085555443543
2.1219711367052954
2.1259282935163397
2.129928117053808
2.1367823394600167
2.15992776660992
2.160312263444274
2.169117084083344
2.1926912468692668
2.2060435687298705
2.213792186712217
2.2138674461787176
2.2191522141765954
2.2286557338754744
2.2346869739791715
2.2427254489721835
2.2504412487138294
2.253225159703364
2.2670597454205486
2.2733088185163863
2.287342540323901
2.3019934549466865
2.3055624101137218
2.3086332227562365
2.3146244418932618
2.3653944033725836
2.3696851424013725
2.387698140433767
2.4158403823727217
2.4211468367647573
2.4272473725216113
2.4526323310189935
2.496018096468617
2.5175380385706996
2.571657270986684
2.6027019515666154
2.6065272415680334
2.6514990066549675
2.900966635766567
2.933303784688013
