-4104.954017292026
-2056.927233089496
-2056.757040244138
-2054.198045914579
-2054.1832551901302
-1029.4671034697594
-824.7196339468231
-689.7965509315173
-687.7655989030181
-592.2201378986629
-460.62133145734543
-460.52732538158347
-297.1565794290983
-247.8507380621354
-246.66526141914585
-244.6550007746777
-233.61682306370903
-233.58482215108035
-232.20675530381558
-232.0200681640648
-219.61146562534321
-219.59099973373702
-210.76312932818294
-209.0355542093698
-199.6888293016098
-181.90239093599882
-181.5018391936501
-167.77850879642995
-163.04154353863512
-153.16723704161154
-144.51240288553026
-139.80684952214398
-135.12790015058172
-134.8412236450391
-129.6144712589116
-126.53410310902129
-125.44902420443682
-123.42487448208091
-120.45465657543156
-120.01216560594278
-117.84540430159086
-117.3757239752049
-116.76575559787432
-109.04489567287665
-105.51667861839695
-102.7682712778986
-101.90392837702238
-101.79308818317824
-100.79496402927688
-100.23795579383483
-99.99574097485842
-98.7380723397187
-97.57579528171868
-97.26695376898272
-95.07725398989888
-88.52645519483279
-87.40342248098379
-86.97450399999137
-84.8570821626898
-81.62514558611511
-81.59836194990385
-81.51531993491179
-80.6838382863362
-80.31177892356666
-79.45283376618227
-79.2734714739194
-76.36254559579515
-74.0661803517194
-73.365464164574
-72.98158846338397
-71.93722250895473
-71.74604310061362
-71.41508104881646
-70.82798275110773
-67.21211862822186
-61.659530015051885
-60.80078523757342
-59.142331312272425
-58.5603369528117
-58.54039758494804
-58.12223314847238
-56.818394346182195
-56.21133806815701
-55.4569748206547
-54.24835331735935
-53.623996399993786
-53.490294465642734
-53.46556772265293
-53.44461947567882
-52.137757976702915
-51.52935974524104
-51.156570616532555
-50.98249315376447
-50.90738627137186
-50.386143140921334
-50.0793697178816
-48.50615320082878
-48.07148690721195
-47.9332853702069
-47.824582191806726
-47.56440570212851
-47.01872008257177
-46.82485199583209
-46.777799609185365
-46.316658952946405
-46.186938524989316
-45.99161021173135
-45.986833570729864
-44.5692244456747
-43.68570409031632
-43.482199171180525
-43.328608607093315
-42.835083693878445
-42.577592632897854
-42.334027191886705
-42.199448686482654
-41.6782812557904
-41.63595692573425
-41.48429580507255
-40.4353180919905
-39.391109849121314
-39.24263897588449
-39.02225462567302
-38.72308283953187
-38.62817008284348
-38.4672546060911
-38.420263479018125
-38.41182107747011
-38.40411692173064
-38.31637260724213
-38.2551651915832
-37.792486524425286
-37.477577414705486
-37.20098912899768
-36.82918035605146
-36.67277839991617
-36.39703911437914
-36.29368685884171
-35.9404356819311
-35.73666417081546
-35.624958185358686
-35.516154958186334
-35.08325353716292
-34.33829575046115
-34.22773737900778
-34.16292214087974
-33.91494141911468
-33.90220657354291
-33.453785181062734
-33.04647635555823
-32.87846028934132
-32.392728728971605
-31.07899485670272
-30.97017257219503
-30.89095976591584
-30.789217324122735
-30.480692063951786
-29.820107030082255
-29.489238536487367
-29.45362219763087
-28.95230317686258
-28.861303590227312
-28.67135944098155
-28.513882217997846
-27.328622234982454
-27.181245388317446
-26.887013970658977
-26.695014143684617
-26.637978178541054
-26.57302169651435
-26.39716711907009
-26.332420260002866
-26.204530369052254
-26.183862526641295
-26.173991429092645
-25.879960427713208
-25.80874291737848
-25.77053391856393
-25.596131238362187
-25.21873876052084
-24.717464572566964
-24.611866207892195
-24.60797164984221
-24.52105021909741
-24.31366176627796
-24.19684274495098
-23.726670877795087
-23.714783457806455
-23.696778834033026
-23.493172919582364
-23.224327537522406
-23.169453805135763
-22.934517743507868
-22.60474123657026
-22.556601519774063
-22.5099249919087
-22.391732155397968
-22.372753156314587
-22.349553934055805
-22.23434703908642
-22.093753384594933
-21.98431140808283
-21.94627720374581
-21.90355234986638
-21.815836544897778
-21.80042400069641
-21.698915441782898
-21.673027246987182
-21.542600208704002
-21.438242711035976
-21.40711911142155
-21.29104904463989
-21.287251669945004
-21.1083168427016
-21.022799452583275
-20.957036204563476
-20.94654971063935
-20.94420693417652
-20.820426145782843
-20.8139221497173
-20.738380775578865
-20.646198661617195
-20.64095975531209
-20.50512277751889
-20.381625303157733
-20.307484466838453
-20.24583119872918
-20.059950747223837
-20.006384791970497
-19.78304077246608
-19.767961188175885
-19.767218596028577
-19.621320284901444
-19.458244398535562
-19.436925196834224
-19.313474612951723
-19.224061522869025
-19.215462614362963
-19.187440473721
-18.967496147829458
-18.948044202467504
-18.848405862567013
-18.72256753406169
-18.67015742522074
-18.652036351462748
-18.533176819991574
-18.507804905516824
-18.44514962488569
-18.420169783376497
-18.384256455676148
-18.37206532845753
-18.248204548726406
-18.187164796329373
-18.02822667556606
-17.961375410103003
-17.865930375016937
-17.816845723576527
-17.760478724994073
-17.58159440851525
-17.563793479864394
-17.518502198619654
-17.50040986356594
-17.40883569847335
-17.387751862544466
-17.26911243367751
-17.141891704719736
-17.13924889226389
-17.116360159342307
-17.02354777348821
-17.003418758475792
-16.957720761249774
-16.908706272851326
-16.820528776774047
-16.74237210473037
-16.653133463373948
-16.62997490997987
-16.58987739106815
-16.573106693359488
-16.385953704088703
-16.319307670658507
-16.300553383070422
-16.19719138795225
-16.117281690706598
-16.11420773774092
-16.070826925350246
-16.049491618829016
-16.045750102117342
-16.04453559198258
-15.931487427993943
-15.817103040325739
-15.72488995461104
-15.70435062163204
-15.679680319431755
-15.6092613514686
-15.54374958345486
-15.435573064043071
-15.358040670483822
-15.252326539941933
-15.225016199273252
-15.166763598793608
-15.160821794002182
-15.089309537091564
-15.073924153906038
-15.064544356096158
-15.019037428012123
-15.016911113716548
-15.011457028271153
-14.986201730604703
-14.952132127188325
-14.858661253075253
-14.737755452807859
-14.67321662148596
-14.672133001237029
-14.631130234522605
-14.587877481691226
-14.587630583866256
-14.510827428650487
-14.374560189134055
-14.233952186398163
-14.232469368572392
-14.228814628127992
-14.217165891509925
-14.185333243015169
-14.125128253033143
-14.11528120958237
-14.027195704704608
-13.98569877777476
-13.948151572985392
-13.934782808083622
-13.887452704475233
-13.883411754884294
-13.882991611263432
-13.845051460316402
-13.840421432592716
-13.806344688786524
-13.753603548638802
-13.718003874272286
-13.66805642648935
-13.640808787198106
-13.636555064820714
-13.549667134980906
-13.475043791457294
-13.463497929703893
-13.407359137219105
-13.400588138228139
-13.288782126280559
-13.268406029926604
-13.247575921909506
-13.214442853665311
-13.211576742282027
-13.205331829739452
-13.176717790648663
-13.173632746914897
-13.173166725613985
-13.092507920156844
-13.042875570704027
-12.952823999833925
-12.947444222662007
-12.88735707626809
-12.872286269144915
-12.862758443199121
-12.85285258653602
-12.764616712919636
-12.704507532751924
-12.689285203037846
-12.641609205019428
-12.619473013238045
-12.576889051358851
-12.54871616371323
-12.542768498278555
-12.521089946416787
-12.510652973344971
-12.430047599167228
-12.427360855209946
-12.407209273979724
-12.366145337877258
-12.355157508354282
-12.333085296851872
-12.32124924936556
-12.286207867514143
-12.268779676834937
-12.208842691393457
-12.201383778516274
-12.198396639938496
-12.186609863962467
-12.177046821916978
-12.174649830992234
-12.174562406152415
-12.166273888154468
-12.102859367187861
-12.102565952724113
-12.077457855629486
-12.063459642417037
-12.028496513975451
-12.024818038390944
-12.009357214256754
-11.997379915227338
-11.934628050681024
-11.913528710584917
-11.899144020145316
-11.869643458578844
-11.851229929783646
-11.840167178014738
-11.813124044797558
-11.74533557350496
-11.702442257467698
-11.699885353377889
-11.699366846960602
-11.699005225738505
-11.675515808949308
-11.657860001395358
-11.601257142331683
-11.561792118515505
-11.531803364098327
-11.505205648418265
-11.497613520247992
-11.453613881630618
-11.414387847319142
-11.374256327568585
-11.367725383975952
-11.34433274481692
-11.343834276248973
-11.34159947652334
-11.246653309484625
-11.152484951972077
-11.13458522301993
-11.12320906616048
-11.081138997122313
-11.065218601601199
-10.981669370552412
-10.979710814571717
-10.928572586870706
-10.891074367641608
-10.866348703744517
-10.862792222190212
-10.83512025224644
-10.834348157572911
-10.832842428678015
-10.805373143176453
-10.784723175898915
-10.755982720350653
-10.755925803529298
-10.753883137627607
-10.715576416618783
-10.625679949169857
-10.62236472121365
-10.587764310845316
-10.551958389903538
-10.52103320231507
-10.489777886434943
-10.481496834280666
-10.462060159402693
-10.46150396067313
-10.450432370106565
-10.449752017455527
-10.438650624616574
-10.400201139784667
-10.395650989765103
-10.369182267398493
-10.353267667854382
-10.35235991696307
-10.348916377539755
-10.34393587331941
-10.282073976887606
-10.261827235345741
-10.222368461905678
-10.221689049598123
-10.205940227973924
-10.200491287969076
-10.166119469655666
-10.155473888436811
-10.130011094076883
-10.123023097568923
-10.092305822276835
-10.076166700939506
-10.062565277013
-10.019639469212969
-9.999124807612258
-9.970359237674163
-9.880235623634
-9.863828615112698
-9.826641673403211
-9.778743037387084
-9.710651343940093
-9.689049626323003
-9.67312409688519
-9.671934900111586
-9.633196387414745
-9.627083689998951
-9.57663930659986
-9.550263210653249
-9.545706375503995
-9.539605747278964
-9.539478738055353
-9.508613323501157
-9.492776721975375
-9.491740596353953
-9.45695424800711
-9.454015998214604
-9.449518808615416
-9.422348358282967
-9.394220508268878
-9.393163240446778
-9.380794776969609
-9.317435665890066
-9.29246889957487
-9.287390212364496
-9.275331092109877
-9.255982629847537
-9.238929853295751
-9.228113840631742
-9.205441724701851
-9.195000785298422
-9.187934500168579
-9.168469639081488
-9.167014065655959
-9.158957385809645
-9.151596887083425
-9.150103599456823
-9.136256005958998
-9.109584625083363
-9.102122212464316
-9.098124778199224
-9.09713685116888
-9.056832835662227
-9.02911389453615
-9.017129269335413
-9.003213520313306
-8.987593465468095
-8.960201306507148
-8.93966373874061
-8.932465005257951
-8.923867817271969
-8.908398796937222
-8.896680697733625
-8.890503391689863
-8.882561675420956
-8.877062694199065
-8.865551239021908
-8.863839525162188
-8.859244543382378
-8.843181743640192
-8.829021077006686
-8.822092500915522
-8.814804504882847
-8.812262432433302
-8.787097335802507
-8.744646997176169
-8.74192005441682
-8.73323504029475
-8.721235784572173
-8.71629109820434
-8.69482006256478
-8.65705526678257
-8.652806376724962
-8.623789456052087
-8.622905773086163
-8.606508032694972
-8.571785343175002
-8.547626727574745
-8.54181056078967
-8.535573858054349
-8.527342406753963
-8.526241130225529
-8.506275326762385
-8.494522486072194
-8.469387516582504
-8.463761717409387
-8.456992699530197
-8.45621795664193
-8.449756975860684
-8.390062584631739
-8.37848025172126
-8.372418858044702
-8.356748203837721
-8.340788323140517
-8.333140892910414
-8.320269611766127
-8.318846566815937
-8.31700788730181
-8.305597639887946
-8.265656311169579
-8.24482352584659
-8.240842174701218
-8.2391880251418
-8.235862000170705
-8.235220085519869
-8.21093207392354
-8.188045958332813
-8.174429736173721
-8.147564512120878
-8.143611896603323
-8.13499283112309
-8.094098082222564
-8.074424256848834
-8.06647378403361
-8.053218405232556
-8.04311824369241
-8.040846729522514
-8.034203290012552
-8.022373087901023
-7.98893111619186
-7.961885713069646
-7.92834815871072
-7.924767999259805
-7.923954907390937
-7.923509199891057
-7.918337060961585
-7.911171331883244
-7.873964402347113
-7.868363374043447
-7.837002925200348
-7.799967815448051
-7.795342673527043
-7.770346501006848
-7.75521394873363
-7.725650421123837
-7.713965152477187
-7.708460084492287
-7.699859403050878
-7.69700602392022
-7.692374023918708
-7.659424515725691
-7.650112318310721
-7.63877567659536
-7.632765014684543
-7.562601615003324
-7.539482305175133
-7.510931690472483
-7.484870938905766
-7.4821183284757335
-7.476658452416949
-7.469992688291124
-7.457211796250654
-7.451450910342214
-7.450590322065813
-7.4489582336226965
-7.444703998443156
-7.438292403992311
-7.43491635635619
-7.423223923018138
-7.402887922474742
-7.35597874817036
-7.334771113727411
-7.3335351795586
-7.314095549684593
-7.303039252095843
-7.285512784244439
-7.283997605674591
-7.280301695073265
-7.261619212388125
-7.261283000497798
-7.254751135838071
-7.247371703750934
-7.23716645709573
-7.235119161129129
-7.231778216553195
-7.2248849710056495
-7.224744456310449
-7.207308005872608
-7.20033251428068
-7.1900359129998
-7.188316065538279
-7.137206140133553
-7.128080045423561
-7.11164149883526
-7.082869661186439
-7.06322183896185
-7.02793909966999
-7.0233960427253095
-7.020036969295722
-7.011331389854373
-6.998075450886933
-6.992857691885256
-6.973769430730055
-6.945065386337565
-6.934383903864158
-6.920857322899375
-6.914098333309177
-6.896651702665534
-6.895230433328304
-6.894977461194557
-6.864364302697529
-6.862729291549819
-6.850875256537816
-6.850630193039838
-6.8324209727757665
-6.829351154093368
-6.814102780600928
-6.8071550556477565
-6.7996232636866605
-6.781326816004032
-6.772883960213401
-6.762876774042352
-6.758295144922334
-6.757224015781228
-6.733984123805408
-6.71985355227712
-6.705798121717239
-6.704216862930709
-6.699083253682239
-6.6974155933596435
-6.682289840373684
-6.677650717009355
-6.674675059578653
-6.668494776559264
-6.664516743995154
-6.657110262583644
-6.620635868355057
-6.616829275668027
-6.6107549453996945
-6.606545465430196
-6.599185672913449
-6.593787886347643
-6.569617514053961
-6.557951886991386
-6.554645333855035
-6.530757002649579
-6.52627672991579
-6.500890520190094
-6.498209509891637
-6.493505838189222
-6.489084906377402
-6.474274779192703
-6.4610301536968375
-6.456521045227926
-6.441446985614716
-6.436817309167673
-6.4331808305429075
-6.431791088990348
-6.4274432414610665
-6.413453755325248
-6.409232995940944
-6.40421458688878
-6.38782827924503
-6.370606500017895
-6.361223471527787
-6.359711115905166
-6.334552573738872
-6.3326864165021455
-6.33182846688086
-6.3229969708149465
-6.32264721064194
-6.3156284380346825
-6.31231282376482
-6.285910427212318
-6.2731163147213
-6.2717807173846065
-6.265235844911629
-6.25902507868674
-6.248706091516235
-6.248626398759525
-6.243637906764593
-6.231665784825041
-6.223782499537464
-6.216814951473346
-6.2059996021936845
-6.194035679073508
-6.177968216891372
-6.150848347326301
-6.14604420983887
-6.129316983707061
-6.122386150936029
-6.116680303647403
-6.112505510339014
-6.109634947941858
-6.10743606862072
-6.094799719375898
-6.094193505705679
-6.084397486493726
-6.082539119103879
-6.0555284834178424
-6.047118052234291
-6.036734753909464
-6.033483258444415
-6.0195985092424795
-6.005445217714483
-6.000599647531992
-5.9950484450333175
-5.993353764479425
-5.991213098921098
-5.983062541404157
-5.979813965420353
-5.97402499703612
-5.94069150429923
-5.937687164570368
-5.935170466005109
-5.930208309011327
-5.927719005967614
-5.925376525131077
-5.91334891824442
-5.910635797246362
-5.910308306896312
-5.908603538506063
-5.908183772431068
-5.906794273198698
-5.900517637679937
-5.89777604071962
-5.891433285392633
-5.879451204094174
-5.872206863177581
-5.862855205787265
-5.857669996520291
-5.856565328454508
-5.851551464767541
-5.838198311695792
-5.8322417847284935
-5.814372367321878
-5.813382634753518
-5.8041860001426375
-5.796823055578562
-5.789385118900821
-5.788339311527884
-5.769444544700285
-5.7626408530143385
-5.761608545262345
-5.757730325716693
-5.752197485379908
-5.744121959738056
-5.743099643285006
-5.739804420734172
-5.728898073561494
-5.722114112918
-5.715142833958375
-5.700281748760203
-5.693016901925597
-5.689931201731776
-5.689018194782652
-5.688319020961792
-5.686201908936601
-5.684128772965927
-5.679202548561145
-5.6762417805950225
-5.656283636452721
-5.655712894565468
-5.650531315812764
-5.646278508758122
-5.643656178681624
-5.64255329394995
-5.639864200954969
-5.623030507031294
-5.600429177323321
-5.599994128276911
-5.586919539499692
-5.5807077242205185
-5.57460686309706
-5.570744741725244
-5.557829137559016
-5.556574603077427
-5.548216843912874
-5.53963970525769
-5.53435469749769
-5.514672939217885
-5.514237460581089
-5.51169905059402
-5.5108214102656365
-5.50516508465773
-5.504297580764723
-5.503611284503583
-5.5025591538861445
-5.487333785543624
-5.486531863423277
-5.481141509537809
-5.481132407679111
-5.479818256001795
-5.464837553221434
-5.461763797818335
-5.459663890240703
-5.446837445261134
-5.443061107564706
-5.420594722724673
-5.417033017435634
-5.409720402053838
-5.390980033972916
-5.39072816304351
-5.390263857470526
-5.384410053490804
-5.376603699644634
-5.3757810819571485
-5.368076507687743
-5.366671684409644
-5.365351110247746
-5.364114717233469
-5.348148915861917
-5.341552797279473
-5.337325760040475
-5.337100551453073
-5.333622529188514
-5.333174285704788
-5.3296989642942005
-5.319918115258086
-5.316856008138037
-5.312439780860792
-5.3057784254880875
-5.299637126610128
-5.2786489949307684
-5.269820563206059
-5.269447160455915
-5.2671685490240705
-5.26528995778297
-5.260451826911228
-5.238419337077984
-5.233683332696371
-5.231074122390689
-5.224416393683687
-5.207978737612423
-5.2040897194279045
-5.199395469342314
-5.194295549265057
-5.18772939128892
-5.185628711164454
-5.170105807533801
-5.152060035770511
-5.144026633637329
-5.142067620262053
-5.134081047695844
-5.121099832810001
-5.111340269950829
-5.102050400817016
-5.100518600295793
-5.0969942948410925
-5.079486698894346
-5.073647298949633
-5.072514552426126
-5.068730266088591
-5.06485815743701
-5.063062109453787
-5.052172994547558
-5.045587138990626
-5.043889039957372
-5.041964733442046
-5.027846496864047
-5.027729992545354
-5.013781984908127
-5.002101202038798
-4.998192448839687
-4.994981423335759
-4.985847164347355
-4.981605408318421
-4.9774978049095475
-4.971730697133104
-4.9657877445646434
-4.963826668311373
-4.953848095538162
-4.952314076926133
-4.951973853764024
-4.951751530588461
-4.945195556967393
-4.944400846786131
-4.943563860149812
-4.938102252908324
-4.9352121951529355
-4.926957593478789
-4.926114562700159
-4.926102576155763
-4.923173057284826
-4.922809120451835
-4.915466631597994
-4.893750418141112
-4.889872211925717
-4.886431559304945
-4.88198182133705
-4.875978456338188
-4.873922704529867
-4.86858497780013
-4.867732925165842
-4.860304802965546
-4.850529780349408
-4.842139498864895
-4.837962808487807
-4.825019715749503
-4.823857235020297
-4.819918955452159
-4.81976652754358
-4.796164474482315
-4.795904262204434
-4.791304746181047
-4.7891834726408495
-4.7813192937395375
-4.7802778209897046
-4.777975117860274
-4.775687143285566
-4.764112345086942
-4.761017158594489
-4.740425640815194
-4.736002805896487
-4.7298000931474355
-4.7278429992074935
-4.722259554743063
-4.715979256827877
-4.711991359782024
-4.7106998051673745
-4.708352967857246
-4.705059347431066
-4.70486560282857
-4.693085833192576
-4.686320828367357
-4.682570679881404
-4.682284560173407
-4.653677251824952
-4.641005072041585
-4.640780274002616
-4.637183364181643
-4.629685301853031
-4.622499628801919
-4.619403304180454
-4.613171897740724
-4.6122486437195445
-4.60959031041898
-4.599729768760407
-4.598285261831349
-4.596263940238872
-4.591231952891253
-4.581749560330954
-4.572208218500886
-4.570916231089172
-4.55257711179777
-4.545918252429153
-4.53983347233965
-4.537694408284027
-4.5324912483238915
-4.528296888980115
-4.5243904239196695
-4.513823758911979
-4.511114216145606
-4.508398406876539
-4.507571509746114
-4.505009503378647
-4.504601406222113
-4.504438460346338
-4.50408022857859
-4.480599078889101
-4.473235812912172
-4.469654572011392
-4.4690762182091275
-4.468601180602003
-4.460563491472186
-4.458900128540159
-4.450128501287994
-4.449164588961384
-4.441099330057185
-4.4261788507749396
-4.417327325469969
-4.406075886621492
-4.398749654966556
-4.397893105210613
-4.3929407075266
-4.389542369616894
-4.388117696346626
-4.378322872800343
-4.367895285412541
-4.36515786601745
-4.363873217575895
-4.360838734197227
-4.352125799755297
-4.347412415495858
-4.329500545954886
-4.327828575640266
-4.323764195230614
-4.322591942251752
-4.32224890879171
-4.320839341662211
-4.311151834727035
-4.29057352422039
-4.272629303650966
-4.2666250078473205
-4.2652545876328976
-4.257071825600377
-4.24671745961954
-4.2395930399007105
-4.237090671722338
-4.236580338032288
-4.231569268727993
-4.229599265333838
-4.220855546532439
-4.215382118524237
-4.215149563997937
-4.213311883239481
-4.210804511004482
-4.204400792676403
-4.19499750278099
-4.192707756612275
-4.1828960863265685
-4.173726024773286
-4.16290782090632
-4.161161743273082
-4.160407471603178
-4.153318059989764
-4.1360860632138206
-4.1332593181801895
-4.127409834114413
-4.123312353322705
-4.122949683181015
-4.118925946267987
-4.118491462188811
-4.116262063063962
-4.114074336974371
-4.106693875982636
-4.104121398845819
-4.0967754279982405
-4.096481333451173
-4.092233839976373
-4.088465385159633
-4.0842592764170655
-4.080387121853386
-4.080358375024317
-4.078684710168542
-4.070071694758683
-4.06961407074413
-4.061187957971104
-4.056667618221912
-4.053544446668832
-4.048160985919274
-4.047938945910991
-4.039677200871001
-4.0377227679468985
-4.0274156649171635
-4.02170100066502
-4.020372633522779
-4.014957066776146
-4.012562062484268
-4.0070142195548915
-4.005240885179
-4.002220548070375
-3.992034600224202
-3.9908588150949305
-3.9801911160895584
-3.9776495045018034
-3.9718731892336714
-3.965234588339607
-3.9627185246313843
-3.9576061990652587
-3.9561657433975252
-3.9507695413698
-3.9477726078198594
-3.9405117730579686
-3.9370045892513144
-3.9177934844303444
-3.9108328659763205
-3.8943818167953412
-3.8888368007530367
-3.8875588211726604
-3.8862290591569852
-3.884871739596707
-3.880853245727753
-3.877542980557849
-3.87185786931014
-3.8673614688671165
-3.8665199597838447
-3.861923255886849
-3.855751452539229
-3.85224364374988
-3.8485565266662958
-3.843241013278094
-3.8405196491056914
-3.8260166066049237
-3.8247069388254715
-3.823110868634731
-3.815109344772442
-3.813311613504409
-3.8080191825348244
-3.803251894635375
-3.798300093712153
-3.796019975013942
-3.794949114003299
-3.7832372280153397
-3.7755735193818944
-3.762518562977995
-3.761729500393714
-3.7503902066106587
-3.7479334959509636
-3.744881535309143
-3.7403989783562803
-3.7283480857831597
-3.724414171431827
-3.7229117927892927
-3.7220534395848572
-3.7139288848364975
-3.713754848389658
-3.7116878335731576
-3.709034586791529
-3.7051871872910525
-3.704976542987981
-3.7011738697148697
-3.6993100291568135
-3.6975539668044943
-3.6884456776368006
-3.6802606766997963
-3.6706403487755352
-3.6706375841875993
-3.6690032089985296
-3.6681631511672563
-3.6624722217125716
-3.661326977952253
-3.653472548736677
-3.653453640790411
-3.6452746833999097
-3.6183196959249186
-3.618165411581309
-3.603378711923895
-3.603188354514945
-3.6006775571082352
-3.600052440442369
-3.5982851220083
-3.59736531161108
-3.5955396265557704
-3.592764123475926
-3.5885743751857597
-3.584496543468984
-3.58285750561257
-3.5743588531036523
-3.572381576071935
-3.570018124102879
-3.569001401729473
-3.568331848838118
-3.5682981719303988
-3.5644290828393475
-3.564282448793562
-3.5630736631354107
-3.5601754636617553
-3.5506590163522826
-3.5490684941240795
-3.547886976348879
-3.531745499225643
-3.524320467365139
-3.5187608262935752
-3.51574207276978
-3.511240071635984
-3.509090814976233
-3.5080394283429723
-3.5036336034697775
-3.5033891249530473
-3.4954436585086044
-3.493023233203726
-3.489409773029955
-3.4861911062332713
-3.475998695161791
-3.46951239408016
-3.465962867446372
-3.461424500992514
-3.4496730705459413
-3.4446078162914926
-3.4436169166553317
-3.4428149147886815
-3.442285724124954
-3.4413915857256363
-3.439710000117042
-3.439285728872129
-3.4350454539510977
-3.428259762345025
-3.422125854419748
-3.4214226360783178
-3.4176841030897185
-3.408777079908264
-3.40857200033852
-3.40525189848059
-3.4037711061064178
-3.4023883063007188
-3.4003162889759544
-3.3976240149450367
-3.397403582833552
-3.396269508689628
-3.387822819820019
-3.3877949591747214
-3.384907967435572
-3.383002397375197
-3.3825203279368568
-3.381589598088924
-3.3739786520402495
-3.3680611571860877
-3.3597642934449397
-3.357709199951694
-3.35262075582831
-3.3514202055580724
-3.350159134777707
-3.3498542752884517
-3.3458790800471374
-3.334192113041362
-3.3317418840716355
-3.3301572240545294
-3.325873888417293
-3.324188260857167
-3.3228748312514322
-3.321154624984655
-3.3155421788886343
-3.297423104928054
-3.2889963410092133
-3.285256132042983
-3.2825531844294393
-3.281620511566901
-3.2777792300272433
-3.27308829384923
-3.2633798451979383
-3.2618775567782374
-3.260171747805476
-3.25498396327257
-3.2546428939689895
-3.2402909533868667
-3.2309935808804964
-3.227551783291731
-3.2272791618479055
-3.2207291654504395
-3.2200254107467225
-3.2160618610203073
-3.2142973103735843
-3.2115533803671896
-3.211209864226904
-3.2091278271841155
-3.206529738966447
-3.2017825319986635
-3.200956397031266
-3.2002506716574115
-3.195393411555221
-3.19414303421049
-3.192159643111026
-3.1896162540523996
-3.183711355862413
-3.1802212831339873
-3.1792172625277972
-3.1759037033750555
-3.1740752058271813
-3.1690975329829563
-3.1681184958250705
-3.166332086216411
-3.1659442881184137
-3.165221975725074
-3.1605571783074007
-3.1595457667473994
-3.158620589675167
-3.1581634301263684
-3.157936376325646
-3.156290134331881
-3.1547879249769695
-3.1530961565902667
-3.152806421575516
-3.1462251086652975
-3.1459924043177514
-3.1371041175114276
-3.1318863539625603
-3.13179941929447
-3.13145761430261
-3.1299453226587928
-3.108274074290785
-3.1040309078926738
-3.101516908621883
-3.101123152385469
-3.0987824907751222
-3.091702272383107
-3.090784768092361
-3.0863715790245783
-3.0844051344646566
-3.084396789175025
-3.0829339147377617
-3.0791099255082868
-3.078711746896335
-3.0708343267187823
-3.0681459687103994
-3.060033064539538
-3.0585852265183178
-3.054884915653577
-3.0451243691793257
-3.0451189532089566
-3.0410780899095697
-3.039921862334354
-3.0352111875404284
-3.031263743060548
-3.023757105610141
-3.0220058052119616
-3.021531118653516
-3.021125476409339
-3.0203946668495227
-3.0170686117147523
-3.016504875481873
-3.014434950303013
-3.0125417704636006
-3.0064350112834077
-3.0036796906566803
-3.002123275916326
-3.0013861977468403
-3.000469838881087
-2.9986982828274438
-2.992570070341974
-2.9870363681518866
-2.986872800161535
-2.9854490865687784
-2.9851632355096647
-2.984470233537065
-2.9775663822696044
-2.9749485001338227
-2.973220377352674
-2.9708064267488865
-2.9615739506592007
-2.9587288140524963
-2.9563124486662185
-2.9505787809645314
-2.9466107564693482
-2.9384071930234845
-2.937680871856417
-2.93528344237884
-2.9272475918285625
-2.9268124638988766
-2.926723884951077
-2.9169560652467985
-2.915316802234603
-2.9117775491515947
-2.9087937983271988
-2.9036096334109507
-2.9007743468919474
-2.897889276743536
-2.8967443141050624
-2.8894622217334787
-2.888851281214215
-2.8865604789962553
-2.886309116317511
-2.8862312520151048
-2.8821979523998573
-2.8794142550684825
-2.876553240927686
-2.876082588329476
-2.8727815898476834
-2.8723488502349563
-2.8685571742507845
-2.8613711402255126
-2.8606155560461364
-2.857330011412377
-2.8570552051203624
-2.851774311507489
-2.8510143030153645
-2.8472549482007037
-2.8459349039455812
-2.8415260859549916
-2.839897770272607
-2.830996299720224
-2.8294198002981847
-2.8176746975734765
-2.8158227438547216
-2.814713750218043
-2.8135681047280543
-2.8111834387802226
-2.809325523229048
-2.8083391185708653
-2.8081933920061286
-2.807242735469668
-2.8060681017064093
-2.8036101446684722
-2.801175374965316
-2.7999027751523133
-2.7965838918045725
-2.7909039602866534
-2.788974400238861
-2.786584370085029
-2.781869376074825
-2.7753884131963313
-2.7740925809872667
-2.7739121114817027
-2.766602453579834
-2.7660843069957752
-2.765656971086538
-2.7644572490481796
-2.7613134653922327
-2.7569398026750926
-2.756576086878042
-2.756511462038828
-2.7502880364864364
-2.7374061789584356
-2.7372804224339475
-2.735436836492152
-2.7354190348479843
-2.733725361719437
-2.7328509535363366
-2.727770448272147
-2.7275708019259928
-2.7237765238806726
-2.720816493685045
-2.7207723953133782
-2.713910993317101
-2.711323731715155
-2.7088133718946708
-2.708034944086416
-2.7062624116796274
-2.7034724128413306
-2.701570666379328
-2.701040672141768
-2.6992689421230702
-2.6931782493313143
-2.6906684656133404
-2.68561323011068
-2.6848505898924495
-2.684003236448678
-2.677389991802779
-2.6739150820154727
-2.6736492401290515
-2.663422333352144
-2.659778570164385
-2.6580239445903717
-2.656259321617287
-2.652589557966764
-2.6525534128609167
-2.649660526247178
-2.645070353187705
-2.642704195979449
-2.6391448901207575
-2.638433965242347
-2.6331554495738003
-2.6239405491458836
-2.62046820339923
-2.619096354559816
-2.618796289971803
-2.618765938060606
-2.618137880488264
-2.613660359037419
-2.6130231093890015
-2.612345959966639
-2.6109745598024348
-2.6098883437914844
-2.6088558276102782
-2.607753899011281
-2.606658376240869
-2.5964924115384584
-2.5956997411635796
-2.5913928026543123
-2.589661798446124
-2.584726524257036
-2.583424013440621
-2.5758797465148513
-2.5694416630456653
-2.569318605393508
-2.564826636560272
-2.56430068842861
-2.5636062221505984
-2.5618635183079737
-2.557326682112361
-2.5568149297834064
-2.5562055090266362
-2.553528986316924
-2.5475691374045732
-2.5475383202014337
-2.546164617906965
-2.538888116432127
-2.530987691156599
-2.5276282353032347
-2.5243786307494798
-2.519546173726388
-2.5182907141496615
-2.516374837335446
-2.5147231148824956
-2.5123093107024346
-2.511191592100715
-2.505921367796424
-2.5044186077056985
-2.5002545776334593
-2.497158585929112
-2.4943047631972917
-2.4937356995706366
-2.4934620288089646
-2.492812248187679
-2.491062951607492
-2.4863400837061715
-2.484359572806029
-2.4842366073344646
-2.482270924325857
-2.481066016208965
-2.4802173386857924
-2.4733481330749916
-2.471226424139296
-2.4658297086973584
-2.461332117173731
-2.4611142631214724
-2.4596509401213007
-2.4596216976281764
-2.455448967023992
-2.4537971179942892
-2.4508636625542293
-2.450051591784147
-2.449857268942951
-2.4458909904746844
-2.441242035017004
-2.435210676827551
-2.434964110614829
-2.4346017396311126
-2.4324823934164668
-2.431362611611556
-2.4271875115166166
-2.426526881232642
-2.4129328280896063
-2.412517708956295
-2.4085132731331145
-2.4078382512211767
-2.402023457823766
-2.3925631053165564
-2.3897143398502445
-2.3888695574292336
-2.388393237978349
-2.386556421389325
-2.3853214196395984
-2.3841400791805945
-2.3834087178523964
-2.3825680294106166
-2.3814728890639527
-2.378435376133435
-2.3754807726218443
-2.3609985645475287
-2.3558811028673254
-2.354823216116081
-2.34937497053301
-2.3461036813470773
-2.3390363031951265
-2.338880958779233
-2.338627110563302
-2.3367658068219264
-2.335103733097558
-2.3348395552053924
-2.327879860515407
-2.3275883440491545
-2.325498601828217
-2.325132571952725
-2.3221744135003064
-2.3221492101760566
-2.3202500447520036
-2.320108743014652
-2.3139706787713443
-2.311911106563026
-2.30716569910529
-2.3051351398901567
-2.302779997784639
-2.2943681571608248
-2.293453161810248
-2.2815506682174633
-2.2805695988258057
-2.274727126281898
-2.2741260462762183
-2.2738095626982906
-2.2681661513574136
-2.264472158333419
-2.264449853638451
-2.2584100419395146
-2.2564729178559557
-2.2548965430734347
-2.2513176346609507
-2.2474481598729965
-2.247073843740733
-2.2446826846668024
-2.2438527432517166
-2.2419231878970534
-2.237882260447714
-2.235098832529655
-2.2348526710994436
-2.231829356698372
-2.2294862778401288
-2.2282138491039074
-2.2247525969771482
-2.2195717895713236
-2.217177453924454
-2.2160869777543803
-2.215961248686921
-2.2123003972057487
-2.208857271194903
-2.207211885046063
-2.2059116247940773
-2.203674779448049
-2.1989745071773292
-2.1972394198412992
-2.196183682865874
-2.192777809509602
-2.191521714149326
-2.1892637322351973
-2.1832365118884534
-2.180007600602988
-2.17963602470348
-2.1794786430742312
-2.1782839058578056
-2.1777718324511364
-2.176296924708067
-2.1749750285585567
-2.1748888870006895
-2.1670274803072678
-2.1648100748482593
-2.1634420778334706
-2.1595787019639094
-2.156842876692923
-2.155429589374515
-2.1553019019828206
-2.155014098716499
-2.1545818396521064
-2.1483573379257423
-2.14755708218149
-2.1466171832704015
-2.1462486956932807
-2.1459795895799836
-2.1433949813254767
-2.1422116340429893
-2.1410242231845364
-2.1395155000738155
-2.13615994676469
-2.1341461874672465
-2.1333750095961888
-2.124007566247756
-2.118955278926478
-2.1176975359758496
-2.1126982851446026
-2.1107221722587366
-2.1029918521019875
-2.1028392949487444
-2.102015493923572
-2.100623325045431
-2.09845901921207
-2.0977792757625533
-2.087075561884033
-2.085906783566985
-2.083948177846468
-2.0826592032261395
-2.0817502612702072
-2.0808431893622443
-2.073148605538677
-2.0721380767290962
-2.0652590347809703
-2.064146300538537
-2.06254589847679
-2.059465522551925
-2.0551134098191564
-2.0549651504428184
-2.0513639208972014
-2.0428996425635306
-2.042468704711214
-2.0423631489113507
-2.039479052560408
-2.037763187656796
-2.0372470144297563
-2.0274281571321753
-2.026989402650144
-2.024252717845288
-2.023779603603566
-2.0181926569454376
-2.013283443957666
-2.007021659540471
-2.004275538549815
-1.995264168010766
-1.992170763062904
-1.991394617663723
-1.9894931512224185
-1.9869388226031102
-1.9812777373829107
-1.9723140499116
-1.9706806828007637
-1.969113462694882
-1.9669645407430423
-1.966792172132741
-1.9658843529919845
-1.964396974320025
-1.9546023963934676
-1.9543524336631641
-1.9540689831306444
-1.948686060517089
-1.9461049042874872
-1.9459624147030297
-1.9424586175938852
-1.9418954797196326
-1.9417893053520243
-1.9359457378821172
-1.9351096548638886
-1.9347085081048299
-1.93455943146575
-1.9233397928418294
-1.9215270694643904
-1.9213469936045846
-1.9193325053839496
-1.918179712784032
-1.9146435675696387
-1.913930915091727
-1.9131450310615512
-1.9128690124759926
-1.9122790746795206
-1.9079832121536693
-1.9074298249483181
-1.9059191104584723
-1.9018536962345056
-1.8958655621202414
-1.8915651215598333
-1.890548650641596
-1.8902575998637137
-1.886861457888682
-1.8857605758195048
-1.8854305663574453
-1.8841626189133995
-1.8838013757935816
-1.8821004753665567
-1.8812694234465475
-1.8780715732121827
-1.873875607349219
-1.8704178630980768
-1.8700357585366274
-1.8699441320882686
-1.8687149474177827
-1.8678356958297249
-1.8644091078129748
-1.8617115646447542
-1.8595499091677858
-1.8583189084837208
-1.857445960110733
-1.8526650548540127
-1.8494627502067327
-1.846313809620629
-1.8424641311128773
-1.838411456891445
-1.8339204636868571
-1.8316399643071801
-1.8292770204621847
-1.827916965946505
-1.826604361418265
-1.8231507534964608
-1.8197958516895076
-1.8137629612531834
-1.8107402739619411
-1.8092696155511052
-1.8077554419274127
-1.8052927702945383
-1.8047465626768555
-1.8039735254364806
-1.801770847965895
-1.7903194553182986
-1.7903045371374273
-1.7866728292147738
-1.7839622928446204
-1.7837100974927371
-1.7826572947824801
-1.7782716706298918
-1.7757302295253465
-1.7750112324779705
-1.7744633568963506
-1.7732449081833694
-1.7721834225244137
-1.7674965301806147
-1.7604741880953916
-1.759571058985016
-1.7587519437609442
-1.7573010459399885
-1.757128640819166
-1.7567396380422262
-1.7560356857808221
-1.7559174457331248
-1.753751939440804
-1.7530594174566532
-1.7493462794076278
-1.7481876247304526
-1.7370740273999266
-1.7332628425185788
-1.7316032789011369
-1.72935872306044
-1.7280338328914344
-1.7237979740507923
-1.7221757359402612
-1.7210516514222602
-1.7187343036700768
-1.7179479558518715
-1.7178727830201583
-1.7172878790346788
-1.7157982209871183
-1.7156900516771005
-1.715687183407473
-1.7153526185763757
-1.711934273600177
-1.7119297870293115
-1.711198517853457
-1.7026139502363433
-1.7023221470658734
-1.7019404533015952
-1.6996086067015084
-1.6966822403056006
-1.6943350146066487
-1.69397343819089
-1.6924424454720777
-1.6917280805479937
-1.6913613012891746
-1.6910804205550414
-1.6905332843875236
-1.6873565439625473
-1.6842804993834568
-1.6800894449203359
-1.6783213319851025
-1.678288556244787
-1.677254066500843
-1.6743295469123567
-1.6726423387957192
-1.6681828053600216
-1.6669781530223506
-1.6653366346786445
-1.6650130363632876
-1.663108877745381
-1.6591965230459162
-1.6554739602155362
-1.6554547461521516
-1.6543331856568972
-1.6514604314709191
-1.6509957799492119
-1.6507376580178539
-1.6505579571767726
-1.6480291737340664
-1.6443250626415957
-1.6433770322505534
-1.643303135282586
-1.6431101631429792
-1.642807329155719
-1.6424533573209275
-1.6423004455575594
-1.6410994693858498
-1.636048223586406
-1.6352103658990798
-1.6343950815208026
-1.634232849296586
-1.63106664466346
-1.6301158916654068
-1.6259412171038186
-1.6241884227603975
-1.623932791211029
-1.6231382031266104
-1.6226683017223562
-1.6222461508872894
-1.6203463046534734
-1.6190362293121905
-1.6149975193711783
-1.6148612348646303
-1.6133353140700422
-1.6116983450331706
-1.6088142256325904
-1.6086229456732264
-1.6085516934987285
-1.6081418493497996
-1.6077323654921014
-1.606773230837892
-1.6023614060470273
-1.601054716012966
-1.5979473817793706
-1.5973935581704408
-1.594828304307535
-1.5946125895883783
-1.59052931495512
-1.5870543660607677
-1.584399503987989
-1.58278391129972
-1.5817034276605144
-1.5801114004511936
-1.5753986389877817
-1.5719074441428094
-1.5709297440984658
-1.570434542973723
-1.5683459744492336
-1.562831744646096
-1.5614449505887942
-1.5613660230594233
-1.5575705329567628
-1.5562219348072257
-1.5549232050887607
-1.5537774627642378
-1.545478445221298
-1.5452893737919395
-1.5423502710873203
-1.5415677816146882
-1.5413611866953014
-1.5412522415429897
-1.5403584840718034
-1.5368763944827846
-1.531471918931175
-1.5298682373220267
-1.529465541914535
-1.528781904415137
-1.528192686043599
-1.5242032277011526
-1.5204472129488156
-1.519970363441727
-1.5160937982015503
-1.506881008559767
-1.5000121695867956
-1.4993324404073078
-1.4941627221901768
-1.4940561196079787
-1.4912225466683457
-1.4911040569311105
-1.488746050180744
-1.4869285768593863
-1.4849133707601454
-1.475535083984564
-1.474651422997756
-1.470164291116414
-1.46557475020052
-1.4625328078102577
-1.4590610288157007
-1.4546357819263003
-1.4521336403068328
-1.4485420978576622
-1.4471770647742856
-1.4469661764625457
-1.4445552146599114
-1.4437962145035808
-1.4414970923193753
-1.4367684602943525
-1.4366505256774253
-1.434085587102882
-1.4331503096671314
-1.430401511833523
-1.4294311666384705
-1.4261159028688315
-1.4186011053668073
-1.4149296308047348
-1.4142857662083324
-1.409813133454924
-1.409233441911541
-1.4063298727443756
-1.4030894287274167
-1.402426162679597
-1.4020178611461054
-1.4015744648015087
-1.4004059994438962
-1.4000654396700911
-1.3988448552784267
-1.3961669604357363
-1.394962882808169
-1.3906311424612474
-1.387512599800098
-1.3867999357694425
-1.3848425248323601
-1.382604677586118
-1.3818630865908321
-1.3788499672021837
-1.3746898716034686
-1.3688451950431104
-1.3678483843642566
-1.366984521871538
-1.3659200208680582
-1.3616165188254983
-1.3612139600189639
-1.354509581523261
-1.3496588129720113
-1.349271299630054
-1.348904184288294
-1.3367354421543833
-1.335911688248756
-1.33459903708301
-1.3295643112228857
-1.3251184765626653
-1.3240297883007377
-1.3231120357588497
-1.3221072297441452
-1.3190242996808443
-1.3189007879038626
-1.3176574552488045
-1.3159043483284834
-1.3148806531391593
-1.3122566565835294
-1.3104634283451375
-1.3101888162420985
-1.3077918493631908
-1.3057130482967698
-1.3022954307728223
-1.3022696660567807
-1.2985910877090476
-1.2961265739787344
-1.2958433471872506
-1.294830595155426
-1.2942829556899256
-1.2924642552892045
-1.2882936166643648
-1.2879710882986777
-1.2878961418445303
-1.2861294648072767
-1.284786202797739
-1.2835007253278032
-1.282786514274227
-1.2788007789233595
-1.27368942246535
-1.2734688054792889
-1.2666805158089403
-1.266585170878052
-1.2652809074595543
-1.264956601990335
-1.2641871342783833
-1.2596782903734054
-1.2587815405535456
-1.2581299705114417
-1.2558949968702393
-1.2546540129043269
-1.249301333631795
-1.2461251580998398
-1.2432890150745823
-1.2415769542614958
-1.240341555653602
-1.2403093073105804
-1.237032480727028
-1.2366154099419506
-1.23581392262291
-1.2357296444054375
-1.2345788973202687
-1.2334216015442685
-1.2318939606605326
-1.226514901231256
-1.2211793763784011
-1.2198819414128144
-1.2198511311892486
-1.2178029367562302
-1.2169828126746918
-1.2147989697257475
-1.2138662959600368
-1.213207621099916
-1.2119341070428822
-1.2112118038703248
-1.2103215667743956
-1.2056565608000551
-1.2053034038631245
-1.2008845203331082
-1.1980832093084572
-1.1953374099572909
-1.1952476327038708
-1.1948881630441877
-1.193566464474804
-1.1876104709444253
-1.1868369952456517
-1.1858721959253475
-1.1826490242282892
-1.1820484366689974
-1.1819530661007482
-1.180412388814827
-1.1792779817851475
-1.178796963246611
-1.1766659386973288
-1.174959333294733
-1.1716148846242
-1.1714203633065163
-1.1708159946424133
-1.1676798786406009
-1.1664553177729835
-1.1631320156132618
-1.1605803261022032
-1.1605102352904417
-1.1568007399244855
-1.1560085787464833
-1.1549761285830595
-1.1531741768825856
-1.1529761222315629
-1.1495298581434195
-1.1487540552256759
-1.1483309328184685
-1.1456947726386748
-1.1439376433608366
-1.143855239403304
-1.1436536623912958
-1.1400546010456054
-1.1385750779106827
-1.1356456683142662
-1.1348401147136054
-1.134120383341091
-1.1307090287884174
-1.1303492427040904
-1.1286678470105622
-1.1282743003514883
-1.1277604185754098
-1.1274687383015558
-1.1260705235765507
-1.1250800054117551
-1.1249885704320874
-1.1232474780337143
-1.1229772559973077
-1.1222218084116629
-1.1216960740978958
-1.121185709088941
-1.1194805117342717
-1.1178985635353174
-1.1161124857667426
-1.114341620768656
-1.1139917339229057
-1.1133276141008235
-1.1122612122989144
-1.110140016693784
-1.110068778536866
-1.1045123255393547
-1.1038964175680068
-1.101381204232002
-1.0995274131139636
-1.0990069149357993
-1.0945932850274256
-1.0924434291132585
-1.0922815800150292
-1.0886956635383687
-1.0860864887073456
-1.0833446311087143
-1.0825246291384152
-1.0824797839523472
-1.0800306979714538
-1.0768961771620083
-1.0757663008389917
-1.068599629158674
-1.0627124892613673
-1.0602735044016787
-1.0588920107689823
-1.0576294269482807
-1.056422642082483
-1.0562203895492872
-1.0554646353046648
-1.054865377459726
-1.0536170152774615
-1.0514781434850091
-1.0499642177755732
-1.0498015107112217
-1.0489193557169694
-1.047547086385779
-1.0461759020869432
-1.045510998463536
-1.0430573722167433
-1.0427463326371271
-1.0420395307963335
-1.0404970121160568
-1.037852376105563
-1.0373940581259495
-1.0366089050584537
-1.0353326179601847
-1.0322344816421412
-1.0315503426889436
-1.0296099299608688
-1.0285955533779918
-1.0281900344340213
-1.0272319564447654
-1.025862524585886
-1.0223784801421316
-1.02222175043394
-1.021375893113217
-1.0180498810292988
-1.0172727833133104
-1.0161364833429465
-1.0135374427021981
-1.0112757178225535
-1.0099937299509683
-1.0094615954316288
-1.0093586096112521
-1.0072475308835835
-1.0070879736530736
-1.0010731069712757
-0.9996263270372968
-0.9994659688991602
-0.9963546002851943
-0.9939580694619035
-0.9932323405011785
-0.9928814307640579
-0.9917377124469147
-0.9902408604446107
-0.9890424849528597
-0.98893450353986
-0.9848820091931593
-0.9832666441098779
-0.9801198806657062
-0.9798556247614145
-0.9781573063452945
-0.9758178335754359
-0.9745501191579515
-0.9743585156867379
-0.9730619701834078
-0.9725683824922771
-0.970835835792329
-0.9705785045954519
-0.9704680920788205
-0.9688254041675723
-0.9672043700655116
-0.9661880285550298
-0.9624573189643875
-0.960486921388191
-0.9604652159061436
-0.9598499125798939
-0.9592245834821715
-0.9585763092558538
-0.9577863266541566
-0.957052892937702
-0.9565059222187782
-0.9551666279838936
-0.9537106045667629
-0.9517838352798778
-0.949431541742805
-0.945538569368363
-0.9446060823422263
-0.9434129472543666
-0.9420466899888482
-0.9411430270139514
-0.9370196209387263
-0.93662445846992
-0.9334346765679385
-0.9319292891885729
-0.9317458322200685
-0.9307675968798788
-0.9305691275126002
-0.9250042754843679
-0.9234680877632049
-0.9223581216027474
-0.9207835421545286
-0.9193441037099168
-0.9162161918921308
-0.9134898503373803
-0.9131454771992342
-0.9124926112528604
-0.9124737746454191
-0.911516052669743
-0.9112427346655781
-0.9096960036215858
-0.9095061596758738
-0.9093501658930185
-0.9074768896953408
-0.9051310714383471
-0.9046222746461235
-0.9028588593186465
-0.9021207236180273
-0.9018804542575947
-0.8998013694999734
-0.899295688598999
-0.8965060946072789
-0.8961720368276314
-0.8893164478153505
-0.8867642264756793
-0.8853487237447292
-0.8815874454643463
-0.8815041773616062
-0.8793582835058256
-0.8777052072872382
-0.8765669917951994
-0.8749070826772872
-0.8736069349845124
-0.8713041712000861
-0.8701822348042428
-0.8699916541484471
-0.8684705569495191
-0.8673608225598717
-0.8651245446263256
-0.8633175118367198
-0.8587726577743638
-0.8576811513883115
-0.8555020803627287
-0.8550770718824011
-0.8540349116387013
-0.8536000394266329
-0.8500378004130195
-0.8500201556953939
-0.8492128556148891
-0.848773642592046
-0.8453487624399415
-0.8451955104866508
-0.8427162537946187
-0.8417488239653121
-0.8412043915029316
-0.8391347616163424
-0.8386682108705272
-0.833674575141866
-0.8335129122727791
-0.8324715478127401
-0.8294594449997001
-0.8270779153343151
-0.8242800255534465
-0.823246613268325
-0.821298773359955
-0.8196206674722637
-0.8159724966443099
-0.8143410150441526
-0.8086089672600448
-0.8085599272361459
-0.8076452264841593
-0.806924751918017
-0.8016974859842086
-0.8012906735074234
-0.7993302650041221
-0.7965824047053203
-0.7962969465698013
-0.7949414453034614
-0.7936387845983892
-0.7932484184703459
-0.7913327989788093
-0.789476687026559
-0.7893777056773155
-0.7888000848492198
-0.7877520076637093
-0.7873385732121
-0.7821859152474018
-0.781655244371704
-0.7812246352433698
-0.780178148094418
-0.7794809888832057
-0.7780128626537705
-0.7776746826049346
-0.7763066195146527
-0.7756303547647461
-0.775147294784865
-0.7728944417752044
-0.7726479646023503
-0.7725689202131503
-0.7710879321327679
-0.7693054631880886
-0.7677834770558474
-0.7670096149749795
-0.7635185289050059
-0.7620301584428062
-0.7611436694353798
-0.7608546229618715
-0.7594317448651339
-0.7585825574371641
-0.7577579482091785
-0.7564651913897694
-0.7564275612853159
-0.7560866601376771
-0.7543800511580215
-0.7520233476666153
-0.7489099062561784
-0.7477921142721192
-0.7458260094518753
-0.7426922468777875
-0.7351053303841381
-0.7337713520419528
-0.7336796874384187
-0.7312454078109406
-0.7306089919405944
-0.7273377668398402
-0.7267251722343688
-0.721866338436524
-0.7195820088870033
-0.7186310342436429
-0.7152383289560632
-0.7147840161550792
-0.7138292830651184
-0.7116864758518738
-0.7078444125434061
-0.7074618248633867
-0.7071251088562946
-0.7063508747112851
-0.7055674593810306
-0.70538043992955
-0.7048835462449402
-0.7038730289645492
-0.6995207594729127
-0.6992941522996284
-0.6975095330281651
-0.6973884144195237
-0.6964132131604442
-0.6964094996063982
-0.6960978406534659
-0.6960711224798095
-0.6954657768405869
-0.6914727210417715
-0.6906720511330251
-0.6897823130766905
-0.6864817206503172
-0.6863795490539434
-0.6863371109767107
-0.6860099554961107
-0.683956715491552
-0.6776508753081172
-0.6770957828925526
-0.6769201815475481
-0.6766206770545036
-0.6764029679759958
-0.6652882476144186
-0.6647359201209115
-0.6634953999724648
-0.6624581575638397
-0.6614934178350219
-0.6608695763734103
-0.660233406600533
-0.660125705932119
-0.660092647476544
-0.6589012147082012
-0.6585371898942737
-0.6562677256962925
-0.6559113490374037
-0.6557011269906565
-0.6546236248573291
-0.6536067119011602
-0.6530417289208815
-0.6511919115263366
-0.6510799114513474
-0.6501599097824703
-0.6453454310656079
-0.6447308105446827
-0.6427805138327727
-0.6391306961221292
-0.638842908693392
-0.6374252917109631
-0.6348269888274183
-0.6317700348004792
-0.6313864431361256
-0.6296848586725089
-0.6265534941401947
-0.6256546049137591
-0.625203174825358
-0.6241880128431192
-0.6226820497375759
-0.6206473863659732
-0.6204993212744977
-0.616852236833513
-0.6150220846328758
-0.60790976795338
-0.6078442262001479
-0.6064106967922118
-0.6056743627324298
-0.6040696813101751
-0.602935223288478
-0.6021229817787654
-0.6013070215041701
-0.6001512694324146
-0.5995810346987331
-0.5995228155505288
-0.5979440596709972
-0.5972479320840978
-0.5965792698507154
-0.5961806392206244
-0.5942821569127079
-0.5931284099260109
-0.5917052508359982
-0.5856177129068958
-0.5845965538569943
-0.5841100599530884
-0.5827386027224664
-0.5823633145313067
-0.5817437174561836
-0.5786182377705693
-0.5784264281809615
-0.5710204132175041
-0.5691831906123705
-0.5678679982242141
-0.5676260244428537
-0.5666961301471607
-0.5631104554187601
-0.5605343959470602
-0.5597828977383953
-0.5596009430274054
-0.5591099864092546
-0.5590018081096872
-0.5570891428995679
-0.5565729937308139
-0.5563997376260815
-0.5560523146486809
-0.5553829429156245
-0.5531462987890975
-0.5506549338739224
-0.5491875261009248
-0.5479703155109381
-0.5476353885233528
-0.5464152942652221
-0.5444668383631499
-0.5434261874505204
-0.5429843628085447
-0.5427984394375565
-0.538726877168606
-0.5372484902481484
-0.5371181267228019
-0.5363758235807203
-0.5361276281765186
-0.5331684841012964
-0.5319366640412923
-0.5273136850716615
-0.5264600542468512
-0.5255696683015055
-0.5226271673198014
-0.5224131397263019
-0.5223682442577727
-0.5211245499544781
-0.5182720753651314
-0.5176247604205177
-0.5163018812604234
-0.5159327791241268
-0.5107340315548666
-0.5092668790442736
-0.5057836901907592
-0.5049119947827514
-0.5045516717532683
-0.5031450264935925
-0.5030692802977452
-0.5028537132666819
-0.49908302264901083
-0.496135282160019
-0.4959768483710276
-0.4938214143103338
-0.4912082158487539
-0.48946477441814185
-0.48727405329015155
-0.48518881382277623
-0.48396270526123086
-0.483409992651909
-0.48306516335136906
-0.48153763531148913
-0.4812432723631096
-0.47920578139356856
-0.47856841317695553
-0.4785048716969855
-0.4773735804659024
-0.4770280858098468
-0.4769717744644666
-0.4759959823844835
-0.47258727767097874
-0.4721313948187441
-0.4662986883459993
-0.4653171297055987
-0.46483023531741585
-0.46387739791651755
-0.4605265480031685
-0.45764037566535376
-0.457266806215407
-0.457232396907567
-0.45639863912261325
-0.45426509117180447
-0.45114370020663785
-0.4508576278812364
-0.4488743335359503
-0.44744056959356276
-0.44694272428927473
-0.4448407521606992
-0.4441988932428155
-0.44246477533617656
-0.4408063485625061
-0.4403459886327027
-0.4363549751019347
-0.43457872245582496
-0.4344105579166012
-0.43373406965117844
-0.43275776664672005
-0.4315737836810404
-0.4285440526027796
-0.4272791087798262
-0.42725896970191685
-0.427224314774736
-0.424471582806359
-0.4231644762202855
-0.4216760743835495
-0.418615216913388
-0.41626295245752765
-0.4154369412054846
-0.41411089498375386
-0.4115067106606929
-0.4109227639942763
-0.4100088959313799
-0.40664045760548284
-0.40095006592866766
-0.400681918934531
-0.39998298270033383
-0.3995067839882409
-0.39879797661497307
-0.39795696394292157
-0.3977722153034992
-0.39378752576001586
-0.39261890106443825
-0.39123230945357146
-0.38762369791696744
-0.38735681525589394
-0.38684640402118436
-0.3845336650711443
-0.383154828548563
-0.3819594063666786
-0.37690145382957657
-0.3699511429470463
-0.36956797697780064
-0.3674022242339767
-0.3640154692630625
-0.3635791652364005
-0.36125049850831037
-0.3583049912822158
-0.35797017030380085
-0.3554573804650753
-0.3542086751723807
-0.3536664589281911
-0.35335819651855266
-0.3532300239204513
-0.35180255570498786
-0.35171241503048944
-0.35148448687631073
-0.3484393522324172
-0.34444763763331354
-0.3439885771187633
-0.34386691723316454
-0.3436910987904095
-0.34107307697607286
-0.340148452964661
-0.3383785737468812
-0.33751526028123063
-0.336235683230503
-0.33577821473029823
-0.332498182941387
-0.331870521604093
-0.33116486517680865
-0.3291707387107512
-0.3259985500545083
-0.3234836265503923
-0.32276931892880056
-0.32118817897449625
-0.3193629572570701
-0.31858133168655356
-0.3155778710237295
-0.31272735798987333
-0.3126626170117671
-0.31018831593633245
-0.3018957184042752
-0.30130728487168684
-0.3006021817023914
-0.30022995241804823
-0.2990566448575648
-0.2963989842751741
-0.2953959507431054
-0.2935667736651588
-0.292468509908203
-0.2907507434683522
-0.29047034173588915
-0.289773277430702
-0.286382150519082
-0.28595845135709075
-0.285377586228185
-0.28463892206524655
-0.2839788784755424
-0.27141478123769314
-0.2707299375628261
-0.269345976049772
-0.26796248365487263
-0.26495649767174945
-0.26291602672154823
-0.2626848703117425
-0.2617155687403544
-0.2592321054618416
-0.25864920563038574
-0.2558407475133702
-0.2557379275607107
-0.2552850310189737
-0.255064039318336
-0.2528741049029579
-0.2511073008604833
-0.25032893344661017
-0.24985294718051565
-0.249507884694402
-0.2487047805560224
-0.24748400814211752
-0.2416126238670212
-0.24131315670840436
-0.24125207044128016
-0.24092680324105475
-0.24003738827671017
-0.23870005167178665
-0.23819352990317252
-0.23773904817163932
-0.23706805436548617
-0.23677004440767374
-0.23664211759771825
-0.2353182992523054
-0.23521611994571
-0.23091981119952198
-0.22938180591357415
-0.22498558053374895
-0.22231785566390042
-0.21878821146995203
-0.21631574171052415
-0.21612625487126835
-0.21460661509360204
-0.21368051876055538
-0.20898803966628554
-0.2079282950479453
-0.2077733126654831
-0.20668709286599718
-0.20620355745482238
-0.2058271864907868
-0.20487049671575464
-0.20377017298239541
-0.202936103615939
-0.20254676818456063
-0.2007457312995221
-0.2002729742361918
-0.19813340524415887
-0.19661639780544332
-0.19650985863308895
-0.1950465762182248
-0.19446139652117378
-0.19442977900850955
-0.19401218473396992
-0.19387724903605363
-0.19249432353774293
-0.19203701484697888
-0.19194224648573954
-0.18902541255894767
-0.18767561408743832
-0.18686743716082577
-0.18313258796404552
-0.1813661673931256
-0.17938437901305304
-0.17866330148253062
-0.17618479097705392
-0.17489138019142997
-0.17391219906732092
-0.1738478575143355
-0.17321459981383053
-0.17133548925024372
-0.1703573970394321
-0.16904914036396929
-0.16762973779589185
-0.16504891765755636
-0.15952213759078454
-0.15904736957206567
-0.15502185609805957
-0.1540090969043753
-0.1538918833357289
-0.15235295833905582
-0.15141543617005104
-0.15137777206727154
-0.14998515079463604
-0.1498503724089557
-0.14874564314926397
-0.1464035440650996
-0.14448603684409922
-0.14432143388691943
-0.14383106018782144
-0.14227015576206503
-0.14111675775742982
-0.14068006580358516
-0.14022722373862795
-0.1386313351273437
-0.13860169400762792
-0.13847484594484527
-0.13642320444889106
-0.13629062662854396
-0.13513813446733858
-0.12986961147661147
-0.12970683587876147
-0.12855325492302694
-0.1270462681905428
-0.12611859533126796
-0.12521970127839488
-0.1245449553921051
-0.1187412749442136
-0.11671821367445745
-0.11653041177376933
-0.11404673100787466
-0.11381892504002589
-0.10957142348665161
-0.10935344785886245
-0.10921961656939427
-0.10887991156923704
-0.10867620737402572
-0.10806988234343018
-0.10716977485458631
-0.10712165626817638
-0.10207907403961958
-0.10158901477055539
-0.09909836416746565
-0.09890081518494154
-0.09775180238325931
-0.09674243744068922
-0.09504708484042967
-0.09436131327287012
-0.09347472502611831
-0.0928467189579188
-0.09239714360903029
-0.08959973188555753
-0.08734921433672144
-0.08733574967784263
-0.08723991780745416
-0.08574001532727649
-0.08352051537982441
-0.0827161756992304
-0.0800926748366999
-0.07875266298403777
-0.07858552838343247
-0.07810714601014934
-0.0748736992936681
-0.07424574041557785
-0.07360907943991846
-0.07341258004099616
-0.07276227277892916
-0.07182897441770841
-0.07123120815531947
-0.06978906558375175
-0.06896657365815499
-0.06750815648885407
-0.06502823938949953
-0.06403084425385808
-0.06232629681476387
-0.059680560394172244
-0.05950735118512168
-0.058858644055988174
-0.057983526507655536
-0.057821190258602655
-0.05766861580337268
-0.05696235452227283
-0.054159809080763344
-0.05400014486488247
-0.05319476466011054
-0.05221547218806596
-0.04858362072545458
-0.04773104212157442
-0.047468468936396446
-0.045472839608796334
-0.04393263412451276
-0.04267384433679655
-0.041791968058291884
-0.0415030332965588
-0.04052136026791553
-0.04045777777168402
-0.040345323289916635
-0.039896435182849466
-0.037347711802354744
-0.03726811709600619
-0.035252650475484204
-0.03291409883952845
-0.030330383936672645
-0.024487980347459304
-0.020746462365340612
-0.020345101939007043
-0.014773848476870799
-0.01433730961468238
-0.013623863271260972
-0.01300899942919781
-0.01057819356669032
-0.008257093425116047
-0.0036104292729630116
-0.003534848146736713
-0.002360875173389898
-0.0023487326279147958
0.0004264173098381674
0.0027139008379930274
0.00373765132671533
0.004421288683339235
0.005244939232776802
0.008284701487431545
0.008336868372910589
0.008866565253329628
0.011176834087252008
0.011558643331988527
0.011823442371703408
0.013409128340035298
0.014722518407081088
0.015583475878685138
0.017161008816694724
0.01809783215641539
0.01930460778035663
0.019716758440586013
0.01993877716709025
0.02102129880842063
0.02186447728606211
0.024862555444369883
0.025317031317179543
0.02536024344578547
0.02550040501994255
0.028823396278814584
0.030055860370191673
0.030489855733410676
0.03137517984564819
0.031992985333483714
0.035065555800743775
0.03666756272177918
0.037003409050384795
0.03729964930504959
0.0387264204257633
0.03932673553627941
0.03965301803949095
0.040999716775979106
0.041617851591079835
0.048371303408182575
0.050052998050895026
0.05094631258224491
0.05227636697871017
0.05400275243496666
0.05456776435376798
0.05556839456654983
0.0581697484947824
0.058241653854876674
0.05860135871616398
0.06376406127131193
0.0639568065246453
0.06410752717686352
0.06551087496816993
0.06565809510842535
0.06680651162703966
0.07091679270264872
0.07171225452441521
0.07468561866037218
0.0761048436776468
0.07661643185035105
0.07679994683386915
0.07684140218991209
0.07736068348141367
0.07829235688616698
0.07836468749086167
0.07841692711659165
0.08053281910465815
0.08297701665995716
0.08320907808794853
0.0846549045967031
0.08813246375865791
0.08927880569261941
0.0912096914032206
0.09616863834786776
0.09748003849907261
0.09768764087790016
0.09973391295196432
0.09994842483150412
0.10088879603237644
0.10290834446866348
0.10524590434422787
0.10650532133157264
0.10729894305136567
0.10879075223737722
0.11342029624490253
0.11473503374092664
0.11515603737713165
0.11933388011861351
0.11976181252907214
0.12070985345760638
0.12256629094410243
0.12342818344065282
0.12421767304288833
0.12425120190000505
0.12651075175430826
0.12695869266350068
0.12702210531565572
0.12800820587682937
0.12960453702106892
0.13080568258297398
0.13183464480472984
0.132000132098143
0.13304009606985812
0.1354329408180888
0.13546800530711534
0.13721353953465587
0.13757537016466026
0.14092933864420754
0.1424246079628405
0.1426089683287608
0.14603700217355997
0.14715479103853435
0.14726848368594725
0.14793445416872336
0.14882261362668503
0.14909633573878878
0.16018483784782767
0.16181749026371373
0.16297910484595057
0.1638752102390264
0.16688782508266772
0.167364862230299
0.16827789088176812
0.16831044891263813
0.17078960876435
0.1712038632945948
0.17229986376985218
0.17231161107209358
0.1735948300248481
0.17503446297465858
0.1750481547359211
0.17617834782498398
0.1775501832513654
0.1775731531350253
0.17862059078997794
0.1810536740311206
0.18261357245226595
0.18474097543705037
0.18561420379105875
0.18851194819866302
0.18852621098785782
0.18856230945648733
0.18922397815018893
0.19006004114125274
0.19299613067111054
0.19581552847623318
0.19644294736755136
0.20142867273723408
0.2014405260991191
0.20192425023496913
0.20242190450700537
0.2032872691035677
0.20374415672814555
0.20592767571669457
0.206609426730323
0.20683074349122632
0.211434770370877
0.21573895646975094
0.21676381007009216
0.21851698127045904
0.2185688539425246
0.21916897223181675
0.21953990303270565
0.21985434521634817
0.22007439811443155
0.22103015679000937
0.22117426374428717
0.2237827838205064
0.2239524544795104
0.22419387814278613
0.22596830006965318
0.22758257793351522
0.22842165885412702
0.231354539391654
0.23157571455004294
0.24017392592500342
0.24270983220284442
0.24320244165425053
0.24564953348675453
0.24588434886467098
0.25089516299625225
0.2511892148204405
0.2517242216339861
0.25244046534409137
0.2531317276306566
0.25548981700166945
0.25780338286645416
0.2583942516039569
0.25911072899817467
0.25964107438108097
0.26324259995290267
0.26565760840593877
0.2663916245583087
0.267240990400498
0.26733153647656027
0.2674400376449153
0.2675351761370751
0.26760117326400623
0.2735912646402042
0.27831251384737676
0.27967514757742185
0.28349197488986017
0.28374160758612343
0.2863722246490996
0.28647858421074757
0.2875864274325282
0.2876691523440378
0.2891882561862021
0.28954073987801854
0.2896887731170882
0.29045994161100885
0.2910260595786472
0.29282127790536283
0.29292956196777586
0.292936170714004
0.29510531322535105
0.2954875695812532
0.29617148768164037
0.2968255960979068
0.29691065957010276
0.2982362700030394
0.3009597371249735
0.3010464833147019
0.30228739093357193
0.30243245006192365
0.30460194289557085
0.30584812208054174
0.3061708972153177
0.30694899942730836
0.30809120426621206
0.3091788827722541
0.30941301364258966
0.3100452930656014
0.3109626170527805
0.3110609233147985
0.3119977848218288
0.31348523261965255
0.3154092628548816
0.31674766987437974
0.3176801110261993
0.31814677440545713
0.31820364932036044
0.32043779146939966
0.3210959468417355
0.32145050055953084
0.32161747484050807
0.3236247605340944
0.32870380162894475
0.3321111964854494
0.33426692121532464
0.3372067961558689
0.33731739957899665
0.3387744596172766
0.3391102919472682
0.3394992474185689
0.3403444604095056
0.34063454160554985
0.34197892977018673
0.3429764053902233
0.34336844065786476
0.34573432768632495
0.3459638274128761
0.347073107985139
0.34740895853039544
0.34807652056721305
0.34824686165711716
0.35408255882908757
0.3573144398429999
0.36236881159049916
0.3652541902866948
0.36687480908260367
0.3682929827342938
0.36956871736482105
0.3698315473230144
0.3703204138813605
0.3703212049484684
0.3710619273375373
0.3745262565499452
0.3753672742660842
0.3755358685444883
0.37626789517328363
0.3766283731792214
0.3770459682657257
0.37743221713793673
0.3795567521678628
0.38174245393469297
0.382470957996816
0.3833841493893332
0.38389220987214057
0.3840218169844021
0.38650919376899723
0.38784545354997735
0.3878454778619653
0.38835651597217496
0.39212540961910247
0.39254850637263133
0.39485253869985276
0.39585319663841384
0.39785465341512266
0.39839346552041577
0.3991043428203376
0.3991607978390841
0.39972456604346307
0.40030713170489685
0.40071317970126097
0.4023289807625812
0.4040980051486424
0.4048967102834752
0.40499747590589674
0.40501436988214984
0.4053637164936705
0.40537752301743335
0.40578378699143647
0.4060443673036554
0.407849914549199
0.40812469661743217
0.40866074182263235
0.4097690509425257
0.41210432128858504
0.41391249824035437
0.41415173945263645
0.41733036509040944
0.4180156735866328
0.4183608407784069
0.4189540835208407
0.4197481544818681
0.41976145409776344
0.42075093131363106
0.4219321997154888
0.4237453634997993
0.42653255824658204
0.4270570856527278
0.4276061815660086
0.42789692955235537
0.4299919735052955
0.431346003060595
0.43147243742823654
0.4325715515175128
0.4326670018629283
0.4340513569167991
0.4353644474687738
0.4405348979621875
0.4419305646840945
0.44306262263037477
0.443514952778533
0.4453663881394911
0.4465642252255533
0.4466980009503247
0.44764694878729616
0.4505184772951458
0.45094955647905466
0.45148870909941036
0.45178954533836024
0.451915970186479
0.4522760590901932
0.454078993191228
0.4572932164105511
0.4586855046308159
0.4600269495603364
0.4630485758886628
0.46312738149167265
0.467385205521786
0.4697232567398083
0.47284023167405026
0.47412924084496555
0.4742760270590308
0.4756231901004719
0.4765286237098797
0.4796229637972972
0.4807831281321653
0.4815141466240837
0.48317776696170245
0.48333287312289475
0.4836141427713462
0.48435534175293493
0.4853694836541379
0.4855044755429425
0.4868567834384788
0.48704296536456926
0.4882080977590536
0.49019910203073824
0.490963468052194
0.4920315121532967
0.49264365372455954
0.49502336223149696
0.4957777833789515
0.4973672862907547
0.4993748315838539
0.4995816914152449
0.5006753242479323
0.5040097209332146
0.5041801795171659
0.5044255589791291
0.507823426402038
0.5089898256739354
0.5098033282322364
0.5101394398563639
0.510384905576304
0.5120160980710526
0.5120968511544777
0.5132217160949699
0.5173782117918448
0.521595647492547
0.5227601577362313
0.5228199537413926
0.5258520349219338
0.5278698076383422
0.5288100727436839
0.5289602793940398
0.5293137505177044
0.5293522590767716
0.5321724722516868
0.5324471475918301
0.532898991671855
0.5357783414277494
0.5366915693672805
0.5384091018110763
0.5396273421252026
0.5431954986054566
0.543338018347072
0.5446774176383398
0.5470058816569163
0.5519044754556652
0.5520388045015807
0.5530490706201133
0.554044093513365
0.5554524243278092
0.5559649097968212
0.5600185277429246
0.5600597495414207
0.5634076374425154
0.563833825583969
0.56509887920424
0.5664743481590042
0.569522559571438
0.5726835593451487
0.5727105667653938
0.5744955036463095
0.5750608568850798
0.5762695814182706
0.5784710150338366
0.5797433194305518
0.5812712958792379
0.5814775597962836
0.5837606410588156
0.5845345329909322
0.5865299103342905
0.5920367851174676
0.5922029127199103
0.5938758393354362
0.5943610085248119
0.5948769594494067
0.5957996700301773
0.5963528557540042
0.5978505941442104
0.5990419273565453
0.6007546679226126
0.6013980780861081
0.6037969792100185
0.6072523300876133
0.6074912798298417
0.6090546137394903
0.6140043114323643
0.6145712208057538
0.6154982267166954
0.6167543052395748
0.6172981235538093
0.61851770536525
0.6191249878037376
0.6225202609792937
0.6229399309758449
0.6252813050633416
0.6259470860418721
0.6274370552529773
0.627792105560073
0.6280995720084456
0.6322270301726177
0.632858687062028
0.6328849477444624
0.634039883318624
0.6381350034980059
0.6389989629113426
0.6402077529918566
0.6403376118108354
0.6406081753620221
0.6409216725993866
0.641047882566599
0.6412748940593316
0.6458854372107066
0.6459688622265376
0.6470943108950435
0.6477376947938948
0.6488624417009562
0.6503601856201491
0.6512269410773518
0.6516485447750703
0.6542281130192263
0.6562342697378771
0.6590140142112553
0.6608885582335869
0.6630348195348734
0.6663370318802
0.668272061984253
0.6695946215807417
0.6705967802105686
0.671103716257198
0.6712375721727766
0.6715146863964708
0.6720932495861713
0.67333966627277
0.673809482755659
0.6740700363496889
0.6741143329114783
0.6768336936350056
0.6769707069495416
0.6796796771989202
0.6811334693986961
0.6819521951232548
0.6854855128693923
0.6855850581199174
0.6857933861850002
0.6862144435291582
0.694019673554696
0.6967154468372447
0.6969068071363891
0.7009117596184755
0.7033125454669283
0.7034647826304297
0.7097064514097033
0.7107257332132461
0.711049946631651
0.7110974333311745
0.7113728985669988
0.7125899541639696
0.7138940828434797
0.7158282419810746
0.7171819594580531
0.7178428141928047
0.718113335436065
0.7182292917994298
0.725784201448512
0.7271028816410263
0.7275742748693106
0.7284086345025396
0.7318779684427092
0.7335455007461706
0.7352568553870444
0.7359509221358055
0.7360674297712236
0.7369481243910161
0.7376562465844421
0.7383243275734865
0.7392925014964038
0.7423919336680829
0.7446133740701677
0.7454317314280452
0.7457821893381025
0.747589166221943
0.7477749014433992
0.7496315074599549
0.7497670170746427
0.7514343269057261
0.7555444191023989
0.7577230865857002
0.7584905050587972
0.7588538273121912
0.7589219305952011
0.7589620986586478
0.7600069683207702
0.7614976628192975
0.7634042083075806
0.7655393848214614
0.769540733544541
0.7721936772977936
0.7736045917891237
0.7737911757695082
0.7739154133747039
0.7746949934472639
0.7772636932392227
0.7773633143433031
0.7780819713635633
0.7789078812813622
0.7803600898816906
0.7808130162466611
0.7825055593368434
0.7831711688854626
0.7846155111886155
0.7868530629341088
0.7895757019995293
0.7902093944503671
0.7903560161851807
0.7925956948370301
0.7926916844432665
0.7941070258401957
0.7963408571916412
0.7967709451604899
0.7975398053649567
0.7981149506875612
0.7989327560730731
0.8013257703175948
0.8112173833278755
0.8124218847003032
0.8126275018517654
0.8135610514204387
0.8136232050498187
0.8170151437407082
0.818856151937135
0.8193815791538319
0.8194964778279951
0.8225138332523213
0.8225282401729379
0.8238380077891028
0.8252063188314542
0.8261173202126779
0.8274984942075173
0.8279536064441202
0.8281863676329551
0.8299102172746273
0.8305517395770879
0.8313767484078249
0.8339208088812342
0.8352058433231627
0.8358569579771419
0.8383009586165071
0.839287795809433
0.8412768434934639
0.8449243719184354
0.8465512648806651
0.8494656682416839
0.8510084576167987
0.8520952235046516
0.8546010429512403
0.8553754391187671
0.858583365639845
0.8592661207114831
0.8605494212231719
0.861308534347929
0.8628490915216812
0.8637917528801333
0.8645727043611942
0.8654517960275363
0.8658447990858714
0.87074265530193
0.8726182389234349
0.8729692414678425
0.8804140189514977
0.8845989975561379
0.8847504960411864
0.888832603211966
0.889804962871307
0.8904077502305212
0.8915753141981323
0.8922616755095053
0.8924202843711191
0.8932767308861868
0.8999407109692568
0.9016038307216631
0.9027296761111414
0.9053525787596713
0.9059259602314943
0.9067415042819146
0.908011549682703
0.9113036784900922
0.911770762118151
0.9123695704207465
0.9141456874651261
0.9160860706975861
0.9161151507283553
0.9165616949999259
0.920268990503042
0.9212033506954126
0.9218267026953558
0.9263430800919352
0.9276386482958602
0.9276663555019616
0.93049370115397
0.9306348467888326
0.9319916125574128
0.9325883719107234
0.9326256965139424
0.9329802216390682
0.933307449091439
0.9337257630489988
0.9350681284302913
0.9364330611697417
0.9386452460267729
0.9418486863969304
0.9424351250060072
0.9445869882988845
0.946372690816389
0.947095243632522
0.9486570386608876
0.9517588466885885
0.9538624501913383
0.953906353813227
0.9571099805480052
0.9573919796800928
0.9599493638142503
0.9627858208391942
0.9629429926511386
0.9635788168759349
0.9637184016788494
0.9649933407522818
0.9661981273865835
0.9671962829507351
0.9706191654250915
0.9718710453386494
0.9736190889452897
0.9756361897035187
0.9759939891236037
0.9789730986185341
0.979042467059999
0.9798884766204549
0.9803465354767869
0.9804143512592158
0.9815515752111997
0.9841032139846052
0.9841561583859939
0.9848255040857957
0.9854054354277715
0.9895218173949472
0.9909997797440115
0.9934267836144922
0.9934828071307475
0.9943198687357293
0.9948145959204608
0.9957846592061681
0.9968945880053157
0.9999076632902568
1.0005205965348913
1.0014866251292311
1.0063708374582903
1.0089539090688475
1.0091289581566911
1.009286539997742
1.010487525316175
1.010817246076554
1.0129236223395148
1.01646177971613
1.0171915784098762
1.0200545591131007
1.0205552071790867
1.0241572068319411
1.0243597932098816
1.024747533336471
1.0257413300149403
1.026513950477287
1.0271641415992894
1.0284440562693895
1.032048588016323
1.034319013472621
1.0352923382154413
1.0369744577245201
1.0390841318363906
1.0415790469694057
1.042283375666616
1.0443614070521403
1.0449618462551569
1.0452556469081549
1.0453771222419448
1.0462642529051167
1.0470343268542
1.0501238378289688
1.0515296140529498
1.0515993904540615
1.0517098571033812
1.0561099484668275
1.0576311267390865
1.0576891045570536
1.0581121818443189
1.0592249430567886
1.05951747755319
1.064291099101459
1.0662457319496652
1.0664274579313981
1.068305868693223
1.0737315519438893
1.073771714664916
1.081925586770911
1.0860072027028975
1.0914192024419829
1.0927143004234692
1.0941476153390357
1.0984022692958129
1.0994045582382626
1.1012006508477974
1.1051213625567433
1.1057999757098
1.109450271741295
1.1113775194796154
1.1151558459049709
1.1194427804395073
1.1200745553289333
1.1220947373428098
1.1232857678269061
1.123856811599033
1.1263712869647924
1.1271165930398974
1.1292500610796377
1.1308227007525067
1.131125893168014
1.133690966875324
1.1354257827697167
1.1360715146486804
1.1363000923428443
1.1364575947674191
1.1369191506563745
1.1378299098091236
1.1379883086098737
1.1429456437279903
1.146591974284727
1.146977023221151
1.1489698886354889
1.1505883823130143
1.1524104562900204
1.152700467239119
1.1529299461298779
1.1556857101744216
1.1605221433736435
1.1655227551487086
1.1657239896027665
1.1661327779506734
1.1663269061707602
1.1670759400576372
1.1678257149229372
1.171593853056213
1.171637833740457
1.1749807695085615
1.1776106730653304
1.178561025180267
1.1791077695743872
1.1800119247347047
1.1836076575859942
1.1850013673249142
1.1860699954540166
1.1865313430949764
1.1904320897987235
1.1922087332399423
1.1927050627171192
1.1929213988997232
1.19394682191334
1.195923664367423
1.1975570087762644
1.1983302605799786
1.1985545852303499
1.2018092462057686
1.20462775025076
1.206827292555833
1.2072553685286944
1.2080022381977957
1.2081860621997391
1.2154437589112561
1.2171701669558455
1.2172863679415975
1.21938924830632
1.2204575007623886
1.2217126787938422
1.223067271760043
1.2247570204751606
1.227663803734233
1.2277720938639756
1.2280829277912748
1.2321209809236209
1.2351189788872465
1.2397016062250565
1.24837836960777
1.2497704965809873
1.2504888855615115
1.2527376086620285
1.2537007135760785
1.262519699509979
1.2637481316892476
1.2652277519783062
1.2672334886347296
1.2708948748129933
1.275673575424603
1.2795845916477333
1.28128433499698
1.2814457603466758
1.2819098041857067
1.2829352897455735
1.2866211691856435
1.2870228567179973
1.290585683249093
1.290954156038868
1.2929763118931954
1.2946785470711324
1.295068237341537
1.2964164235554794
1.296996259187067
1.29711844762558
1.2979562083179985
1.301179869001745
1.3034095840363342
1.3058478591055096
1.3118536066558266
1.3157942129000366
1.3174269289568903
1.317458690640009
1.3198826826373837
1.3207585124342658
1.3222349360736412
1.3223715409614791
1.3229382762274802
1.3246426021776805
1.3266297704137044
1.3269123636779885
1.327887407877137
1.331145166954401
1.3318613023915828
1.3343721641312989
1.335793070911663
1.338127531623854
1.340101948664496
1.3412474050382017
1.3425479498042843
1.3429137062253333
1.343098255218667
1.347128626348114
1.3485114797323237
1.3516664704904988
1.3534463801092251
1.3546586693422735
1.3564608438334589
1.3567014334218377
1.357827001640997
1.3613506652010032
1.3618145294754893
1.366675423293679
1.3725966785843384
1.374016890332759
1.3748076334706496
1.3754555584751897
1.3765210203635263
1.3771269973189102
1.3780925540345972
1.3795256657357042
1.380010808535789
1.3810734715966675
1.381439354218839
1.3819672524599445
1.3848358495100392
1.3856473023417508
1.3861915199970356
1.3878088226186105
1.392420619361452
1.3957825421758383
1.3971478807145432
1.3973332728381147
1.3976108282048751
1.3981853811524978
1.3990105856698596
1.3999194812529427
1.4044774705434286
1.407828754475224
1.4081453863781273
1.4114558418229048
1.412835675867493
1.4131105228667489
1.413631567686013
1.4238646496267688
1.428952129347813
1.4329626554052384
1.433309903533822
1.4400229058332992
1.4424024808857498
1.4500267822355795
1.454061344251137
1.4585650971263133
1.4595974614956249
1.4598469043850126
1.4607129681347728
1.4619562349316664
1.4624613452820667
1.46274013527319
1.4645119149977626
1.4677164747409002
1.471111129949223
1.4750973533330254
1.4765985738539857
1.4768183221072904
1.4807152945439244
1.4820799953073
1.4826755405445575
1.4828491564260946
1.4829427021133377
1.4838050941989698
1.4842326142741575
1.4854757462319732
1.4958696682171486
1.4960596950957759
1.4980337063610771
1.50244871125458
1.5024708324316638
1.505414647648467
1.5092297850502376
1.5150350926615812
1.51728949919461
1.517560406137781
1.5177490393301512
1.5189400336976076
1.5191220490703148
1.520724380693316
1.5223510765135813
1.5252546360537167
1.5278315793526276
1.5341557315681587
1.5347032971716557
1.5361526890621873
1.5433472285520495
1.5434037259033773
1.5434542490683623
1.5462455365905348
1.5466147410472049
1.5495700510154347
1.5517883734860134
1.5522284503980617
1.5574863464792843
1.558951789451704
1.5605042777866056
1.5608983248521997
1.5689183100373625
1.5693233340392716
1.5731593915596775
1.575439679987898
1.5768637095228915
1.5779896741655097
1.5819989512862755
1.5850464936563
1.586682469120614
1.59036042526249
1.5941480233314405
1.598934604980799
1.6003563942012449
1.6015196992077705
1.6018575513961049
1.605255839382545
1.6090787525373924
1.6092951363703936
1.6123491889053325
1.6148593094138275
1.6162189863576613
1.6193550032584634
1.6215259346059252
1.6221489993734244
1.6326625640004666
1.6327214385723208
1.6345104595330158
1.6348577381889218
1.6360068101672285
1.636323103728634
1.6455924992215452
1.649476924319646
1.649728415970513
1.653111086666934
1.653341108296127
1.6544824615413445
1.6579384636453913
1.658382807799121
1.6617618979183788
1.6622336416136245
1.6634184083548156
1.6677267134896714
1.6711987795831393
1.6713988146898595
1.6714690685564955
1.6750637260794972
1.6805244588284112
1.6825760208742193
1.6861063674998575
1.6906116579483659
1.6973078125238037
1.6979944344218816
1.699716909212094
1.7033241286636482
1.7058461274896919
1.7072772767971895
1.7110306174517587
1.713503969307576
1.72837386185512
1.7378488410812583
1.7396388816902908
1.745661473668046
1.7457104532570518
1.7496136009947691
1.7535007951225094
1.7583554201511715
1.7598336653318292
1.7601037219063902
1.7647298801751776
1.7661855608064005
1.7667942025279721
1.789332577029496
1.7939240183658842
1.7963492775152075
1.7989232847796905
1.8028400174725674
1.8074798269180428
1.8110100592943308
1.813923126952722
1.8351477132499112
1.8403800411566715
1.8414469653030414
1.8542153384448072
1.8543877655465675
1.858743169293267
1.860746642636979
1.8616729059009844
1.8632825630265482
1.8687296698120246
1.874479869299829
1.8749372670936832
1.8790190734178662
1.8820068293147187
1.8826401360467413
1.8830503420498166
1.8834851827944226
1.8878464729272657
1.8961355062235286
1.9102138404174966
1.919380898553274
1.9390322031993803
1.9465066401581632
1.9484972486566194
1.950416424049314
1.9522923459937411
1.9543330435942283
1.958513731640115
1.9677752429719553
1.971361333371978
1.9734997752330892
1.977808094800447
1.9781641714502454
1.9795499984232359
1.9841476866435102
1.9958113236460866
1.9967719940747946
2.003448982530434
2.0110850837145113
2.012792801802915
2.0197703515541128
2.020977229078028
2.0303556827109968
2.035335800869075
2.0387978263905975
2.0392494502680014
2.0436997574484437
2.0573523887659255
2.0698708634527936
2.0732462447525823
2.077067568723408
2.0844441856770657
2.1202741225584427
2.140095499933092
2.144770985573609
2.151794230891779
2.1743264674639304
2.188279465350209
2.192652824963457
2.194444988551167
2.197103133802398
2.199291273396972
2.1995419793721176
2.207858655286136
2.228628129316316
2.2422577352290096
2.245575842758985
2.2480845602713098
2.2619924441408563
2.2637480858932038
2.280414953487428
2.300108978175059
2.340597306209448
2.352835943715303
2.389706423193931
2.3965333650246112
2.414104819572257
2.4547363685478794
2.487353956175699
2.4887911661867177
2.5036894247664048
2.5560805871261425
2.616108603497591
2.712870969850965
2.763276753872911
2.8207423118096133
2.862968896711978
