-4104.212529310911
-4102.906915556949
-4102.737058766708
-2055.092214629859
-2054.0064636704096
-1030.2629472880121
-828.3690007421394
-688.4797265750404
-592.5612149260808
-517.9051977237895
-516.2804598717411
-414.4971209963158
-414.3709937474748
-379.5213564898361
-321.4293084333251
-298.8264335360175
-260.0877318298982
-231.8659124164128
-208.549758288337
-192.03364537958888
-163.68716094305722
-162.00596587317887
-150.87631085974522
-135.54503552932312
-133.493227738586
-127.58156110516013
-117.83976632622324
-116.7766925858199
-114.81851019044339
-113.60655021953073
-112.18441876762411
-102.93486416861617
-101.60710680281791
-100.8654181367824
-97.43647590545109
-94.34901457016512
-93.54433355680854
-92.89904952733059
-92.15693810798126
-92.10365705145517
-91.77515827426066
-88.74361494674582
-83.70016118068004
-80.39816636839748
-80.24344577408574
-79.90075183407023
-78.62164889243981
-76.28881439504109
-74.1812080598834
-73.34944515693962
-72.89709564940172
-72.31682179046979
-71.59146532826293
-67.5010715304779
-67.34710656241357
-67.11084016325495
-67.07179910546424
-66.09525409175927
-64.5163542210122
-63.9604395676237
-62.06544354297352
-61.61034987272694
-60.03969590089982
-58.49515356124318
-58.096136301866636
-57.86382743967848
-56.024575985668854
-56.00072211359105
-54.82592916534817
-54.569770077489714
-54.188215403227275
-53.55605738212617
-53.47553973577525
-52.659840906696736
-52.36657715675517
-50.44301245287642
-50.144531516197816
-49.864525544878155
-49.35892098359735
-48.63650402333975
-48.61048016089361
-46.77514723639366
-46.441229130857444
-45.98098293950567
-45.49907180859
-45.30447250976107
-44.8437938486281
-44.58756898935752
-43.77049121424703
-43.63317288119642
-43.18547619922606
-43.02765240273246
-42.97660901490131
-42.593064795280085
-42.3835079801557
-42.061045492360364
-41.7972887832562
-41.163726522720616
-40.63745258203637
-40.03700571860968
-40.02163713908179
-39.36430444129203
-39.21983262092528
-38.989644453991055
-38.51388672197261
-38.478589189002
-38.38755878616089
-38.357272745635555
-37.99386872185487
-37.781701942717405
-37.50566988939752
-36.71024192318251
-35.51355833554544
-35.441216356072275
-35.324988308547674
-35.2217712236813
-35.07503642579348
-34.587890900599255
-34.21507008787804
-34.210421969593945
-33.79585667258283
-32.96595395402927
-32.86724514279818
-32.76587223418223
-32.69089145656549
-32.278830549605225
-31.938418125254945
-31.76930433031839
-31.754045072446466
-31.54197801212386
-31.5048972913124
-31.083491023359823
-30.82523725643165
-30.76220882770155
-30.748602315530224
-30.641385013250304
-30.600342214839593
-29.92379962687773
-29.616669157873943
-29.56921207723975
-29.549072927959095
-29.502514601108082
-29.344638013788426
-29.166896640469407
-29.03110147003706
-28.989352788399497
-28.779573793716146
-28.444152688016555
-27.973406298406587
-27.847360302487928
-27.81823542690657
-27.75599963882407
-27.682874448606132
-26.742621925225546
-26.642863749027057
-26.60291501633887
-26.436069424759822
-26.374250471819064
-26.330747648883623
-26.245091192193964
-26.080013187880084
-26.023741508824653
-25.981705592675947
-25.980816670523495
-25.79278758946063
-25.79054429224751
-25.670649663462026
-25.421878343767798
-25.39869428492032
-25.313371087676423
-25.19174125205974
-25.06933504322403
-24.989992187774064
-24.90998334757319
-24.4188297062822
-24.411347594840315
-24.40225551782671
-24.361599597893044
-24.33493288057133
-24.0787657016461
-23.92645109566299
-23.83795064779615
-23.679011348650114
-23.58357274753769
-23.485856471578998
-23.016149476699614
-22.85544861543672
-22.235250980489063
-22.176746215619318
-22.058001548328114
-22.007367931289476
-21.821602463325508
-21.768173008327743
-21.74799687948242
-21.663881269395823
-21.594695505548447
-21.36916081413673
-21.30515344290783
-21.19875705825406
-21.09227498622161
-21.08725759668323
-21.030456148153892
-20.778598873485993
-20.648979817329508
-20.632948110315574
-20.53488539947067
-20.436852068312746
-20.318355897608935
-20.172508654341605
-20.144909680375196
-20.088964854648527
-19.88973140697963
-19.52811459291378
-19.472493498019496
-19.231054865724175
-19.033655525625
-19.025067367381336
-19.003347737928795
-18.997007620572774
-18.870541870606214
-18.748440807047267
-18.704527374354583
-18.57911455950729
-18.565227153246056
-18.554923310701824
-18.524634471284692
-18.512305169354374
-18.444927998515062
-18.440148730797773
-18.370035867894995
-18.341363736575577
-18.30061069602418
-18.249283073684662
-18.225047909855498
-18.1565890986694
-18.107909554247463
-18.060123953634072
-18.008635751690125
-17.949311636242122
-17.8985107936975
-17.647242921424095
-17.636552340519987
-17.554846880115072
-17.443163547811448
-17.43603825282779
-17.333967186184594
-17.31547840872162
-17.305897266656384
-17.3029928997397
-17.247030181950272
-17.225304485111664
-17.1974151113694
-17.191541508400825
-17.112310160977465
-17.001105015672348
-16.993455570833767
-16.94575799029365
-16.862391636457367
-16.845962467627924
-16.815872788970978
-16.727621845938106
-16.5972170815908
-16.56274135679974
-16.499474061412208
-16.46681423258259
-16.27896874795259
-16.27093296428099
-16.13725712270725
-16.132782823867174
-16.103423198191326
-15.966232174767772
-15.929652227981276
-15.78954322842095
-15.776356232794559
-15.713818352306923
-15.684439338115354
-15.46050416063508
-15.368475641301035
-15.350371173865508
-15.345216064323317
-15.314951139423712
-15.24939999612116
-15.236371724652459
-15.175056220139206
-15.149033239521005
-15.12260620180701
-15.045932265586728
-15.039426024922978
-14.872065212824989
-14.829278801595473
-14.754840868653028
-14.75353628025905
-14.72371232822077
-14.715814083461137
-14.711123978754634
-14.697155890696795
-14.67893386040196
-14.618270432562738
-14.574666262094144
-14.549605782185544
-14.535270088349078
-14.504333885512057
-14.46282879432443
-14.454631145237563
-14.443950870928463
-14.360778152497023
-14.330151311573887
-14.324966901199849
-14.276198105206571
-14.27165819863716
-14.228455135555603
-14.190867696460426
-14.14608277721042
-14.136992068859431
-14.122305850421913
-14.057835385755583
-14.030975371838506
-13.987439498235123
-13.930127336873836
-13.912430899976911
-13.900430418316738
-13.853021174383317
-13.796659581701787
-13.795571594781519
-13.789443653058598
-13.784045408425657
-13.717164495177178
-13.7066594884256
-13.701038041536814
-13.62682224695513
-13.608612634639703
-13.599209790122803
-13.573069462156493
-13.538308330168043
-13.52866407009825
-13.520810859353737
-13.506101994314976
-13.249877476573433
-13.22696553898569
-13.223211800042382
-13.190178758064654
-13.181380793792016
-13.159331609108051
-13.099825461500822
-13.092385269941339
-13.074785878143654
-13.027944501545118
-13.02551699504518
-13.00458931574199
-12.987389520859178
-12.949829286721782
-12.797899563414422
-12.7418860215123
-12.725048026105409
-12.719698815517399
-12.666148828917231
-12.666057719553347
-12.664629726269066
-12.66371061301251
-12.52692095810318
-12.472084162729638
-12.427390043366167
-12.365292931303541
-12.364047967131837
-12.34382065181478
-12.286611946090833
-12.24758661760698
-12.185267574648318
-12.177413433405302
-12.145218476141181
-12.109985570150462
-12.070603177494817
-12.047782339273695
-12.03196098750827
-12.025883227108052
-12.020541783578407
-12.008696710516016
-12.007792488326773
-11.993806279162193
-11.918992419128509
-11.858577943409959
-11.855481737307478
-11.83151816552597
-11.820741024619116
-11.820375234609088
-11.787608338024919
-11.776394265185877
-11.758532650921811
-11.724504975431191
-11.649013356666083
-11.644675996352252
-11.61767177301293
-11.614473000014257
-11.612821081249237
-11.601774804302524
-11.585694397927021
-11.578211048386155
-11.537036831286082
-11.531188273275875
-11.530325822367473
-11.524712376343283
-11.523954080858136
-11.52246545696017
-11.46652640255487
-11.45546415398219
-11.311419996190077
-11.306915997429938
-11.269866971907518
-11.258434522069766
-11.258366275549802
-11.23066195199815
-11.212592239962618
-11.184942659320733
-11.177085132495254
-11.169683612174019
-11.150705337979428
-11.113814238217492
-11.086761882687066
-11.036533508433795
-10.95638633963945
-10.94424677783458
-10.870985239768222
-10.868914469151202
-10.721342926077268
-10.701630459647152
-10.660515140005145
-10.644037418394108
-10.624602821820044
-10.619690122680394
-10.617665385046806
-10.579269170786075
-10.567542651658615
-10.501520276045925
-10.47544595664526
-10.472826076082548
-10.469442759796582
-10.421014099304523
-10.397001079801852
-10.287700719130633
-10.275111830652358
-10.221681498022873
-10.199737623082198
-10.198476250988476
-10.175243552011732
-10.136106125934347
-10.117963077470494
-10.069349087829481
-10.059566123854687
-9.967155468933212
-9.954752950910864
-9.94500331827484
-9.924823581177321
-9.910178239846909
-9.895796739761211
-9.864342342497293
-9.861810906911236
-9.847802114843542
-9.842923894191806
-9.821668703412023
-9.80961057269411
-9.80294810114361
-9.792392502707298
-9.764180126191482
-9.680953635169532
-9.662084824508458
-9.660531663214927
-9.646062253978387
-9.60890836654827
-9.514130408318504
-9.494182960831896
-9.463786709794725
-9.462128271435303
-9.425766451364357
-9.42538358333592
-9.4091239261146
-9.387234023933601
-9.373664728808976
-9.34372440533871
-9.341146408868049
-9.334128498987955
-9.312750857712675
-9.25984068287594
-9.257366514411842
-9.220357135504083
-9.20872969773851
-9.202403621505878
-9.184769413569049
-9.136626813237537
-9.114066652651239
-9.096734371622649
-9.083915214125355
-9.078378413524556
-9.05805087323384
-9.01980193253118
-9.003442898343874
-8.999355322932727
-8.994437097175695
-8.993769308660777
-8.936124349791163
-8.91307329298974
-8.904483522379046
-8.893918134383256
-8.884415292266683
-8.882970857412406
-8.85290556541181
-8.851879790537618
-8.844934858468688
-8.844179357470825
-8.837275401703295
-8.826683467802969
-8.770792970481473
-8.678400686126421
-8.67274145694103
-8.664018490105551
-8.65372420242645
-8.635708107703717
-8.634647623791372
-8.630516891306268
-8.61858865902737
-8.591756545795226
-8.580716260776923
-8.577821495991714
-8.569909875675005
-8.536094713836482
-8.528548399405635
-8.520374478729869
-8.514993284626529
-8.499438380964989
-8.48977218154278
-8.47968724018028
-8.477211891377635
-8.452632322479255
-8.448772434791831
-8.424429532145227
-8.398898753900822
-8.360810900696602
-8.355554173624634
-8.341536004086882
-8.293270428951203
-8.292520511490864
-8.274631677560915
-8.263321675662745
-8.246747513050947
-8.241880541126775
-8.193455800859216
-8.193074580267208
-8.146210457945502
-8.132852465273968
-8.107194967722481
-8.0912339886052
-8.060752752126488
-7.988335347596815
-7.969311517903422
-7.962534917995702
-7.9606391068762985
-7.957273383084465
-7.957002515459364
-7.924337791996942
-7.8981242378600935
-7.892141439794971
-7.8752595293345635
-7.871941359632851
-7.867907510117306
-7.848278714736918
-7.826413169911402
-7.82603709332183
-7.825255995829229
-7.818658332303489
-7.794535536231329
-7.755520448261727
-7.746389314138433
-7.7458569314901276
-7.742408949565643
-7.734694431915435
-7.728007527393337
-7.717785002475788
-7.709973463975279
-7.6795292155202795
-7.678477172798366
-7.660956443858573
-7.6540619033233455
-7.63140713227247
-7.630457469908995
-7.600617256204586
-7.593083851048153
-7.589907471255218
-7.581542896884924
-7.579674957254982
-7.524101916433047
-7.520144701669032
-7.483505993530795
-7.476918859802863
-7.474281943856432
-7.443145235366247
-7.380596325982927
-7.378475824318107
-7.363305139139828
-7.327513907316708
-7.326333175131365
-7.282274443443674
-7.274845672152064
-7.265911999797898
-7.259564214155016
-7.254238121119206
-7.2515532349471945
-7.25112601171179
-7.249171943738043
-7.234716420901924
-7.231576524414285
-7.215230380672807
-7.203739438501585
-7.2029094377995495
-7.202022616966659
-7.198772568169433
-7.191796469426664
-7.187503615052042
-7.1808057780772545
-7.159187365752229
-7.156666418162397
-7.154933868050097
-7.1508540083783805
-7.142125335172866
-7.135690071070503
-7.1164171263227685
-7.107581573454519
-7.098884339125149
-7.067035635805042
-7.062330308148635
-7.0587394937114425
-7.0311028664184505
-7.009777246532726
-7.005627490660213
-6.9872812947461025
-6.975555441657983
-6.974714229830672
-6.96018318416111
-6.948890599855316
-6.947361710196121
-6.927644328714278
-6.916840094624408
-6.912968967451117
-6.9098388480670465
-6.891123578023791
-6.880485695727163
-6.8651390738649205
-6.8434995145866315
-6.841202809114646
-6.830306580983458
-6.821389675883937
-6.814646285656491
-6.809183853082909
-6.79603306551848
-6.792186065567207
-6.789092941504878
-6.775622296391742
-6.773744022722248
-6.768753047658143
-6.7671931740989555
-6.753144736222965
-6.747871168203751
-6.74580051673883
-6.728829852786374
-6.7205373505147445
-6.71477024078912
-6.707908010198105
-6.705515907869559
-6.690111397086017
-6.688423300801464
-6.6855605222341135
-6.682607436846489
-6.6558140881046
-6.65459429712131
-6.6502905082638435
-6.644246219608011
-6.628946307538627
-6.622511229931078
-6.606575697734048
-6.602299427117546
-6.598500503879753
-6.584686770934619
-6.584293038452419
-6.573968111320324
-6.569164005360793
-6.560379796451722
-6.556644566450897
-6.54426632953235
-6.5435289787664335
-6.508396058139127
-6.503020459651454
-6.450106801870948
-6.447095693913891
-6.436732619387612
-6.426590925822086
-6.419084551618101
-6.417154410168462
-6.40284785901078
-6.376716881374738
-6.372728400081759
-6.369043889032092
-6.358329271913805
-6.330696256359305
-6.323496621799877
-6.308588835345384
-6.306097938477791
-6.295070997201823
-6.293217614857186
-6.286799709694365
-6.284594645482474
-6.275484479767124
-6.259306347777123
-6.259195389902053
-6.256388817988346
-6.25536978020445
-6.243615676626202
-6.242233957855875
-6.231750193945743
-6.220226018676137
-6.2185214943538005
-6.19263462081602
-6.192165826189222
-6.187132086991767
-6.180364491599915
-6.176363940834152
-6.156267201595656
-6.143935031217723
-6.1244630934321975
-6.1108374413924045
-6.10812450450916
-6.105616503465191
-6.09213632430987
-6.073040454237272
-6.06841043660835
-6.060740945226339
-6.060510686068801
-6.057512163738054
-6.056470402448977
-6.027774145709142
-6.00237382618238
-5.998229011351954
-5.993735969404109
-5.970926794313828
-5.952631542670582
-5.944631257623872
-5.943851255637338
-5.943241943978319
-5.9342996448330165
-5.930150329771864
-5.920986604140365
-5.920858062811689
-5.917978985768855
-5.917851227658106
-5.891648146211828
-5.886723824620373
-5.871591675998061
-5.863689606840446
-5.86184899619561
-5.838349819733784
-5.807231155536397
-5.807083319887153
-5.804231313056845
-5.797010756595152
-5.761578080222291
-5.760847017145553
-5.755230712639047
-5.749927835500508
-5.7466400508032445
-5.746273494164004
-5.744112594025241
-5.734123408093419
-5.71795665759328
-5.715741023135465
-5.713670610710323
-5.7093137165134475
-5.70622095866721
-5.705256441002227
-5.703641054234146
-5.703216544206714
-5.684882460671894
-5.677008312369107
-5.669686978513429
-5.669546491026221
-5.654108438193428
-5.638540325930457
-5.625383025459029
-5.621436784797587
-5.618419083711904
-5.605480680813855
-5.602183561456711
-5.598770462853331
-5.596589973750929
-5.595769432877129
-5.580169043176269
-5.573537776188439
-5.548806648107615
-5.545669158539578
-5.5430609591012585
-5.530332026161645
-5.52128242771008
-5.520872783317743
-5.520778984739804
-5.51466252290309
-5.511561601085372
-5.50530902573452
-5.497617939804969
-5.476674878343282
-5.469730898782062
-5.469194345321032
-5.469013314037041
-5.460610187133011
-5.458919771331521
-5.445541947692373
-5.431506964106488
-5.415489837349517
-5.409927141408981
-5.408588135868344
-5.401260178100265
-5.397564587984023
-5.392344316426369
-5.382929464950845
-5.3787839239892055
-5.373451492063397
-5.357480418470606
-5.335865751116519
-5.308245780189265
-5.306287913077668
-5.306287537341333
-5.296726773042325
-5.274283934334643
-5.270195672267976
-5.2595225949620446
-5.258749566360445
-5.247517998662344
-5.237034037155624
-5.22615047889582
-5.225159017118882
-5.217772070448724
-5.205008174678764
-5.196912204310968
-5.196502718507637
-5.190667896824265
-5.190001622804925
-5.187069037003324
-5.168021291007211
-5.154444639083083
-5.152605789381573
-5.149910129775479
-5.142784959574202
-5.140593831317631
-5.137658875923611
-5.1369540762996095
-5.135463762842117
-5.1336296173409295
-5.132406292456221
-5.132307963095883
-5.124264549896938
-5.1032760349060124
-5.1022415361257085
-5.100789863494989
-5.097152334925683
-5.095619923455437
-5.094450482770788
-5.0906654670141265
-5.072970639777821
-5.065758463258831
-5.065422365119096
-5.062503242289617
-5.05451366600045
-5.053664783397972
-5.050654159309584
-5.046732128557683
-5.0458959387676625
-5.037373290472329
-5.03517975713947
-5.031427346692112
-5.02870749494589
-5.027917247200486
-5.007889416110576
-5.006792314094156
-4.990955197993741
-4.989710162788546
-4.983216542395211
-4.955048043602156
-4.952151882121121
-4.947102836567387
-4.943965413278472
-4.938944779175769
-4.935463663669673
-4.9157890376436555
-4.913706817622966
-4.913310273259117
-4.908529447145919
-4.906155032401742
-4.8920070068766375
-4.884816651989874
-4.8805217293751655
-4.877681947819221
-4.84525501814911
-4.842531456859654
-4.837464448160175
-4.831345154724772
-4.830480262449596
-4.827828593463099
-4.826990975411235
-4.8183487609866
-4.8168706816590605
-4.815525670090021
-4.80526563698049
-4.804389418375303
-4.8035996064441715
-4.798713600774937
-4.794256660591974
-4.789970336060209
-4.7890761644549205
-4.788490248128877
-4.780977081958056
-4.771866876731391
-4.7673902499012115
-4.763633550951699
-4.759131589241804
-4.758737224679568
-4.749084382770372
-4.733518564939391
-4.7214572621823425
-4.709587284470669
-4.7071497811215
-4.706178966947079
-4.7061711351418065
-4.690373407736858
-4.686226175543973
-4.683855262498636
-4.680154461172295
-4.668229935235333
-4.662781122587725
-4.654551039874789
-4.642126649678039
-4.6357772500730885
-4.62900522205851
-4.627427996162401
-4.623711673765522
-4.623379274576197
-4.616698568432436
-4.61296680013448
-4.602166104988821
-4.601329628750279
-4.5975463410232935
-4.595887036126225
-4.591908183510015
-4.58976854602556
-4.583370307084436
-4.566748318788589
-4.565796701355228
-4.559703742370318
-4.55862575522952
-4.5537865025721915
-4.552950012814158
-4.551842002399083
-4.540851301277772
-4.537748636397995
-4.53663517071466
-4.528733029082978
-4.524731297382159
-4.512105126690258
-4.508860519061929
-4.505065615016137
-4.494891861587181
-4.4859001979177835
-4.480925085694478
-4.47622763946273
-4.474734042520455
-4.459822051098045
-4.455878539941943
-4.455782372861536
-4.455457980850122
-4.440230831035328
-4.427810580494326
-4.417279684793959
-4.40825613907467
-4.396865712403725
-4.392445209760153
-4.381823133566653
-4.369262199437521
-4.366003607856477
-4.360444074822247
-4.35539926471472
-4.352318624213883
-4.344543598762675
-4.333721508161771
-4.330390335290647
-4.327058799569638
-4.324081658164285
-4.320947674930421
-4.317884561796655
-4.31300502378363
-4.311448286261924
-4.311201558263182
-4.308523280009885
-4.307395774008235
-4.304756041254365
-4.303230328178791
-4.301182471085812
-4.2902501258065096
-4.288427547962484
-4.282528750122462
-4.279610960730264
-4.2708459751937875
-4.2645093246804855
-4.264407913971143
-4.26003340525321
-4.2588874920922715
-4.257992549989482
-4.256984652369164
-4.256649098243058
-4.242995514192783
-4.239092008984585
-4.236821822569169
-4.225294823492672
-4.225109505899592
-4.223845398639873
-4.221701820210822
-4.2187761809351745
-4.217924529848833
-4.2099804087882156
-4.201663246575798
-4.200485644902616
-4.195837482829083
-4.194236948210979
-4.19222813772571
-4.191602130809475
-4.174862625352284
-4.174611024107731
-4.169462675506956
-4.165130152335031
-4.164083046895618
-4.154227085078825
-4.149770218123877
-4.147778714225938
-4.147306293663156
-4.1466062290281345
-4.145269465581936
-4.1399603643858685
-4.139724900292167
-4.139107739854337
-4.136745505469359
-4.12769925354869
-4.126285375126095
-4.1099083077560365
-4.107847683998605
-4.091489435439913
-4.091281927628236
-4.081690419400347
-4.076085761542712
-4.069971482051579
-4.069177004435098
-4.065071145042479
-4.061703154858309
-4.048413030076211
-4.040734041994112
-4.037905050378822
-4.037103571516413
-4.035047684199553
-4.026468090176571
-4.008403648769789
-4.008098525257276
-4.006915926302187
-4.001934199720797
-3.9975283504794916
-3.996888826349316
-3.98926463316886
-3.979987982443105
-3.97933197286071
-3.9770111636928593
-3.975422663119829
-3.9699935201373835
-3.9693820051294524
-3.9688195466997525
-3.9577073875988504
-3.951652190426045
-3.9342696232538024
-3.9311728672465316
-3.926638696211084
-3.9136749447232724
-3.9135386935169794
-3.904209200119401
-3.9031706703725906
-3.897936204194576
-3.8921090228251787
-3.8888518950220408
-3.8868917863123595
-3.8805938896259358
-3.8705114955935422
-3.8685767252923173
-3.8665414005170082
-3.8654948825993287
-3.8606703524292456
-3.8583265988254216
-3.8559632803479733
-3.8543485567027624
-3.8455788984355816
-3.845049279881416
-3.840673301256011
-3.8371245860290584
-3.8313927284899463
-3.811944690435881
-3.809937244024915
-3.8040285722806164
-3.796193570363991
-3.7939613042445597
-3.7898305135060237
-3.7882774432006383
-3.787300249577369
-3.780493451194226
-3.7736981269796637
-3.7732295067685655
-3.7727758262149935
-3.772588559236291
-3.770271863129329
-3.75424624872998
-3.7501623167488534
-3.7498879252317083
-3.7498344924883567
-3.7462835263896235
-3.7349631020133356
-3.7340018520286318
-3.7336512222223
-3.7300537038329034
-3.7265601609229413
-3.723601789763185
-3.7210573364737844
-3.712038114685756
-3.7035888966490487
-3.7032861855688957
-3.701855691143443
-3.6966632318870563
-3.6957675801638983
-3.6918049139392735
-3.6906744811624437
-3.6884013906331297
-3.6836020190218473
-3.6776206966810467
-3.670166551527579
-3.6674646163451894
-3.65932339577682
-3.651953138187565
-3.6472949669447483
-3.647260752483677
-3.6416385669207245
-3.6409780243507126
-3.639094401681689
-3.624687232104092
-3.622380027747633
-3.6112365599456364
-3.6067826630440463
-3.606057209217922
-3.605665443975586
-3.6047907037893947
-3.5980565891438117
-3.5947913622771352
-3.5895698290589886
-3.5894676764142277
-3.5893384024974186
-3.583398108894924
-3.583116819949945
-3.580611419163208
-3.561958606758724
-3.5618343444943377
-3.5601182048733673
-3.556789967649938
-3.5550999372815215
-3.554870612357394
-3.553300689708524
-3.552605392692933
-3.546926027219193
-3.5445448424201267
-3.54395644359332
-3.532363163282169
-3.5308031488005565
-3.5307893115863607
-3.5302341014820353
-3.5226927038226794
-3.5219989768373097
-3.521701201563576
-3.515807515179191
-3.5116670803771086
-3.5076132801421562
-3.502513863930165
-3.5017163375736793
-3.5000173112217863
-3.497727046363179
-3.491652522906646
-3.4908676031956336
-3.48793371889988
-3.484734827795861
-3.482813102850475
-3.474611934020616
-3.4706332725002587
-3.4692892792216248
-3.4684849121557013
-3.465984995109399
-3.4643396691782016
-3.460640724277456
-3.4567319536604564
-3.4549134637079395
-3.45317233399303
-3.4527420689426673
-3.4444845685272787
-3.4411922949637868
-3.436924592115972
-3.4303026223699544
-3.4268325484480453
-3.423405651344184
-3.4231995337990346
-3.4204602261772656
-3.417591852536432
-3.4137838495231803
-3.4117103399210285
-3.4100919943199326
-3.40585424238201
-3.4017759593198122
-3.3992668706008953
-3.3920298171546452
-3.391919010877548
-3.384746965191347
-3.3802482181931586
-3.3795921977564563
-3.3745150065424254
-3.3728298441469113
-3.3728255514962653
-3.3670033684755656
-3.3657298204153197
-3.3634710753602937
-3.3617790762999653
-3.35678821894892
-3.345398688222101
-3.3418231272708567
-3.3398317571308533
-3.3388740279193483
-3.3377023206842282
-3.3365197832310116
-3.336413380105944
-3.3303574918776135
-3.330147607219747
-3.3160669476647326
-3.3100047950577753
-3.309105535659364
-3.307995991791438
-3.305156830095825
-3.297276516940209
-3.296848817839069
-3.2915162409116117
-3.2900355686807856
-3.2846520229689817
-3.2836116484344715
-3.279357943052112
-3.273804606617789
-3.2737641365475287
-3.2633993985163614
-3.255952071337043
-3.2557486271641385
-3.2555982959034746
-3.253842046094365
-3.2528746812730733
-3.252327230887039
-3.24494059646062
-3.2430154216720073
-3.2406983225526744
-3.238531515451635
-3.2314454807578468
-3.229630140724604
-3.227522900626984
-3.226177636941804
-3.2251310144370775
-3.224505783428967
-3.2230729065902732
-3.2221323819805656
-3.215278553165336
-3.2130730898067132
-3.2130010668140416
-3.2110319610521794
-3.200745955138936
-3.1999639179848653
-3.199682055372972
-3.1991788064191273
-3.1981691342533733
-3.1958673106262028
-3.1927383153306867
-3.1825795386442284
-3.1825585302914368
-3.1779445556441384
-3.171905424256682
-3.1666537081913018
-3.1664006792354646
-3.155721535926102
-3.1537880991617753
-3.145495783470302
-3.14382425312789
-3.1394309655675885
-3.135915121228663
-3.1345822594288792
-3.1281810689734453
-3.1214405150908187
-3.119092219525218
-3.1167446969024377
-3.1128006344382344
-3.112390799114981
-3.1120654384741124
-3.111119375939441
-3.1105577797532407
-3.1100451035574483
-3.1059967709661525
-3.102997185777876
-3.101496772114259
-3.0957544751558053
-3.0945990887993293
-3.0910935837623477
-3.087729190114528
-3.085069286486193
-3.077263213549224
-3.0759628764529325
-3.071358061128053
-3.0593515956790283
-3.0572800816225354
-3.04750010165803
-3.046149833787781
-3.0452678930024866
-3.036609792864996
-3.0294114042626274
-3.0272811945140203
-3.0268902836060123
-3.0259079526895474
-3.025742503401578
-3.0203946668495227
-3.019087635689727
-3.018317030071346
-3.017130347976112
-3.0147204431470893
-3.013805217810484
-3.013080554710279
-3.0077799403677163
-3.0066621716024806
-3.006389051449133
-3.0038937699771306
-3.002160418038415
-3.00182973597109
-2.99926259834136
-2.9965944559483555
-2.9949651285952896
-2.993595704651922
-2.9900775792495176
-2.9882632967997753
-2.9863928754780034
-2.9832792803180945
-2.9831050815954305
-2.982505243510843
-2.975007482706768
-2.969428966460484
-2.9692202909976086
-2.9659531336757095
-2.9646639500987906
-2.9608204269033034
-2.9531533184734284
-2.951388228202115
-2.94846991506736
-2.948352456108842
-2.9468614972879372
-2.9437925133897145
-2.9428624064407005
-2.9410241148849297
-2.9360346404910196
-2.9316975527610705
-2.9198394005154684
-2.9197878052679256
-2.918313954414271
-2.914325697016097
-2.913900652987367
-2.9137221905891657
-2.9126158717930344
-2.910038039114135
-2.904820681348444
-2.9023856609665377
-2.901605475683821
-2.898605963142172
-2.89803419007158
-2.893244980648413
-2.8908398444241215
-2.888173873226789
-2.88353189527146
-2.88245360967779
-2.8792078480711414
-2.878173202809269
-2.874010972216568
-2.867588263801642
-2.8454024766205492
-2.8386245811943556
-2.8383335809202848
-2.8376661131852567
-2.8322120518842224
-2.8251674764716284
-2.8168733401488657
-2.8126216090575724
-2.8113078053399017
-2.8055876234772357
-2.802938180152723
-2.799873136629631
-2.795890006022967
-2.786210946591808
-2.7817470864324596
-2.7800415852008875
-2.7787666188873903
-2.766513220558487
-2.75969909427262
-2.755300524438232
-2.746965724160512
-2.744314547725298
-2.742164538118626
-2.7410485439080534
-2.7365352934360834
-2.7344279657299895
-2.7303484624512135
-2.7294913551852673
-2.7294711296081458
-2.7266093458313994
-2.724508141733828
-2.7243705580143427
-2.7199196906329064
-2.7197090811270312
-2.71921416593721
-2.7178126266938905
-2.7115758895163364
-2.7016874925580328
-2.7016774065986833
-2.700739629093655
-2.695502529162486
-2.6940644866703716
-2.6857743872490483
-2.684948346985466
-2.6845195479617114
-2.6841430372631216
-2.682170820672757
-2.6785988587094938
-2.6739712590196367
-2.671733268064931
-2.6676131900332956
-2.6632083249472376
-2.656268816050648
-2.6534468060975533
-2.652711289975778
-2.6526004542092343
-2.6524876617710427
-2.6515126444100727
-2.6512227110474598
-2.648243743687101
-2.6469321496207616
-2.6457180499205215
-2.6431052745343115
-2.6366469183774974
-2.636352012815717
-2.632564272619348
-2.632403213990548
-2.6314243838233615
-2.6305644744477545
-2.6286940643434904
-2.623556799908644
-2.6233631633914083
-2.622631938996199
-2.619312878284674
-2.6118398062604453
-2.6087817956103674
-2.589806866184076
-2.5832072301923823
-2.5785704599946495
-2.574678971463104
-2.572742068973006
-2.566214109857538
-2.5652407963939754
-2.5582465236900713
-2.557920690645312
-2.5553666601951766
-2.552762342280596
-2.545815211121959
-2.5455805429203964
-2.5441173577297587
-2.5371071491680004
-2.536797784849525
-2.5318871669514937
-2.5279495772139553
-2.5205796264612195
-2.5121416991916727
-2.509211995862805
-2.501706405140169
-2.4983809184372294
-2.4972653880435063
-2.4936748705639227
-2.4906729837935035
-2.4903640840952392
-2.4856560371416743
-2.484275913660434
-2.480707609079496
-2.4801029886363746
-2.4740453567804583
-2.4598412899338835
-2.4538234802923964
-2.45163699821332
-2.4514139739333203
-2.447713946694168
-2.4455370761911404
-2.437760757016982
-2.432227822066464
-2.4321067931391127
-2.426617834407621
-2.4244941076345876
-2.424117155378611
-2.4231140628690238
-2.417938683407273
-2.4166374573078837
-2.4154380246456055
-2.408088705357058
-2.4068187722745593
-2.3984157419355983
-2.396606719490875
-2.3949596311560577
-2.391348170646716
-2.39070098319395
-2.3906900234877977
-2.3880830241809905
-2.386963153786587
-2.3821291726319136
-2.3821263990879364
-2.3772496645625028
-2.3708625402428996
-2.367192680154915
-2.3670684901870827
-2.3664830308504534
-2.365832298878875
-2.365226377973002
-2.359471636614576
-2.3585172920658057
-2.3542878264232745
-2.3501382917564912
-2.3446844194297
-2.344407049232395
-2.3439137784483624
-2.3393677192782185
-2.3366183416007864
-2.3348347906246265
-2.3343016729456503
-2.329661996640045
-2.3262026614318216
-2.325353946902209
-2.316862098394242
-2.310960945916287
-2.304019670561604
-2.3038182207673374
-2.3034730246796378
-2.3034273227959305
-2.302537552430434
-2.3007021714150864
-2.2990932328468814
-2.2943141452412017
-2.292968042033953
-2.291247093615621
-2.2886585687395167
-2.2867371367607516
-2.285998291591733
-2.279853159715006
-2.278239476983042
-2.2777703226849297
-2.2769021337582647
-2.275272641680424
-2.273131615833772
-2.268672694204555
-2.2646649928259333
-2.2633972089937386
-2.2577750604233957
-2.2567838291596494
-2.256113472497174
-2.2559901582355484
-2.2556116110419877
-2.255297608878372
-2.255265468604195
-2.2472286670385784
-2.247222910813613
-2.24225836832157
-2.2409371260757194
-2.239927855444069
-2.235865991690339
-2.2355594712172966
-2.234673919604634
-2.2343556707849457
-2.2312994036895075
-2.2275770283805802
-2.2218065996834278
-2.2215049557083364
-2.220482271161795
-2.2155752880911947
-2.212295780171342
-2.2117724935090854
-2.21123183926329
-2.208953910010972
-2.1951732621778364
-2.1920977290294887
-2.1828452015885396
-2.17968550288276
-2.1762999222196404
-2.1759849727519334
-2.173438280975588
-2.1733541779112526
-2.17043108288566
-2.1688904036285463
-2.1679425189119605
-2.1662836116825783
-2.1660919334618245
-2.164818659293993
-2.163448028948591
-2.1624531070877677
-2.1617517938469493
-2.159356910041181
-2.1577314165470876
-2.1561547971945925
-2.1488640518080877
-2.1469805887053965
-2.145884689775313
-2.144073812986419
-2.141619429385424
-2.1412942720914523
-2.1371497880993005
-2.13305256595105
-2.1249253110590427
-2.124383416763295
-2.1228398857885677
-2.1210788170376915
-2.117893578368991
-2.114778421967852
-2.1128601153569964
-2.1116314216284198
-2.1107931244330946
-2.109557832532649
-2.108446840229835
-2.107538011797151
-2.1032583204015776
-2.1019022650521126
-2.0989359516141777
-2.0981156461721016
-2.0972038696135336
-2.091917081545699
-2.073288535667633
-2.071535514542337
-2.071037007401332
-2.0672126107081397
-2.061047473881003
-2.0557547494997466
-2.0539080591797583
-2.0526460082748286
-2.0505155047057877
-2.049744415449621
-2.0496012617017323
-2.048673979858134
-2.044176178635238
-2.0410936766437486
-2.0403940739504796
-2.03720020911056
-2.0366825468719476
-2.035099417944621
-2.034971803609405
-2.0328276674612566
-2.0268253727273393
-2.0264216535469863
-2.0222825799333286
-2.0179696104090903
-2.0174493732976244
-2.0165948157835736
-2.012478298004658
-2.004275457159758
-1.997031978173033
-1.9943815737746955
-1.9918293267390421
-1.9883582670544748
-1.9847879366632273
-1.98350841944767
-1.9826787698504316
-1.9821883077999185
-1.9812309927142655
-1.976953126848787
-1.9739155903489105
-1.9712459290887647
-1.9661764952185348
-1.9630971450804302
-1.9630627447360525
-1.96174627026302
-1.9616299660873682
-1.9605313522511516
-1.9588098738760547
-1.9578883043180761
-1.957037668212388
-1.9563111799011708
-1.9552858655034027
-1.9552828621863747
-1.9551211376292312
-1.951672180401209
-1.9506024850539547
-1.9446600375035223
-1.9442518555294717
-1.9429520593378458
-1.9408631898944486
-1.9395523836956194
-1.9355177800566747
-1.9327216101998586
-1.9291342109129008
-1.9263463069342626
-1.9230376109729364
-1.9174329900947025
-1.9152123688457559
-1.9112838147846118
-1.9050352596034235
-1.9011797196195883
-1.8990624841902704
-1.8983756733884563
-1.8949372336762556
-1.8913641118718942
-1.8910337757382614
-1.8799142483503462
-1.8798271886860514
-1.8763591846428787
-1.8758390216418683
-1.8743863881399863
-1.8740769152099792
-1.873551200829452
-1.8735005676518126
-1.8662974036060378
-1.8661236152026923
-1.8651165135858332
-1.8640018207356084
-1.8629581724723154
-1.861972400558367
-1.8577805705204786
-1.852687775072154
-1.8517598930257908
-1.850811258765213
-1.8491679345176575
-1.8490607795605556
-1.84814316960318
-1.8455028224039662
-1.8377721275330503
-1.837320497113975
-1.833371282250019
-1.832666702357071
-1.8312999743961642
-1.8300764710952795
-1.8288347172720902
-1.826511590118559
-1.824690026228927
-1.8238814073051075
-1.8237101975031125
-1.8204614091542235
-1.8192068861153388
-1.8179026822193367
-1.817317257501372
-1.816074145035949
-1.814206796030872
-1.8111426745070474
-1.8085018363780738
-1.807987129306029
-1.8073912316697007
-1.8060111483191625
-1.8053134670272442
-1.8039346789698403
-1.798505044323127
-1.7966073087044099
-1.79444953178422
-1.791497608236725
-1.7898288803369007
-1.78937729292561
-1.78844123232841
-1.7875734518497919
-1.7869510075211767
-1.7845526565979872
-1.7838698752436755
-1.782347091749115
-1.7818713654306226
-1.780690510980508
-1.7697292093990846
-1.7681643910836584
-1.768157636360755
-1.7636311302737395
-1.7625456996854725
-1.7610664163386502
-1.7597394086666462
-1.7554590117029216
-1.7553972548904602
-1.7514646413768054
-1.7500442567984993
-1.7490818955101695
-1.7478858011478864
-1.7457840095660975
-1.74514385972365
-1.7416905803228975
-1.7385806242281854
-1.7367297003226443
-1.7355826960196645
-1.7304780383875038
-1.729828958950914
-1.7295990518811029
-1.7270355065787726
-1.725086191124387
-1.722344542982097
-1.7222478490683857
-1.7197783355403828
-1.7184320418785797
-1.7147211500006028
-1.71331434185214
-1.7115098081811357
-1.710862397047558
-1.707762152511721
-1.707410075951852
-1.7045200620998813
-1.7042383663163656
-1.7041908059473874
-1.7036339294364762
-1.699186681020441
-1.6955509291715343
-1.6937139090511697
-1.6926476827472245
-1.692190517407216
-1.6914922617727441
-1.6868271555389156
-1.6842148569277133
-1.6799467114884807
-1.6740690834163992
-1.673032387379863
-1.6719918392759658
-1.6713575936226104
-1.6712522348356857
-1.6711118405762255
-1.670744288202705
-1.6703061833088628
-1.669341153086394
-1.6671911537456847
-1.664425504642038
-1.6637404326813257
-1.6595180891146515
-1.6586035164719724
-1.6502001599390241
-1.6462205760193533
-1.645065571590207
-1.6438957159913827
-1.643575125423376
-1.6403142946130993
-1.6398359398361595
-1.639528174976569
-1.6360045134447914
-1.628592422427195
-1.6247011884061844
-1.6235032108005625
-1.6229759372802997
-1.6229731027863263
-1.6228128467754015
-1.6225100052395998
-1.622152270565152
-1.6197798570473485
-1.6189763750413035
-1.6177906838077916
-1.6118225238103174
-1.6081652640954236
-1.6078569342406897
-1.6075193582214466
-1.5993771774273873
-1.5971988301981443
-1.5958946814384025
-1.5949215831267565
-1.5924778556380341
-1.5900064048184859
-1.5893227485609942
-1.5885438221141943
-1.587188861025758
-1.586732742685705
-1.5831083089788769
-1.5819875561154855
-1.5681788555881353
-1.5669340489463326
-1.565918167748673
-1.5658166322759057
-1.5637092020232222
-1.5636127212255246
-1.555408257641576
-1.5546419927811517
-1.5538282981092193
-1.5498188366995522
-1.5457204068968484
-1.545432090974908
-1.5448308995016065
-1.5439688645545409
-1.540777319006929
-1.540553634911898
-1.5403757287641096
-1.5345144457326345
-1.5307532422216947
-1.5292028969472193
-1.5265742982288941
-1.5240761936227778
-1.5238327556406315
-1.5221535971854594
-1.521891828630283
-1.5192455800010636
-1.5191719679159141
-1.5153592689042286
-1.511328524570594
-1.5092624801190366
-1.504854470227703
-1.5047196963588512
-1.5041071699198176
-1.5022956663837994
-1.4991525838143793
-1.498522355762153
-1.4953218869636966
-1.4901338312020407
-1.4887664849376847
-1.4839521983146617
-1.4814746333678919
-1.4767847872916193
-1.4766241942250553
-1.4764640983260293
-1.4744488558097197
-1.4735872967080321
-1.4727443699122649
-1.4725576367885995
-1.471309800500311
-1.4663539571241835
-1.4631245262320896
-1.4612498925113955
-1.460319642775022
-1.4598695573549036
-1.459723361688006
-1.4583530148900365
-1.457942284208445
-1.4551544139244315
-1.4536104148824205
-1.4527108921669754
-1.4520615412584332
-1.4520348619926486
-1.4519024068219042
-1.4492770531924108
-1.4489761161849573
-1.4432370360206632
-1.4431112163869773
-1.4429050777796633
-1.439960355841308
-1.4387259695700547
-1.4364746927655372
-1.4353269889899933
-1.4342904693411218
-1.432874217737856
-1.4301439165252212
-1.429597545955269
-1.4245797819113748
-1.4239149047966282
-1.4235154946105555
-1.418977690853907
-1.418356132364436
-1.4130925588247778
-1.412674299792098
-1.4115758701956456
-1.411336951426497
-1.4081974880633092
-1.4068884926008929
-1.405914416116142
-1.40521361759725
-1.4030378273795392
-1.399805877897835
-1.3994479168992333
-1.3920944736003067
-1.3918108241900942
-1.3883055083399711
-1.3847616739285795
-1.3843840451361984
-1.3833735285620206
-1.382291716246175
-1.3809952205822837
-1.3805714018045456
-1.3803695994803875
-1.3776093624907733
-1.3775832970968902
-1.3759041739032163
-1.3750184321361196
-1.3749141848098732
-1.3737552294085704
-1.3735256832551963
-1.3719192221723115
-1.3716957386694997
-1.3711998988594651
-1.3694095877389145
-1.3686551459751035
-1.3680078741144128
-1.3659657699728163
-1.3652850618611005
-1.3634472825990498
-1.358804231834985
-1.3580087953499318
-1.3575030729677313
-1.3543508097283508
-1.353888625681106
-1.3531640238114244
-1.3497728328264667
-1.3495307710410782
-1.3476493233189797
-1.3459802715307256
-1.3459477259856434
-1.3458319666368141
-1.345582926969429
-1.343269510826361
-1.3426576486900803
-1.342606779118189
-1.3416578176263847
-1.3358254401513638
-1.3344972271559064
-1.3334961966493495
-1.3252334590400325
-1.3251659489001875
-1.3235553538405829
-1.323371322841338
-1.3229649496959595
-1.320636474566681
-1.318773233877546
-1.3165151541465439
-1.3140628113123043
-1.3139122500109672
-1.3088054118892465
-1.3077910982583447
-1.3066123808215342
-1.3062644694140286
-1.3039004568014125
-1.3032266019700491
-1.3014762357665326
-1.301330113148833
-1.3007057676583753
-1.3004530988734269
-1.2981896786539853
-1.2959861512216864
-1.2946208136182986
-1.2925062579554623
-1.2898532501930335
-1.2880901747293323
-1.286844836940124
-1.2867862916487067
-1.2852401689293371
-1.2840274986159397
-1.2825156227553889
-1.2779711057020597
-1.2768679349971328
-1.2766034156272341
-1.2758130469357376
-1.2745893183981636
-1.2741021401859027
-1.2727153577838486
-1.267966036199715
-1.2656837086326616
-1.2634664997984955
-1.261098566835276
-1.2598520067046275
-1.258981330104519
-1.258219835525153
-1.255506928412755
-1.254388458869965
-1.2536679384703615
-1.253613328626221
-1.2516188000834154
-1.2515293587126535
-1.2497744411798748
-1.2484242430545844
-1.2466089235842044
-1.2459307496315393
-1.2438622658918348
-1.242509151415221
-1.239863389969926
-1.239612631085036
-1.2366825300721982
-1.2340566526070949
-1.2312754609645222
-1.2288760352993842
-1.2280721025041657
-1.2251626448412591
-1.2242938051765613
-1.2203695937978494
-1.2195064563241296
-1.2193653568066212
-1.219359089020462
-1.218931979063305
-1.218661027178797
-1.2165380971512052
-1.2161113677890651
-1.214620877664434
-1.2142133186434616
-1.2128093550850236
-1.2123195786516157
-1.2110485903939878
-1.209900641459194
-1.2093549918088846
-1.2088449344173644
-1.2076170587509767
-1.206829471178143
-1.2065085287487327
-1.2042592812598212
-1.2033826938223315
-1.2023773260777904
-1.2012441482518001
-1.2009049370092015
-1.1965786697870946
-1.1964478197635613
-1.1938688625217688
-1.1932167106536624
-1.1930971566030497
-1.1869160628644817
-1.1841004251398832
-1.184048704976853
-1.1826875051138113
-1.182562978499593
-1.1795420352339276
-1.1780184201328228
-1.1762104800649968
-1.1722347980215484
-1.1713038836077025
-1.1691385614043504
-1.16730671046606
-1.165994443559128
-1.1641033120222328
-1.1613003990170387
-1.1610921113791017
-1.155161531494051
-1.155123852186657
-1.1542662984979168
-1.1541265125239586
-1.1499873018334914
-1.146609628428249
-1.1440415858082815
-1.139752770683043
-1.138857217840947
-1.138123852671263
-1.13689650017252
-1.1353324708244423
-1.1346593689702416
-1.1344223109971452
-1.1342744263333449
-1.1298152452663341
-1.1289186527343988
-1.1286608532206563
-1.1277977228373972
-1.1277457927221692
-1.1265286634361673
-1.1232436132981154
-1.1199060935699463
-1.119646681788093
-1.1175995360220259
-1.115649316308179
-1.1147497120124232
-1.114701938427973
-1.1132312153179416
-1.110034317871722
-1.1089536643138338
-1.1084438053312846
-1.10771096017907
-1.097949475927828
-1.0951276691018463
-1.0942768896563295
-1.0914676726193422
-1.0882937260104737
-1.086907348967
-1.0863447309485597
-1.0850487302120524
-1.0822498924172521
-1.0810041467704394
-1.0756542430587253
-1.074143161426712
-1.0726600069559113
-1.070876262212158
-1.070816777957801
-1.0689599042630604
-1.0687675682576958
-1.0661695658044312
-1.0631727655792418
-1.0608485769789713
-1.0598562230936843
-1.0583394106767146
-1.0566957575779496
-1.0550133094549001
-1.053460393406961
-1.0522550748881234
-1.0520646955949233
-1.0516709685456034
-1.0509292917984654
-1.0499312826266594
-1.0471498924344353
-1.0459975400551031
-1.045910747028481
-1.045231847282203
-1.045095483799863
-1.0446876529576599
-1.0439094371435715
-1.0423608034754717
-1.042310218830509
-1.0400297071835003
-1.0395674332966376
-1.0361147986048347
-1.035825174864898
-1.0340709481594579
-1.0316396676595512
-1.0310472820943564
-1.0285407267227336
-1.0284897949910994
-1.0275982751052526
-1.0247913954447228
-1.0243862107565842
-1.0220974110869658
-1.021465691632042
-1.0199148046880688
-1.0187037465112545
-1.0175355851793726
-1.0155221683468825
-1.0146327726481776
-1.0141414876110537
-1.0137502414697115
-1.0133763402808498
-1.0131118729265054
-1.0121012981567723
-1.0110835389003134
-1.0105958683538687
-1.0096793555507488
-1.006748538775265
-1.0058610739479854
-1.0056613836160242
-1.003074337430133
-0.9996966061487982
-0.9960984576085421
-0.9960529793633932
-0.9938113684052594
-0.9937214483469311
-0.9934701067187464
-0.9918998012854257
-0.9897785054804966
-0.9890871280117235
-0.9805633565396948
-0.9785229100800525
-0.9758875020437139
-0.9739908052195815
-0.9737043300027509
-0.9729114779698429
-0.9709341941340635
-0.9678455831999638
-0.9673753048107524
-0.9657110727531115
-0.9623402135419877
-0.960831723060122
-0.954502938619618
-0.9541605145991368
-0.9503043471481776
-0.9502209576564767
-0.948587600060798
-0.9482663737967176
-0.9476845070346901
-0.9443844656190364
-0.9438448411495448
-0.943539269055051
-0.9431038729681922
-0.9430902141879814
-0.9413855915213343
-0.9386219683578776
-0.9347234730973953
-0.9341843783999211
-0.9339185695499379
-0.9321942838002177
-0.9314248363918165
-0.9262944020731094
-0.9256497850606262
-0.9239857973936061
-0.9159792442190466
-0.9148917928688083
-0.9146926227541576
-0.9127128472446744
-0.9106420584181298
-0.9098913473183967
-0.9065316863889056
-0.9048950215070312
-0.9028147173467972
-0.9004548048133759
-0.8919681737911127
-0.8916032475649496
-0.8910563644716676
-0.8858927700659708
-0.8851900057477994
-0.8839510461380975
-0.8825124640674707
-0.8824590408501299
-0.8813386168079473
-0.87985483753466
-0.8787352204383976
-0.8767241640832222
-0.8757719793981303
-0.8725354689644612
-0.8717640641332993
-0.8708911711995175
-0.8708824049491593
-0.8685146377043943
-0.8674337572850492
-0.8656189969608488
-0.8655451344853818
-0.8651799021092929
-0.8638018654565812
-0.863086090892183
-0.8625852964685243
-0.8599325621627988
-0.8594605257311285
-0.8589236889910268
-0.8581912930008354
-0.8572221372797617
-0.85716793640194
-0.8564418962763009
-0.855995846934987
-0.8559417958404073
-0.8555178671665628
-0.8544663433208125
-0.8525353607417561
-0.8524557654801996
-0.8477527496286837
-0.8475151306069099
-0.8433733080322279
-0.8408362818697849
-0.8406773276264787
-0.8406150124854845
-0.8404791952334842
-0.8398434817340418
-0.8374213624996494
-0.8359222766413151
-0.8341793850507577
-0.8255047838570737
-0.824786976731761
-0.8245635215161738
-0.8235096018113519
-0.8226262229778032
-0.8205676638478976
-0.8189866105080101
-0.8167208580974066
-0.8159537677723745
-0.8114734962258805
-0.8114513160431659
-0.8113950424427819
-0.8098829761930265
-0.8068117717400441
-0.8052590436224916
-0.8041990020752434
-0.7972106546439329
-0.7919977437242683
-0.7898502461778765
-0.7888468900045302
-0.7869768252465167
-0.7853087931756955
-0.7850823380645029
-0.7836341064853836
-0.7825355752047789
-0.782499562489706
-0.7799389616465119
-0.7787785052621303
-0.7783985733003197
-0.7772437697004932
-0.7769290018353865
-0.7766636501068125
-0.7752517269226242
-0.7741882170202875
-0.7738140542872107
-0.7706818359278362
-0.7705861759707714
-0.7677996012235283
-0.7675075490784152
-0.7669343082685796
-0.7669181720923884
-0.7663397344189744
-0.7650457096597031
-0.7649055107330084
-0.7644617160966176
-0.763978655647523
-0.7638320925985
-0.7631701314132392
-0.761905742425143
-0.7614246349343577
-0.7596933890725485
-0.7564399479421384
-0.7561260764173305
-0.7529379597889386
-0.7527750977088286
-0.7527120324493048
-0.7524489502969934
-0.7518615009882577
-0.7514144080771951
-0.7498632113571548
-0.7478278234516997
-0.7466039327870817
-0.7464844683820061
-0.7445518941563711
-0.7438143310115037
-0.7425575466835636
-0.7413088473841463
-0.7409836639947972
-0.7384153322085875
-0.7367858795068112
-0.7338212189145483
-0.7329092656872042
-0.7313765836304105
-0.7302831459358717
-0.728756085271983
-0.7286138322298414
-0.7275872813259858
-0.7269727890085693
-0.724784531375433
-0.7223755098803851
-0.7206334226521656
-0.7170408069398446
-0.7130466593989108
-0.7092483824441638
-0.7086119674617702
-0.7082791117792465
-0.7062090835755309
-0.7018952508959374
-0.7006340487012896
-0.6966523170127212
-0.6961480407723354
-0.6959748574393573
-0.6957401767133454
-0.6953718824546615
-0.6950837332143915
-0.6948792608072393
-0.6943658390104122
-0.6904296415054052
-0.6875424219930157
-0.6873652235973832
-0.6872241856983696
-0.6794143772215318
-0.6785071904372915
-0.6777673400484877
-0.6764593211049738
-0.6764224657852917
-0.673452720446024
-0.6727345588019948
-0.6715790610144162
-0.6707390694816862
-0.6665340463877969
-0.6648776567157875
-0.6643591994346735
-0.6641666435007998
-0.661592820790231
-0.6592410228517787
-0.6582964665392547
-0.6574531058403047
-0.6560885151074725
-0.6556302546816419
-0.6555847832702427
-0.653124595047641
-0.6516568288752138
-0.6487526182280271
-0.6444059782773921
-0.6434855639288346
-0.6396383266913596
-0.6395283965632881
-0.638965231335071
-0.6373386793870797
-0.6363931832251182
-0.6315559105902899
-0.6310926418220488
-0.6298352043533124
-0.6293929077833953
-0.6281187161589542
-0.6275010460793002
-0.6272863070818391
-0.6262767253820856
-0.6260417677365681
-0.6256944967141633
-0.6240068268185371
-0.6210829452630705
-0.620851970090857
-0.6190465023982485
-0.6187345687060261
-0.6169568709540916
-0.6159114609681452
-0.6133913227298313
-0.613283772887273
-0.6081748393987889
-0.6047093703186426
-0.6046316796337315
-0.6039256331610158
-0.6014610648832972
-0.5997894778995252
-0.5928146698253157
-0.5917523836488103
-0.5917006155169776
-0.5909214252945169
-0.5886491713731252
-0.5881219654188353
-0.587786347294804
-0.5864988321734529
-0.5862875207759198
-0.584178906252547
-0.5819563196871328
-0.5810697350727724
-0.5802739676115543
-0.5801936693152868
-0.5781042950382407
-0.5757543861432767
-0.5745193129817351
-0.5738867929413364
-0.5720650168568311
-0.5706115010391393
-0.5695228710730196
-0.5691812864179451
-0.5680826425853419
-0.5678923331341649
-0.5630929334051027
-0.5628169931810155
-0.5604647481104365
-0.5583831523994275
-0.5582904024479437
-0.5579791582713372
-0.557623520089467
-0.5563383462946164
-0.5544267065315642
-0.5543575820465182
-0.5527284751675239
-0.5519894863096428
-0.5509013425219025
-0.5488103197466381
-0.5471127377728013
-0.5463083279799331
-0.5457941816927555
-0.5438726467840632
-0.5424953808795102
-0.5415964563101169
-0.540439153799412
-0.5389675297891643
-0.5389064065434563
-0.536255831410361
-0.5317340287315516
-0.5303105798418337
-0.529663944816424
-0.5285618214168389
-0.5272897721371663
-0.5259301178934971
-0.5257573531890808
-0.5255022486362221
-0.5249194528495225
-0.5237633853282267
-0.5216981307566491
-0.5208452679992374
-0.5201788559906798
-0.5160531972599216
-0.514810944486224
-0.5138231548290706
-0.5134206789773738
-0.5112451928849581
-0.5110004597713802
-0.5102295174503173
-0.5093072210656175
-0.507331458801349
-0.5039519556004651
-0.5032167783750715
-0.5012958262575274
-0.5003910016013777
-0.5002783715942092
-0.4991861963572934
-0.4975885981801912
-0.49696742942346267
-0.4967371911142505
-0.4958670615331542
-0.4937589897475565
-0.4933617400977333
-0.49248861555165446
-0.4903636776625472
-0.4871041335398411
-0.48521475077523923
-0.48503098021444335
-0.4794024083765902
-0.47682160763615233
-0.4767690413400145
-0.47654298581726184
-0.4744878973422789
-0.4729310275118749
-0.4681622137703155
-0.46794588940497783
-0.4666241678046887
-0.4644240242152613
-0.46132140063590654
-0.4569087905573464
-0.4552177086687679
-0.4543358704889965
-0.45367934596888904
-0.45067849700363516
-0.44745904901894995
-0.44540838102170954
-0.44343820185060606
-0.4429809242349964
-0.4413408814564714
-0.4388060130535033
-0.4374222597375942
-0.4370486068043413
-0.43677414343529375
-0.4365125492492381
-0.4350453393213778
-0.43468904479519266
-0.434681503920084
-0.4325646298447957
-0.4307601774890083
-0.4288933927819829
-0.42861614073393817
-0.4269259486208261
-0.42638456183112383
-0.42534959948588913
-0.4251348493218989
-0.4222525191329546
-0.42063460126975993
-0.4203821268778489
-0.4199157366428845
-0.4193025020848835
-0.4174161023274404
-0.4168676679963802
-0.41683546121029924
-0.41435874755231183
-0.41420575381216096
-0.41420195502338364
-0.4140760614986708
-0.4103868042614143
-0.4094064967719558
-0.4093765057921556
-0.40832855183996136
-0.40767913145588275
-0.4072356498140852
-0.40684543835305254
-0.406285623206124
-0.4049440827389587
-0.4028451164092246
-0.4015484668781449
-0.4005204189348095
-0.3997446479737501
-0.3994857208507072
-0.39698610874318285
-0.39608639145707236
-0.39534661482469
-0.3952544384053909
-0.3951658625778658
-0.39467455579524136
-0.39331170358478246
-0.39320481727709444
-0.39195548424578375
-0.39006914744355947
-0.3885405929078426
-0.3881466102628977
-0.3870273687876673
-0.38692287091502187
-0.38561839110608276
-0.38560491572367694
-0.384868196377283
-0.3845266751386861
-0.3811299752882893
-0.3787116460757586
-0.37530716149801063
-0.3750985578457497
-0.373475071032217
-0.3721367915500998
-0.37200511484730264
-0.36908957574774615
-0.3660541562335835
-0.3633281598006226
-0.3619738582938475
-0.36123540627692763
-0.36013431364646714
-0.3585551004738772
-0.35826621572001827
-0.35821326222342775
-0.3567226796731061
-0.3562148737943065
-0.3539918560082459
-0.3531724113142843
-0.3531223317108947
-0.3514789158763819
-0.3511239764550246
-0.35077703235760405
-0.3504863192111075
-0.350264485029316
-0.3501627501905924
-0.3473987697678779
-0.34733581816052556
-0.34698609240876976
-0.3438168179521271
-0.3416367486423598
-0.34162514292978874
-0.3401188850930994
-0.3398125462602707
-0.337514817761846
-0.3355059183922753
-0.33452815019394844
-0.33210089950807264
-0.3319646936777819
-0.3308653039957984
-0.3265370433959003
-0.32161721231963136
-0.3216062815543478
-0.3200681995620138
-0.3175967453574503
-0.31744158166272096
-0.3146461335168842
-0.31099803924387825
-0.31040099161187085
-0.3091337462568532
-0.3081492038367881
-0.30420382560016024
-0.3031908785045154
-0.3006452670002831
-0.3005066880666687
-0.300216091568213
-0.29924697145404733
-0.29851175144843356
-0.2981124384648586
-0.2963894849725798
-0.29445210957282464
-0.29383288414104786
-0.2920519751646945
-0.2912583931051156
-0.2862176784366275
-0.28540238546056884
-0.28500830752456674
-0.2834328205356743
-0.282998420895615
-0.28290444399482656
-0.2816347035699541
-0.2791839727593872
-0.2778409590362898
-0.2737536841717795
-0.2719572647116112
-0.27112384944143386
-0.271010183873138
-0.26781128717994046
-0.26729350689241893
-0.26709009392880423
-0.26635348573328277
-0.26564690772397337
-0.26010317773961833
-0.2596546258067963
-0.25761171821239404
-0.2572389854832664
-0.2558243351016085
-0.2551097025666355
-0.25312477820494256
-0.2529920540357134
-0.2502320373306972
-0.2478442728878324
-0.24707192430970915
-0.24696265091134703
-0.2449438935607269
-0.2425841297217456
-0.24135510619370149
-0.23997400896280074
-0.23903466644042945
-0.23709347254468605
-0.2359974543240847
-0.23576651189810494
-0.23438480293688158
-0.2337651059745397
-0.2308717415578938
-0.2306082353852832
-0.228803519437618
-0.22720841331369457
-0.2271857772149138
-0.22651878054837601
-0.22528695632039475
-0.22442395085379863
-0.22428399047022318
-0.22419771484895867
-0.22114772637486646
-0.21961227276305106
-0.21875181242227548
-0.21824521205889358
-0.21807509853894746
-0.21733539796692902
-0.21680944987994388
-0.21543397870526793
-0.21509843476465998
-0.21490552253012984
-0.2117168114651109
-0.21155661324313457
-0.2081317241011873
-0.2079554574333724
-0.20730229656073262
-0.20615486526923837
-0.20598271231790455
-0.2041328033558737
-0.20326856237515423
-0.2028320866398774
-0.20180139858458798
-0.20000797955809868
-0.19926081425319567
-0.1975638774941363
-0.196242615240846
-0.19424517316315904
-0.19361880211057392
-0.19346016541423772
-0.1933907601979002
-0.19085802008210473
-0.18606537135703827
-0.18512135582677125
-0.18505879838145134
-0.18384166514172984
-0.18337937598423715
-0.178633625586887
-0.17782567901327317
-0.17668349238923195
-0.17502339899335384
-0.17396110075683335
-0.16863996645433676
-0.164853366985391
-0.16456665409539484
-0.16448060527088593
-0.16424389047078236
-0.1637792370220923
-0.1635974512439018
-0.1614492599811228
-0.16112398671002812
-0.16089746812312944
-0.1602340703890518
-0.15960963423788654
-0.15891462674719647
-0.1571844678029043
-0.15713841189003747
-0.1545045493585443
-0.15338055907166082
-0.1533452714720292
-0.15266181598587492
-0.1525090389367716
-0.15250266500812446
-0.15008924107402827
-0.14917169774173045
-0.14758199133539007
-0.1463022503951965
-0.14238002876109246
-0.14214282700608583
-0.14149504803901958
-0.1359936010590757
-0.1359693940417085
-0.1359636901997212
-0.135908697759206
-0.13568065659945996
-0.12814651178519054
-0.12462242817264435
-0.12247295617044848
-0.12241215834525408
-0.11809614742585511
-0.11508830368289269
-0.11295848548051579
-0.11292113489270716
-0.11244307698013717
-0.11042919899093817
-0.10839007588474348
-0.10377966314642328
-0.10365163924866982
-0.10364520229100756
-0.10307635753724553
-0.10058995694410011
-0.10018850270443858
-0.0985020572864781
-0.09797590396522993
-0.09707443328377074
-0.09687454570618498
-0.09672482282850112
-0.09625507090261032
-0.0954376984691378
-0.09523311641427912
-0.09493626525498611
-0.09407665757605721
-0.08900465607914704
-0.08899259962130979
-0.0884167312388398
-0.08600695074868778
-0.08471298966164309
-0.08425993694171394
-0.08296364396752207
-0.08294917509284672
-0.08249214620888978
-0.07703665261704817
-0.07303237857663969
-0.07265661883132674
-0.07164045800926533
-0.07156417440378215
-0.0696249962403192
-0.06954458886967999
-0.06929482326561032
-0.06839802074037105
-0.06777621740398942
-0.06772009961797645
-0.06617021024428482
-0.06605629430005555
-0.06444638087467214
-0.06235323573337534
-0.058562253718834084
-0.05767263282220958
-0.055639285115374304
-0.054049938245771645
-0.053728257751737174
-0.05265110961946157
-0.05096005818986926
-0.050415404974029854
-0.050328558432314874
-0.04924854949610083
-0.04847712785006311
-0.04806145870811618
-0.046978711602057355
-0.04541210886855551
-0.045245715855857016
-0.04366703951412465
-0.041856510307354204
-0.039506321493495034
-0.039371643736385575
-0.03929603112138805
-0.034835081649902344
-0.03423996198868362
-0.03366997927665194
-0.033563809079811935
-0.03329022150104277
-0.03274869206441233
-0.032341216249237054
-0.03213355885597341
-0.02795898060592339
-0.027396661290119473
-0.02731276323707521
-0.02498834493625879
-0.024977834435947505
-0.024427498428125416
-0.024310963164315358
-0.02314712598827462
-0.02121321552991373
-0.019681853767519297
-0.019352703690296402
-0.019095718686429786
-0.018081324059411114
-0.016539468919279016
-0.01593275244582365
-0.015917843265200293
-0.01554581160756463
-0.014429521275436508
-0.013520772666201997
-0.013446665058961693
-0.01145641000113129
-0.005089270190305972
-0.005081776994665388
-0.00444041563261241
-0.004243853350461457
-0.0016028556444865893
-0.0008969810225298303
-0.0008168560496719657
-0.0003929014498706973
0.000909579211179179
0.0024599396883715485
0.002672105002827996
0.002850000905883887
0.0033097229891426716
0.005351250817746456
0.0054427459041040405
0.006843984494590671
0.00828448854834829
0.011562551518111475
0.012801794965138114
0.015239664062367764
0.01625265099765638
0.018598237098482073
0.018684982431412145
0.019298371631878974
0.020138676316826865
0.02035603546059167
0.021724772239297363
0.022414086589458274
0.023304350471658353
0.02387966325677074
0.02681985779390139
0.02761546354042954
0.029036838150651445
0.03105967096640666
0.03410702978111779
0.0346371678422307
0.03498405349841542
0.037430833178406675
0.03974850760510873
0.03998953014897544
0.04061897210646204
0.04314564841741944
0.04471791244504375
0.044770897493487505
0.045051090978936226
0.04506096762113043
0.046811207504190544
0.047151139154682054
0.047499181224432974
0.04834667964916434
0.04854404290822684
0.04878180290067746
0.053534941771298
0.0544918512463779
0.05509150705049337
0.05775018390968373
0.05859570141126291
0.06322989813767044
0.06517738245105656
0.06586091609367692
0.06634972787836924
0.0692039776360246
0.06931538763254275
0.07017083910866206
0.07309431681421474
0.07324095011542597
0.07392462677197842
0.0758141941516508
0.07608809953916755
0.0766017080493124
0.08107571596037122
0.08247294508234326
0.08436106963448259
0.08442392122668274
0.08503097867215725
0.08522508712188381
0.08664386004081115
0.08844734263219056
0.08898152433494248
0.09334538809989479
0.09708237590305813
0.0977480025256594
0.09847556411684699
0.10141477982786654
0.1017619147738319
0.10219053413348042
0.10350722171948201
0.10595028459351707
0.10674375187580687
0.1073625685256625
0.11555459239581001
0.11588124955346901
0.11613685117414174
0.11803353118290857
0.12194807733248547
0.12566195846418354
0.12656588601413343
0.13036912369284848
0.13227310755662974
0.13308290512203502
0.13339835723274163
0.13414356140066414
0.13423972058663292
0.13433306513114865
0.13551980099718447
0.13605575029854777
0.1361626407055263
0.13648677605435722
0.13756989890994908
0.1395554784161792
0.1398617016124598
0.1401454539416887
0.14080053327866243
0.1409793813193504
0.141841738299193
0.14349362404086385
0.14477210463745543
0.14489272182499252
0.1455105580005316
0.14608985662553997
0.1474804806174187
0.14797723233741683
0.14896419824652551
0.14898500610862764
0.14982670058816883
0.1499456661340631
0.15051851616620793
0.15072469392880583
0.15105569510002248
0.1522004734760609
0.15287887477639983
0.15571223955067048
0.15613308319203378
0.15721396500057838
0.16037276893392816
0.16113993792635345
0.16221338190490298
0.16585118904791307
0.166423108104791
0.16898032937361318
0.16984339722220432
0.17249369733957254
0.1728939605484
0.17438754767035314
0.17692476832343104
0.18008609010059984
0.18042141803994557
0.18445179753835428
0.18570956858936938
0.18601434624488722
0.18665826690331333
0.18928397578609427
0.19485280612091846
0.1955344274085345
0.19750108168781833
0.1991641500868604
0.19948017969060405
0.20276869423772093
0.2030631393719428
0.20314194142944103
0.20396038501180247
0.20529758135654186
0.20611122640055368
0.20829996483444635
0.21143541223689932
0.21183309216649715
0.21232347762834458
0.21354427008819538
0.2140383110542813
0.21426713133760988
0.21771749286986186
0.2191860296685837
0.21941322534241803
0.2196034680211099
0.22082969964513835
0.22253945252013785
0.2235369642476653
0.22354039554972666
0.2256470773810338
0.22785440593375594
0.22797249636921013
0.22853538874871362
0.22906073344493566
0.23164037025391354
0.23259284268497027
0.23514131758689527
0.23619884421464776
0.23630965148152797
0.23672512734620177
0.23714233020881462
0.2379674841462984
0.2380375314031481
0.23818847242654984
0.23960127180945368
0.23971612593626013
0.24094440856756288
0.2443627002734814
0.24448508012823278
0.25036025906145887
0.2514972904088373
0.2564311847860273
0.2564384310915206
0.25810116226720786
0.2584117602098261
0.25926912539768676
0.2595800256854959
0.2602768686185869
0.2609881519669778
0.26151283225735544
0.2622882567518858
0.263114447408037
0.2631519044249178
0.26368398136616306
0.26588898667418537
0.26744999539220027
0.2678239884282541
0.2709196849269333
0.2721269415647708
0.2744626355977054
0.27607991226456796
0.2763759616763444
0.27875919579512476
0.27882203360611085
0.2801025120300946
0.2801779219170096
0.28053979686041985
0.2808698224717838
0.2820380202894263
0.2829169829066831
0.28519000963972696
0.28831192138523604
0.28998063902681626
0.2900034768240079
0.292172395737008
0.29358864088421444
0.29685949217815055
0.2972279605967277
0.2976546219675568
0.2984366903584783
0.29956785195388147
0.299797938966826
0.30089899029361333
0.3019498927548422
0.3022050850594368
0.30290886517723536
0.3032282507889505
0.3040181497682106
0.3046684105602282
0.3063403097341497
0.3071452722435114
0.30778714179903865
0.3087002305022428
0.3089373625815186
0.312575783400321
0.3136994023811278
0.31449017636697196
0.3145454421667635
0.3170577549695051
0.3180890147127811
0.32123355004249876
0.32216533003664727
0.3228689648814457
0.3233458373273318
0.32646137037125444
0.32661610945207203
0.32679341262744144
0.32719216408205964
0.3277586507339736
0.32799564283023885
0.33173062784557666
0.33258111704585613
0.33350215425945523
0.33353121682620235
0.3344280587324664
0.3344378647230636
0.33482341080601696
0.3378524056018578
0.33821787224577216
0.341258641093278
0.34453635631062973
0.34618034494308025
0.3465492091043868
0.34858857070348237
0.34887995290561236
0.3514900054823154
0.35331122566222484
0.35724716900186126
0.3613680874231856
0.36253548600246666
0.36306449136903357
0.3631089180571856
0.36314413771369525
0.3653988531051965
0.3687716587808655
0.369145858628415
0.3699954264510492
0.37487400044171154
0.3767926181356823
0.3782663671018035
0.3794470783266676
0.3807208953257468
0.38576952804866377
0.38639798530396907
0.38753858127899576
0.38858057452540895
0.39059094696182384
0.39215630333577306
0.3930054908077154
0.3936884268374914
0.39422653264710206
0.39654061497338006
0.39947327141823963
0.4013070716952686
0.4034806341283884
0.4056775849089317
0.40705865770176974
0.40835489427608773
0.4089866187226343
0.4090338629994774
0.4094859601393439
0.4095219937287692
0.41041776055948276
0.4171471967033006
0.42076149977460486
0.42214995509308245
0.4231206118271249
0.4232586692550473
0.42418316016470287
0.42921669202281676
0.43337900500564996
0.43435209828841975
0.4344706172789564
0.43522089180248585
0.43622992662841586
0.4379590913954413
0.4389053527355671
0.4421716673059836
0.44262127028894915
0.44362674997768947
0.44415478801118935
0.4460552791017984
0.4492815335454608
0.44972733509759044
0.45090900639559267
0.45137576812164903
0.4536884834531125
0.4538439051842312
0.45398452833678554
0.45509291653005113
0.45769463593709353
0.4586728257704698
0.45942900675983783
0.4623038307053904
0.4690096958436635
0.4696808514522616
0.47321394909010334
0.47546627281115383
0.47890901000364106
0.47923101344315844
0.4811381902756941
0.4824047018696011
0.48251784160336586
0.48519438559837436
0.4865433358716184
0.48764955616682154
0.4880356958981578
0.4882768584852564
0.48856291107065053
0.49412679707023366
0.49524646687346136
0.4980168143095681
0.5009453813203999
0.5010349052129455
0.5014822416312952
0.5055539108694492
0.5088579345507618
0.5088911727462597
0.5089579764529507
0.5106545477573915
0.5112345312773856
0.5113453135955159
0.5123793852668894
0.5130045796068534
0.5131709823364362
0.5146520295385663
0.5153018701560248
0.5170784006280391
0.5180888305982373
0.5231857792462025
0.5241574525638324
0.5242151645441442
0.5242889922763032
0.5245848574819156
0.5260246476644204
0.533150336281838
0.5336550352187586
0.5376253333809438
0.5388751892373582
0.5392458784485863
0.5423115435958669
0.5425234652794912
0.5464938774402399
0.5472814518992002
0.5481185418958657
0.5511000231079559
0.5526691091048328
0.55274854729516
0.5528535325012292
0.5560345512198885
0.5561304969247851
0.5574072856958149
0.5591464130033074
0.5622313525799695
0.5641457543841722
0.5654532748251578
0.5658234495282193
0.5672209380908521
0.567272320188861
0.5681035083987125
0.5681990650500581
0.5687994659248407
0.5689164347885638
0.5711395249559199
0.572005083247552
0.5728029778441801
0.5761366910230276
0.5765991833551883
0.5784829555328421
0.5788115450567057
0.5797676784513754
0.5800124866032668
0.5801433515409378
0.5830634011872741
0.5833978678618197
0.5853496716090976
0.5863803402137125
0.5879186545771076
0.5900340662875802
0.5916989808546704
0.5919431969790696
0.5942940227419069
0.5966626634774487
0.5983383978702037
0.5992654992780174
0.602283956856085
0.6038172658796604
0.6047094793779508
0.6056378836238608
0.6061675462492456
0.6084565019888564
0.6092452434491361
0.609476221036221
0.6128958876457229
0.617213480523985
0.617801872258828
0.6180674716517449
0.6187054725675708
0.6193878571333981
0.6197381069979273
0.6204218415385627
0.6240157860149019
0.6241047262398157
0.6255003822446915
0.6275992767568535
0.6315844866452426
0.6327620784924706
0.6339554191706219
0.6339893700419215
0.6340275089980362
0.6343197300492015
0.6343870374205872
0.6374419182539033
0.6383351208472028
0.6393331303220522
0.6412506612340774
0.642273491263441
0.6429243985803262
0.6472272457346384
0.6476527028398474
0.6486062129258059
0.6487998998842784
0.6502978577739156
0.6507816342440158
0.6517276159668217
0.652170022249711
0.6525918918177616
0.656223730464052
0.6564476817953008
0.6565604934237892
0.6570762892504147
0.6572440500340246
0.6583717540833841
0.6584663374422545
0.6597860840366444
0.660744051331943
0.6614586666189401
0.6622724785003424
0.66481525251777
0.6718976912200775
0.6719334915074802
0.6719810713125756
0.6732859346309203
0.6741134625578227
0.6777832449569744
0.6804568352854068
0.682604696951277
0.6836191409690825
0.6842893947746078
0.6849179866678726
0.6849245104834105
0.6866424666675633
0.688016303077034
0.6883582120513769
0.6913477562147144
0.6931483841403993
0.695027659439801
0.696265830932133
0.6964688698206205
0.6979149533946172
0.6989656653138928
0.7019727706478536
0.7021939976836187
0.704535338836498
0.7046473260028014
0.7053547056438554
0.7061029402063315
0.7068894388995954
0.7084176149713408
0.708584756265943
0.7092579504266179
0.709798823041348
0.7112092765682694
0.7119972241985049
0.7164397034021328
0.7183911254253668
0.7191738073754813
0.7203721250756913
0.7207192561944098
0.7256868099345714
0.7268659538935477
0.7288928583368087
0.7306155421228357
0.7369116415531676
0.7373994669137929
0.7390189794157819
0.7398651338028233
0.7403982104956077
0.7432578512860941
0.7443997441497183
0.7447256737790267
0.7496260155424017
0.750124511354516
0.7502490479220661
0.7512133023869412
0.7521350242174485
0.7535301065224054
0.7559217136992555
0.7613553090620007
0.7643357030197618
0.7675839893798837
0.7738082938684545
0.7744614001085302
0.7750477484814795
0.7768785771745248
0.7808085018416109
0.7813064774115785
0.7831004315700929
0.7855553624432073
0.7862135621147495
0.7863822102196318
0.7871322317533868
0.7889936829283039
0.7902143357459611
0.7909817052238918
0.7924767712678344
0.7938742663048304
0.7957150252385565
0.8007282006544283
0.8019292609965455
0.8035873419117494
0.8080806716025435
0.8091878042912248
0.8094739908325432
0.81045836731284
0.8106067530543136
0.813775537351475
0.8142233731827362
0.8149557111912512
0.8156397100047104
0.8156473263252444
0.8169544623275254
0.8187810769889898
0.8202376815735084
0.8212042017915686
0.8227176747635814
0.8234763358738179
0.8249238875884195
0.8254396635273549
0.8255782981011027
0.8280773741391148
0.8297998123450985
0.8349631476617336
0.8363348025232644
0.8369861962076657
0.8372872086152416
0.8378200034225909
0.8382561278902606
0.8432111452716479
0.8465946841152034
0.8466009807937066
0.8489722727148852
0.8500033094540433
0.8517995368704464
0.8544050337976117
0.8610799816737447
0.8615579815792294
0.8635620766562717
0.8648093548726263
0.8659051766108374
0.866705856147201
0.8694804041480062
0.8710420486776844
0.8723325035724123
0.8753331080681437
0.875923536956765
0.8759260010900842
0.8769546674621089
0.8770792859368988
0.8782385628335005
0.8860541573491503
0.8867710657218899
0.887679942060164
0.8903594496415731
0.8920448490351902
0.8934099896264555
0.8945510537558854
0.8951103501927511
0.8986448032740519
0.8995695711396551
0.8996377570790409
0.900319179920241
0.9029549647332906
0.9037568733637122
0.9059346711466827
0.907222452131462
0.9074960651403468
0.9078372533592354
0.9103733404154233
0.9114798491304954
0.9126454893590064
0.9134319046733377
0.9134450810541692
0.9152332532055298
0.9193346207490819
0.9246491896164851
0.9261233781988536
0.9262810851284987
0.9271501728754287
0.9274506783484241
0.9291671693731988
0.9300670594337537
0.9313419664994478
0.9321119479060411
0.9335438213919326
0.9336236119353668
0.9337162907415659
0.9413307222089481
0.9418337753051959
0.9432192428923714
0.9463380764750651
0.9467663759120649
0.9474168468626597
0.9507229544348934
0.952023433202418
0.9562390156162914
0.9564573112593254
0.9618554788193701
0.9625764806210138
0.9630237930659202
0.963707517710505
0.9646091597988702
0.9647566540357699
0.9655324887909689
0.9661201680480381
0.9667788678834903
0.9679527372138925
0.9753806032963339
0.9760658320983345
0.9771904089927056
0.979882665558252
0.9803222364325883
0.9957242530218985
1.003186468556831
1.0044469527432482
1.006147362924924
1.0068020274585925
1.0069442760107443
1.0078210094587368
1.010536282910113
1.0151236188125432
1.0171317952969587
1.01725584148721
1.0174833919918311
1.0298378490322886
1.0323523960944367
1.0330258109778143
1.0339068853804525
1.0355754234630394
1.0370098037766788
1.040374656900829
1.041032908269754
1.0418396369381233
1.0457055239173294
1.0461647816574862
1.048069374644657
1.0484347981291622
1.0486955139781242
1.0517680452957057
1.0520192845982557
1.0523035727158552
1.0538808239425292
1.0545748843271032
1.0554170073936748
1.0562499106405063
1.0595176819302887
1.0623605467989035
1.0654773206083237
1.0666247039018113
1.0683985923319508
1.069219758954656
1.0698462069362995
1.0702643535258158
1.0714957035072676
1.071679953819425
1.0717608105679608
1.0757909507322276
1.0759639352729067
1.0761300555244668
1.077565877234366
1.0785344213168022
1.0792788436475358
1.0799771183381346
1.0815722307856146
1.0834997228841234
1.0906264598924484
1.0913807267923974
1.091585328327474
1.0928205783778329
1.0945026042908301
1.0960455202377513
1.0972670269592404
1.0987845993131904
1.1004388380301557
1.1018725814866661
1.1032682059377177
1.1043214200838471
1.1072069462614207
1.1089143906275771
1.1091621142766117
1.1102807999526318
1.1104574482430463
1.1104800513621411
1.119798314777589
1.1202663884196842
1.121835813079867
1.1235617695225277
1.1241137773926781
1.126000381155082
1.1273786684420364
1.1298087070111782
1.130718665040912
1.1312851080893764
1.1330449824250763
1.134046036290102
1.1346972486552527
1.1375844061355336
1.1392642322035689
1.1418632359938876
1.142156992685172
1.1439631635497358
1.1448302141160283
1.1469839442223684
1.1500428659527406
1.150387600237865
1.1509762346076131
1.16049711401606
1.1650276144143954
1.1657897272568416
1.1674931147615295
1.1716949181162575
1.1733068497515555
1.175178326300745
1.1755440379114581
1.1807213134725973
1.1817199677762078
1.181931108779691
1.1822555130693861
1.184455376689284
1.185706300803567
1.1862556039660617
1.1888489501319746
1.1915547768232684
1.19610573371988
1.1981147481297119
1.1994514436499155
1.2008491961743712
1.2070331888995598
1.2110217054423726
1.2113191976042363
1.2122258839307818
1.2141961427254717
1.2171973453084566
1.2195947526162
1.225022195199621
1.2256121838347065
1.226493434286574
1.227450899563815
1.2320641505271546
1.2324306807065148
1.2395874793754715
1.2400238317444954
1.2415643430985694
1.2426714947240698
1.2457614321606578
1.2473616055746077
1.2474702064381102
1.2477317633134506
1.2485353492882145
1.249280070855209
1.2503572012124227
1.2529438290434096
1.2543020992101566
1.2549551761340145
1.2574614678846447
1.2614871368878884
1.2631616108937345
1.264097928667567
1.2643900489891398
1.2666804893033112
1.2676339561222878
1.2682777148975777
1.2684881721530679
1.2702180370524778
1.2727210702207827
1.2782390322288446
1.2805555360538512
1.2851483440581077
1.288525265162918
1.2890478983588052
1.2901258312144819
1.290365700294982
1.2958465049189498
1.2965024821011752
1.2967617224002672
1.296981302735466
1.2995597062162814
1.2995807935489192
1.3019365119131878
1.3079173389568832
1.3085987710245852
1.3119159734148058
1.3122033574885497
1.3163076782479077
1.3187021828752061
1.3191069500597292
1.3212500439768502
1.3213015375683417
1.3242703395383382
1.329027978438382
1.3297343943551203
1.333048540457937
1.3347664270146287
1.33645783935571
1.3399689127446344
1.3418619298453789
1.3459401071199033
1.3509665244588223
1.3529728014211864
1.3581149063007376
1.35876023841962
1.3601254707709443
1.3606474979041194
1.3656035240729583
1.366680932579497
1.3682485555401027
1.3698425359877373
1.3701770297544948
1.3722931615764105
1.372782063053797
1.3750394854191783
1.379435837698181
1.3795547136284538
1.3860706688883706
1.388502617209334
1.392840245372566
1.3936927985928231
1.3955636705382948
1.3955677682348246
1.3965271491604958
1.3965803248546749
1.398095787114984
1.402082640940454
1.4051614742882046
1.4071845387038246
1.4136648755202048
1.4142871686374443
1.4147444270007536
1.4178307501041603
1.4183477423736008
1.4206339263440313
1.4208403410022978
1.4209059222037894
1.4210922776745547
1.4284523132340372
1.4328332031738709
1.4330065401705148
1.4462106278865132
1.4467619247629078
1.4513800896592488
1.4515004607143334
1.4543588679817763
1.4579924609241532
1.4587832416218045
1.4598992404134443
1.462096785960291
1.4653559086933163
1.4726679401792904
1.4734567473493598
1.4756340737010807
1.4761923295902457
1.4768125371211647
1.4791371674348832
1.486300424075589
1.4906044228060562
1.4910801178374877
1.492381784684816
1.4925135560304192
1.4926456042791072
1.4951691085626357
1.4965850486896093
1.4968205489872857
1.4973001921974642
1.498025829374942
1.4996081832471717
1.5027196719365985
1.5027998899357047
1.5074292842750483
1.5090499090444667
1.5138785951982054
1.518298975804453
1.522828891032366
1.5262742238443443
1.5263259209611473
1.5421332340537262
1.543041738287656
1.5454571928321572
1.548621151858438
1.5560293420796074
1.5643380959279398
1.5647749547743528
1.5663600558610709
1.5687834056887904
1.5695539150136333
1.569919390877984
1.569925610768039
1.5731289101314458
1.576615218534809
1.5782107525437357
1.578968540043152
1.5792805965054553
1.5807322078770178
1.5885168807461856
1.5926922835325414
1.5949920003804756
1.5961488823050722
1.5968233337893474
1.5968620741946713
1.5976903491995165
1.599670898122387
1.6007102851691053
1.600960653621137
1.601736629892623
1.6021399879095892
1.6028724083188628
1.6038325422170594
1.6047365121113342
1.6073001610397988
1.6074506445340555
1.60994335472706
1.610272156044585
1.6117236262097472
1.6230972689406584
1.6378420017671576
1.638949516286444
1.6530057382577743
1.653157696181672
1.6534740047896592
1.656049670977183
1.6564989454968249
1.6586878074883982
1.6687886968793686
1.6724145801160186
1.6739629657247739
1.6744361673436463
1.675710063803166
1.684479791667734
1.6879100782940015
1.6879638981316631
1.6943181404272656
1.694786885125926
1.6949659035551687
1.696240682759643
1.699536415479231
1.7019293494407475
1.7035314784444782
1.7047938730223497
1.7061452733590223
1.7080790826615946
1.7198687803198005
1.7224568638801165
1.7296775994062261
1.730683985339717
1.7335635901614046
1.7373776242665462
1.7376024126764387
1.746010052732383
1.756190394111198
1.7571518748423944
1.7582723527079829
1.7584287325786423
1.7600278464336294
1.7635644845979126
1.7637174853645425
1.7664956060297614
1.7710719888331257
1.7741529819090642
1.7752867261461178
1.776280521353307
1.7821959422398845
1.7901301983223026
1.7948371621727623
1.799425532896871
1.8007912528938517
1.8060468362830242
1.8061814836353371
1.8089542122710043
1.817433722398158
1.820242360506335
1.8222882044504254
1.82849613392354
1.8290230544594674
1.832213755690351
1.833928970810046
1.8343929693522267
1.840631776469246
1.8487591579356175
1.8500212457081777
1.8514889842502407
1.858477519315381
1.859412390871225
1.8595198418729575
1.8625700642507366
1.8710766188274177
1.8828062453149221
1.883587687685732
1.8917691087087205
1.8948612614261386
1.9049668239737612
1.9087553999114988
1.908932074937598
1.912619121499808
1.9132601524284343
1.9211606468023188
1.9218117821404792
1.9238749087755806
1.9328724987200543
1.9340968694747918
1.935567656079142
1.9375605950078958
1.939981243073907
1.9402329081187768
1.943710168272498
1.9459445116802523
1.9471494543132175
1.9487442171796312
1.9514086496089038
1.9516129692038537
1.9562807901019843
1.9579596861340214
1.9634307388549512
1.964562075815262
1.9669195418583456
1.9792451993717592
1.9810567268469086
1.989264428732513
1.989421073195734
2.000865155418873
2.00998739520062
2.0191732080704012
2.025360382745567
2.026055902679646
2.0309140576199747
2.0333670528838526
2.0344667720299623
2.0368787711370384
2.0447837239279085
2.048309927583896
2.0521908329509886
2.0618248604167704
2.0618495861982282
2.0626608936691753
2.06974181364293
2.0718323759871473
2.1210929499340416
2.1321850137800116
2.1506379590551634
2.1514172813161756
2.153275141931858
2.162190636979301
2.168931062579121
2.1769874527622664
2.206471141202623
2.2218180616996204
2.2222013110305343
2.2225645686356
2.233832560737968
2.241244544382353
2.2928202846999364
2.2989155049576966
2.300790604109742
2.330203458919752
2.3338122607158005
2.3526332514997326
2.3594839594268904
2.368607426079573
2.371011370361252
2.387998164791191
2.414913687314346
2.4199279123004125
2.426614792704217
2.4502273491962874
2.4808821866544672
2.489378064529184
2.56146639777954
2.563329989619155
2.568360853768369
2.615927880733017
2.616946641231683
2.6718449520875707
2.6835410916657936
2.6899991876392177
2.7008810201331297
2.8408401859933594
2.850968287093867
