-4105.179438194674
-2054.067895374233
-1373.1198538241676
-1029.1914226643592
-689.269844950917
-517.5170844504745
-461.23741741224353
-381.0136017000856
-347.29592990257964
-320.7410127657024
-299.75438548581985
-278.76455393514266
-278.6086167256456
-265.79916242782235
-248.60553884815667
-233.64334868629493
-233.3256708523983
-232.41206999346096
-209.9675755891442
-209.33831234156506
-200.4234641711943
-199.31037727557177
-190.8824558293189
-182.73253953310748
-176.31486553626945
-174.82465499350718
-157.2753014163763
-149.7524089390081
-138.21969273337788
-135.43394182285792
-133.84269909625866
-130.6829543338897
-128.40428581072268
-127.75437556620511
-124.77115756269951
-124.70295342662392
-123.91690722770342
-123.22219761960496
-121.3500419995152
-121.30213277840272
-120.0309710047303
-118.75724776504386
-117.87817977224631
-114.91337445199966
-113.96865316913372
-113.16073137275902
-111.04585725591713
-107.19075895513215
-104.13936926436637
-104.03202248959911
-103.23722356697218
-101.06714482070456
-98.70418734025452
-98.00728603671784
-97.3405872569857
-95.14766946599946
-92.32859826409742
-89.30078926936794
-86.25451430600255
-86.10453900857131
-84.3640965891313
-83.92248044488421
-77.7762544029143
-73.61233719132281
-72.69346095281561
-72.65696863985887
-71.77369653839496
-69.67315034072027
-69.65512415616541
-69.0735873074329
-68.17878905945315
-67.10322790594584
-65.67424140575903
-65.48410172843779
-65.05043978616614
-64.72942706575533
-64.71806665608203
-62.856120879750584
-62.60867457680065
-61.750008533941475
-61.08125104065437
-60.678932866691184
-59.556451984188044
-59.31448076645351
-59.211083103949
-58.36947892105188
-58.36380614999956
-57.86744763849052
-57.15002066985369
-56.920471663867595
-56.79951384470996
-56.3554895229337
-56.24607167602524
-55.84497889795384
-54.708786110851065
-53.99688574930187
-53.79137885292942
-53.60201679758534
-53.110309898199105
-52.81697378746312
-50.05106471343853
-50.00504665854345
-49.0710769526442
-48.91548431694127
-48.892338386898224
-48.87812943259368
-48.59799181966648
-48.41175687577541
-47.42628588636857
-46.451918019263125
-46.207966443081126
-46.1133151618337
-45.11380675641225
-45.03814593976816
-45.032939548809736
-44.71824688290271
-44.34005934163754
-43.70447074031729
-43.467553860465316
-43.30812011597705
-42.407163859575356
-42.07792737341302
-41.690277323884544
-41.60467793407907
-41.38619275181041
-41.30290529445029
-40.86420826337415
-40.32192955251907
-40.05984665586689
-39.631534298244226
-39.62954114571892
-39.599694820255024
-39.18404566861981
-38.761187969246734
-38.55092056122867
-38.379686245927864
-37.7792079202063
-37.682700589765645
-37.28574859040668
-36.69169428771609
-36.62511509280382
-36.334214856839736
-36.30508654037495
-36.243160793732955
-35.86576964264914
-35.73411769654727
-34.96836088837368
-34.22044017520309
-34.13212962606867
-33.76363677428578
-33.639666204515606
-33.538957007873194
-33.52764107795115
-33.40128326996438
-33.16673013415868
-32.81552846796949
-32.761805587305986
-32.49940391014647
-32.07922127041904
-31.95267186247824
-31.918332095602796
-31.549703515794057
-31.374136927273412
-31.20486398228436
-30.71710224598227
-30.453320880263494
-30.092772654946916
-29.70537048326937
-29.62041039072561
-29.551842686440693
-29.524378255335595
-29.32769648431802
-29.189609366634592
-29.009228146841934
-28.998440395242053
-28.993542023468528
-28.4435863754549
-28.25334718218166
-28.063222431173667
-28.040416194124155
-27.921480971170684
-27.621262418761432
-27.618375370304122
-27.359165994153273
-27.32272470928815
-27.174752050635455
-26.996794243457277
-26.827252763764125
-26.598066572249724
-26.593992537255048
-26.51505546546945
-26.341322048697812
-26.322917549657845
-26.1986061406965
-26.144745241211226
-26.03465872194774
-25.908276690366108
-25.894923406458588
-25.724133707658353
-25.557457548928696
-25.389556808128116
-25.0835083092571
-25.068093959800468
-25.024887217247628
-24.983249556383576
-24.946275856092015
-24.671970461693576
-24.64971940964675
-24.62162708360272
-24.560869224864653
-24.551020270365868
-24.550093135607053
-24.537597513862593
-24.51329063350036
-24.482156453935545
-24.38060719826867
-24.06560639468875
-24.015650304053608
-23.660940664993607
-23.49604142561266
-23.354703544949786
-23.2361680998483
-23.123820076044435
-22.862883361718005
-22.823736292771432
-22.727734396493876
-22.625871516931987
-22.303622506989925
-22.14570199779508
-22.106456191939138
-22.013701446794098
-21.961640597289357
-21.88693558803854
-21.8586466292359
-21.75262360083699
-21.620920124442442
-21.61290282723515
-21.60056563193655
-21.562020979506404
-21.532742436871786
-21.468125062426356
-21.39530891149008
-21.267047829430194
-21.232069063452855
-21.15532046356235
-20.953310982624515
-20.926288468888036
-20.906663443444764
-20.572499325881182
-20.536235603718918
-20.496661866386802
-20.356477690877977
-20.27272008536569
-20.241872058524418
-19.780622166894787
-19.773759892673635
-19.695983939768198
-19.694533360212436
-19.58141905065472
-19.580173039843395
-19.57804620770218
-19.43510207922076
-19.38943491460875
-19.298086120983054
-19.244425727059408
-19.12220632598265
-19.031699629446138
-18.952519539457413
-18.78166437729322
-18.616812379797956
-18.585749717452156
-18.576445348446306
-18.55550229656516
-18.520019428879024
-18.5177759225558
-18.374393107878838
-18.36290997135086
-18.296689751636936
-18.291580803870705
-18.261307900066743
-18.096138750490834
-17.990642544310447
-17.959198330567034
-17.814720586080917
-17.807527079601343
-17.74683845239069
-17.724922718627507
-17.661283835652142
-17.57383716941722
-17.569557289164944
-17.49018893314395
-17.399919846750638
-17.36614496822917
-17.344920159891565
-17.28556753999213
-17.19927084279979
-17.181752303386197
-17.045050298103437
-16.96538477074466
-16.91549658262208
-16.8982722540014
-16.862067907660812
-16.810126628043616
-16.787566036906973
-16.69148060870834
-16.649781812955588
-16.64260414061286
-16.594290570259922
-16.589796745851775
-16.58965001425567
-16.532208243100307
-16.495021604417566
-16.483223343400645
-16.453924643570154
-16.43735502768129
-16.428522842251027
-16.37756759362781
-16.266297333506643
-16.18910997993145
-16.17435359281813
-16.155905263581715
-16.142605918786217
-16.09002551290095
-15.839226888336578
-15.825314459200985
-15.808147241316565
-15.701681488379817
-15.663145889543452
-15.618206737990254
-15.610883808230314
-15.441028155392948
-15.311810177700188
-15.178924857152285
-15.135359575747286
-15.126221849277494
-15.104691253506186
-15.066158015319743
-15.040446757953694
-15.009954955254818
-14.983802314972476
-14.956152779910896
-14.851658286427678
-14.829269798388037
-14.634359129137664
-14.61181682247143
-14.57047826497479
-14.530015525047567
-14.520680957633278
-14.480243359037496
-14.478473476113702
-14.475623059315971
-14.380761976912584
-14.326286014013426
-14.284877745809474
-14.276764178206712
-14.266430253439829
-14.1641271639977
-14.15404631489001
-14.13594041150394
-14.076015414264376
-14.020197220487791
-13.990116433801917
-13.833186674227647
-13.75756320685356
-13.613550393252266
-13.544754037426381
-13.45227748844337
-13.446690669216425
-13.427963979714104
-13.377249875659839
-13.357125885751348
-13.304065682620633
-13.301768091689775
-13.294553092072123
-13.280503926900238
-13.24523942009358
-13.228972599957238
-13.221036632022376
-13.174911946941844
-13.151309001527089
-13.080620398765088
-12.959097114308497
-12.92239850277189
-12.897901074327626
-12.861117711176625
-12.85972306382203
-12.850635568322403
-12.772839360237928
-12.768512015300796
-12.688806663070915
-12.633438343366471
-12.597462065668761
-12.573041897705831
-12.566637562053106
-12.502898734887552
-12.451975060956341
-12.420236662487065
-12.404470096460587
-12.39523373211928
-12.384534176392398
-12.34924639064549
-12.340623266897992
-12.287551279636101
-12.23787755203839
-12.212433817994249
-12.206161980921715
-12.201223500200488
-12.145353767756408
-12.137693930165229
-12.071645397700586
-12.04811950984857
-11.987694851454162
-11.969716854454482
-11.867772382018144
-11.792029149552505
-11.791180971138807
-11.762185492530527
-11.731737110413356
-11.727041762952187
-11.72687228682907
-11.695752712812082
-11.621146707712875
-11.557154297231904
-11.515142697740934
-11.492465492923586
-11.489957706317352
-11.464557594284909
-11.45500198082533
-11.398562170686766
-11.391918896264915
-11.388394325588221
-11.330391941248163
-11.328640029175869
-11.327763177595562
-11.297138234791124
-11.295912236699648
-11.260975505525106
-11.250714737615958
-11.245708696037607
-11.18707228054896
-11.10698756239228
-11.055603315357473
-11.045340073392214
-10.968023219524287
-10.954086099411992
-10.947551310261414
-10.830563874581099
-10.793359339596066
-10.783211521770507
-10.775942731471643
-10.77183586873078
-10.769940271320891
-10.765810632388243
-10.74220697946642
-10.738224142811443
-10.733660851549962
-10.721924655183127
-10.715308864818258
-10.677657107975051
-10.66573313278957
-10.663841591122038
-10.646000474897209
-10.619019899144533
-10.601453273589186
-10.594951448936474
-10.591851351793737
-10.58812792065822
-10.563167050221308
-10.561052912181296
-10.557815411210743
-10.548517220862712
-10.517467873775145
-10.484042514446909
-10.461279431223177
-10.451788807876842
-10.430634750971493
-10.42507521821505
-10.383034055307562
-10.369897918213212
-10.297982186313577
-10.275256295629692
-10.203512619226943
-10.177794687503244
-10.125416843642931
-10.117332111393646
-10.110468225284585
-10.08659128498207
-10.053045007649125
-10.030403586893904
-10.00729868927309
-9.963361859643104
-9.915606896016271
-9.91050855034824
-9.90891264515539
-9.901450890529038
-9.891261845666751
-9.865348827464675
-9.833896623403712
-9.826590653730474
-9.796466044049447
-9.785929012902814
-9.785784857786663
-9.756018236274414
-9.748649664986003
-9.748023221741633
-9.741627449190213
-9.723786469085528
-9.721814762050775
-9.689508572958678
-9.689150587284475
-9.687338216968477
-9.667775050996783
-9.666194197594946
-9.636096877985311
-9.631810267433018
-9.613329380244032
-9.603697128235845
-9.593744082894517
-9.584984632842676
-9.550549314267743
-9.488160217434446
-9.404913943938526
-9.403405824762197
-9.367554413796855
-9.359039363291533
-9.341453857191288
-9.302992118597418
-9.267030062025093
-9.245770174957709
-9.226320104040408
-9.22535373835168
-9.222432303654317
-9.213321131557873
-9.212301777446946
-9.175082363376728
-9.174652035232622
-9.164044198443616
-9.151136531591776
-9.143756881267446
-9.056536290805184
-9.045873874690045
-9.00303084857132
-8.98518893254154
-8.977625151452383
-8.94311630970223
-8.841059307722434
-8.83551591416092
-8.8354442097483
-8.818296787539797
-8.782378512574223
-8.770564436897534
-8.700763985404016
-8.682305513091807
-8.638071916355182
-8.634581641354423
-8.624019944000104
-8.605795279083175
-8.602028859960118
-8.578204594168971
-8.576099241515259
-8.575206678763724
-8.556722139312496
-8.53806592688451
-8.518084942563696
-8.511567760905086
-8.481372270451008
-8.47779159884167
-8.472987692405123
-8.44655559493047
-8.426157688507883
-8.409528471751344
-8.403284140573483
-8.388969932101006
-8.378921297089304
-8.365275887447648
-8.35912502692847
-8.353901499398866
-8.33814799667967
-8.324238539025034
-8.298549166640276
-8.29664393081232
-8.281109114079484
-8.279364668781838
-8.274219451802722
-8.248835734918293
-8.2475981396812
-8.210972346604457
-8.190668314779776
-8.19002332196435
-8.161148005340152
-8.146657702641724
-8.14202330413558
-8.12555382579124
-8.099237341680126
-8.066766453303634
-8.06145767328001
-8.052039432167508
-8.051299434718342
-8.045985577794209
-8.023103865593473
-8.021543122198906
-8.014448462109987
-8.000246324258116
-7.978667076171098
-7.972995840928029
-7.959061309974619
-7.942611292540166
-7.93952811023208
-7.91184152459677
-7.910601988291268
-7.908920338272121
-7.894900475771013
-7.864809835740896
-7.84894554270496
-7.844354432454814
-7.8138993900014695
-7.764907745554551
-7.752792530238452
-7.737792954622032
-7.736322057779171
-7.72236880679972
-7.716607050514906
-7.71451095744731
-7.7039676153571355
-7.6973511096041705
-7.685377439578886
-7.672086802788337
-7.65168961839764
-7.650520040641368
-7.6500842706471985
-7.649679584735893
-7.645862955390127
-7.640621260367749
-7.634725951577862
-7.608631802846297
-7.597932477233249
-7.592752545960554
-7.57655321666336
-7.5519337243093965
-7.533763007756989
-7.4767905617194
-7.473549607641003
-7.4675030450199555
-7.447969435617489
-7.435297297108732
-7.434976913898616
-7.434393076647982
-7.4100063576456074
-7.397964714574321
-7.397841486101908
-7.395611348442586
-7.35471737104624
-7.3201782287509545
-7.307478375226127
-7.28769403281234
-7.281377219430254
-7.2214611197292236
-7.207411160665547
-7.204746725851988
-7.1868686912501625
-7.186754759283377
-7.169559218568517
-7.167211568894325
-7.1593014015032095
-7.135564855454826
-7.1171729735024565
-7.109863962998215
-7.104182376431853
-7.088441842831422
-7.066236258425699
-7.065001743647341
-7.046250081331454
-7.00804820969786
-7.002190907088576
-6.992724609618703
-6.987448185851521
-6.971808589231219
-6.9621195907237245
-6.939382146324321
-6.932979094975209
-6.932014895928524
-6.926292960570752
-6.917496407909217
-6.914523821078237
-6.892259557630691
-6.871907482833855
-6.864699940306347
-6.855641182969759
-6.844128929581735
-6.833542165820253
-6.816459180197446
-6.812433991996519
-6.806700120910612
-6.804999597828025
-6.804964526640127
-6.79959785070006
-6.788910753482223
-6.7877832385986565
-6.781421852674141
-6.772323126356025
-6.771960754823281
-6.768429665287595
-6.761466212398647
-6.757280332867394
-6.755731819814384
-6.755017465584903
-6.747917177988967
-6.739254126841346
-6.722122922770836
-6.694934292984189
-6.675813097738793
-6.671896451187715
-6.668338194416708
-6.646035634178801
-6.634778195731276
-6.62692946612551
-6.625467486792912
-6.6226075844639825
-6.611312908723187
-6.600741399311187
-6.582498733468555
-6.572977836658548
-6.552134496542039
-6.5450647720173
-6.535823041490247
-6.53022902308407
-6.51783934469853
-6.474000340426505
-6.4709180792672285
-6.462280321211861
-6.461167821609045
-6.4603761927638415
-6.449212599640874
-6.44775101551988
-6.435154569982842
-6.427669653814927
-6.409156056676761
-6.3979734491506015
-6.388704896506329
-6.3366890448365805
-6.333956413476533
-6.323085123127411
-6.316356487416408
-6.2903393711552855
-6.2766373566449225
-6.267930014508295
-6.260916405934627
-6.2593202456828
-6.256047397466897
-6.255602457331949
-6.2549028601007866
-6.24844051943724
-6.240631361054945
-6.222719190294411
-6.205807254165205
-6.190441792098819
-6.183781662128662
-6.182839251017882
-6.179265090963527
-6.173032908631712
-6.169038386120678
-6.161791598925401
-6.153039092523516
-6.1324023431224735
-6.12099096384831
-6.097773870159799
-6.097203985755965
-6.080589810456167
-6.066429635614531
-6.050925926271404
-6.036035328649874
-6.033691359793957
-6.028228930965037
-6.008231764434848
-6.006873688577116
-6.006682005002241
-6.001132603997055
-5.994050414323406
-5.993397197723993
-5.992011275779467
-5.987138367548085
-5.979916131282264
-5.977304342300958
-5.956222864956511
-5.948470653999996
-5.94516517934195
-5.941653223009963
-5.934368287952187
-5.930071600640353
-5.923077907995205
-5.919515400188127
-5.911499383446192
-5.910950995698094
-5.9091073658101525
-5.908451916920667
-5.9059012523533605
-5.904861887504505
-5.893827042103728
-5.8848908688836215
-5.880080942013702
-5.8645842655155285
-5.860282116529657
-5.842084821960189
-5.836816352228825
-5.825609705901621
-5.82016240252934
-5.818172054279591
-5.801704446965507
-5.800375101411288
-5.799044896997297
-5.7903117168805744
-5.778825306996438
-5.774541825052521
-5.7593314145692
-5.749558049161881
-5.74604378424619
-5.743825704249193
-5.739901802407101
-5.7395941084160595
-5.736919127584938
-5.736008571122252
-5.730738825021765
-5.7295948734870805
-5.723804781731256
-5.723638129477963
-5.723145599857831
-5.72269711526332
-5.713698505779398
-5.712550096524551
-5.706667904084401
-5.705099597709776
-5.701600548246823
-5.6996316392848865
-5.695310120027008
-5.69367938686471
-5.69333371104079
-5.691723054083778
-5.682248744500109
-5.674571335353703
-5.6714614681303726
-5.666303453970628
-5.653067939672825
-5.651311117419645
-5.648255575154277
-5.642341058233466
-5.635485075282803
-5.6345321680221225
-5.621677854205654
-5.610002650001164
-5.599232579005615
-5.598836865392665
-5.5849833925036005
-5.574741444187871
-5.574305178575129
-5.573493074240563
-5.5729921614371465
-5.567469782412686
-5.567317947588361
-5.543923864606199
-5.543206210904529
-5.533103814013446
-5.5312611942882794
-5.530567382803775
-5.5246940679556005
-5.517659962762287
-5.511792128854442
-5.508953291106529
-5.49396762458624
-5.483915068021501
-5.475700978534056
-5.471852552848675
-5.46532090346474
-5.463307933156931
-5.463174676676581
-5.45796199301946
-5.4559853016450655
-5.448520958001042
-5.447103449489774
-5.428767738547728
-5.427035349941705
-5.409606956269862
-5.400259021711123
-5.388591120208276
-5.3774889730347235
-5.375898297696423
-5.374593331001889
-5.370201942279014
-5.3645230576758465
-5.359761493324539
-5.358508224860449
-5.355897089079445
-5.350649846766617
-5.344270298443656
-5.337037402564727
-5.316411617467477
-5.313478875749652
-5.312605743203957
-5.305520555554837
-5.30388897448759
-5.294704164167051
-5.275843895278228
-5.270960729307132
-5.253009295221797
-5.251168725384949
-5.246168002583037
-5.23579836408646
-5.234630726489266
-5.224559406593581
-5.219858406671875
-5.217277245474609
-5.1960596053814765
-5.194917549752322
-5.1897861662279325
-5.1780520890085935
-5.1698563898625975
-5.169853247953416
-5.1603917102503
-5.158046422476725
-5.149489430126037
-5.142601670238479
-5.1245278526519344
-5.118006832613342
-5.10817992498334
-5.101328785615102
-5.09829214721146
-5.08863728012239
-5.0865455904345325
-5.078196042500997
-5.074101357196762
-5.0535135723943725
-5.05111032727847
-5.047449320004736
-5.046369142683028
-5.038686749012033
-5.037859132223373
-5.031477229752935
-5.026720289634254
-5.02322384581067
-5.016183953956104
-5.005331384783163
-5.002231572208176
-4.995900129783186
-4.97129692073534
-4.957534833708966
-4.949830217271623
-4.9440082100289855
-4.942198760704761
-4.940321697083459
-4.936125636722086
-4.931435702278244
-4.929016692997214
-4.91567835912246
-4.914978181106548
-4.9049786515948375
-4.900938673356607
-4.891177159764207
-4.886943094073693
-4.8869314623156
-4.885953006082175
-4.881468689152965
-4.877008434285947
-4.870897816824857
-4.870508363407289
-4.861761445937455
-4.838650775589451
-4.83419549366539
-4.833616653316683
-4.8319886048019605
-4.825499904515028
-4.825128860990374
-4.825021229218476
-4.819947098430173
-4.790711694692175
-4.782904078763168
-4.772827832548017
-4.771245610925404
-4.766477672730808
-4.754010176321829
-4.753024791108918
-4.737373071723587
-4.736527136079824
-4.736097226839417
-4.735203466243024
-4.733895521892267
-4.726607464276009
-4.71318901563175
-4.711776907182816
-4.71010071550592
-4.692815697343527
-4.688047147788991
-4.673505090694604
-4.659925660998867
-4.653703044290145
-4.652914092698201
-4.651924508229698
-4.650157518254749
-4.634537498575558
-4.6263773775156745
-4.626227114392054
-4.626198250592993
-4.626016674902228
-4.625975069240239
-4.623708405703667
-4.618198288154766
-4.605244801436142
-4.592320609177292
-4.5624446156420655
-4.55841793884672
-4.5546295954201765
-4.550600722772631
-4.543798928439901
-4.540408722482955
-4.538594917964067
-4.534368216125538
-4.527802714725153
-4.5276720581774486
-4.523940748202898
-4.512088371333345
-4.5096816037502725
-4.494420207843552
-4.490266878010858
-4.49019734758242
-4.487122870835163
-4.476882705974878
-4.465327198011922
-4.46273404614644
-4.455773564946515
-4.455750895034068
-4.451768884877869
-4.444681650507642
-4.433422668782343
-4.4294302900977245
-4.417329728168895
-4.416845639218081
-4.403675458631259
-4.387935207423011
-4.38461704900886
-4.374840734380051
-4.374692978666866
-4.366221011935093
-4.365275833508827
-4.3634357583438845
-4.35438984609642
-4.353794555882569
-4.351894934851996
-4.340441677109211
-4.340020255172432
-4.330314877188772
-4.316194525339275
-4.313476215222195
-4.306845233517768
-4.306676475510393
-4.302585135723427
-4.293177861073583
-4.2852540299757065
-4.284817014495958
-4.274853804082856
-4.274592266012777
-4.2696358739964895
-4.2696126430336205
-4.268430227714108
-4.267966099193177
-4.264629142045783
-4.26304888766961
-4.261182338403878
-4.2545835495855755
-4.243487117432416
-4.241344995554519
-4.238058630393524
-4.236952807167479
-4.231804702129267
-4.231509304142286
-4.229942212124773
-4.229913580599996
-4.225760136632058
-4.2030679550699706
-4.20211898829683
-4.20000017567077
-4.198826898428524
-4.179511942722045
-4.1644874008888895
-4.1432441139918845
-4.1419390026565965
-4.140580802251021
-4.134356694590414
-4.134200521383357
-4.133979141726322
-4.1336630251011455
-4.132008146385001
-4.130994208041039
-4.119213351023789
-4.1108631870162595
-4.110634072081613
-4.102309256903091
-4.092739565871564
-4.090683501411132
-4.088931866114629
-4.084814453626583
-4.081772464591021
-4.070827775754153
-4.065293156712967
-4.054022679705952
-4.052404585698272
-4.052184155486888
-4.047576466850893
-4.040361364360634
-4.034879625732445
-4.034799467718973
-4.030276276130153
-4.029644997007104
-4.028414921443884
-4.022357419557977
-4.019718931247901
-4.010526587730679
-4.005735478931182
-4.005058276626586
-4.0049224383406035
-3.999512898585221
-3.99448739200825
-3.9714569242558344
-3.9682797262675695
-3.9653100032384723
-3.964915405753782
-3.963357628602675
-3.957402721479216
-3.95735064247134
-3.9541198207673713
-3.9540273098822967
-3.9516861671203634
-3.9508840615506986
-3.948394682230734
-3.9446907642542746
-3.9421059019989015
-3.942072460597622
-3.9407754845729586
-3.9396735630594946
-3.936136630969308
-3.93517380387706
-3.933133909288687
-3.933049248330329
-3.9274897060907743
-3.9249132089436936
-3.922643849021256
-3.918386960274736
-3.901446450726988
-3.8999662648385165
-3.8984591744951205
-3.8975863030708724
-3.895376047838464
-3.89255136506991
-3.8855962783716422
-3.8794726109258004
-3.872521336162958
-3.871691235830475
-3.8693137127036095
-3.8668496590082277
-3.847341681865851
-3.845373004621259
-3.836223663503426
-3.826703178155715
-3.8227085028213197
-3.818045591710506
-3.8148150620960317
-3.8121884935494332
-3.8117474869182244
-3.809377860290998
-3.797678530442795
-3.7921327717605076
-3.7920148075133517
-3.7917085323520037
-3.780605931280789
-3.7774713455198397
-3.7753403290973653
-3.7739782965650743
-3.773533732831904
-3.772958766062703
-3.7727966216362763
-3.7721810433534344
-3.769537505460899
-3.764741573267389
-3.76238372547605
-3.7588843334898794
-3.758549786526716
-3.757148493436301
-3.7514503901760623
-3.744914303926932
-3.7383900407934254
-3.7338768732874907
-3.7292790214842677
-3.7196151811999787
-3.716863545138438
-3.711363090950508
-3.710738618753198
-3.7098221207135778
-3.70709088559027
-3.7051009727656066
-3.704145000702675
-3.692821588601045
-3.6863891769749397
-3.6834962752218026
-3.6834667715705525
-3.681573848242313
-3.67764332213979
-3.6767399972677413
-3.672023098559944
-3.6703728956810213
-3.6680907830147147
-3.6642421769868694
-3.656236658915061
-3.6540918122203996
-3.6522307467843627
-3.6468435655368063
-3.6465474216855123
-3.643653614161263
-3.6283324503751126
-3.62336779452436
-3.622881106657315
-3.620943414574682
-3.6201914889177194
-3.618762624775507
-3.6175394932332354
-3.611063655156173
-3.6079023920842754
-3.6023621727400577
-3.600871348940124
-3.596999766584709
-3.579075429133664
-3.5721882378251895
-3.572011956117966
-3.5660363902689984
-3.565904276715933
-3.565270124890073
-3.5645164348941196
-3.5575003372224896
-3.5535599961419955
-3.55286406509516
-3.550977415583018
-3.5482953531570454
-3.547052828211325
-3.5426870090740965
-3.5392640170972918
-3.530801499635845
-3.530372750984202
-3.526917658978043
-3.5257262108392218
-3.5238232220670787
-3.5230361278234765
-3.5195796368010956
-3.517638761678048
-3.5100820565082023
-3.500003376984476
-3.4836165609420258
-3.4790485421177015
-3.471016972556107
-3.4666744703992514
-3.461643786643308
-3.461372557648154
-3.455845188624216
-3.453387338769451
-3.4495317640240817
-3.445668575090025
-3.444485064403416
-3.4359354984863004
-3.4322773694690225
-3.4307163514019994
-3.424967977929276
-3.420213632537272
-3.419059917201186
-3.4179386813336445
-3.4167566334641215
-3.4166602385992126
-3.414684580043118
-3.414104056274706
-3.4003437751728285
-3.3774643375625812
-3.3773449204817916
-3.374565927271946
-3.373641790008159
-3.365020824982647
-3.3484371038965315
-3.3470373812449923
-3.33764521154239
-3.3282773776749917
-3.317609693711802
-3.305980165992979
-3.3026182699481135
-3.2992851058313857
-3.293783874128552
-3.2923766055602894
-3.287808785420549
-3.2848692400023927
-3.2846109338512433
-3.2820401743674994
-3.2810481223167804
-3.277659792100251
-3.2756659521001463
-3.27505164611978
-3.2736429492050636
-3.2717044085093354
-3.271269793029712
-3.268285582568404
-3.2640947774599582
-3.2575515652590097
-3.2569250448139635
-3.2485319614698143
-3.2454089160379835
-3.2442307351886868
-3.2395468721853478
-3.2380339957159316
-3.220545994468741
-3.2198982570373227
-3.2142318112827195
-3.212555738784313
-3.2118092503872084
-3.21079871974783
-3.2103565000832264
-3.1991641728808347
-3.1973818013306063
-3.195209538191035
-3.1943661624761726
-3.191695366910418
-3.191198601219377
-3.190679686316838
-3.189726409680996
-3.188500813054542
-3.169148836288851
-3.162272238581119
-3.1576398702654744
-3.1561980778793544
-3.150084093733584
-3.1485469627441045
-3.1428155566435794
-3.1361246521300776
-3.127206208816489
-3.1240133679415214
-3.1229832443421275
-3.121345525922484
-3.1204147316482387
-3.1188639912172103
-3.1171378405738017
-3.111441099706865
-3.111219474530891
-3.110748571359448
-3.1090709223866275
-3.1007868815623914
-3.100375190734421
-3.099514609056398
-3.0988841326270373
-3.0980803798093355
-3.0976089391714767
-3.091312967504488
-3.0850918298330465
-3.0806747296537296
-3.07929309038966
-3.0696036053012374
-3.066125460862258
-3.066059197122267
-3.0655018857709186
-3.0630126176133974
-3.055497753786544
-3.0518987294549405
-3.0497260190946642
-3.047588110569081
-3.046850020436904
-3.0444256989346474
-3.040776359279321
-3.0391890152223215
-3.035372471817312
-3.0255928183867784
-3.0248719837594438
-3.015617642770539
-3.012650552786396
-3.007936648137958
-3.00699193121139
-2.9998523517246536
-2.99934462961434
-2.9977278701316483
-2.989212755707859
-2.985780627741331
-2.983391307791541
-2.9824635756446267
-2.97778998439067
-2.977580644000457
-2.9763980523282725
-2.975525811506091
-2.975062135456507
-2.972132252168386
-2.964787905860242
-2.9643759664518665
-2.959321019398946
-2.9585558047743317
-2.9576477939942594
-2.956532481053838
-2.9563995731347568
-2.9561850280790805
-2.954037936599356
-2.9536414901020747
-2.9503934547509463
-2.945504124677863
-2.943211314719778
-2.9237025059380013
-2.9178762309902844
-2.9172828638667325
-2.916510521205523
-2.914336525144443
-2.9132237651474173
-2.9110208276349194
-2.9091183493914867
-2.9038194043078507
-2.901423099095873
-2.8936276515075967
-2.8918343706719574
-2.891300287546314
-2.891167802256151
-2.8886670453518635
-2.887798294399487
-2.880321370961992
-2.879131653100231
-2.8775990587212483
-2.868391230540075
-2.863958158852843
-2.863949363663312
-2.8637809230848563
-2.8568526990853087
-2.855061321554464
-2.853387538241068
-2.8393757475279573
-2.835569967789964
-2.8311553697938567
-2.829584670557891
-2.82813742048471
-2.8224224414748273
-2.820591238461958
-2.8155525231169873
-2.8111973188453008
-2.8099138556934746
-2.8096282965675217
-2.804642829927107
-2.797878303761279
-2.7969085063163934
-2.7957693387369917
-2.7947804933665727
-2.785911193790093
-2.7839435031445823
-2.7832368065048607
-2.7813752033164
-2.7808101486928605
-2.779280530150002
-2.7777464165190686
-2.769167525604627
-2.766314838114954
-2.758812499076628
-2.7475250391228774
-2.747117340065938
-2.735393116653192
-2.734081996080681
-2.7311102550700426
-2.727633396674526
-2.7265462090856456
-2.7223252597063756
-2.721821093390039
-2.7100501506954138
-2.702936676219948
-2.7027555044602396
-2.699495493046251
-2.699428057446161
-2.6976367410268365
-2.697623984096208
-2.69707665556407
-2.6918884650116306
-2.689594633360146
-2.6874256640056204
-2.6870519002205344
-2.6849605660350204
-2.681278184563574
-2.678455596656728
-2.678442727224342
-2.676626156693965
-2.67532983783214
-2.6655198011922314
-2.6631989338661173
-2.65868577050543
-2.6551750667177365
-2.6487933240835013
-2.647149868329269
-2.6462140682186046
-2.6456543383024247
-2.643717590125935
-2.636126410246149
-2.6246104182747825
-2.624503170639824
-2.6243555922310096
-2.6197234832548917
-2.618046032962225
-2.6168527479989554
-2.6150635406931806
-2.6132360784146123
-2.6123535689601045
-2.6112839996835784
-2.6107658595198875
-2.606366139389788
-2.60534677853612
-2.5999453981320766
-2.5993067632528852
-2.594741227431736
-2.589582425859205
-2.585633597329374
-2.5808296901659324
-2.579878428955509
-2.5737987178342046
-2.5697868438605047
-2.568861974879211
-2.567865279895485
-2.5644555236785997
-2.5639456635479463
-2.5620383060089567
-2.560539433855569
-2.5540123835200177
-2.5538100413106704
-2.550259665111312
-2.5473650027896753
-2.5445465828782865
-2.5363137953326937
-2.5282376211219315
-2.524712439798517
-2.524270098117767
-2.5206317380041465
-2.519798176153399
-2.519172791470615
-2.5148352949704655
-2.5059885103194586
-2.505751210353075
-2.5024142468906243
-2.4916485168494624
-2.490792857484907
-2.4904397772386853
-2.489544273782002
-2.4873662791046294
-2.4849732215692537
-2.482675966798643
-2.4823967126088613
-2.4798462225644617
-2.4770602267732205
-2.4767778282633968
-2.4735284852238135
-2.4665182040568765
-2.4658166412557376
-2.465218399036583
-2.462646646129649
-2.4610554721383635
-2.4555291870213134
-2.449946991686336
-2.4495485652568734
-2.449527419195491
-2.4457436878534855
-2.442282274378638
-2.442262561073963
-2.437546442297234
-2.437401373884412
-2.42846344934411
-2.4267666598221074
-2.4238839520130475
-2.4232692497496293
-2.423095873047245
-2.4207113999885514
-2.4144289899193008
-2.412742203515042
-2.4105288004938403
-2.410521099887566
-2.3994400936027636
-2.398957727538365
-2.398256280834987
-2.393067955761067
-2.3924498856353957
-2.3880321701327207
-2.3878607581210676
-2.3865663535822597
-2.3852380327484646
-2.378207434882707
-2.3767009263911274
-2.3730584475051137
-2.36946991842776
-2.3690379068458
-2.3689084081891085
-2.366026769296797
-2.360938282187161
-2.35911310784225
-2.3578230437532732
-2.3549713772343326
-2.354754819329473
-2.347763781071172
-2.3474777985503543
-2.3463399831858
-2.3450283660406566
-2.3428383381179363
-2.342627866131772
-2.333890621691216
-2.3306866444228165
-2.3303273432409224
-2.3300731702474677
-2.3261622321207462
-2.325535563208038
-2.3182863868586012
-2.315232645996537
-2.3135025344133573
-2.3120055209796067
-2.311270482836421
-2.3104281627459926
-2.306730574073812
-2.304097345379921
-2.303504433363843
-2.301716558316738
-2.299219126590439
-2.2990584704408144
-2.2985314958964653
-2.292128145342397
-2.283243951937009
-2.2821849104742977
-2.272792363847561
-2.272284243299923
-2.2688286392547856
-2.259977302346714
-2.2568041302370996
-2.25248743346265
-2.2491711217651407
-2.2409195791024166
-2.2376807903685765
-2.236177914900778
-2.2354980430434526
-2.227239646843639
-2.223793178575386
-2.21896094128045
-2.2187974495560256
-2.2180606907009803
-2.2164492285503297
-2.2125640239459803
-2.212486156758417
-2.2102561205616684
-2.210212667332892
-2.209712106162
-2.207218731005062
-2.197439964095244
-2.1942168999110288
-2.1936060906528643
-2.193222168078201
-2.192790285455409
-2.1924455578690023
-2.19200521079368
-2.1892922457658868
-2.1885557255713075
-2.1873407604022397
-2.184375904860352
-2.181227978877784
-2.178919733921497
-2.174477650969526
-2.1709021141380136
-2.1679120083532033
-2.1655302656815687
-2.1627006544482463
-2.1564887850257928
-2.1472622335276688
-2.146875030438758
-2.144893385791601
-2.1357358910508224
-2.135518310792378
-2.1328584721501582
-2.1309663055051455
-2.1282304128149496
-2.127882807009064
-2.1270215811918467
-2.126794648940402
-2.1245989391199545
-2.1223574870587365
-2.11745863697498
-2.116654176106521
-2.1159708858270494
-2.1123513428465803
-2.111288836604728
-2.1099915793463078
-2.1047285519754344
-2.1041996890584467
-2.1028553149846703
-2.0962032460110067
-2.0905319750859763
-2.0902364138801266
-2.0896130734810674
-2.0857432491811227
-2.081593872015506
-2.0806401402882435
-2.079749573126962
-2.079559462943059
-2.0696890318714276
-2.0679032327271942
-2.065416600068615
-2.0629815495093755
-2.0587268159540577
-2.0532012769228483
-2.0525006810288744
-2.048936056142729
-2.0475882617049543
-2.0472585205126994
-2.0458269646490885
-2.0416303114195546
-2.0377852712335027
-2.0347665622398012
-2.031164092105087
-2.0305962975969956
-2.0274858498420585
-2.0266547833360553
-2.0228087990153196
-2.022575644098157
-2.0163762663100493
-2.01616000419327
-2.0160491035841543
-2.01386455819331
-2.0056837683982316
-2.0042552724853135
-2.0025708949498813
-1.9998395571554275
-1.9974264116676896
-1.9965301469148597
-1.9892286240395178
-1.9882684986338648
-1.9852334551226452
-1.982308794544478
-1.981385480162807
-1.9785128001697994
-1.9773479239440428
-1.9732798875450936
-1.971706688723049
-1.9700199902657909
-1.9684292355907531
-1.9661322038212352
-1.9635692209908244
-1.9621238404664572
-1.9592781155208927
-1.958857479632117
-1.9583806843124854
-1.9578891286749647
-1.9538795124395332
-1.9457971145277977
-1.9429909902972662
-1.9376373108078426
-1.9289765894170796
-1.9225585174327384
-1.9206721496351629
-1.9190950949603613
-1.919040890595252
-1.916442596263913
-1.9108142531390437
-1.9105651828733095
-1.909560591341322
-1.9037635402098336
-1.9026390745110944
-1.8936102576488019
-1.892264639257324
-1.8879114106272536
-1.8849962123888837
-1.8759414475910146
-1.8757063410526187
-1.8741475007633972
-1.8736251556763073
-1.8728732839606725
-1.8719660035849115
-1.8701487804243464
-1.8698683786272523
-1.8642229385695201
-1.8639837134712751
-1.863611725088861
-1.86182046028708
-1.8593610057120482
-1.8592817082190098
-1.8558857683146033
-1.8547011509550946
-1.8532933163926733
-1.8519884381986127
-1.8511976104631132
-1.8450777521979758
-1.8448715207958142
-1.8401372191997656
-1.8348487361124128
-1.8343562693502065
-1.8338110143410051
-1.8333837729160893
-1.8298348123108958
-1.8242250962150535
-1.8227797285514946
-1.8226578088455747
-1.8218296280209332
-1.8210885425427357
-1.8201191484593013
-1.8200580178066
-1.8196389638177966
-1.8187708799097135
-1.8134455781305512
-1.8111499884659936
-1.8102280364062888
-1.8094971497971155
-1.8094495674407967
-1.8040751639908783
-1.8039891412066993
-1.7974432695277995
-1.7937059209118957
-1.7882755409161168
-1.7879025165818399
-1.7875191637656749
-1.7833224683531823
-1.7806804554550864
-1.7800780142421422
-1.7752147151284394
-1.7734157582325487
-1.7721593088862901
-1.7717173904875367
-1.7700496789478957
-1.7669072791819058
-1.766571829753366
-1.7661518144126043
-1.7650059125827005
-1.7584945836361374
-1.7516780696952166
-1.7508984788130235
-1.74554489605429
-1.7450572217137017
-1.7430512296095033
-1.740098366554025
-1.733382640550939
-1.7310938130910336
-1.7305377020758785
-1.7295696690107258
-1.7285976862200716
-1.728053983669939
-1.7253381610297809
-1.725045275135395
-1.7215729176630812
-1.7172943344132419
-1.7164363530949776
-1.71206047617463
-1.7081583195096073
-1.707441593130704
-1.7056997344882867
-1.7056482668273714
-1.7044574382696003
-1.7044162243242122
-1.7038699488896856
-1.702255235200818
-1.7019180318856195
-1.6980485073820395
-1.6978270692934063
-1.6968646413751518
-1.6956486551628416
-1.6942262872373695
-1.6928825735519353
-1.6901254831354389
-1.6854020303980586
-1.6823613042834262
-1.682082825355233
-1.6819791907161186
-1.6818827009694541
-1.6811584566701274
-1.6808501736023307
-1.679321041237091
-1.678362209369224
-1.6750208864655578
-1.6739548196286638
-1.6735153614473048
-1.6731272188476567
-1.667252510916595
-1.6643704355990423
-1.6643453836033806
-1.6626897691208762
-1.66185913047691
-1.6617118791749874
-1.659364827024931
-1.6542431422446446
-1.6478380814966616
-1.647523455326995
-1.6432893537191682
-1.6414501098440355
-1.639790457211776
-1.637038261631071
-1.6236292372957226
-1.6230421136310078
-1.6196327845378837
-1.6161752974727792
-1.6146685771620435
-1.6136947886638173
-1.6133493645467076
-1.610091063165667
-1.6098875718647847
-1.6055573945111052
-1.6055428324860848
-1.6054454921801735
-1.604144263267365
-1.6033115680065264
-1.6029679688429128
-1.601092069974745
-1.599818798100833
-1.598691100303359
-1.5977058968446878
-1.5972492469694073
-1.5950098530414607
-1.5936075732130686
-1.593356191897097
-1.5933292849068628
-1.5921243776942546
-1.5915343125384942
-1.5903042723315666
-1.583446755656824
-1.5801810656210986
-1.5781438797725555
-1.5780204507563251
-1.5774854346425922
-1.5766337125776388
-1.5762306558634585
-1.5738134743096075
-1.5724956255414897
-1.571677005349375
-1.5698553893482872
-1.5693178718960856
-1.5675989290528287
-1.5666789469689153
-1.5639105859274034
-1.562415196721432
-1.5588213630011984
-1.5572729261491074
-1.555618665120767
-1.553820432465503
-1.553353280281068
-1.5507518259205844
-1.548890035678269
-1.5444377378022938
-1.5442648652926798
-1.5405122557029167
-1.5379837361171402
-1.5320512642019293
-1.5295855703027375
-1.5260712117764623
-1.5257529089895439
-1.5232981159266954
-1.5203300340661285
-1.5199574708312522
-1.5192401924659387
-1.5185199362519997
-1.5183713135860657
-1.5181531321963884
-1.5173238039972015
-1.5153450213588155
-1.514465832680646
-1.5139005840773234
-1.5111526014243195
-1.5106353088412348
-1.5093694804303777
-1.5053483191283341
-1.5052368844909279
-1.5000322862591258
-1.4995715365567723
-1.4988656102954203
-1.494623889952182
-1.4945101225895057
-1.4940952323435366
-1.490933276498081
-1.4897642303019403
-1.4896063334759728
-1.4848790835913
-1.4776083345906144
-1.47758345935028
-1.4748306549519143
-1.471817624788315
-1.4705277877465723
-1.4689832925302235
-1.4682937490386554
-1.4662042468449963
-1.4655042350182046
-1.4590458890364506
-1.45846400692189
-1.4543982043427262
-1.4530671786659295
-1.4526568047566113
-1.4522988525503124
-1.4517640858184713
-1.4508365547621476
-1.4497420315178629
-1.4369557906791983
-1.4317630398975008
-1.4296712579016972
-1.425166875241154
-1.4152271376249896
-1.4146288683167358
-1.4128573038210268
-1.4125909427792507
-1.4117076868237464
-1.4067253275608924
-1.4015945446836682
-1.3992503559247622
-1.3866293214869612
-1.382028413318646
-1.380500403837173
-1.3801048994711778
-1.3786670323113155
-1.3765583977440294
-1.3755305966604114
-1.373539624209148
-1.3729517680868208
-1.3719749394214884
-1.3713148408270546
-1.3707427393181546
-1.370371864115942
-1.3677208922146007
-1.3671915204059686
-1.3668921254570792
-1.3656082578613191
-1.3526757433242957
-1.352116908597082
-1.3509841391062802
-1.3480841503410845
-1.3472259795806578
-1.347036269251964
-1.340503055712345
-1.3386088021187827
-1.3375256549538284
-1.3312275913914822
-1.3304228902781057
-1.3300961513559182
-1.3300173777316808
-1.3289661118012306
-1.3265736738438452
-1.3263099316182931
-1.3260832449947464
-1.3227503873263342
-1.3225294759303075
-1.3215662388720368
-1.3201936001920695
-1.3170924198987612
-1.3170744110596884
-1.3159235780753673
-1.313953780747196
-1.3126802299119273
-1.3116139262085247
-1.3086865351828907
-1.307806653611932
-1.3062390323704496
-1.3049292083483366
-1.3044562582679513
-1.3013938796874465
-1.300597839574738
-1.2993489628837047
-1.29885031190061
-1.295497822436253
-1.2936095364846445
-1.290538949906448
-1.289504119836748
-1.2888217933655446
-1.2882458806022805
-1.2860302223823332
-1.285211390703994
-1.2842340977724456
-1.2828129205054144
-1.2821135161696018
-1.2813536448295124
-1.2803905695227633
-1.279940475666465
-1.279756606034866
-1.2780218384771351
-1.2766109992613046
-1.2736109653172467
-1.2722227325247633
-1.2721247392415216
-1.27205175029866
-1.2672143302870131
-1.2666559253453533
-1.2616373384142707
-1.2614874811662364
-1.2588943642776913
-1.2532642376104297
-1.2517963799610574
-1.2515182344371865
-1.2497194659459172
-1.2477731085245165
-1.2471315721298442
-1.2469184010221825
-1.243268513030484
-1.241245569310893
-1.2380962840502316
-1.2352406392647939
-1.2340947165513465
-1.234030985541513
-1.2256116590299697
-1.2247846754968785
-1.2213282133745913
-1.221291021210686
-1.220881316488026
-1.21977338821981
-1.2158755726318358
-1.215546728178603
-1.2144252030522034
-1.207916918902528
-1.206783540494711
-1.2036144426579143
-1.202191304658763
-1.2007464360713094
-1.199140849236727
-1.198927976536976
-1.1982246555719716
-1.1977062765631978
-1.1949385587560013
-1.1946958611518463
-1.1912113923230327
-1.1886339837017788
-1.182287251010817
-1.1815494653682728
-1.178869759415381
-1.1782556116174212
-1.1730655380310206
-1.17066790611557
-1.1705380456767847
-1.170207588490857
-1.1692331491432606
-1.1688997182903544
-1.168747507681117
-1.1675790435054672
-1.166492004627453
-1.1663341905089117
-1.165028809963726
-1.1648810564633867
-1.1647162795808206
-1.1639033803031227
-1.1638409570513428
-1.157454361917622
-1.1567885288727175
-1.1564033760156607
-1.1545975984111356
-1.1536165790916137
-1.1522783680461646
-1.1509316166636743
-1.1509190563000102
-1.148656361796001
-1.1445410207112114
-1.1431516049740196
-1.1374893704743196
-1.1373489517981392
-1.135515162907594
-1.1352529506515743
-1.1317978164687326
-1.1316684849311807
-1.131123924348369
-1.1302999332379633
-1.1292337189148975
-1.1290917472138329
-1.1243576948839966
-1.1232161244793448
-1.1222968367991637
-1.119505231141525
-1.1191123416408306
-1.1181711422406773
-1.11670873798019
-1.1162770190345028
-1.1133364524991711
-1.111601951065214
-1.1094689803856428
-1.108589361649219
-1.1071633686686049
-1.105569282834382
-1.1046298239329173
-1.1031691222031978
-1.1002222266987756
-1.0974449365962
-1.0967342794278503
-1.0963355652275037
-1.0961727223279112
-1.0960189139265368
-1.0948048270358073
-1.093746803847384
-1.0928905477731066
-1.090395738028066
-1.0898130464415254
-1.0894736932780267
-1.0887169596999162
-1.088479915190854
-1.0873444533018986
-1.0864620073637858
-1.0792455888646821
-1.079133194397716
-1.0782909746903044
-1.0721938380743117
-1.0685143956043925
-1.068047947261702
-1.0673186595611173
-1.0670218438318997
-1.065583157760428
-1.0650660973538921
-1.0650045344297956
-1.0603805289561559
-1.0597766611346475
-1.0592900088593602
-1.0566656313232672
-1.055751217182898
-1.0476478109068628
-1.0456328564155712
-1.043340742669533
-1.0399571119991302
-1.0394606383243827
-1.036152531048598
-1.0344188326270531
-1.034373464283353
-1.0336711110439372
-1.0267986081843583
-1.0238414630981718
-1.0220490570184362
-1.0204763791482574
-1.019668535567861
-1.0159003460797598
-1.0155413221698422
-1.0131209777757844
-1.012930074931914
-1.0117446676758077
-1.0105349660826093
-1.0040989822918247
-1.0036662699460024
-1.0032588493018326
-1.001548658846014
-1.0008698002811447
-0.9997294106463729
-0.9986572901556404
-0.9970139346393387
-0.9952204235659172
-0.9949444242797574
-0.9940231038822527
-0.9923876277704309
-0.9911818273996651
-0.9894677478020999
-0.9843759889345423
-0.9826293711350021
-0.9788438064388714
-0.9776079928729369
-0.9769761529695025
-0.9729309136248057
-0.9724128896203126
-0.9720398281613866
-0.9706181441266607
-0.9695897225242575
-0.9693302344449103
-0.9686164795217332
-0.9671253819577483
-0.9670424199972566
-0.9664555153604932
-0.9664158619844148
-0.966387333548051
-0.9652763270133016
-0.9554798454896202
-0.9538861175246738
-0.9536396309244133
-0.9521566870382263
-0.9521252401577769
-0.9489312785364455
-0.9456159848866807
-0.9433959573162649
-0.9424377847427384
-0.9415421186084441
-0.940961602163944
-0.9404990040842679
-0.9379167374778747
-0.9346686860527881
-0.9341432652984085
-0.9334568992100034
-0.9302357448069201
-0.9293945954981838
-0.9287434871832082
-0.9269470425977792
-0.9267287690841397
-0.9259510747879681
-0.9246121348281026
-0.922535362040168
-0.9223140559395104
-0.9174825812928082
-0.9174306798538705
-0.9158872859153283
-0.915073302566076
-0.9139092380442886
-0.9133054630931785
-0.9108915338526473
-0.9105067591879473
-0.9105067575068142
-0.9068336062209228
-0.9030278367128033
-0.9012090170058402
-0.8994268001027379
-0.8972339990219215
-0.8972212064834704
-0.8967015060824671
-0.8963249731786078
-0.8959735230175376
-0.8943607941938959
-0.8941617807164706
-0.8900856461107853
-0.8894518120080234
-0.8884366626699988
-0.8883571943195266
-0.8879739450560168
-0.8865507625288764
-0.8828210898860146
-0.8775425882996377
-0.877039493188064
-0.8742620213406387
-0.8737955151689906
-0.8728581926695732
-0.8690916112117313
-0.8681056368095748
-0.8619371437968846
-0.8587091698644812
-0.8542278879110674
-0.8493886726882488
-0.8488109029073809
-0.8486043507626322
-0.8484318843873264
-0.8479936769088526
-0.8474836184105915
-0.8447226720588914
-0.8445913230663588
-0.8425727473220662
-0.840057437537224
-0.8393612742729126
-0.8353871885559514
-0.8348793076020884
-0.8346482780838331
-0.8339773091253095
-0.8296147843846964
-0.8290908918996368
-0.8287907286641086
-0.8275968594068499
-0.8262702399334858
-0.826105602888318
-0.82532204505136
-0.823867044911289
-0.8193254061449066
-0.8188440891265515
-0.8174344015491622
-0.8170382257965296
-0.8163091457528787
-0.815782011725444
-0.8147114254241966
-0.8140149890333699
-0.8129110863168165
-0.8111975118179076
-0.8105049481815081
-0.8100355387764524
-0.805009734650133
-0.8028833756865956
-0.8009259798037294
-0.8008164440314431
-0.8007676900995155
-0.7991755923741195
-0.7938050933526284
-0.7927433375988387
-0.7924482302382408
-0.7890598316141708
-0.7877149098809798
-0.787574741898493
-0.7872462013307608
-0.7839833090646037
-0.7839169224601423
-0.7823389473004771
-0.7814005785021272
-0.7790107283561174
-0.7773536740378826
-0.7760314493642932
-0.775084456190271
-0.7739942442161309
-0.7720016935915768
-0.7719368219344142
-0.7719124838840673
-0.7717189392611109
-0.769642491449361
-0.7664152821676995
-0.7595359292711544
-0.7591517680474099
-0.7574151299751674
-0.7565116295719899
-0.7562324873787268
-0.752805633027116
-0.7516060511258269
-0.7498739971559965
-0.7487404180878727
-0.7485045508287318
-0.7477959395415652
-0.7429706433724057
-0.7419089303392784
-0.7407368731035923
-0.7404182736319058
-0.7369444574774124
-0.7330378326532033
-0.732253744083976
-0.7318045395695358
-0.7291537505188276
-0.7278480473012913
-0.7262336293124892
-0.7227829243171267
-0.7207928592014506
-0.716967846910657
-0.7164218887744318
-0.7157756693240466
-0.7147272660441449
-0.7125349091968572
-0.7110642284240434
-0.7106263341506597
-0.7076629456506882
-0.7055934834617396
-0.7045443953549919
-0.7036655576150033
-0.6977850372837762
-0.6960445759269037
-0.694573669342322
-0.6943394164495719
-0.6898506598308702
-0.6897369005836458
-0.687942288620702
-0.6872140058834088
-0.6871786693035848
-0.6861883080102897
-0.6856993793885042
-0.682507587258832
-0.681859844921372
-0.6812769747712554
-0.6794724593451532
-0.6756879109638707
-0.673344291987144
-0.6693905468787237
-0.667773019048079
-0.6672255929851967
-0.6665944952110745
-0.6665630022334191
-0.6622929020742739
-0.6579790327605509
-0.657879961057395
-0.6577214604434239
-0.6563318994199031
-0.6497051180544854
-0.6482167599099186
-0.6482106527008382
-0.6478407241561905
-0.6474264820437204
-0.6473192225980111
-0.6448587118349608
-0.6435713396585993
-0.6429254926582042
-0.6370471634139544
-0.6367916224800053
-0.6309392902016386
-0.6302964522065472
-0.6299837011671068
-0.629837124266677
-0.6292257426014833
-0.6281321916754329
-0.624220654535093
-0.6229089278712192
-0.6211951726489066
-0.6174815441347519
-0.6173463350171025
-0.6172709173273551
-0.6161903428552229
-0.6137128583342881
-0.6129959252966581
-0.6118465383920962
-0.6113980430033755
-0.6112475242623986
-0.6106210374642078
-0.6086265729184982
-0.6085730983531842
-0.6078028019762258
-0.6060636212580053
-0.6058251566190126
-0.605383832834939
-0.6037819400563376
-0.6010567026498346
-0.5989020680471908
-0.5935037241418772
-0.5934678625992819
-0.5910583834144745
-0.5906608220656799
-0.589889002658585
-0.5898195113118556
-0.5880576597842238
-0.5879132608184372
-0.5875826426032474
-0.5869101232583612
-0.586728067583852
-0.5854615910307234
-0.5837714865436745
-0.5832634483595749
-0.5818411593014874
-0.5814546411442911
-0.5789157221116815
-0.576866731190291
-0.5760392156431667
-0.5758349788934123
-0.5745193129817351
-0.5741059197924595
-0.5731589837256048
-0.5674926104760862
-0.5648847369328955
-0.5638887077558641
-0.5600385417069641
-0.5598997842904503
-0.5587460562347635
-0.5587400081083864
-0.558635775574658
-0.5573721774563224
-0.557099827832011
-0.556051599003238
-0.5558312457405549
-0.5558024090192746
-0.5520397546143948
-0.5518853883112299
-0.5517348805934545
-0.5514608860489427
-0.550799408323466
-0.5475485020255297
-0.5469335048811823
-0.5457121438392157
-0.5439586351475074
-0.5425470851991184
-0.5420196449168544
-0.537931552681154
-0.5362141671440317
-0.5342078941289718
-0.5330334615512806
-0.5320011964520771
-0.5306523506619287
-0.530287302232964
-0.5268082042522334
-0.5249645411167818
-0.5246431780717729
-0.52408618033511
-0.52080713305121
-0.5187598824806516
-0.5181209549836334
-0.5144659702303052
-0.5141803901799077
-0.5135428232418497
-0.5126529039085173
-0.5113861287574231
-0.5108663544502043
-0.5107599624798114
-0.5090041271526642
-0.5088483762251894
-0.5074762404065748
-0.506605887225712
-0.505530377090388
-0.5018528258885077
-0.501758941791707
-0.5003286713781636
-0.5003143972199514
-0.4999062972044126
-0.4988780678400877
-0.4980509414068911
-0.49523448630166705
-0.495176485625244
-0.4910036193921262
-0.49071503710288933
-0.490452638720151
-0.48455005709956384
-0.48441553160559203
-0.48188172408321417
-0.4795083092558049
-0.4790579631451507
-0.4780361261609186
-0.4773417637495673
-0.47608930647144887
-0.475187792252884
-0.47475058301080764
-0.473941158667377
-0.47345460496091873
-0.47262325342797223
-0.4723579665279857
-0.4712826859589424
-0.4708553324932754
-0.46736261575679816
-0.46516918838606247
-0.4642377773499865
-0.46345061364323503
-0.46163062496584945
-0.46069618044610283
-0.4558945092956239
-0.455643674584121
-0.4555657348782345
-0.4554243339872128
-0.455132788036887
-0.45008112020406454
-0.44821266888982214
-0.4452165088961244
-0.44498283913730374
-0.4447477107780601
-0.44465956312131627
-0.43985958259441316
-0.4387493248207105
-0.4383883847371327
-0.4375554062440936
-0.43743911174915695
-0.4372526272545918
-0.43687178759843537
-0.4349567143534186
-0.434620284688227
-0.43407177621551174
-0.43347337050715173
-0.43337028127387545
-0.431645570015994
-0.43065340585555395
-0.4265160585982656
-0.4254879971429618
-0.4254402864282061
-0.42508943948014266
-0.42484694818203605
-0.42341267613837574
-0.42276416877116474
-0.42237471290854833
-0.42109638742137245
-0.41905617289699787
-0.41729669827698923
-0.4160206173554635
-0.4156047593858587
-0.41377995514369814
-0.4134063478333848
-0.40747047842537104
-0.4050314601553059
-0.4013148325034541
-0.4010971006533418
-0.4000457417548508
-0.39951460153753426
-0.3969751442372513
-0.3969746091560729
-0.396886582340974
-0.39598795752417437
-0.3950172175054641
-0.3936953341369702
-0.3919638272017604
-0.39139915290930766
-0.3907088113605486
-0.38234400689535863
-0.38030921144665736
-0.3792634004757708
-0.37793803786772984
-0.3761563285042427
-0.3746950393391143
-0.3738307573661568
-0.37377599717095694
-0.37030026672164157
-0.36914643623985366
-0.3683560726292531
-0.3669972776019643
-0.36686557124376035
-0.36612824073485906
-0.3654056850641136
-0.36197257333896493
-0.361421638895925
-0.36119842799353286
-0.35850765157291825
-0.35848761628982523
-0.3556337983974932
-0.3555331385309326
-0.3540342311510555
-0.35341548603398887
-0.3496205801704698
-0.34873807841878995
-0.3482457451106562
-0.34782740793383443
-0.3467654203413917
-0.34453897950923795
-0.3443288845805106
-0.3420015177000606
-0.3410627120788797
-0.33702530225065647
-0.33376492895613674
-0.3330893658792095
-0.33098625065645404
-0.32848345426699244
-0.32490608742303373
-0.32011576829345745
-0.31983623902685226
-0.3188818107766778
-0.31883456939069915
-0.31858861488303863
-0.3185707977636638
-0.31739998363708
-0.3161740979023805
-0.3155447229990269
-0.31441629098665835
-0.31085944049966174
-0.3062082677275002
-0.30577532733424717
-0.3052768656247754
-0.30449298704789685
-0.30336491748657723
-0.30300537393130467
-0.3014909895974395
-0.30036151522861476
-0.2989114959916199
-0.2979221670386757
-0.29530081959377563
-0.2925345160679253
-0.29079638110980754
-0.2894523374647897
-0.28922057087942665
-0.28755878887973896
-0.28707686381679043
-0.28539573281737335
-0.2821031854320047
-0.2819191325329615
-0.2818731837512586
-0.27704675413287305
-0.27650242680914994
-0.27575850661022794
-0.27204425516319175
-0.26956779376165896
-0.2684095950962907
-0.26525772984504836
-0.26422169746229696
-0.2640695355999716
-0.26319128641493483
-0.2613044718267399
-0.25845085268732004
-0.2556871873544103
-0.2548155849889756
-0.2528396540471407
-0.25081793945946035
-0.250700056237781
-0.25023479488642264
-0.24765192069944247
-0.24643902258736905
-0.2439974553639892
-0.24117113836928739
-0.24053887465260018
-0.2393440860592529
-0.2392592518184956
-0.23441926838283633
-0.23378764745133807
-0.23362398150169106
-0.23169292542038422
-0.2277477345444019
-0.22770134231842598
-0.22754225235299258
-0.2240147940391526
-0.2240147940391526
-0.22376998537023865
-0.22185143426930662
-0.22110644673995317
-0.22104042531175705
-0.22026030163708965
-0.21976733487408417
-0.2183088508298311
-0.21764457873416798
-0.21659480612312454
-0.2161444304719149
-0.2156960824630212
-0.2150590383135862
-0.21418884516643608
-0.2107013453917359
-0.21006589993883718
-0.2067978346691942
-0.20292990940604794
-0.19927540626644002
-0.1988118521717135
-0.1976318271383627
-0.19671797480404446
-0.1965740221629434
-0.19288093786708516
-0.19255103682433078
-0.19158648075368812
-0.19149816403181275
-0.19106060875147138
-0.1902773116873129
-0.18695143249374452
-0.18433609398880157
-0.18412362138068195
-0.18021184536122348
-0.18017381108652708
-0.17894751137106918
-0.17844400749648215
-0.17688629873042172
-0.1762819097861743
-0.1748799557211197
-0.17234624796024622
-0.17198253815727182
-0.16952536781065897
-0.169174116914092
-0.1665787333056285
-0.16405425893545322
-0.1629095940172801
-0.16275637266620135
-0.16200846922322665
-0.1579726108826432
-0.15635690379283007
-0.15469853591176705
-0.1546387167833989
-0.1544882810899879
-0.15309597403507225
-0.1527027289002429
-0.15177414931633604
-0.14997817502029492
-0.14409458933412977
-0.14321606396628067
-0.14246407699913555
-0.1420873152492642
-0.1419945079316508
-0.13797899901089372
-0.13711005412411048
-0.13702093626607503
-0.13682045307462787
-0.13680331387551814
-0.13673353687482903
-0.13630696352508875
-0.13576845340003374
-0.1341576387099903
-0.13235475772493124
-0.13057536809010217
-0.13031777137589684
-0.12995336015568015
-0.12899790257050603
-0.12744947222223285
-0.12741939325712814
-0.12640751661748606
-0.12554953420638693
-0.12428615699990042
-0.12423705508124991
-0.12350438721332804
-0.12090113141305148
-0.12079935242169104
-0.11850261427123643
-0.1177276284574873
-0.11462255285511705
-0.11117148890230422
-0.11088311531534689
-0.1100086564130164
-0.10997403427322161
-0.10993284035829443
-0.10799691799604072
-0.10733544508361076
-0.10665869886508561
-0.10512883546044671
-0.10462205831164217
-0.10422118912723732
-0.10413723215795029
-0.10389693763082553
-0.10384380385889691
-0.10331282931007629
-0.10325230953925464
-0.10086097978493264
-0.09629075024514089
-0.094941914104128
-0.09469825712327865
-0.09219968559188996
-0.09217153425763613
-0.08963695865355104
-0.08625870138224367
-0.08481296742856248
-0.0839036816645865
-0.08289157986887008
-0.08198167374423204
-0.08104668248940147
-0.07966243868040807
-0.0794937618317583
-0.0762609118777399
-0.07545095513167277
-0.07216272530294143
-0.06881753413480562
-0.06827678280784799
-0.06720240477198591
-0.066714759321155
-0.06642688964888144
-0.06567325864009288
-0.06498155828112695
-0.06460763234290326
-0.0634241782036371
-0.0630199482900684
-0.06286101139651423
-0.05867374759126098
-0.05752749108455779
-0.057470877669204556
-0.055644726009953044
-0.05244053211969124
-0.05120442546593318
-0.050611754437503986
-0.048678241871199956
-0.0476793868988159
-0.047058315711104526
-0.04640354634026403
-0.04620059276439803
-0.04515911955149354
-0.04476363778001402
-0.042750363049423035
-0.04225898154615898
-0.04170750765876052
-0.04102686720476151
-0.04094320287638585
-0.04000881507959875
-0.036412687267330046
-0.035128504368591607
-0.03201000711925761
-0.03040655632553529
-0.02981131058365305
-0.02917143791863297
-0.02913455287820943
-0.027030125436378838
-0.020356081396457976
-0.018635050187410795
-0.01854671046396683
-0.018337491441644205
-0.017879959147258095
-0.01620974132193903
-0.014958786005708526
-0.013499802987374493
-0.011642958257048641
-0.009288284588989448
-0.008836619612555371
-0.005789654986839143
-0.005471934686683055
-0.0032191897514712853
-0.0025773108611894108
-0.0023627605084478587
0.0011466273159974616
0.002871763886821199
0.0030747675409025232
0.005651161623429823
0.008021037534662434
0.008165105726917476
0.008432173309005808
0.008669506426341345
0.0092012312568579
0.010504665799971225
0.011808803328240788
0.013698958598430441
0.017196592314962067
0.01763144780246828
0.01773105719382584
0.01781741867401576
0.018244451753528734
0.021496325145950013
0.024641818319459996
0.026333132005886772
0.0289276479524474
0.03147018835811155
0.03160588630935407
0.03272170439576988
0.03351450317278307
0.03658787488785198
0.039453530219677097
0.040762884090738694
0.04182805976794335
0.042835256369051666
0.04392099478362832
0.04459691513897436
0.04562349108985106
0.04619284212248764
0.047039822040339296
0.04705328417920207
0.048626316693408556
0.048656979203672984
0.051336689065844765
0.05423676089737423
0.05765417118575389
0.0601777629417643
0.060348492219085115
0.06066442515007353
0.061236127119243755
0.06140264461481976
0.06172441577354404
0.06363703273248134
0.06463179540562708
0.07073195058880477
0.0716789170788591
0.07212860658687975
0.07290786363810087
0.07433846553600887
0.08184477373117813
0.08499366653445539
0.08534227141856243
0.08740833983627516
0.08976867229096053
0.09076142139780208
0.09214210085846897
0.09538872283638333
0.09740457410874444
0.09872595653031935
0.09948376078774834
0.1016596243482466
0.10215802050006668
0.10296403145759975
0.10392915281565124
0.10482535843576224
0.10776571545877656
0.10857341461940184
0.11117012829548867
0.11142594824983632
0.11154314209892358
0.11235114302226107
0.11248107848837618
0.11255132297497511
0.11338683496991417
0.11370379554169485
0.11533811494588142
0.11812608926896251
0.11965970698978545
0.12261727582816129
0.12426645575680173
0.1280826892220865
0.12915407102991305
0.1320429442631591
0.13256988984325754
0.13602412942944642
0.1378261763290185
0.1389672613728965
0.14222192060090255
0.14797425691100685
0.15420977894981092
0.15428009046933305
0.15488939319960549
0.1549925380664161
0.15650820797379383
0.15670527834623005
0.15984538610704258
0.16047253442214893
0.16139526856916797
0.16230505397606698
0.16293433655005707
0.16344084202403364
0.1650360456516784
0.16635920334252263
0.16772696845095558
0.16909939540347474
0.16975817378273994
0.17115341002934625
0.17128846379732543
0.17283290210254526
0.17301765865201768
0.17617160574618596
0.17880303999218083
0.18088203260874602
0.18232415728638568
0.1830812332530668
0.18643873391068655
0.187274459073353
0.1876870639247195
0.1877713277170734
0.1878898492012874
0.18826996118210793
0.19006912760855377
0.19068905647183337
0.19556128472020928
0.19626518681120408
0.1979722322647426
0.19946887479113418
0.2014952344292129
0.2026656495783588
0.20359186885967634
0.20360147352874025
0.2050833770601596
0.20517567742434306
0.20704771621682927
0.20718380013512738
0.2094707475199019
0.210964507414782
0.21418624568450173
0.2142017984896472
0.2170063178153162
0.21808868953568583
0.2194461222304417
0.22043777263683706
0.22099663783736545
0.22114885205713186
0.22158000855790153
0.2220479072771866
0.22583665044246815
0.2292812370282582
0.2300432437653268
0.23157100878659598
0.23164314105035533
0.2323787053794153
0.23293125008854854
0.23529837754613603
0.2363447287082613
0.23711656719914026
0.23744110554068654
0.23976887138402336
0.24068107586833587
0.24254935242627051
0.2432486773409583
0.2451724138826129
0.2468000269104608
0.24945181369049152
0.2509558479061035
0.2511703308223602
0.25190365124809255
0.25207654129626056
0.25301419212024
0.2542727664804918
0.25499865513532427
0.2590847192810465
0.2608380566721114
0.26315856347211736
0.2640820218041807
0.26419655048303003
0.2654124375012199
0.26783321163776286
0.26807742641924825
0.26992161904576983
0.27037581455832105
0.2735431341945991
0.27403164336938657
0.2768837167860032
0.27739936109202823
0.27859918541901785
0.2803692510099715
0.28350137124309355
0.28405960899142035
0.2849206811308751
0.28696117751454603
0.28738496088195103
0.28844863336031323
0.2885762038794345
0.28942475149902813
0.2910184601307556
0.2910742097552783
0.29165192853687205
0.2927277981476373
0.29422269523317746
0.29500573676460595
0.2964050097636763
0.29843327392786945
0.2990052500219961
0.30142941305402604
0.30217747545925544
0.30236915631651656
0.3132772033005534
0.31401156590291535
0.3170515713273518
0.3187164704750869
0.3192595863423947
0.3211313684265491
0.32245055213635
0.3241304089050261
0.324407571578485
0.32748133610905117
0.3279852921921355
0.3302750477496025
0.33180720598615365
0.3343916282627505
0.3356836629076877
0.3366665419075312
0.3380644028738985
0.33852486264431025
0.33958939592317905
0.34176927903969717
0.3445346507683657
0.3453616488195887
0.3455372501154692
0.3472708015079349
0.35060774480948276
0.35165291302529617
0.35537999079528054
0.35548500813413203
0.3559097888792996
0.3574326176411756
0.35758771326152405
0.3592641895158841
0.3608388229922513
0.3616968759217253
0.3630987911287899
0.3631411300169384
0.36317080801623963
0.3632997960457379
0.36420893837639534
0.36550404671954706
0.3655284895160136
0.3660338606613386
0.36627792787581104
0.3697317498849142
0.3698573643716885
0.3705664167553786
0.3729008506179101
0.3737097684183889
0.37420928684607363
0.3771714065925285
0.37801579353967296
0.3793285986301028
0.3799873825607393
0.38044366135180735
0.3819636717656978
0.38234103463973595
0.3826756116199014
0.384362449889918
0.38438633696914937
0.3890715887903001
0.3892178015696758
0.3903919501523702
0.3908058764682658
0.3910392937309328
0.3933227715970731
0.3934977444912626
0.39501383177528465
0.3953073830797059
0.3980676889320646
0.39819898803678294
0.39879988783355724
0.39963761790418784
0.40028520812954316
0.40098775142874865
0.4019127907562604
0.4020793931338312
0.4021369982944163
0.4027883422206431
0.406127001638376
0.40614699650768793
0.40705353005268197
0.407199855026093
0.40805309998728634
0.4111015515476981
0.412626382023503
0.41491732705555195
0.4172112219358242
0.4195578908412758
0.41977506290766115
0.4203971725398105
0.4240249014164697
0.4272961583917881
0.42775228012376
0.4288387068042132
0.4298367502377705
0.43026914493616986
0.4323854387986049
0.43381241750266586
0.43644841263775025
0.44026107644985374
0.44045859875380566
0.4409903605472406
0.4414111004601652
0.4434021996294667
0.44690466369946374
0.44858732225328746
0.4501822497866654
0.4509325659364721
0.4544522401587566
0.45683591279668695
0.45685474520341607
0.4578299166109251
0.4580449455539787
0.45865085704205494
0.4588959566534526
0.45917552439476594
0.4598226729541362
0.4619952374238492
0.46242392886934464
0.4661362501490545
0.46946262259731686
0.4717840878875068
0.473869846214243
0.4741887280769223
0.4776507225405673
0.4792016229511299
0.4798003513578646
0.48080726846502836
0.4816657610761677
0.4819500452931422
0.48429229104935184
0.4859506864379137
0.4862922558780382
0.48648454655333623
0.4876136819898296
0.4889476171205113
0.49171174229388576
0.4918685980614334
0.49352667114398546
0.49451335191199064
0.4953638129464829
0.49602449416151195
0.4966878586875736
0.5012215814657285
0.5013007770661847
0.5019794965291638
0.5025477869869144
0.5030768831475695
0.5044749456382461
0.5050510324249913
0.5055209484423269
0.5079483375366046
0.5100934596652467
0.5107785312057345
0.5124161695752073
0.5162062676716794
0.5171598414521659
0.5182165233489221
0.5190186323566452
0.5192646499320825
0.5193488393071708
0.5198834084178576
0.5206559527060348
0.5208465398572272
0.5247455482886327
0.5247786242733418
0.5248967521259507
0.5275529239751541
0.5287605210075197
0.5294302950305595
0.5329671656335657
0.5341596803782692
0.5346814099864449
0.5354766989903214
0.5365737991541664
0.5368545850367464
0.5377428282729163
0.5378924463055758
0.5392341016003878
0.5398043414362558
0.5398156037437903
0.5404715696568128
0.540704937790326
0.5464569008430421
0.5466557195214774
0.5471143830909015
0.548575203457583
0.5506450104436323
0.5513899762458984
0.5532585155201343
0.553553166162364
0.5551344720033367
0.5552951411509353
0.5561956262208708
0.5576836286908632
0.5582801066329071
0.562036784645114
0.5627280215462516
0.5650763685470677
0.5663229263248262
0.5669711249292384
0.5686413343890924
0.5687687314337797
0.568956323665737
0.570177170528948
0.5751748391928296
0.5771564497714821
0.5773885754021839
0.577411576239186
0.5799717173641024
0.5805259100057957
0.5829079830647084
0.5843376801941057
0.5845415218044056
0.5864081380433449
0.5864606652037817
0.5878462914757785
0.5882763601414039
0.588997421647619
0.5904107141996575
0.5936795264416257
0.5944403476200352
0.5947438459041792
0.5983619580199211
0.6013603355697663
0.6019241881709065
0.6020880144245334
0.604832335712202
0.6062223252636308
0.6065215410071444
0.6065457459466825
0.6112407475961817
0.6119634955619089
0.6123034658431823
0.614985219462131
0.6157299195847601
0.6179430350258729
0.620590618596478
0.6208303321284891
0.6213744757938221
0.6215317168932684
0.6224739906932083
0.6236910209035973
0.6251870097021599
0.6267174232502126
0.6335370279955921
0.63468715287452
0.6379114296767328
0.6380749239213603
0.6384204561186342
0.639067697331178
0.6406832046000352
0.6411659708000778
0.6413768160683231
0.6429911131639859
0.6446220007230353
0.6448504595123772
0.6481600206137382
0.6490623355556249
0.6507433474873682
0.6536656181046224
0.6554305717750321
0.6559340741187741
0.6559929895469603
0.6563452190371368
0.6572597725681291
0.6621380728529456
0.6640803891278899
0.66725202577936
0.6716517167839625
0.6727134888973536
0.6773466209734714
0.6779574226226271
0.680589112671328
0.6810395566416554
0.6835117395860835
0.6846438375883985
0.6865916635208331
0.6869767960397812
0.6890764872129309
0.6932535828218704
0.6935838004093604
0.6939957831177681
0.6955476499617524
0.6962135083750627
0.6969396415099384
0.6970194974588784
0.6973786368760102
0.699727826152002
0.7016343329054245
0.702661796795943
0.7041558763342388
0.7054818530371731
0.7078036312426144
0.7092954201170012
0.7117501997026136
0.7119948131520162
0.7143736631016812
0.7146044765645638
0.7164217598617618
0.7164458106245636
0.7166514372811219
0.7187017539672472
0.7221304862947338
0.7224601407918472
0.724156177629198
0.727116088625916
0.7296005972611785
0.7298690764962843
0.7298979284648108
0.7313818569180237
0.7322931130300636
0.7335098275627651
0.7347942107142758
0.7368688945743718
0.7371145073033194
0.737248312943775
0.7465938891612998
0.7478311894624997
0.7487645566226986
0.7504469646484132
0.7508587076126771
0.7521542351604336
0.7530059462297536
0.7536578093416455
0.7539180502381922
0.757426957838397
0.7590337045125615
0.7601476933487337
0.762385378360749
0.7634536666944385
0.764305388859517
0.7678091216440865
0.7686926923590924
0.7699518878333094
0.7707430890633482
0.7737755603044675
0.7774149997437095
0.7790941337871242
0.7792096218236886
0.7796819018805232
0.7806466681522848
0.7821111300422122
0.7845114811786373
0.7865778913484835
0.7898693118681248
0.791963997166564
0.7934115507417847
0.7963595776725113
0.7981210703007318
0.8014035106870963
0.8030823403546732
0.8048643394455279
0.8052913804812828
0.8058972003371283
0.8073181525513901
0.80780049148192
0.8149750959254604
0.8183233051095604
0.819343938479062
0.8221995051110004
0.8226513023867262
0.8236311225393192
0.8243694800370254
0.8283223942721687
0.8351273700838824
0.8364807717228202
0.837096937325814
0.8408515971442344
0.8458621145540323
0.8467391971828995
0.8469242906481653
0.8477917789056423
0.8508842013047955
0.8527369671351772
0.8606705079999596
0.8611287074665898
0.8628730606696591
0.8630495090120384
0.8631222738848061
0.8634072519099197
0.8644808780112516
0.8663103295911351
0.8721273715989981
0.8725347947002245
0.8734784431028434
0.8763897229614133
0.876790651855377
0.8781534428224502
0.8808292374923449
0.881408877603888
0.8822732886181414
0.8823834690675059
0.8824108445423386
0.8826739505856385
0.8837006853145554
0.8839458759026608
0.8841568291597124
0.8851850306417873
0.886316704938463
0.8865014369529671
0.8877347318831776
0.8890438644233639
0.8907326174817818
0.8909669925738711
0.8924076500041762
0.8927698244379318
0.8962856261776064
0.8969814374992712
0.897344200108135
0.8993310246598581
0.9000344830337763
0.9002635342967579
0.9007808792327082
0.902327478662945
0.9027104281333987
0.9028888177950534
0.9071783408927598
0.9076721610694825
0.9077818176751415
0.9090804331496691
0.9092928383409105
0.9107771995642069
0.9113403974836964
0.9119481453446954
0.9141699519366192
0.9143217354416537
0.9148569254887284
0.9154976048351151
0.9162583107271512
0.919343443814495
0.9224930103249862
0.9244879517328505
0.9246958482483785
0.9269956691435208
0.9297990172285042
0.9312349794306753
0.9313458942082703
0.9329306396933957
0.932956569206534
0.9333724773174612
0.9341643487280565
0.9345907112506715
0.9357241604275452
0.9360544782267309
0.9401848110757256
0.9436598282455723
0.9457681783296276
0.9483892618734644
0.9484725335059045
0.9500313113469412
0.9510820389051617
0.9546444092894419
0.9561000117853501
0.9590400195873486
0.9596503392996236
0.9603163086346445
0.9609214633789973
0.9612064609901149
0.9615770136173354
0.9663253748751551
0.9675837052576698
0.9698456187530313
0.9699331283944049
0.9707118934667753
0.9714392168769926
0.9724115690500671
0.9743041185541971
0.9752436989930767
0.976363173144865
0.979494471242135
0.979956619827836
0.9822800289619009
0.9825306794842372
0.987806846412232
0.9888367789492887
0.99089613046123
0.9912881078287937
0.9935729600592318
0.9938886919086596
0.9957769093438369
0.9976447484706912
0.9982288143996432
0.9983355912630923
0.9984453257948651
0.999547308881424
0.9996887566843471
1.0000771033080391
1.0007466043660969
1.002260433340264
1.0033826285029586
1.0041366794989472
1.0052611338430384
1.0076777805528372
1.0090714238723424
1.010872544695363
1.0111342387357851
1.011613486632578
1.0127643185944597
1.0132239612080078
1.014032732678318
1.0157198237924214
1.0168182504262164
1.0203701745554175
1.0236495895926683
1.0243031655669497
1.0243900694637458
1.0264778774206134
1.0270837070965158
1.0279380007656658
1.0294933352531914
1.0298777941549626
1.0321814092866917
1.0367232943627338
1.038588786492289
1.0387054209521327
1.038836224362168
1.0397724728168678
1.0406808702348616
1.041494244984404
1.0455584974990995
1.0463905909962419
1.0480354971722678
1.048364114739178
1.0496270757114072
1.0506578145368242
1.0569309799142654
1.0574340444878274
1.0580742859588224
1.0582185340993298
1.0601595601064882
1.065318816182652
1.0679060384338073
1.0687710166582833
1.0705978815580375
1.0708964212506105
1.0715407086599684
1.0717145622869224
1.072309324751791
1.0725882807226867
1.0747169977054403
1.075057146253435
1.0772508433825865
1.078402465688731
1.0834174177236235
1.083733972592563
1.0871539435738116
1.0877376579096927
1.0890169472785867
1.090296017536276
1.0907486634045904
1.0907920685334958
1.0944519160421178
1.0958181361870403
1.096940946595327
1.0973354938067577
1.0992164114035876
1.0992891411942178
1.1007013829659407
1.1011582694448228
1.1029997510884353
1.1033692002289073
1.104073838232861
1.1046960860897368
1.1066039568198254
1.1107216747264563
1.1116863173718357
1.1151608814495442
1.1156867431143327
1.121361798564743
1.1219026356492912
1.1222767563559226
1.124771016656608
1.1256733397916254
1.126097982520461
1.1298629847862214
1.1313038458158822
1.1319861871115746
1.132206922978559
1.1332813545871765
1.1342445053207981
1.1344299639943585
1.138514377092985
1.140221275286398
1.144909672844248
1.1493301027654514
1.150588752228327
1.1513548734211096
1.1515946154905454
1.1523831580702943
1.152810234513798
1.1530981626080834
1.1543670055287203
1.1548077554748946
1.157233970360332
1.1575801735630127
1.1595302718140095
1.1608612958869733
1.165285653293726
1.1656710382820616
1.1683571162433215
1.1690103006226693
1.1692325041478233
1.1696466183137226
1.1717466516241208
1.172074817715263
1.1723647271360567
1.1727747932264982
1.1751670383758133
1.1757728507932006
1.176433861528011
1.177102860293382
1.177253411836233
1.1774873627752918
1.1778912669254682
1.1780457154587474
1.1808320546670688
1.1826187893418143
1.1835789022511978
1.1843266313953913
1.1844814216263566
1.1850653724356348
1.185154162498889
1.1862978950907197
1.1870008435468262
1.187441278620785
1.1885670937180783
1.1895047931133624
1.1925411972470188
1.1931725990789048
1.1945551077912664
1.1988121512519063
1.2013323223630077
1.2040988031284654
1.204939112145273
1.206654314534637
1.206942952717233
1.206957742803173
1.2096123613514953
1.2146365002599309
1.2158714439069502
1.2181442042441097
1.2183631356116078
1.219452543699107
1.2195377628406858
1.221235304946767
1.224115343355629
1.2265641345431768
1.2336307399716362
1.2388813113808252
1.2398762602037303
1.2439644383018205
1.2453134002674555
1.2470526948444953
1.2473621330479387
1.2507724435873686
1.2508947288222556
1.2527724025739115
1.2533040233356565
1.2551231377347176
1.2579493034264706
1.2637921094738613
1.2665564505829967
1.2684119980197452
1.2690438665053412
1.2698611047347041
1.2731616128692411
1.2741860782695493
1.275009532597353
1.2776375314449386
1.2862666877667044
1.2884755821066882
1.289362360894966
1.2933817618018977
1.2935348583921344
1.297382030465361
1.2994118252419322
1.3032387691967746
1.3069223337074964
1.3110719995686826
1.3110968893887485
1.3119311670514007
1.3122206525809785
1.3192783726275237
1.3200259950414894
1.3200291936083888
1.320740085436309
1.3222589503580298
1.3236864718635935
1.3237287210108182
1.3237672232601807
1.3275205842518016
1.3294607220775485
1.3301866343766473
1.3324006362988756
1.3335485193516081
1.3374898833380637
1.3430453842474792
1.344001794642462
1.3441667035891984
1.344484869155962
1.3515736594438332
1.3517931373493977
1.3527243038530534
1.353180983275506
1.3546230457492543
1.3560225803153572
1.3569556071218432
1.3576313926026178
1.3579190451414298
1.358769504727144
1.3608827175402098
1.3646436169672511
1.365201206049483
1.3712643712153816
1.3713445917718734
1.3715711090589622
1.3750759320536232
1.375596655039311
1.376458021153072
1.380304758836016
1.3814433466786458
1.3819071755466161
1.3872629531343112
1.3872822189333396
1.3876617105858333
1.3900299214749197
1.392520784618775
1.3928908584212931
1.392915714832322
1.395154080102292
1.3952687940849549
1.3959450087641698
1.397508411363674
1.3989257894873044
1.3992762404474086
1.4002532516910438
1.4027329078460755
1.4042247531475436
1.4110191553310625
1.4116301405670464
1.41387884467524
1.4144673375909207
1.4158929093065065
1.4207181917155736
1.4213871430479454
1.4222153066655845
1.4222840117923417
1.4225412454087745
1.423437890140776
1.4244245219418428
1.4260562212887384
1.4271563759803718
1.4304152708733409
1.4325339914970803
1.4327156433489519
1.4334773027778427
1.434429859107643
1.4345112967995899
1.4409995537531843
1.4448637474998804
1.4500559112687248
1.45025653730051
1.4512974890671555
1.4527127114249292
1.4539093977075666
1.454168880152897
1.4556804380083548
1.4570209843795634
1.4603656698398404
1.4629023715949514
1.4635537341993068
1.4724698355627839
1.4805151033899944
1.4940428101473306
1.495493666246408
1.4971880293384865
1.4992260616960067
1.5041198376359897
1.5202378977290048
1.5203499736300734
1.5210866147403772
1.5228170328894048
1.5264824951342906
1.5276859342885547
1.5291015769230611
1.530792303482491
1.5322367155203978
1.5339882309326418
1.5389704732731175
1.5403046755746752
1.540885661598076
1.5422375563249817
1.5440087744470148
1.5452258894565083
1.5519235922392753
1.5574841436301836
1.5578511904128995
1.5582347550413838
1.5669114316770836
1.5688041724107777
1.5736058267579447
1.5745987158031132
1.5752220216111734
1.5752391646459503
1.5761111920251856
1.5768507042704207
1.5815023061187552
1.5838121792070188
1.5851221420503765
1.5894510863220668
1.5921041956910311
1.5941423814852655
1.6012172647205392
1.6024241378727082
1.6026453220397172
1.6027615140185003
1.6048330484814308
1.6058359783173692
1.605922043652435
1.6064831021311206
1.6082401063668772
1.6129929154013145
1.6177541596928744
1.6191235978794618
1.6215424582536322
1.6229300483357199
1.6270769813919395
1.6273538515766197
1.6316746777160498
1.6358312292049884
1.6360146452408797
1.638091520536811
1.6391429219666918
1.6404603885581497
1.6412805664555938
1.644786899259443
1.64691977742724
1.6480620616183765
1.651539220769942
1.6569325796551426
1.6667382218727793
1.6680596349286416
1.6691615840377392
1.6698398784372266
1.6775202762283496
1.6813319640837106
1.6826547949789155
1.6835103338768476
1.6847333625107925
1.6907652065790175
1.7015696698176375
1.7029078289596122
1.7029574619291115
1.7063666307857757
1.7083048429208691
1.710359009231393
1.710489024249573
1.7109091445388818
1.72243365363156
1.7291991749845956
1.7297287881011614
1.7316865711984435
1.7374327746277407
1.7413223931020148
1.7428559392061456
1.7457925997379125
1.7478035650168946
1.76004233672033
1.7668922329149557
1.7693300520330209
1.7742751705990334
1.776913661287081
1.7797078497760581
1.7837284028538385
1.7894452991298122
1.8051526026543545
1.80685697814098
1.808184926749513
1.8089408676329626
1.8093466072079183
1.8171818976638545
1.8254213553821412
1.8266605373840532
1.827684515470815
1.827819210725263
1.832975521734617
1.836050775317529
1.8435661949398314
1.84368137907421
1.845879134806224
1.8467344821232832
1.8503125053537992
1.850741973806886
1.858915507930655
1.8639540806114867
1.8701604048077622
1.8708397653472453
1.8718442579995516
1.8744209782479617
1.8959132442799147
1.8979158654464783
1.9072054595916168
1.9095317969333774
1.910133296460043
1.9103422682363953
1.9251776796052675
1.932066535676397
1.9354483710426096
1.9514038856568336
1.9515995670868957
1.962349360102126
1.972273099587531
1.9907955104654271
1.9940302480064034
1.9975160900389886
2.0103495113270666
2.0109887158629256
2.015101388132537
2.0205367297694288
2.0232382308558408
2.023340123601777
2.032686870925663
2.0349702813952923
2.0365647857991256
2.040186012077959
2.0467238124610336
2.0564139861839092
2.059429796440523
2.070494139360245
2.0715447099861013
2.0733448068251517
2.078742172870728
2.0807556642762735
2.090304203455782
2.0990097485813917
2.117444388762723
2.127960873213084
2.1342622608050976
2.1558482700560635
2.201345144973688
2.212942449137075
2.2211996147344375
2.239945391289999
2.2405477776128366
2.2704384125775174
2.289892793176986
2.2960135462512454
2.3113710247769284
2.3493939965759267
2.3596525190989706
2.3664164770306244
2.3970626788235263
2.4187621008468687
2.437877218550227
2.446931555732502
2.471009795567364
2.4768363619183287
2.5164930628736704
2.521117896808409
2.5213597459351202
2.5539462519749514
2.601990178642173
2.612398036861178
2.674466134915389
2.76944796297413
