-2053.856941417342
-1371.4910235106759
-1030.3853261012475
-1028.957419737941
-689.3318273884489
-516.8692834536702
-461.35926106957083
-460.29675377332603
-379.29804304809863
-378.10165864965245
-377.93214865387404
-377.21435924824914
-376.6432893662251
-376.2633976893579
-348.1902986293639
-346.3271503381029
-346.2454816069407
-319.99100306739416
-318.5403685603106
-296.79477064494563
-280.76315540269906
-278.24538515109754
-220.39997149457557
-210.49129441976902
-209.306402375086
-209.16838037816396
-199.32697173307412
-191.8243988312916
-184.08977244296912
-183.08098995849952
-173.66118649467165
-169.44634243144313
-160.7459015966646
-154.23320927090091
-151.43912599961612
-149.5780570766236
-145.0860798181856
-139.48894332053817
-139.44315996177426
-135.7035285685503
-127.48224210259531
-121.61046099965453
-119.14596614572145
-108.62756373717859
-106.59435890578652
-106.44981629350572
-98.71342660707793
-97.95513269475455
-96.38530240644737
-91.04930055376741
-88.70937204625648
-83.6682831376095
-80.30011365817033
-79.82981964195841
-78.80243219932176
-78.7018364249749
-76.83839087873173
-74.20090580136149
-74.18818687075604
-71.32725302484293
-71.01033078022655
-70.57382279202956
-69.04881399764771
-62.83554058809359
-60.76438847656476
-59.692149380602096
-59.31396413695939
-58.59475249752303
-57.414219283936795
-56.617225960675825
-56.02012200048919
-55.21976310610602
-53.89308326902057
-53.31668336364365
-52.600244929326756
-50.72699155915188
-50.72678880282422
-50.491617657464175
-50.234840982679245
-49.86633274757911
-49.73191773777383
-47.629891558566015
-47.61264867993073
-46.77909657060917
-46.467370062252506
-46.29339978900091
-45.38530854276048
-44.363174334499774
-42.277277162795116
-42.06566229757727
-41.65283586265943
-41.555609100075365
-41.03584634171261
-40.81158486435289
-40.33113845063098
-40.32624746553745
-40.27288424980953
-39.74950154442787
-39.50990406165828
-39.162344328118614
-39.08796720426572
-38.92361564109908
-38.63633791728398
-38.28317391575465
-38.277588156513424
-38.188354400106626
-37.82853080367848
-37.4254468296573
-37.32883279169929
-37.1792858351797
-36.932491818075896
-36.53623108167636
-36.526634283151125
-36.34464657151631
-36.24811994877803
-36.235942880333305
-35.77104313745316
-35.52431931593952
-35.499688337311106
-35.37294450513136
-35.24534531370529
-35.053647444076084
-33.65876470087479
-33.06829083824963
-33.04498329058576
-32.71606954229782
-32.63209097087579
-32.37110191016168
-32.33914652247787
-32.28936912589128
-31.949037657351315
-31.888899950541983
-31.505247945680917
-31.38624714456329
-30.92987677035054
-30.903644691221636
-30.667104883728225
-30.647521284371933
-30.52653469575907
-30.29212970652477
-30.14919868736186
-29.764623519737125
-29.671913707498277
-29.61174113744723
-29.608134695383484
-29.572365512973704
-29.462480607577103
-29.123334160962198
-29.08982484971266
-28.67091621430198
-28.662827562427406
-28.62688869646526
-28.227307807597416
-28.08046168865056
-27.832458089521076
-27.76960586111097
-27.31486960376119
-27.190505254159014
-27.17343576918762
-27.089261886519104
-26.965059174439492
-26.909570134949714
-26.761635021416428
-26.13537151757477
-26.089865663294287
-26.07935290480791
-25.768460271778913
-25.635291068593933
-25.596399124560786
-25.50911921075486
-25.471446711590822
-25.21458270219656
-24.927681984654342
-24.685350456489036
-24.41820563029376
-24.381611266897036
-24.316877772666558
-24.048839429059612
-23.995622288458733
-23.922231439147296
-23.81148155085371
-23.76667093294789
-23.699969332962468
-23.51211009609637
-23.399306767190144
-23.33787258991748
-23.329046005217556
-23.103280176147315
-22.92059890801206
-22.61463260883972
-22.604380554873572
-22.24137056294792
-22.16520268499137
-22.124838535827944
-21.64934431042306
-21.58699586123776
-21.586269475045427
-21.45140019120972
-21.182612488573078
-20.9381024807552
-20.92456251194021
-20.900592829792465
-20.89743696291583
-20.876553930496197
-20.839316246776804
-20.711604624005766
-20.544585333338457
-20.454125777077536
-20.44792383395838
-20.43943556890036
-20.205468485722392
-20.166410992355143
-20.0488282030979
-20.03982525113304
-20.015342690940912
-19.911615398768998
-19.904558318983906
-19.81749676167616
-19.719026481383207
-19.67137409545927
-19.63093028949134
-19.495563168035545
-19.420305847539943
-19.370435392885234
-19.3327454920272
-19.32356324112633
-19.17096649353594
-19.161572345276
-19.12993988146082
-18.872946542596182
-18.85764534756403
-18.789830420924755
-18.735037900397213
-18.66372469371456
-18.636941785565895
-18.41222345441627
-18.39808438298636
-18.18932228353992
-18.16040884663225
-18.052015623141322
-17.992336542234444
-17.863609944410825
-17.819053692097615
-17.76715552381704
-17.73932440666486
-17.734418787033285
-17.645038871009554
-17.620251832080662
-17.450769155889702
-17.34598104126291
-17.191280629775452
-17.175623337324076
-17.094328901930766
-16.93972295599415
-16.89826389893679
-16.820485842489582
-16.753816048391407
-16.70334320828284
-16.651238723153366
-16.64644775627875
-16.612385738062187
-16.572674855262974
-16.40052743699656
-16.269648535849623
-16.256799593771444
-16.223863903522385
-16.22055851789263
-16.17450894642145
-16.108485664570004
-16.061874570812698
-16.053721192230697
-15.94793811805768
-15.801320969319828
-15.773011438640898
-15.639499022276386
-15.594161152399725
-15.586691305474465
-15.547914988089389
-15.505752179982068
-15.461347413847609
-15.371254284731082
-15.33227150149726
-15.32844557545802
-15.31237437986973
-15.254845758601594
-15.246480026928646
-15.23583022027413
-15.221248541727416
-15.200606317604873
-15.18760704731707
-15.121282584618458
-15.08123760962777
-15.063888833105956
-14.98225546344576
-14.8741935383098
-14.856808321574437
-14.848546682879578
-14.783043989426861
-14.70891081200871
-14.702994325211224
-14.681094227193803
-14.641792152184339
-14.608135241237356
-14.579472616905253
-14.47108917510627
-14.388690738740934
-14.255291643261291
-14.225767343851729
-14.21307577765638
-14.130756596873143
-14.013993714334132
-13.954099671650447
-13.938837819066185
-13.929741944927315
-13.920607259053975
-13.860978648898836
-13.8164514056236
-13.789114699614586
-13.787733785953353
-13.772119101456498
-13.69105765806177
-13.689893312920113
-13.460909238243483
-13.404390638307511
-13.280065552502357
-13.228341802636768
-13.099007181158484
-13.046986899328918
-12.981909193161854
-12.90138183086807
-12.900278151997545
-12.894561187039226
-12.884715469164775
-12.872971053359826
-12.865846892626355
-12.82762885239207
-12.799698340899337
-12.617391521118824
-12.570651818100984
-12.538926695198343
-12.522608968477456
-12.481240006644892
-12.480211487093444
-12.469783962584078
-12.420769435914966
-12.397586778626298
-12.355885780195194
-12.32998594361591
-12.313595287758563
-12.273284943028134
-12.26764222815564
-12.261723134546708
-12.246805866620825
-12.225463973413909
-12.22398702935764
-12.20591190963576
-12.193707048473485
-12.160758062776763
-12.122077712266218
-12.080953733189956
-12.075156515137586
-12.072217010776766
-12.030738648157065
-12.004519888514537
-11.941840099762896
-11.933242744373004
-11.92442409573377
-11.894766703834481
-11.88926872479623
-11.866259979229532
-11.862647972130679
-11.801661089492757
-11.796509953633368
-11.725298766690756
-11.724965178268798
-11.695855935301847
-11.67467734482694
-11.66363594086582
-11.626581608763438
-11.594933605057568
-11.58087952161831
-11.534126126034412
-11.455079297010666
-11.446116231473315
-11.441457068710237
-11.423292960487819
-11.404627589081528
-11.321300600526897
-11.314016174869604
-11.295385889036183
-11.294691375644138
-11.282153646733168
-11.274012844437955
-11.208769146897795
-11.190711140644911
-11.186501002062126
-11.099512016703205
-11.099484811291914
-11.096613117031964
-11.027807598252068
-11.01189840700771
-10.994140345254436
-10.969176550965924
-10.96898298408495
-10.954707699554593
-10.917783249020012
-10.910131693832255
-10.857924875796988
-10.839927262218024
-10.828693216635653
-10.816325040088216
-10.773694529687843
-10.77324590627832
-10.759228680213313
-10.754612847119029
-10.708566668916452
-10.652553927356305
-10.646243561348093
-10.62732093856421
-10.606885972935663
-10.569605183936378
-10.544395758217739
-10.52923861682909
-10.527111294943447
-10.513220839790522
-10.512343268491644
-10.507499468691618
-10.447346034622102
-10.41611888542426
-10.377373594176438
-10.362072990954175
-10.358301105552998
-10.358261324876263
-10.35085310613362
-10.322846219322553
-10.315011802527362
-10.312013243696018
-10.311663500316119
-10.276264910767786
-10.240185818149815
-10.23892944386723
-10.229839311114873
-10.216382435423515
-10.167744490016396
-10.15291344153415
-10.118526330004698
-10.097197465092826
-10.047801667640721
-10.03877687024334
-10.029012021117293
-10.026745289260074
-9.990391743126175
-9.989875898792494
-9.986504677284085
-9.9636324067168
-9.957899250264157
-9.952972680093406
-9.909973534676588
-9.859009286420338
-9.858153244351502
-9.836204882300025
-9.833013497282966
-9.807088089313886
-9.802799197983113
-9.792670363084785
-9.76714598795492
-9.76397544592892
-9.737207361498498
-9.736113740945417
-9.7321642532088
-9.725070966591808
-9.703805245962421
-9.70344610024586
-9.691497100202154
-9.655737050422804
-9.655433815580299
-9.641037246467986
-9.631186594046358
-9.616776803207138
-9.610113379151564
-9.606574390621939
-9.598335559360592
-9.59024740434157
-9.574032445371301
-9.571048545800434
-9.536590922071944
-9.534316005377814
-9.494043493677077
-9.452749703989529
-9.412776037380159
-9.405971870661778
-9.394556480406408
-9.35177740104163
-9.334073149681622
-9.319630557677423
-9.273730410345735
-9.246624172892407
-9.244013003496512
-9.222360720679113
-9.211972412629155
-9.180421902207858
-9.179620740177318
-9.179423296127354
-9.14467162566493
-9.095564051075236
-9.09227154789926
-9.084986475227229
-9.08079135348604
-9.07295003027501
-9.072823846020796
-9.062403046822602
-9.03325670500261
-9.024982464519736
-9.02171025760479
-8.98526323225714
-8.974542763638416
-8.913287124137366
-8.874681120427168
-8.860612014988792
-8.836280130982349
-8.814315127477458
-8.814151717146721
-8.807384720988114
-8.804701905994857
-8.797295267002882
-8.782749373074447
-8.7648461716096
-8.758107416287178
-8.75273513658658
-8.740067657135349
-8.687543419729426
-8.687314585219458
-8.686473250993753
-8.68321325973631
-8.678948991699137
-8.675349477170432
-8.67421583922244
-8.643070051891254
-8.637881743693576
-8.619986289817092
-8.590911521748168
-8.585357423017447
-8.574225742876546
-8.560311268401135
-8.554417686236382
-8.53853767542863
-8.522149131067968
-8.494232881558935
-8.481215068930954
-8.458951864314628
-8.45886493072396
-8.444337722110657
-8.438320214705987
-8.432155595986842
-8.430953651901618
-8.417624198609344
-8.40549448221822
-8.40367236639422
-8.381807326964756
-8.362349111497148
-8.354449228886835
-8.307561483879429
-8.30587506300833
-8.284799087956506
-8.283439503132602
-8.28205028568669
-8.26481786501839
-8.236186164817642
-8.198262573172922
-8.148032100035756
-8.122937169637177
-8.08681346680628
-8.071934890951988
-8.048257649286715
-8.045291409219487
-8.028622889109679
-7.986172367345921
-7.981266766080247
-7.9620723926470784
-7.954005101328818
-7.946364593006247
-7.930285811411514
-7.916091379809193
-7.908759466810215
-7.893104047858495
-7.879541291103566
-7.873888013416151
-7.865495462951843
-7.86468228259838
-7.864060406702671
-7.863970527691906
-7.8630822554533815
-7.856113668573009
-7.842429776682508
-7.823267756010669
-7.793389744436399
-7.783895409523918
-7.7806138350436465
-7.777325870391997
-7.763894834300656
-7.759573226720239
-7.724991951625334
-7.7068350928512706
-7.696070147006825
-7.694745748090668
-7.688517582500493
-7.6832624415460575
-7.677429272407142
-7.6722384649078235
-7.666231830566932
-7.659283012228984
-7.639525372346537
-7.634677541235316
-7.629155324824759
-7.594990830591382
-7.589531456665346
-7.581003428027019
-7.570294177471186
-7.566834788162371
-7.551434516848746
-7.548774805956539
-7.548483083561206
-7.547538995262635
-7.545613679117412
-7.537805547200403
-7.535901121954687
-7.533258700126387
-7.524906659769727
-7.514228385197152
-7.484607756638072
-7.471527986606597
-7.44744853799061
-7.427224888380607
-7.42477807781658
-7.414603500706766
-7.402900866131821
-7.394993671986045
-7.387579472695686
-7.3696200259464355
-7.361114732360962
-7.3330919871394515
-7.3091849626789305
-7.299723474762805
-7.2988366447535125
-7.292806122590507
-7.28959371176602
-7.286156858420654
-7.281711181422556
-7.265668911737425
-7.243336314101366
-7.241316145460026
-7.2373370660720955
-7.234200276099383
-7.221496309883958
-7.214572943477485
-7.192191771219148
-7.191515311753101
-7.176399611330869
-7.155713566220125
-7.153138668900345
-7.137148132899423
-7.127221495436209
-7.101543258259682
-7.085827344914659
-7.073085959286641
-7.066526604709705
-7.058349454311185
-7.054054002780043
-7.053302303459017
-7.04510029156031
-7.033801143109494
-7.024605802878087
-7.018286597961462
-7.012623261708438
-7.004957064151157
-7.0032649409727386
-6.982295630750895
-6.9770486415919395
-6.974037345567176
-6.958728955622433
-6.954583897648309
-6.949755351607176
-6.946740538386481
-6.939091823448334
-6.932341539555909
-6.926605814783857
-6.911086272312292
-6.9084294577597944
-6.899348285120197
-6.897473399180779
-6.881301678933584
-6.856183750536271
-6.827271856834973
-6.823613671655348
-6.823206413147508
-6.822641023688179
-6.8203287230634295
-6.768587457695154
-6.7671756890137065
-6.757265822986045
-6.743586355745364
-6.740601404475819
-6.726530652807119
-6.720083645243504
-6.717792860925738
-6.7124716507107465
-6.696716837931499
-6.6951887034695075
-6.6874235539313895
-6.6808253218810485
-6.6699520242735595
-6.663235568412919
-6.656306127821789
-6.6537132654949644
-6.642784260671051
-6.61788746653976
-6.6153399562130275
-6.6124195656406215
-6.611895989146744
-6.604925941288022
-6.597581919735481
-6.5941927599268695
-6.582359326919752
-6.575714418028962
-6.567884740985792
-6.5651047175303
-6.524947698828763
-6.5100458974043995
-6.498746324251684
-6.485832937259521
-6.485262607672007
-6.484303252245257
-6.480806312856664
-6.469742736297974
-6.466015793612733
-6.462430412945593
-6.458332889616947
-6.433595576469694
-6.433539024105725
-6.4312256625807755
-6.424662196069722
-6.409773073375188
-6.402727378428323
-6.396657662774231
-6.392470101508899
-6.374932370966796
-6.357942872832531
-6.355961299066577
-6.337785329941841
-6.335263122870034
-6.326223494700903
-6.299968478729842
-6.2986971698624545
-6.256749395111456
-6.240917836051168
-6.223953781784813
-6.216814951473346
-6.2167947559131544
-6.215410426462208
-6.198097400880299
-6.19777095609884
-6.183216405423474
-6.180005077280451
-6.169893746584698
-6.164332995497322
-6.1594780032244385
-6.14374232002774
-6.142180613904058
-6.136076060969167
-6.1312743142936235
-6.125629185467729
-6.106686897500601
-6.105269586893536
-6.089345414962477
-6.088649122453675
-6.085407078216926
-6.083174759255192
-6.079367499975002
-6.075738411903196
-6.064618972165638
-6.0598365550204285
-6.049538233620932
-6.042530848224457
-6.033786992005531
-6.032642743666373
-6.00725437612018
-6.005296042625446
-5.984249003489089
-5.984089230259551
-5.980103510763486
-5.976810119580216
-5.975607438657928
-5.970065796183893
-5.968922932895568
-5.967685161181617
-5.95373273473823
-5.936083604301946
-5.9295620280417465
-5.924646011352797
-5.911204550407917
-5.8942077273505875
-5.893947313174072
-5.878617492192565
-5.878471915107054
-5.870760190702541
-5.8645804230291585
-5.861810357212716
-5.848527521282252
-5.8435040295201155
-5.840176573693065
-5.835671644405774
-5.832930057393494
-5.831584474877182
-5.822715034610296
-5.819647829890561
-5.817267262509203
-5.814723436003821
-5.799600898774504
-5.793570060573943
-5.789439261956078
-5.786100092509732
-5.7690749329327895
-5.762621350352239
-5.751438249851377
-5.728510180390262
-5.71918992037544
-5.708543502009672
-5.699530001952717
-5.686261955177406
-5.6831855948718
-5.676210368334966
-5.669734623631438
-5.66881940838645
-5.66660438048584
-5.6554801011081
-5.650322199871005
-5.6437047015376125
-5.633520355066051
-5.62907611681228
-5.609257810382294
-5.607029838222575
-5.591187177042265
-5.589071823877309
-5.5702695317851045
-5.561607485562515
-5.556374560347424
-5.55172199105032
-5.542491889824706
-5.538210964224297
-5.533140769770066
-5.532491694901671
-5.527468639491072
-5.508996093786543
-5.502194264480785
-5.493334999776401
-5.492332478550432
-5.483376819035936
-5.481718460699115
-5.480932099539385
-5.4661529966895746
-5.458188407212282
-5.438154647680675
-5.432314445746429
-5.425751035896107
-5.420358090686751
-5.415238408849174
-5.410756819344458
-5.398549732146758
-5.386280342499033
-5.381977423437971
-5.376075753316927
-5.3633932965171
-5.363242057681635
-5.361374237410259
-5.35157266081357
-5.335705868929737
-5.3324226155820025
-5.319892178526825
-5.310713387698583
-5.302164451297056
-5.302148066980362
-5.293251965827246
-5.289390371871454
-5.288110409038886
-5.285048676317847
-5.272299078108627
-5.262682769107754
-5.256690988843796
-5.255461034988908
-5.250155199962444
-5.250126405050494
-5.234829490113528
-5.2343060172558955
-5.233902612637358
-5.229106068294536
-5.2250072771079
-5.211909266686612
-5.209872327449329
-5.202342531136058
-5.19007583688494
-5.18213628014437
-5.178992451149216
-5.177571628234983
-5.175744840055154
-5.1722877649976144
-5.159952503643297
-5.1568046381922485
-5.155545927784666
-5.146369932819339
-5.141015472210022
-5.139074929840755
-5.115407375758691
-5.102474530470311
-5.091009633180018
-5.086039813483934
-5.076790765912735
-5.067787904928428
-5.066285007441307
-5.056115567502939
-5.047586927980231
-5.040933317354748
-5.037578468022782
-5.035722406375973
-5.035696068480684
-5.033636084494227
-5.0236188558504615
-5.018859623642347
-5.0160610102807945
-5.000729605126059
-4.996621314393242
-4.985149529472357
-4.984305184670994
-4.984234763066681
-4.978807127735021
-4.977735416036074
-4.977144414918756
-4.9623178111065815
-4.952845211896631
-4.9508173466626815
-4.929692904185356
-4.921865732723439
-4.9148555485948116
-4.904309085937913
-4.900703216897337
-4.900434088907217
-4.899709126079131
-4.889859784133446
-4.86469399536981
-4.8490452173254415
-4.825803415221851
-4.817825698125454
-4.817736244838089
-4.8177330902971915
-4.811633685484737
-4.804779274355178
-4.794133169385586
-4.769702054665837
-4.767373984560912
-4.755974643362712
-4.729598774265106
-4.727692444796882
-4.72519704058211
-4.721597623338404
-4.718668291720033
-4.698758184088446
-4.6978298819394135
-4.697457060513783
-4.695838610082144
-4.692849316408633
-4.692074385396151
-4.687114315740764
-4.68527641740021
-4.684600093101382
-4.683052800721456
-4.68191334586597
-4.675098168686235
-4.671591748781023
-4.64114562667337
-4.626248299102007
-4.624949157818289
-4.62035201044216
-4.61688979254513
-4.612491573384904
-4.59947354672741
-4.596772804742979
-4.584732121304594
-4.57821373138243
-4.577816390288208
-4.571464312155207
-4.568111758969941
-4.564932242589883
-4.552153806207547
-4.5490555644619
-4.546390633108244
-4.54170885361797
-4.540239874073599
-4.5389844252017335
-4.532085587167468
-4.527155775176789
-4.526444778888538
-4.526188178188633
-4.518776926534117
-4.510358491816201
-4.503853840258834
-4.500987740140061
-4.499424737367819
-4.496756640813624
-4.492725288073392
-4.4925695258617315
-4.489411282514861
-4.480849826545555
-4.4708182483108025
-4.467029724602433
-4.465981607080725
-4.463083104942564
-4.459300074335089
-4.451546780926801
-4.450818997435437
-4.435839026152258
-4.432849465838407
-4.4310392918707695
-4.428912361915904
-4.427138104113448
-4.421782618834259
-4.420404263423862
-4.4174764703907385
-4.412333917822226
-4.398429874449394
-4.395916345991564
-4.391441534746166
-4.386959013447167
-4.386131084851918
-4.377929486727054
-4.374567183902626
-4.35732599651151
-4.3518909645258805
-4.34717276140108
-4.345180594284905
-4.337382294973327
-4.334182590962454
-4.316022028153428
-4.309987761298725
-4.3075547567820704
-4.301381297573975
-4.294544267616644
-4.2897518864038435
-4.289574581052831
-4.288607824549383
-4.283470364467389
-4.283422176723571
-4.276644753370665
-4.271878149037944
-4.270139009414075
-4.267626379771152
-4.260982320222117
-4.260156459169919
-4.256653478605816
-4.253949970109766
-4.251789737538395
-4.246169172417629
-4.235420730384622
-4.216568218454406
-4.214512355606705
-4.192744169305408
-4.186424406068361
-4.186181309827511
-4.182783069132744
-4.182550034998375
-4.181280713334745
-4.176040622982306
-4.173638136396914
-4.148687014990195
-4.145141830788285
-4.14051933167396
-4.1403498714699865
-4.138018218050206
-4.134097328520978
-4.13197596459132
-4.130856467749721
-4.129175281490173
-4.128808161667307
-4.1278080625266185
-4.12711745867429
-4.113864955590024
-4.110801717728004
-4.10863739733135
-4.094832657231494
-4.088919951070687
-4.088125534235793
-4.085609027358572
-4.06813040935106
-4.068049190201716
-4.063735302291379
-4.062273687248115
-4.059467888084235
-4.057204488231612
-4.055951692684954
-4.04947629134148
-4.045635428626043
-4.045567046904495
-4.041396705739746
-4.040110918189486
-4.039512029916531
-4.035599712772794
-4.035188215432475
-4.034921544487686
-4.032900685895968
-4.0317113729820395
-4.031578189138321
-4.020781744203359
-4.017640853155239
-4.016701338316459
-4.008113233966682
-3.996671046536809
-3.9879439769665685
-3.9847083805800976
-3.9755127917467576
-3.9711265802039803
-3.968406270705291
-3.957142030604601
-3.943394542737707
-3.9398775566420774
-3.9337282958036903
-3.9244416076088005
-3.922832004402574
-3.9218690874281745
-3.9209510898066675
-3.9201858731501704
-3.917881932846157
-3.916661688260491
-3.9045944745508683
-3.9013533413480204
-3.8946105389874206
-3.893785233168019
-3.8927543332430634
-3.8897681969391273
-3.8840777903545085
-3.882265483381968
-3.880465935855863
-3.8804283987825228
-3.8742954802560132
-3.8724651464698305
-3.871262718242442
-3.8515269276315047
-3.84851234430838
-3.8460647290278365
-3.8403491161531234
-3.837761247280387
-3.8371629807376193
-3.8354890569243936
-3.8260508390375234
-3.8256051951228778
-3.8247555692623263
-3.8221895584666825
-3.820011175832663
-3.8188080827425193
-3.8184150442855715
-3.813508123465742
-3.813390799869775
-3.7955058765797767
-3.792533503153136
-3.782835675999765
-3.7783295118210876
-3.764246949139978
-3.7557420252351426
-3.7537334586602933
-3.7514099097666858
-3.747478321142799
-3.7406942280169693
-3.736255908876874
-3.7335439753650754
-3.732696503446588
-3.7247569857583556
-3.721656536953573
-3.7127729508792617
-3.7111498499734634
-3.7045950586843452
-3.7040965065452793
-3.703562462336833
-3.702640584581058
-3.697665438290217
-3.6911219628599063
-3.6738692051665978
-3.6657191832352103
-3.6635189567951785
-3.6568138928087146
-3.651537039249393
-3.650488014108956
-3.628510738850408
-3.6280650059110817
-3.615300740937183
-3.6078706731523478
-3.604226027017682
-3.6012392437110825
-3.5965889399937976
-3.5954171935797956
-3.5902266999336834
-3.5893930597168318
-3.587649772935844
-3.5812397109289624
-3.578689050519817
-3.576737441117574
-3.5719454820765186
-3.5711936807531064
-3.56441173610796
-3.556844462457156
-3.551748911256806
-3.542062347346773
-3.540859942594264
-3.53704820079232
-3.534288849844737
-3.5326408554825353
-3.531750778456857
-3.5199273101791455
-3.5193145417048073
-3.5175325913401365
-3.513064728438864
-3.5107513372012615
-3.5104830045689353
-3.507085080444139
-3.504707251747522
-3.5043802300825666
-3.5040508759462976
-3.5035077904499805
-3.503397896974369
-3.4986560171429453
-3.493544481478405
-3.492371666515859
-3.491879422849557
-3.4917527519465947
-3.490253266809882
-3.4895868709396036
-3.4885653056878465
-3.48563586284746
-3.4777193660849024
-3.4704533703097615
-3.4543731111245433
-3.4499497673541835
-3.4489644399993127
-3.445598242116689
-3.4415564945328603
-3.43908081277857
-3.437048906917536
-3.4306327761616027
-3.4214020786759143
-3.417280868318688
-3.4059330184630556
-3.401156353808651
-3.4008570175415054
-3.400624310113868
-3.3988803083835553
-3.396038687399151
-3.3953878756147278
-3.3884285029608936
-3.3857758211452773
-3.3752147873961165
-3.3666520331809746
-3.360527053643982
-3.3572567005256246
-3.356956893260591
-3.3544561593660345
-3.3518781690439443
-3.3478590152363377
-3.345000405524331
-3.339557100379498
-3.3346270650395047
-3.3304587970964947
-3.319815705228188
-3.3194067629226955
-3.317013034277736
-3.316995163442439
-3.310639263772118
-3.3085786458433066
-3.3001655054267527
-3.2949267671805984
-3.287533047986281
-3.2863893268915625
-3.283739721875901
-3.2785307844881544
-3.2785139378374284
-3.2756788631500346
-3.2647720819413686
-3.2645977972057243
-3.261220607329672
-3.2560809896920686
-3.252094119751961
-3.25054938455027
-3.244034557353587
-3.241052725346538
-3.2371505039354016
-3.235422893938503
-3.231102811049583
-3.2250657993737355
-3.2172709373749435
-3.216780163224322
-3.2079847228762732
-3.2035122828463773
-3.1998813357716407
-3.187322380797357
-3.183757966468972
-3.1795450139485695
-3.17416770421948
-3.1713730002011897
-3.170718495158126
-3.166546149276244
-3.1651842378016495
-3.1624179102832204
-3.158737516729252
-3.152610597668092
-3.1487198040467668
-3.147355197928162
-3.1459254349511316
-3.1436016878986193
-3.1387736508822752
-3.135851565480276
-3.1326982868046516
-3.1256633997989764
-3.115621004266829
-3.115346295490337
-3.1087207349470027
-3.105831402674641
-3.0936193766153814
-3.093291948129324
-3.0832093378771726
-3.0690230374904615
-3.067232563428405
-3.064511923579952
-3.062724979634562
-3.060681898558146
-3.0599265222746554
-3.0599192610991204
-3.0598358542668365
-3.0580721411547223
-3.052550390724627
-3.051582008599613
-3.0511209535014006
-3.0453050753469775
-3.031821259978509
-3.0158458684352003
-3.013488732427714
-3.011320749614281
-3.007212795879424
-3.0037489180376964
-3.0034344671723714
-2.996070511227387
-2.995981634066136
-2.9939987327571855
-2.9890585248417247
-2.9883337538235493
-2.9881336367708795
-2.9875531081300126
-2.982177790302411
-2.980546340274388
-2.9770797634465893
-2.967725458245626
-2.9661074252891004
-2.9640614118256052
-2.962465696591015
-2.956586738745882
-2.9564504093235655
-2.955420833445477
-2.9525420803207525
-2.9415616518377887
-2.937866184512059
-2.9375619955318406
-2.9357807730339087
-2.9241427541678724
-2.922011198843774
-2.918013783457628
-2.9155024622066366
-2.9115707249087412
-2.9104824811035384
-2.908454702452197
-2.908296470990863
-2.906376752858865
-2.903860181993842
-2.9032442798655835
-2.9028531882181956
-2.9018418388196783
-2.8993567582365785
-2.8990927035186065
-2.897457653632804
-2.896525145886623
-2.896337919207473
-2.8950586054458887
-2.8941032178454194
-2.8909678937554224
-2.8893692175888077
-2.886197170264953
-2.879520763727448
-2.8712325120433513
-2.870136916949128
-2.866106457219717
-2.8564532795116473
-2.8549647364144226
-2.8466395341854422
-2.8444859376363554
-2.836566326326867
-2.83608620621756
-2.8358389331897236
-2.826889748566496
-2.8268427435746903
-2.8251645155842557
-2.8220358791528115
-2.816703138901447
-2.807651226502547
-2.802837108240165
-2.8001159587739455
-2.7995923695340816
-2.796339100750544
-2.7956891387239082
-2.7943775875103674
-2.7931337742167393
-2.7830259209643495
-2.7783820148139142
-2.778255686033289
-2.769169380419395
-2.7659638825077115
-2.7633642612815654
-2.763196656917221
-2.7627748508685843
-2.751692263439243
-2.7406261268393814
-2.7400090377822024
-2.7308178544631816
-2.723351772523207
-2.7203180283854342
-2.7105030376412484
-2.7104290189024183
-2.7088996091823416
-2.7071190700688597
-2.7066844289280216
-2.7063853216233995
-2.703487068417391
-2.702659725916216
-2.7009173380908655
-2.685663404213959
-2.6829069978464792
-2.6815434785350067
-2.6800581995102144
-2.6759781525995305
-2.672151418111656
-2.6653298309636195
-2.66412214442098
-2.662896072044915
-2.658739577712595
-2.6579280865405486
-2.656346847945628
-2.6559934553512523
-2.655899006066928
-2.6523660578764785
-2.650415921912167
-2.647679056125708
-2.647550247857767
-2.6416113454072163
-2.641113621820958
-2.6404791918117185
-2.6394905088371377
-2.6340545508232514
-2.630695299685721
-2.627784666217289
-2.6269482407082343
-2.6257177100291873
-2.624600874025904
-2.613125859787654
-2.6122853902045957
-2.610795525099171
-2.6090026968096742
-2.6048178903989574
-2.603271754296218
-2.6006526034973723
-2.597131903466164
-2.5951262944673124
-2.5922663348288224
-2.592158495660448
-2.5896651257085597
-2.5815833211250974
-2.5805089619964185
-2.5763171086645227
-2.57374248708725
-2.5688618175193287
-2.5657192841254703
-2.5651421569874437
-2.563152127889968
-2.562990485903785
-2.557244322805261
-2.5561000874487307
-2.5545147805681947
-2.5475283036831673
-2.5446168129314
-2.543403683073807
-2.5419323742651247
-2.5398458024428523
-2.535051470076887
-2.5312773281734278
-2.5245871732615743
-2.521966384637735
-2.5211478591284986
-2.52015124858869
-2.5190840805624166
-2.5183494442492917
-2.5145144934326016
-2.509996705787901
-2.50635418320136
-2.5062944807648115
-2.5051821688456704
-2.497190122440095
-2.4968188822083683
-2.491255482772481
-2.4893999857707123
-2.4882301895275005
-2.487705365671297
-2.484100073431149
-2.4837272865758755
-2.4835825153556854
-2.4824765364642545
-2.4732512068711516
-2.4719971630817157
-2.4708589400198027
-2.4633957755947073
-2.458825150844181
-2.4575073840914445
-2.4547855116870605
-2.454697196808655
-2.454177728944029
-2.4513957458489775
-2.441515365634672
-2.4402341206560982
-2.4390422446945497
-2.437239713682065
-2.4367963841215654
-2.433045701615842
-2.4324272581400512
-2.4315925424570595
-2.4295831248051876
-2.421487536454541
-2.4198524200602964
-2.4165455709266603
-2.4161617261546686
-2.4142111316606227
-2.410583330427586
-2.4069975457509973
-2.404394408797926
-2.4043296898392525
-2.401867751096257
-2.4013389160629366
-2.399338878681243
-2.3990759762483362
-2.394934483610548
-2.3939481903896898
-2.3885716065053577
-2.3834427754986725
-2.381525827095121
-2.3767639167490695
-2.3743171210158303
-2.367087113248937
-2.3602313489616376
-2.359873717260254
-2.3533542043243907
-2.3488760486556375
-2.340574938315909
-2.339782891608206
-2.337836878013583
-2.335556929082631
-2.3353424033514085
-2.3334682627048844
-2.3302735977319706
-2.3287779064050254
-2.3273723879540404
-2.317075281098817
-2.315858338821347
-2.3136151549922745
-2.305065097342035
-2.3028431830886746
-2.302821580728067
-2.3008557111750116
-2.300768270647833
-2.2997645858719284
-2.2987186444656964
-2.2907160508270534
-2.2882721901413756
-2.2843973497962087
-2.2836199247962177
-2.282894087001617
-2.2796792562724217
-2.2778199064983284
-2.2750480515918667
-2.2715172017214442
-2.271328560903183
-2.264009370214055
-2.257296286339023
-2.2537739524213456
-2.2511146907218005
-2.250338275117745
-2.246412897681243
-2.233502596611561
-2.2218007531525674
-2.217168493958364
-2.2167153043810495
-2.215060807591221
-2.2146874873354214
-2.2118898540802814
-2.1981801736859357
-2.1962820726083043
-2.19567896157933
-2.1929168466996685
-2.1829439925882834
-2.178240112946987
-2.178144356719634
-2.173671755885888
-2.1700091735582694
-2.17000138050616
-2.168509821229346
-2.1678330563376185
-2.165788124310961
-2.1614402502210748
-2.1602564075929473
-2.15994465727542
-2.1595757788565026
-2.158521431941673
-2.158313632630853
-2.1579121668873746
-2.1540264592454705
-2.151287232918094
-2.1459383280840605
-2.1459028078303644
-2.1448671870999063
-2.1445240591090418
-2.135090060819547
-2.130041079113912
-2.12731631848101
-2.1259507259903514
-2.12592430597192
-2.122312359179424
-2.1166832120901318
-2.1159259907889814
-2.1157980103147587
-2.1133968658947153
-2.1069220796380757
-2.1059552384708944
-2.102661979555128
-2.10255855316761
-2.100453508331423
-2.10005717184271
-2.098395927357481
-2.098381676508948
-2.0971951367571346
-2.0967734114104486
-2.095885610051128
-2.095404384706379
-2.0898486507642846
-2.086278901173567
-2.0858525423394245
-2.084750475449415
-2.0816946425703895
-2.0808740153449152
-2.0804447540012436
-2.076860020012966
-2.0758253210994426
-2.0743201496699317
-2.070652648081017
-2.0691019113384517
-2.0686744297621558
-2.068666589120977
-2.068647667684562
-2.067474810957438
-2.0660004211575536
-2.0604903365249143
-2.0583689210118603
-2.0552802768950222
-2.0537737232674473
-2.0531700080403024
-2.0522567179721065
-2.0505796956008835
-2.048556880903795
-2.0440243851027082
-2.0405164166722427
-2.03754157232597
-2.03589861783636
-2.0337624414261875
-2.0285874034792255
-2.0248896281842175
-2.024019508931762
-2.0227826120085934
-2.014914296001229
-2.0094150331755687
-2.0078842319121852
-2.0049070310758075
-2.0047255697199087
-2.003864204239705
-2.0035144343490923
-1.9987563040460259
-1.9980351269044312
-1.98942894442151
-1.9879723310586273
-1.983433731077815
-1.9831354624472448
-1.9810841265350994
-1.9808001069160963
-1.9799608049741113
-1.9731318249572132
-1.9728450557575874
-1.970931927097801
-1.9693631093770012
-1.9667517258507472
-1.965578942780914
-1.9626296300420014
-1.9589562679262447
-1.9584662914745505
-1.9567583116007623
-1.9545812096255606
-1.9530870818487807
-1.947621610782413
-1.946611908082052
-1.9461398888186925
-1.936624622663379
-1.9366207723316387
-1.935870782783428
-1.935011039298379
-1.9288092999965245
-1.9255134919428136
-1.925488128590015
-1.9236070579553795
-1.9180023415020981
-1.9172382498012581
-1.9159057509931807
-1.9142795275799764
-1.9138029464420028
-1.9120713143260872
-1.9099229250653889
-1.9096390572653288
-1.9087524817658215
-1.906563408269326
-1.899307922628608
-1.897776955492065
-1.8927641481386417
-1.8923779246270227
-1.8892088542417877
-1.8866554323384501
-1.8861697282684773
-1.8851234320777117
-1.882968012432039
-1.8805219798580548
-1.877178262207446
-1.8716961332278734
-1.8705908072306916
-1.868550328166632
-1.8680906517930445
-1.8674499834911524
-1.8669207923976576
-1.866194348596508
-1.8660324670928912
-1.865542021371235
-1.8649921959561162
-1.86308820960567
-1.8616904468884146
-1.8615321860046872
-1.8603536430457566
-1.8602459883742557
-1.8554872757403955
-1.8506649615959319
-1.848865978885933
-1.848597089354286
-1.8470215599787583
-1.8436801382693861
-1.836908143606815
-1.8337425503296088
-1.8335067227848505
-1.8325309990243466
-1.8317521934317453
-1.8303197203539638
-1.830043305563321
-1.8252386734383417
-1.8249884731901387
-1.8235080297616684
-1.8231423207904842
-1.820371384180215
-1.8200552864459432
-1.8200529333481164
-1.818150593910276
-1.8143708541329553
-1.813798764799309
-1.8135979320313487
-1.8126469288843352
-1.8091750866147533
-1.8086053033220801
-1.8067605527378403
-1.8028747701720804
-1.8017722748387939
-1.7933323124645617
-1.793177914945458
-1.7917041100498654
-1.7909919851264977
-1.7901809718390564
-1.789667466376894
-1.7892192962695639
-1.7861028860951262
-1.7848867339882926
-1.7811417616688976
-1.7807794236795493
-1.77976101193527
-1.776297237219125
-1.7729086988697635
-1.7720923278354501
-1.770983208262117
-1.7699887555917293
-1.7689864771560302
-1.7662879473672226
-1.7656693809544444
-1.7649227507104184
-1.7622032067126863
-1.7621062213552618
-1.7586743833907994
-1.7583582876958137
-1.7563636895107684
-1.7519405751502495
-1.7439193065182734
-1.7438700300213261
-1.7434662761923563
-1.7394861611477035
-1.7372911203097836
-1.7276282907082412
-1.7270867523582116
-1.7269422079445365
-1.726485141139479
-1.723843380555769
-1.723805097997328
-1.7219316649027585
-1.7195680922508911
-1.7183340607029542
-1.7180984942756847
-1.7176164366218132
-1.7159791923861671
-1.7152410776608529
-1.7144521770667311
-1.7118996789202612
-1.7072851237523805
-1.7036152919434917
-1.7005589821032219
-1.6997211535774426
-1.6996009271689148
-1.6985861414774295
-1.6975342652593006
-1.6967876715809025
-1.6958513894710852
-1.6952360084638927
-1.6948064908611582
-1.6945363689556352
-1.6926706467701387
-1.6856141195508008
-1.6843138766407555
-1.683728988057205
-1.6813203744648462
-1.679856424771959
-1.6794888567821822
-1.6774234001588089
-1.6754118632851043
-1.6720947457457211
-1.6712451836172244
-1.6686670417197496
-1.6668051428405268
-1.6655622857800598
-1.6644689437631044
-1.660847559597033
-1.6580696520625173
-1.6563868250651863
-1.6541708688707424
-1.6539562105284762
-1.6519061108217115
-1.6517630573043378
-1.6512078135048491
-1.650300516004536
-1.6497013141437793
-1.644886756774781
-1.6442056193450543
-1.643365858003533
-1.6418727107768913
-1.6393795899954353
-1.6391655890509587
-1.6388636429492225
-1.6365159349881053
-1.6355747942674967
-1.6343444472899225
-1.6337287072340456
-1.6304735645880135
-1.6302091656940525
-1.6293953290540286
-1.62689371927056
-1.6258304410592892
-1.6226337983178396
-1.6219321969549823
-1.619486730393331
-1.619236691733934
-1.617121856412926
-1.6162500084569047
-1.615336041500965
-1.6144776663163367
-1.6144049086061178
-1.6134709919671506
-1.6129279182448837
-1.6123885373764668
-1.6115480142562522
-1.610048605064843
-1.6049202376775793
-1.6015195833194336
-1.600842323092009
-1.6006566062845498
-1.5990147563677322
-1.5985667766189517
-1.598499899483489
-1.5980253934101922
-1.596415686278374
-1.5963580007506586
-1.596129196026925
-1.5954133027055537
-1.594985284960638
-1.5949584946658617
-1.5910606242796632
-1.5905395950793935
-1.5886461386370376
-1.587972119053211
-1.5865978614917933
-1.5832159644581458
-1.5785112102071135
-1.5757304890836945
-1.5747837907007125
-1.5738256177105105
-1.5728294991980114
-1.5689589752887727
-1.5661329416705332
-1.564367817206327
-1.5587652685089393
-1.5587179097809698
-1.5551438532517055
-1.55248604324085
-1.5505188322087127
-1.5483879971353232
-1.5438056784403837
-1.54281257581068
-1.541162591286466
-1.53919233565275
-1.53655798884741
-1.5331333074884137
-1.5310546372049423
-1.5290229028518822
-1.525295283157755
-1.5220307321877904
-1.5192232756888036
-1.514121613023447
-1.5104040457395491
-1.507664918728821
-1.5074374932149475
-1.5049799564809279
-1.5032922770884554
-1.5016822823258724
-1.5009012308104857
-1.5006269328884294
-1.5002617781791656
-1.4973163644979475
-1.4914377783671966
-1.4910942394847009
-1.491042590550986
-1.4905760311318947
-1.4903928369161028
-1.4882366954339667
-1.4865788336956482
-1.4842335097852857
-1.481784870940605
-1.4783365009275204
-1.4781460779335187
-1.4760108334402373
-1.4720427791854989
-1.4650238036425454
-1.4624627743793173
-1.4624529416172463
-1.4602924805544177
-1.4602079349478763
-1.4587115093468581
-1.457721203880103
-1.4568204805657454
-1.4556904040517942
-1.4556223783851476
-1.4553212684389878
-1.4552664771204111
-1.4512149499084213
-1.4478018528266974
-1.4477771109551067
-1.4467114841489777
-1.4463516591666414
-1.4462103731461013
-1.444786148657379
-1.4423484292887685
-1.4395296009062666
-1.4322698670633631
-1.4318516629156899
-1.4307593238579615
-1.4291246172235081
-1.4274996748894293
-1.426192950050169
-1.4261722928238048
-1.4235502654440277
-1.4233083482794584
-1.4231962563190912
-1.4199612595321955
-1.4188171940975765
-1.417707276276844
-1.417504611757124
-1.4166071829512759
-1.4154670164865901
-1.4150488473665694
-1.415027738809492
-1.4141230248787364
-1.4089777159812462
-1.4074318484825157
-1.404116561601732
-1.4036331615904847
-1.4035054033792378
-1.4025192354457523
-1.4010923558570565
-1.4005576821895325
-1.3969771258635375
-1.396940185491801
-1.3962868479025135
-1.3950954944426575
-1.3945792188280355
-1.3924248361218718
-1.392315905000761
-1.3892884230956812
-1.3824419595432285
-1.379912424823465
-1.3796589298464927
-1.379257970985316
-1.378432997165059
-1.3770059554563094
-1.3757026014478648
-1.3747999057871072
-1.3745493404618587
-1.3691984150888243
-1.3675560571064609
-1.366399623224683
-1.3638260284128156
-1.361831982192909
-1.3617509922172955
-1.3613301597545784
-1.3612867023831527
-1.361165414233469
-1.359082782826401
-1.3583963165321031
-1.3577816423978126
-1.3561995679940075
-1.355796265687874
-1.355702020992169
-1.3554344662358875
-1.3552699896775944
-1.3524658860055947
-1.351396110101792
-1.3497088173266762
-1.3461736968158406
-1.3454798585117091
-1.3416905897515186
-1.3412224804774504
-1.3391663777044855
-1.337265286074131
-1.3365397612678558
-1.3346778273870994
-1.3310002477451077
-1.3306624598919732
-1.3304352520957718
-1.3302839203453343
-1.3291337890561188
-1.3274440052232974
-1.3272192357070605
-1.3257633627168357
-1.3237726153118947
-1.3216229088183886
-1.3211840557502592
-1.3185728456034882
-1.317050190244775
-1.3167088509672622
-1.3140628113123043
-1.31377574388089
-1.312788542462104
-1.3114787028943882
-1.3091489485579049
-1.3085237992938294
-1.3075458737892198
-1.307107686610656
-1.307026203137361
-1.3037388610752223
-1.3012258541505073
-1.3009616999064708
-1.2995289211389824
-1.2993941535057283
-1.2987969745651555
-1.2986338266179702
-1.29508868421147
-1.2943579547120179
-1.2939534943785878
-1.2917882633730646
-1.291310187966558
-1.290582148821405
-1.2839216613191127
-1.2825674325326226
-1.2823474297627695
-1.2816559812220771
-1.2814805300269057
-1.2799691438319392
-1.2798447915639874
-1.2774800128310198
-1.2762664639305272
-1.2758734967980419
-1.2732518387039464
-1.2710039633590033
-1.2707675177015352
-1.269031037610728
-1.2644355175853743
-1.262989783769607
-1.2628978122304835
-1.2533948243941386
-1.250793779157867
-1.2479446113287724
-1.2434525069758893
-1.236584806598317
-1.2344704101916977
-1.2338282080319782
-1.2315097249376612
-1.2302587446748137
-1.2263145874879258
-1.2257899079051027
-1.2192433639275662
-1.2150295752473577
-1.2147487825045988
-1.2144102146327602
-1.211389796484247
-1.2096459451450232
-1.2081022288428378
-1.2061535831978512
-1.2057294564818481
-1.2056412523478084
-1.194284066929113
-1.1923766913655165
-1.1899955794698758
-1.1886469459488582
-1.1878198932924928
-1.1868001222976756
-1.185213781569292
-1.1817934401190662
-1.1798763465623658
-1.178863083570129
-1.1783998838694933
-1.1763214341199577
-1.1704691207178863
-1.1666608159201137
-1.1641771135101286
-1.1616034272161726
-1.161523418195347
-1.161011743998591
-1.1587489317418034
-1.1584077142859612
-1.154697719596083
-1.1546471769841713
-1.1543149516228532
-1.1541116328385836
-1.1494711177967445
-1.1475580562477392
-1.1429751394906187
-1.1413970323023563
-1.1412681833347404
-1.1407670744927927
-1.1405248287091059
-1.1395059307646533
-1.1339885599815833
-1.1334353364197192
-1.1332718215944126
-1.132459749038601
-1.1303295449463857
-1.1278726063152615
-1.1243654253764268
-1.1235245616634812
-1.121456399969433
-1.118628971604065
-1.1174459409850395
-1.117271228306971
-1.1155831790669792
-1.1151053563102957
-1.113218643505881
-1.1128371916696276
-1.1106164112762036
-1.1071713702784363
-1.1071675821819347
-1.106844863283392
-1.1017649816840547
-1.1013107046658215
-1.1012964885665597
-1.1012456511525777
-1.1004268183693762
-1.098369464420518
-1.097943022329698
-1.0937738357745026
-1.09317979471397
-1.0898980788602015
-1.083649962168558
-1.081712047314613
-1.0806167511959446
-1.0802388863379455
-1.0801479467817274
-1.0798365113615782
-1.0775721698536616
-1.0742600700929836
-1.071281233063658
-1.0706891198568966
-1.0697044333665697
-1.0669313544192434
-1.066330637195052
-1.0615291028415397
-1.0612702410867607
-1.0611493228399267
-1.0583710088981324
-1.0513780992293242
-1.0512850311204431
-1.047694898589705
-1.0467482025935086
-1.0465764501582564
-1.0453104815824674
-1.0442108046896554
-1.0440105735247542
-1.043333850683506
-1.0425212481524926
-1.0402762553475116
-1.036986808585372
-1.0348881944855077
-1.0328688892707705
-1.0327090420629168
-1.031991662133673
-1.0273801325082461
-1.0246565164425037
-1.0223156920901109
-1.0217343406704598
-1.0199595757174234
-1.0136902944870878
-1.0135465469123097
-1.0103675835528547
-1.0103570336500152
-1.0091316437619111
-1.0084675502536606
-1.0066861616998688
-1.0044241967282193
-1.0002854104894954
-0.9976450301172878
-0.9928504787040433
-0.9926497276129084
-0.990669585571958
-0.989735320227389
-0.9893795135331389
-0.9881133956703123
-0.9870835176069852
-0.9866646803883005
-0.9841984476582557
-0.981591458747469
-0.9805560767667751
-0.979015114471617
-0.9770024746284742
-0.9750603798149835
-0.9750070223120493
-0.9738857832495758
-0.9718077883533438
-0.9702971641972223
-0.9698391569652203
-0.9685198888031215
-0.9654891896289001
-0.965023550023985
-0.9632211464496022
-0.9579327593302268
-0.9572083258249403
-0.9568593111308539
-0.9551786143718518
-0.9522741047693681
-0.9521140069799551
-0.9491349740670476
-0.9489453410318691
-0.9468626482681758
-0.9421284068807649
-0.9418555546971485
-0.940664562261467
-0.9365624448309888
-0.9351373643942475
-0.9351235648732373
-0.9239972071279152
-0.9237593224869555
-0.9218154582354058
-0.9211073604879233
-0.9199475877238523
-0.9196507606418589
-0.9186230098139512
-0.918415639630346
-0.9156248638719542
-0.9149842722961499
-0.9124640104107096
-0.9116999544875645
-0.9091114929732934
-0.9083375309981336
-0.9078269762563144
-0.9065097175093603
-0.9047912083558727
-0.9027172713804047
-0.9025312622781891
-0.8996252221251171
-0.89508613405443
-0.8863597231350946
-0.8861363140059157
-0.8859887655025689
-0.883760893551809
-0.8813286803566784
-0.8812163735836949
-0.8740555401782599
-0.8734922891332912
-0.8717589835941307
-0.8683181742115526
-0.866178370387753
-0.863565203635629
-0.8631350405796381
-0.8618942948454905
-0.8613312462200821
-0.8502694105067788
-0.8481896859564837
-0.8416218993291459
-0.8395406286803475
-0.8385998480838349
-0.8377451786718053
-0.8366160985731292
-0.8352349666879906
-0.8326426226241661
-0.832327486537757
-0.8282730304820034
-0.8262611711852926
-0.8252843102931506
-0.823158989101975
-0.8210357863247469
-0.8196456866126002
-0.8155450504267732
-0.8152847256326341
-0.8105596759415171
-0.8088228923058314
-0.8076684119132972
-0.8063017976717721
-0.8051796144235636
-0.8019343171522733
-0.7987034249437109
-0.798369170504541
-0.7961281753505467
-0.7955801754174451
-0.7951477378566616
-0.7941295429401147
-0.7936270624269784
-0.7931516336093962
-0.7909452614093222
-0.7863644307974064
-0.7846818842321706
-0.784111458370376
-0.783729892151194
-0.7832769781198599
-0.778766151084128
-0.7786333193326935
-0.776765838269517
-0.7767099728716024
-0.7759341758005005
-0.7751146029559859
-0.7730494875808466
-0.7718878749571261
-0.7710424038784403
-0.7689011089450628
-0.7684656198292723
-0.7658582654519934
-0.7647810687202876
-0.7632471995674464
-0.7618076950569841
-0.7616003751781357
-0.7605436197427361
-0.7603247738065839
-0.7584421920114593
-0.7558887736693497
-0.7536073621497704
-0.7512327413893153
-0.749028121420342
-0.7490046439529328
-0.7488160626749609
-0.7476606575468137
-0.7462438661601958
-0.7424863893530392
-0.7406345599652238
-0.7389238226877068
-0.7336779979267682
-0.7330789554324552
-0.7280482745819066
-0.7198854416428659
-0.718699391445132
-0.7159560606331864
-0.7126046946961264
-0.7124385135278108
-0.7094812987379792
-0.7091997853125211
-0.7072775319719108
-0.7054028023275213
-0.7036119600110675
-0.7026362431063171
-0.7005850585132191
-0.6994156729172138
-0.6940011758025727
-0.6928457118972038
-0.692633540695743
-0.6919551893592281
-0.683608829643045
-0.6819744086465742
-0.6776803640776661
-0.6756878709073342
-0.6755196585514587
-0.6753843010766141
-0.6743628069195134
-0.6737592382919838
-0.6734707249472903
-0.6694365510203011
-0.6675690093355412
-0.6630769173022959
-0.659983640018244
-0.6579169151905422
-0.6543533507498627
-0.651227699032524
-0.651146045109384
-0.6504292266585128
-0.6490778559829531
-0.644318501099271
-0.6441189260362209
-0.6431203446391123
-0.6426628830032864
-0.642037728043174
-0.6416814569515167
-0.6398328939727791
-0.6363119392953683
-0.6352068341272611
-0.6352032423541618
-0.6346263977440322
-0.6324762196046562
-0.6308746319260323
-0.6302189620403504
-0.6275432749726936
-0.6269232106579197
-0.6267023492466223
-0.626414587255087
-0.6251738850136829
-0.6241669574328333
-0.6237460994761898
-0.6195061574726084
-0.6172649443150195
-0.6156289831866621
-0.6143702683347098
-0.6125669033269393
-0.6068553156693494
-0.6063440071225249
-0.6047795212666642
-0.6036999319547806
-0.603345011497464
-0.5979239519112383
-0.5968802471983978
-0.5966327552773616
-0.586082984559688
-0.5856826594315543
-0.585010378907819
-0.5846821491767484
-0.5846177498966938
-0.5826969959219301
-0.5819629263612291
-0.5802649685872493
-0.5764783685688994
-0.5755586154923542
-0.5715507321860209
-0.5701381973823041
-0.5688603495598796
-0.5686225682167847
-0.5684953738168249
-0.567894114777425
-0.5676293174300833
-0.5671870878622831
-0.5658395212025555
-0.5638046539532424
-0.561353662077592
-0.5613395378438444
-0.5612833601073642
-0.5599778060907092
-0.5596190488853602
-0.5589571243445774
-0.5572742415808178
-0.5571335814771932
-0.5535629049204721
-0.5524632217570473
-0.5523097407718053
-0.5523018675016766
-0.5519604978063029
-0.5497469686715669
-0.5490829844349772
-0.5448212116672438
-0.5445136201343488
-0.5442438899777757
-0.5433562117739722
-0.5426154997753737
-0.5396184898648825
-0.5391573377945296
-0.5391526532647849
-0.5379435896558733
-0.5349521541037953
-0.5348926547847384
-0.5342416051588872
-0.5338707013834353
-0.5323676749475962
-0.5321908154459973
-0.5308208997765979
-0.5288537519479478
-0.5284581875202349
-0.5282538939520538
-0.5269578150090881
-0.5266410867794566
-0.5263121561765222
-0.5243850051390626
-0.5223965030393838
-0.5218450461632888
-0.5175997249036187
-0.5109816623995131
-0.5086117731037774
-0.5076943181487721
-0.5053832521375021
-0.5032801524691576
-0.5027433574666474
-0.500660056878013
-0.49939695583253474
-0.49856299269534965
-0.49844372106967594
-0.4976075042320469
-0.497066543416247
-0.4962990516368526
-0.49619098363638225
-0.4933139399209662
-0.49177781865921655
-0.4903911233377749
-0.4875655658746527
-0.48561581536496856
-0.483913232183897
-0.48277655006400577
-0.4792605367583832
-0.4778149707815965
-0.47502070332757507
-0.4722784267387239
-0.47218512370752275
-0.471810819126972
-0.4682785994207995
-0.46626265916604726
-0.46610219322651825
-0.4658081477937627
-0.4647946295028088
-0.4647876214722279
-0.4585459806833406
-0.4572103107957355
-0.4559327818014396
-0.45495198008240345
-0.4544192460061565
-0.45051237179694126
-0.4504832973329542
-0.44725664803188925
-0.44551785164076435
-0.44343023436236195
-0.4412548764365273
-0.43993115062984917
-0.43527246638610007
-0.4344666615357654
-0.4343985914907401
-0.4343435758088816
-0.4342873551697509
-0.434053011409121
-0.43386244102382254
-0.4334682419679454
-0.4305678204268649
-0.42944641322355126
-0.42570297185877765
-0.4236129931095748
-0.42075282871403563
-0.42036819786116153
-0.42019092602366437
-0.419715621820122
-0.4184296730476118
-0.41755317593038577
-0.4114204116389752
-0.410318598004751
-0.4098064112774655
-0.4087248267101084
-0.4070323782019256
-0.40616808324584475
-0.40558719952181266
-0.4040528018102228
-0.40243388249320466
-0.4006106856180347
-0.3976181340560726
-0.39730453432685453
-0.3964756781515264
-0.3945925795753815
-0.39320620877898044
-0.39194067381665254
-0.3911740283955819
-0.3889920860940239
-0.38777603391372056
-0.38521342806482806
-0.38429102043687957
-0.38376721003289144
-0.38090711646302655
-0.3792679693902461
-0.37840586251819175
-0.37635470249686165
-0.3753396936703429
-0.3733992075787892
-0.37277050343063656
-0.3699901341765969
-0.36634067684720334
-0.3663136858036715
-0.3659421636926849
-0.3657912045049534
-0.3654792828681677
-0.3650926271111341
-0.36418883065601737
-0.3618796180300907
-0.35956361859522545
-0.35814868443245906
-0.3562398294761132
-0.3515805766987121
-0.35113758140468687
-0.3463492692557245
-0.34484050234775254
-0.344549688055483
-0.34436612293719293
-0.33906479427251535
-0.3387703511026237
-0.3321531265920204
-0.3312262459522143
-0.3312138017197299
-0.32909333785516914
-0.3289424516510243
-0.327282824942409
-0.3248461886772339
-0.3241076737873454
-0.32368895411839627
-0.31985474767899214
-0.3190800617537375
-0.3174649108855837
-0.31545964665544013
-0.3145649391658002
-0.3134254077688501
-0.3131899558918331
-0.31250601337292694
-0.3123919531292315
-0.30585244761817476
-0.3053935282448919
-0.3044510491041048
-0.3012383500966296
-0.30065596203181727
-0.2994707614020523
-0.29931538567194244
-0.2983684352255326
-0.29640131152492954
-0.2954086271276445
-0.29402589301273363
-0.29339714595257826
-0.2922387157293575
-0.28315000140065866
-0.2804240077421277
-0.28024670289313136
-0.2801863682454745
-0.2794826946123462
-0.2780290250378038
-0.27551614174115596
-0.27457284595064035
-0.27422493782196455
-0.27344474446496114
-0.2725813287421879
-0.2722486493548021
-0.27206115188897995
-0.2717033006757228
-0.2707415300111933
-0.2661933165478556
-0.26564152714159905
-0.2627094608843319
-0.26269195568763604
-0.26231149237810014
-0.26196102448472747
-0.26189277449929305
-0.26099994365697154
-0.26006278278984407
-0.2576973244281694
-0.2557379367118421
-0.25338637273269116
-0.2531809963089911
-0.2527197601288763
-0.2521125813147047
-0.24899995631976268
-0.24859797994338845
-0.24737164865925332
-0.24736957406877202
-0.24695075632992158
-0.2467360523732245
-0.24541796184751075
-0.23966390114138902
-0.23899733256972935
-0.237419000469566
-0.2326997086125817
-0.23012973720283975
-0.22926595903437552
-0.2283562844623117
-0.22830050534530633
-0.22783392816797932
-0.22681226938140575
-0.22415180963484088
-0.22407462806274778
-0.22039722137884954
-0.2166317895911879
-0.21465888307024472
-0.21353021685718654
-0.21224621084563067
-0.20783732041605196
-0.2059506562431072
-0.20461769799701499
-0.20321254317634907
-0.20116952903925422
-0.20021082830124792
-0.19595763787048304
-0.1944207181020312
-0.19403115176921362
-0.19388051160427622
-0.1931373017047333
-0.1930335529053917
-0.1919831434827346
-0.19030479561847435
-0.18994661247592953
-0.18941937009384605
-0.1891579497047703
-0.18900982829484791
-0.1864568174135003
-0.18446721870437033
-0.1827248596101031
-0.18137260749319295
-0.18105657797267183
-0.17814077295328679
-0.17624008384375756
-0.1752168399233628
-0.17449611785535596
-0.17365623832347993
-0.1735097146500706
-0.17238590785008368
-0.17232493282858674
-0.17188922653387642
-0.16631374424355316
-0.16459986682733352
-0.1631136756018891
-0.15845165426277885
-0.15751245825754345
-0.15609162000754678
-0.1559871882988375
-0.15574317175278568
-0.15070640806245283
-0.1457029883328621
-0.1453806256175295
-0.14505822615195763
-0.14498353229236116
-0.14312972602068974
-0.14220890981504564
-0.14159130379345253
-0.1413712165222316
-0.1411010627400689
-0.1394817386485709
-0.1390339303881032
-0.1383299084119937
-0.1377627936481859
-0.13387939518278558
-0.13293286225411957
-0.13208658379382643
-0.12947262600392584
-0.12892046802089924
-0.12647466627887338
-0.12318688173929238
-0.12197758438140635
-0.11738023920835222
-0.11669832231835944
-0.11644991263248516
-0.11079133464069546
-0.11071083232251777
-0.1106463630175375
-0.11057013256938375
-0.1084005356220632
-0.10694154086491137
-0.10582995152018548
-0.105779926245747
-0.10470945058673387
-0.10466771132540975
-0.10129945152008402
-0.10036488876438976
-0.09896249009378488
-0.09469978642614765
-0.09276157810669561
-0.09073905320057618
-0.09027920035300852
-0.087078574964229
-0.0869533442704814
-0.0866364404216792
-0.0852799732581605
-0.08421221496633946
-0.08346881018701742
-0.08288057034787133
-0.08036494392028909
-0.08027522192193223
-0.07995151082047629
-0.07989875295388424
-0.07894610449968109
-0.07696434025029308
-0.07574888582447126
-0.07470034012957472
-0.07431549487031708
-0.07273715059010621
-0.07258203329007529
-0.06863032612663122
-0.06842514982191261
-0.06760593209234977
-0.06472460707608513
-0.06284669495704709
-0.06108593819785521
-0.059813173955604454
-0.059434594527989826
-0.05665679021833919
-0.056262850617453175
-0.05577860973831189
-0.05382119549771419
-0.05380804974560671
-0.0537963019174561
-0.05268681647310025
-0.04763050953518336
-0.04310705371908896
-0.04045777777168402
-0.039277449825570965
-0.039086179971768775
-0.038897311920654806
-0.03736277334899549
-0.032028910357020136
-0.030002419344415443
-0.02998625301567126
-0.029227616621766317
-0.02766245681990287
-0.027086485547600292
-0.024613263551034825
-0.0233451904818055
-0.022388897284425835
-0.022184680807716184
-0.020352595460660802
-0.018321233202876486
-0.01698695813716833
-0.01617265289632852
-0.015275650212440484
-0.014275462569681707
-0.01415465454342657
-0.01383565491168004
-0.010642214379395831
-0.009214088209551496
-0.007892654090289886
-0.00782934480966424
-0.006850053982641158
-0.004176244121905204
-0.004013681467788466
-0.003205663788332827
-0.0024244150993771585
0.0017644838049237777
0.0022348954261119935
0.0024675419314647007
0.0028444081960111722
0.0028514054269764277
0.0030502809126555785
0.007240198874392756
0.009914707814787288
0.010648284807212138
0.011217908315413583
0.012107839835657323
0.012385875488069797
0.012555569563181102
0.01317232586625694
0.013792439214371233
0.016761106116590097
0.01806261050230136
0.019883661943418063
0.021418685382966957
0.021670910437883162
0.023363518385829174
0.024512874125199147
0.027134571507306693
0.027891360669119125
0.028512853730755572
0.028679593984567875
0.033425007050279607
0.03629909491992489
0.03684915706181313
0.03923852896561464
0.03960780499041133
0.0402344577185825
0.040795433921916535
0.042073497839901886
0.042158630356812
0.04272962970531169
0.042767809545075974
0.04366557112258307
0.048174730764003026
0.04860030033116691
0.048982630430419005
0.04922340503133782
0.04939872481636909
0.04970043590026871
0.051329572452470607
0.054091262018916786
0.05435710470877004
0.055221645167051525
0.05745436404461546
0.0583386046098987
0.0607681041416438
0.06141036743175754
0.06202807174779823
0.06260626801580815
0.06621181941126697
0.06797779687307959
0.06863303562163703
0.0702590089281897
0.07051945331862242
0.07053830489519253
0.07148101743198954
0.07235268926488667
0.07315445959022523
0.07367661053842833
0.07576354863742474
0.07681187196571382
0.07831879074473452
0.080875595610304
0.08140703695258555
0.08448265915039266
0.08656218593653353
0.08803060626960368
0.08948517303062309
0.09234500512078292
0.09249550937835743
0.09290707688204128
0.09726469949971468
0.0972993240104465
0.09832172914670667
0.10217007297430891
0.10399054203826064
0.10406034570530998
0.10505751533762209
0.10736015490150597
0.10767496755391304
0.10862383784721696
0.10949218045008668
0.10984267980843813
0.11041674541577484
0.11229909391213881
0.11356139155138845
0.11587054696848931
0.1183582102513866
0.11892142572270492
0.11911845094545326
0.12148289719365027
0.12210063256621909
0.12294769511681913
0.12393329491307892
0.12551308274319345
0.1255912354053471
0.12563714716228447
0.12713659651755327
0.12919581319874973
0.129773727652587
0.1330455288651424
0.13741476534360525
0.13812151264097755
0.14091333754611862
0.1420647643114098
0.14218612515891837
0.14229150871188262
0.1424377674965443
0.14355647544022299
0.14985962500622935
0.15033941791109084
0.1507058244797187
0.15141422853575803
0.1535090251010711
0.15462109426514992
0.15481813947714468
0.15553841274203384
0.1569584159232702
0.1580434244247526
0.15862517138603582
0.1612117504999289
0.16232772269616982
0.16271653854821222
0.16318246986819446
0.16413906792632826
0.1681070930412537
0.16844338605857143
0.17112517717474152
0.1733676225965849
0.17342832164669486
0.17444205479586095
0.1745042668812116
0.1755247682175023
0.17630060146512683
0.17641504636506922
0.17899259847331744
0.18045388844349652
0.18120606609459938
0.18148153181056004
0.181635487749997
0.18287811573805707
0.18293569519213038
0.18597983599005719
0.18614107832431168
0.18903486666843658
0.19010111144290898
0.19060702275663144
0.1911697269520929
0.19181561950998893
0.19305474432261766
0.2054735066785609
0.20549227082536192
0.20645853581307494
0.20755034783200216
0.20949824454152888
0.2096639972238576
0.21006107696302626
0.21147023758607053
0.21272914487162253
0.2162356103707962
0.2165471114026124
0.21857267700245117
0.21952140160196554
0.21952404444434193
0.22034656722575074
0.22440549991827619
0.22480003856252412
0.22495952046199674
0.22506527015276168
0.22575964228932138
0.2267920306285457
0.22782145841996992
0.2278247520307527
0.23047130882315903
0.23050037628709197
0.23254804846025154
0.23579112593479246
0.23667419230238107
0.23812217731852692
0.23814115422088855
0.23814438214420752
0.23848687897017834
0.23899732967612453
0.23900013191263472
0.23957570056808775
0.24038300628904755
0.24203524670044585
0.2421150095065211
0.24232560429586097
0.24277995452214018
0.2460449342800445
0.2483783267208205
0.24952442353556947
0.25085149989462885
0.2509912267756492
0.2526920803875766
0.253210055041698
0.25483118035988095
0.2552221141334181
0.2574980211162121
0.2581274592174737
0.2586599995879171
0.2612750233723571
0.2622394730162594
0.2628327112326535
0.2630213661065764
0.2645731655431116
0.2653488182000583
0.26853473910631276
0.2692285261268144
0.2698819470661993
0.2716910181905491
0.27428878104110277
0.27468196855635685
0.2748680969281535
0.27598469043260615
0.27721385560108897
0.28083455835987303
0.2861223574672874
0.28612798024135777
0.28699799135823467
0.2873728047780435
0.2884328315033325
0.2888316869175057
0.2928068255590025
0.29362924042182614
0.2939435286932709
0.29492333212635946
0.2958252990534928
0.3007784433982932
0.30175669499999713
0.30270459974360325
0.30352590877017216
0.3040955509222021
0.3041063699524431
0.3045592055578451
0.3049491792832685
0.30983204184313207
0.31022602756216444
0.31064687732346724
0.3124288801120194
0.31405066517987357
0.31697988809534855
0.3171072074496501
0.3171360365406748
0.31996328510231475
0.3220585589493289
0.3226873104452902
0.3233183189546664
0.32352732917307325
0.3253402836353679
0.3279136752425719
0.3280151963681285
0.3280444723968834
0.32877801030002185
0.32994179202417917
0.3312041981508156
0.33252740961847627
0.3344091450096762
0.33510137255378647
0.3371047069434898
0.3387343142713163
0.34231982029442987
0.34251838141489804
0.342523061928662
0.34348942719481107
0.34365619727606117
0.34434414737809305
0.3444474943292134
0.3448430790501366
0.35044089988968974
0.3521524893959252
0.3522245717490357
0.35240677690366834
0.3555757861797913
0.3556261917450363
0.35574723845916323
0.3563238681961166
0.35633797787909266
0.35666730054906837
0.3589014758428015
0.36002266957731166
0.36094249227957276
0.36166339898455374
0.3626973216551529
0.3632627682884513
0.364410441280153
0.36686591680284675
0.36834829856071766
0.3702743465580395
0.3734679248644811
0.3735644314398409
0.37396186260712344
0.37946654859482504
0.3805224322860862
0.3815479485259564
0.3821525042425101
0.3823506679100376
0.3835597280744455
0.3839076449972614
0.38848986603953195
0.38914966625992975
0.3903617305838568
0.3912063458402988
0.39131595713523715
0.3919596106971788
0.3924148992321122
0.39266365408561354
0.3940414296873613
0.39498760680516254
0.3962428323627749
0.3964476042068748
0.3966797677650736
0.40303941683853156
0.4031907124799425
0.4048680529893267
0.405715956778234
0.4060239526903455
0.4071888702126391
0.40770289753365696
0.4098400203161373
0.4114570367889739
0.4119769770914332
0.4169308238665136
0.4192371281615893
0.4213410363288758
0.4213491141331237
0.4239752342301216
0.42401390540819184
0.42408194402078525
0.4242332931120363
0.42509387552038014
0.4314357381711983
0.43282402441660356
0.4343183938169539
0.4362600517117854
0.4371975680844346
0.4392087685042429
0.43930142783943166
0.44017499165022256
0.4425649519902417
0.4433504004671057
0.44519962187909046
0.4454352474759744
0.44735513410057526
0.44819131960332104
0.44859009040930975
0.4533609375680154
0.4549903432179955
0.4561407182140542
0.46349243423131115
0.4635298076855676
0.46407943360493203
0.4646226615961506
0.46535291539821655
0.4689489643687412
0.4712241916043562
0.4719804019528955
0.4722790510302835
0.47297760411568956
0.47404711277111306
0.4748479127895382
0.47519649939499187
0.4755586061483341
0.47580429603145485
0.4771198150560506
0.48091303215425385
0.48137494964283856
0.4814102944912754
0.4822911642167835
0.48277624543757536
0.4843165849735813
0.4872042988853816
0.48743573066562984
0.4880264103503793
0.48826280735627237
0.49328724370243876
0.4935834811411586
0.4944100495973921
0.4954097938510195
0.49550221513339077
0.4956650621211275
0.4985223933356378
0.4990551763436355
0.5001521489593745
0.5021392680205568
0.5024380428418666
0.5024577552349565
0.5027230099803726
0.5031396170337543
0.5034728349065861
0.5058774438731507
0.5077119963754027
0.5083536013149524
0.5104603410392399
0.5117306078487904
0.5119627132044411
0.513439374391216
0.5136662879511914
0.5184362515634393
0.5190199140986568
0.5222724049024446
0.5264524767509073
0.5277027440023703
0.5280210827940145
0.5281393268096446
0.5281494985619679
0.5301149220273964
0.5304684573569336
0.5314040788724115
0.5316367196250689
0.5330914073531323
0.5356665827503406
0.5360056556103018
0.536256148305037
0.5374209349394439
0.5389113495338649
0.5398156037437903
0.5452634757681982
0.54615237398962
0.5462314171302081
0.5514057517494589
0.5517721819162481
0.5518858209106927
0.5532776522947956
0.5532782029434783
0.5559333519058272
0.5581925673270736
0.5581940905558225
0.5584887288092996
0.5586980541962465
0.5589366956304751
0.5601567569832502
0.5606143222832387
0.56081010625655
0.5631318837803778
0.5659668314352355
0.5675129752547481
0.5700903064119303
0.5702157177090585
0.5707214736487397
0.5723300420809379
0.5734368304894752
0.5745482124477626
0.5759921995512212
0.5811590800113755
0.5817108338578703
0.5842648483808675
0.5864368244584555
0.5869485739059491
0.5873268642737799
0.5900180315956304
0.5915636293007132
0.5919020743844292
0.5944552200021382
0.5962527502018682
0.5984257839134051
0.5997800350821405
0.6020397633450476
0.6023005604843508
0.6039847233230735
0.604675296628473
0.6095558360864044
0.61006244701534
0.6139378951557399
0.615809496550376
0.6180310642076503
0.6201177215680491
0.6210770665003319
0.621979127286024
0.6254224121980517
0.6288667910690225
0.6308479615536707
0.6339001371300881
0.6356042184783929
0.6366754548344509
0.639994910549422
0.643439059379784
0.6437381755507678
0.6437776067116289
0.6440781192303877
0.6460910640724451
0.6478116510796945
0.6484855803808912
0.6492191752370904
0.6492931474187495
0.6494728399889992
0.6496902102479478
0.6545679994588289
0.6564425069512587
0.6571660932458832
0.6572063595560054
0.6572108599148252
0.6574229802049276
0.6583029981317717
0.6595380259673163
0.6621901008828435
0.6632864419821862
0.6638828383154344
0.6647584193355707
0.6652775614352274
0.6677044770955247
0.6697393801404574
0.6715234663173434
0.6716184441765622
0.6725231459014933
0.6736585028075393
0.6737511748363132
0.6750019821367547
0.6753889882899349
0.6757156947175915
0.6757464851256899
0.6757713985514919
0.6770715032652292
0.6775053491658247
0.6825513447921259
0.6832670184556411
0.6851325901976911
0.6860952913170333
0.687627148474862
0.6880615794751079
0.6890718167410732
0.6899355071847867
0.6910584469625968
0.6945625783008894
0.6954896177669547
0.6964913414790729
0.696788083080075
0.6975314963559922
0.7000837246292125
0.7003149649919187
0.7032032866006833
0.7035334949815802
0.7054291088342837
0.7055190380996631
0.705521560101222
0.7086743449505505
0.7102281555359287
0.7110175557272927
0.7141855940848925
0.7156779957152195
0.7159007335490809
0.7176093921484398
0.71767667258029
0.7205542455610665
0.7222058295226194
0.72270393269025
0.7245957697718297
0.7258701133750484
0.7268535982098072
0.7272640765601608
0.7278854518635121
0.7314226471619458
0.7327840760204407
0.7346557150235951
0.7388050760898104
0.7394370832997341
0.7405822131282169
0.7406919134411153
0.7414486624811621
0.7432758879418822
0.7435880316748952
0.7463535393390407
0.7471109638821263
0.7479984038419959
0.748390755064372
0.7525068012250521
0.7541720954166344
0.7547224766894756
0.7553701125435077
0.7570643109338673
0.7599134680099312
0.7607104935726462
0.7608834950870346
0.7613177273677979
0.7622659175174997
0.763373708860415
0.7641827993100396
0.7664674861615314
0.7687812729401386
0.7691520729251462
0.769629225049479
0.7708079429510751
0.773810246888857
0.7751608202689605
0.7797517115008195
0.7799386229572765
0.7828942100892294
0.7864952617471996
0.7911038808828182
0.7911132623324562
0.7934227718524265
0.794730698211642
0.8002598527152197
0.8007365589700538
0.8027867242894304
0.8033152302942611
0.8067422987352992
0.8077570257131024
0.8101921967577903
0.810250214528926
0.8150375405924769
0.8152943024385816
0.8156144262008892
0.8182461918635056
0.8217736396548284
0.8230394103798524
0.8244585255663355
0.8245169228292352
0.8247516878543151
0.8254156941081493
0.8270187618846808
0.8271899776162575
0.8346352185436616
0.8386472326578848
0.8405041616884357
0.8406695873520584
0.8437762740868107
0.8450325488146435
0.8459022662863777
0.8491218572858323
0.8517702181934381
0.8526553137136649
0.8531599738605472
0.855602579582651
0.8613294452281522
0.8618118403868255
0.8658299532771312
0.8672668199331888
0.8677650198101178
0.8745735120158954
0.8756227486755734
0.8760502289097479
0.8775904873805886
0.8795891562096008
0.8797577436382137
0.8799310828119085
0.8800593592651131
0.8809023989958515
0.881941583415583
0.8830793576394514
0.8832584065513341
0.8833479800826484
0.8839508195244206
0.8887402363076317
0.8889065636536515
0.8894119536459415
0.8903948038316025
0.8956386594475564
0.8965552389960187
0.8996258740312179
0.9002641837266628
0.9018666752417878
0.9019784117684864
0.9025413145460162
0.9040097192037488
0.9045783120801084
0.9048547419374562
0.9062447597564138
0.9065737173734904
0.9079371323756089
0.9086347514523525
0.9087414300318164
0.9121116322226848
0.9123712444004113
0.9132412242019864
0.9134122742866222
0.9148747766941885
0.9158036819924266
0.9207737045678779
0.9214241145731441
0.9221306603665012
0.9224274972879631
0.9238090050168279
0.9241554865990569
0.925397818747748
0.9255270632268335
0.9256701263817803
0.9259477710069581
0.9277768751450465
0.9278372671355641
0.9282001969653504
0.9282194559348675
0.9291463895225903
0.9309098902248416
0.9316697027359989
0.9317263810924944
0.9362169479354903
0.936426492579646
0.9400299123472636
0.9401525205251491
0.942248926356063
0.9427398836529186
0.9436634405004369
0.9443663022015297
0.944483476894052
0.9453863998117618
0.9456400620259261
0.9495343535283431
0.9543037268367309
0.9551316669999974
0.9599872604303127
0.9635051163954822
0.9648081355412836
0.9659729772118028
0.9668120907978575
0.9699153849248549
0.9739296759149514
0.9757680104934591
0.9775995908702632
0.9795271336358808
0.9801765297993009
0.9808219134698777
0.9811964043451091
0.9819032768855328
0.9873114055526744
0.9881744860795745
0.9882915237155324
0.9892555361197756
0.9912616941396506
0.9937416863904415
0.9959266335836012
0.9970796858660057
1.0011711657071967
1.0019531590535316
1.002891318797235
1.0040307148850154
1.0103162940176214
1.0117694397308417
1.0133437304764437
1.0141855734852612
1.0165621847090542
1.0181479190226144
1.018241610409976
1.0182478736131035
1.0205392263293627
1.0219172238164307
1.0220785433225341
1.022334959936443
1.0241027937258171
1.0274675847009582
1.028991777681653
1.0290423999415854
1.029095646808615
1.0297955261879026
1.0317120675961395
1.0321966122911892
1.0323825848643091
1.0348589853264847
1.0355736612918838
1.0356011714751645
1.0374544574686835
1.0413234316349853
1.0422316610350644
1.0426381725077822
1.0436948648119924
1.0450998646864214
1.0456600065566364
1.0492808997377525
1.0499213345131064
1.0523715488716703
1.0550027229522068
1.0631711680968388
1.0650657956590255
1.0651631682323726
1.0657676753426069
1.067648227780003
1.0692563982537349
1.074138768097261
1.0751133713816907
1.0755689782324322
1.076954454994255
1.0772145578507382
1.0799243034159864
1.0800821684525252
1.0842875152498879
1.0845404177126372
1.0877587132203668
1.0880894786818014
1.088621832802073
1.0909752166187299
1.091474754316804
1.093936943229369
1.0942736448818626
1.099615625145691
1.1021083080006302
1.1030339244572238
1.1033623511800346
1.108111402285536
1.108562123094702
1.1085859775372977
1.1091338650001838
1.1092214670570117
1.1105916681131436
1.1131054605675024
1.1135106398786243
1.1135327305301737
1.11355325873619
1.113623828498528
1.1147796056743287
1.119594288068485
1.1209257023980244
1.1210022869288663
1.1236415764856522
1.125318971377565
1.1261411306054312
1.1268046853597617
1.1286466725216335
1.1294110462826514
1.130080826833308
1.1302228597054649
1.130993363312948
1.1316559855005823
1.1331777298334935
1.1363531353724285
1.1370373616726028
1.1375548206247068
1.1420878906013872
1.14279957515281
1.1470811831718373
1.1473503615966927
1.1480483559492531
1.1489879071301898
1.1495034165423257
1.1512477698723864
1.1570508506177624
1.1575801735630127
1.1667393347975208
1.1695264982396565
1.171146969018079
1.174417583130435
1.1748021176808383
1.175912565115031
1.180789095418142
1.1813170735968297
1.1847918839318246
1.1862422275966058
1.1873062185244063
1.1880349279103486
1.1894310805013468
1.1927598924588318
1.1928125920953032
1.1947619575906745
1.1997081795994144
1.2000217457421272
1.2005834325970672
1.202209964589897
1.2047848011874198
1.2081352415103905
1.2086826914669726
1.2091771086327374
1.2103592143627033
1.2108401966737077
1.2122275751749516
1.2147861887635554
1.2150880263466755
1.2169880694253012
1.2204240146311398
1.2210060333962351
1.2218362876917033
1.2243272461579777
1.2260491755420677
1.2267902539167224
1.2276260027820214
1.2276651315907225
1.2287320121749181
1.2288028513009928
1.2289373977967948
1.2318413157328454
1.2333076264188685
1.2336068474580941
1.2364848502698633
1.2386199572123309
1.2394046528120874
1.2409820712779065
1.2426808406775522
1.2444825320517672
1.2462068579052072
1.247927369429271
1.252813621270912
1.2598890126942486
1.2612772025777101
1.2646633202002544
1.2650251365267433
1.266022589146719
1.2665351261973385
1.271461357699501
1.2721725121421372
1.2742216971524942
1.2772593032339425
1.2787195509157683
1.2814265040897457
1.282864073203185
1.2834011930265952
1.2839650222565178
1.2843154341011944
1.2858573241350015
1.2867840212607484
1.2881782481290838
1.288403948498867
1.2918088862975696
1.2924588644480608
1.2930862813470636
1.293951847465591
1.2946785470711324
1.2952341340675022
1.2954246127609017
1.295962821532117
1.2981195216397905
1.2992535489733303
1.30234287741817
1.3040185712967542
1.3070140679315547
1.3090194084195788
1.3170430615249904
1.318458627489449
1.3190861281581148
1.3224646433851235
1.3237931573042439
1.3248854533618832
1.3250833960812665
1.3290633779016496
1.3295322115391346
1.333468588534384
1.3342171278159412
1.3342747948321039
1.3351102051187438
1.3364371302400926
1.3366950675502807
1.33911875653188
1.3401714371618905
1.3411547004059958
1.3411949783436818
1.342083435618553
1.342097669018981
1.3439341678825416
1.356072653669298
1.3562863442942246
1.3584477225314338
1.3603781090351161
1.36041512017835
1.3614395778769244
1.363709004370235
1.3642562485353524
1.365319749142496
1.3655759786283472
1.365576568310546
1.3858681893219125
1.3875693765498343
1.3924144746764406
1.3934181520347173
1.3950532496772503
1.3978440086890638
1.3990982702417716
1.3991421243673035
1.3996734872826573
1.40041623855254
1.4015148280756025
1.4042900149258206
1.410194021576915
1.4104572844780143
1.4151680193049616
1.4178267722729356
1.4265546036531627
1.4322959236815969
1.4337556511100704
1.4353625370135152
1.4368093833035525
1.4382461830401045
1.441428542553456
1.4415620170890422
1.4427392068038891
1.444558535932809
1.4453720151983318
1.445973141431171
1.4474395155810695
1.4518229870028123
1.4519901827423833
1.4537074506113514
1.454671137736982
1.4565427382866445
1.458783665241591
1.463496930092543
1.4667311485086763
1.4684994141988081
1.468780387927913
1.4714367134867266
1.473784921476132
1.474350769490809
1.478357719299799
1.4791592913523717
1.4793284568007734
1.479489450340957
1.4796200905362196
1.4833476424454248
1.4871396320384256
1.4907344887054141
1.4933966912744157
1.4935575825407006
1.5004157739970885
1.5058531160061999
1.5105223564178925
1.5107250623914201
1.5126119526510942
1.5142192153272538
1.5176820663795387
1.5194486053949294
1.5211320283830188
1.5243947561751998
1.5295215788837173
1.5305828550246
1.531592822087418
1.5336268055582454
1.5360448937592976
1.5371209041090461
1.5515304058868802
1.5555694565928835
1.5580786068180157
1.5590291157010414
1.5623061500597817
1.5637979775636648
1.564237111706631
1.5643380959279398
1.5652677050251942
1.5675852854365502
1.5700953663563229
1.5717067347877967
1.57268565749116
1.5729141607784107
1.575608467123291
1.586218561701334
1.5913197024718717
1.5914807536949818
1.591750163792744
1.5919832902984101
1.5936189169841506
1.5964279895024331
1.5979496251439413
1.5989342679955523
1.600172052604107
1.6013411651749634
1.6015017520342898
1.602197605506649
1.606014155303623
1.6077911431614669
1.6116632358299154
1.6179847065739015
1.6211678332841835
1.6214033757291813
1.6238920403803112
1.631635056002645
1.63222234316824
1.6347537577657292
1.6350462298061799
1.6422395067989024
1.6456789204905542
1.6500421111632189
1.6585884063926928
1.65970228156098
1.6602417901856539
1.6607731876230747
1.662290554522282
1.6641560246050275
1.67136204247822
1.6758442788759833
1.6793289965727203
1.685464874363897
1.6877450313307967
1.6877645171302036
1.6949682315547543
1.6994926286925185
1.7003874015364735
1.701495726648399
1.701629000378206
1.7020594023888609
1.7030257253810763
1.7071823852271502
1.7100608540022217
1.7113355046157794
1.719270128699796
1.7203605778438047
1.720406083661158
1.7212132296882978
1.7229778910612543
1.723749692950638
1.724983018197046
1.7254137316266247
1.730737795573281
1.731112837014519
1.7341188717526057
1.7377131469363734
1.7384647827442299
1.7387980307751616
1.7472700326664719
1.7477725156311
1.7501295913772392
1.7501600623543512
1.753976120362836
1.7596041653267704
1.7707991761750503
1.7717463742284696
1.7780204593518407
1.7815652240442428
1.7826037121022082
1.7856648895066258
1.7985004984453536
1.7989482755276702
1.802951591352639
1.8085768129306112
1.812589305111978
1.8150184575380277
1.8209221497683694
1.8244787724102625
1.829249992578636
1.8315882782344421
1.8333240184431716
1.8362358218361394
1.8520281647104115
1.8543877655465675
1.8549980241914898
1.8638717992628795
1.8671959290035642
1.86829762428518
1.8703464836924906
1.8770521504503683
1.8777437848713623
1.87845469952404
1.8803346566339285
1.8882011789807283
1.890080261829233
1.8905697785418438
1.8911405064144455
1.8932494453197766
1.8939297200726153
1.9012726957629345
1.906054550568496
1.9096421541584245
1.9124024140703026
1.9127040523308532
1.9197326049018102
1.9219054916768468
1.9230172263792322
1.9279248499614448
1.9378252239965423
1.9378909182197546
1.9381270842284137
1.9389885112472667
1.9676228380181797
1.968649078286448
1.9747972748855989
1.9828057883896602
1.989281483712562
1.9996102032044072
2.0083293413549015
2.009882487731169
2.011766421821882
2.0160008020328526
2.0189212144514244
2.0394764242799726
2.0403620568913494
2.0415228696115735
2.0417781348024713
2.04336688943936
2.044233200386942
2.0499745039111943
2.06445498673849
2.0651224057209085
2.0666838846908684
2.0677087634192572
2.0825886328187773
2.087341417378916
2.1001124233364137
2.1007943106603566
2.103439920886507
2.104021422187045
2.1042965412625665
2.1141267229736935
2.120553924319954
2.1235233565271443
2.1332773565856082
2.134211699137568
2.145629423483781
2.148251336283999
2.170613364095697
2.173785242608823
2.1765285305786626
2.178505925692287
2.1825636316280113
2.1864994475640698
2.189553407811379
2.1943737297209163
2.1952868968671684
2.1993891379884616
2.2031933220121003
2.2041968119453754
2.2272946638799938
2.2698912789605368
2.2725713741527884
2.289861734659976
2.296512689323296
2.306224112476345
2.3120886206553983
2.319627361769171
2.329893987341656
2.3730913850781605
2.3983609838846256
2.4087787876179174
2.4328583798505106
2.460415921593538
2.482309822086009
2.491997173427009
2.4977756548841517
2.508865103756033
2.5648245786864075
2.6264284255614236
2.643923482342654
2.6835142858321355
2.7781849238539293
2.8012366874865156
2.851102979864539
