-4102.975248390924
-2054.9946787281483
-1376.3074779503406
-1373.5156784516573
-1373.4399430609521
-827.5471850370617
-688.0701020067423
-589.8589637793872
-589.736922191857
-519.1000515823384
-459.24456732198877
-413.80330615104765
-377.1134931416932
-376.91989552390055
-347.6773440276842
-297.2681607743909
-278.09706067897343
-276.8480340515562
-209.40350216051095
-209.12586003180013
-208.0569301017315
-199.59024296572605
-193.2056808034912
-167.86850294885141
-161.92633976093714
-144.61980616962165
-143.9026763825367
-141.84838846152812
-141.44165180756903
-136.31905074585808
-136.31137462203827
-131.84278864380812
-131.6911184928539
-122.11368304970627
-111.10289603591065
-108.52109744278098
-103.042874904362
-102.97285545683462
-99.6157645751035
-99.32435760021787
-97.17217044369404
-96.24098148643222
-94.63736849247448
-92.00537696592636
-89.71470992183964
-87.94791141195181
-87.40477884564042
-84.67133434241138
-81.47367027478737
-79.43754250599838
-78.4200215495685
-77.5886372572292
-77.47616825858547
-75.8892248552569
-75.61477978884847
-75.38475114164616
-74.49555531239987
-73.82004387799527
-73.20544301104255
-69.27637795658535
-61.843698571743765
-61.837427996561125
-61.34559875837501
-59.611476521393804
-59.243377655967436
-59.099085119775104
-58.178524909755836
-54.87716764476258
-53.75316066521971
-52.811185475836325
-52.18719877132165
-51.26127001805915
-50.91169554370583
-50.493803964818476
-50.396683934517995
-49.957456375178
-48.68388307551356
-48.36281970930473
-47.753800390708754
-47.47735923487918
-47.45321542039048
-47.41831188387146
-47.32005613166313
-47.2226869382391
-46.824703880276914
-46.74180395720453
-46.51294012212262
-45.94123271731507
-45.8783513639518
-45.87035869246123
-45.5082368494461
-44.820374536908815
-44.7990971877027
-44.777673890488565
-44.591310059870146
-44.364766416651776
-43.99457063304283
-43.61492771694829
-43.370085840400534
-43.187794156080905
-42.978283527302466
-42.93722861130043
-42.85002777322988
-42.83156952746549
-42.37662425931292
-42.190549538179205
-42.18449679240384
-42.0932380793181
-41.037708551205824
-40.96430422741595
-40.728271757198165
-40.600221658293535
-40.137115614772725
-39.551734871251355
-38.63646402170288
-38.07136929332181
-38.04491690165642
-37.24480598571262
-37.167936175346064
-37.14249303034381
-37.02846873215106
-36.7155479445946
-36.6830865720289
-36.62568285140491
-36.50769263994599
-36.32213992861791
-36.0868568498133
-35.97628575843015
-35.71656998683405
-35.523439923604414
-35.436314698301544
-35.411378839508004
-35.3137384628888
-35.26133494025229
-35.124579639974655
-35.046566347711334
-34.981774138742274
-34.91082232402839
-34.7218585199425
-33.94312934604495
-32.821869952736584
-32.76646934605348
-32.255893890800294
-31.905057512861152
-31.34513101543829
-31.315409642163463
-30.985411813884895
-30.661444268880437
-30.52736684304936
-29.78643249768856
-29.777307684994764
-29.571385998872483
-29.42547699061184
-28.83597904380261
-28.62004881750285
-28.433079330637298
-28.318044759130487
-28.141941679868822
-27.9348081152051
-27.80533363918803
-27.7076380039789
-27.68564878763641
-27.501689958942166
-27.272118493779814
-27.19850771983273
-27.020185071881812
-26.699622632476846
-26.63629621214831
-26.57797403854772
-26.573007853669203
-26.444600290527916
-26.37829082862298
-26.09597257893425
-26.06697854096951
-25.97308701183994
-25.600545906529433
-25.49448058552156
-25.126030792824242
-25.118252114136112
-24.883624813241138
-24.870299235057885
-24.79853699283873
-24.770182829658815
-24.709086433297543
-24.62614836411025
-24.380315215741827
-24.23133282417547
-24.08034392861512
-23.92383071315495
-23.876145630700517
-23.308967702309214
-23.048140740457793
-22.86817873933614
-22.84467207593999
-22.778149961254563
-22.737328175821375
-22.672944747065635
-22.618594729601188
-22.566466313426496
-22.535002266694775
-22.518433941753642
-22.50913408914633
-22.41359214882272
-22.30572274383627
-22.079202716906543
-21.952226873172744
-21.950047575410984
-21.327216762786612
-21.25234317569962
-21.19017926069566
-21.152569573203913
-21.085124012842375
-20.908993950895056
-20.770361804387452
-20.72027047057963
-20.66344524811524
-20.619025071151132
-20.57712077218822
-20.16731314492106
-20.100883369380036
-20.05264380012477
-20.018491810467314
-19.84328367777552
-19.837837853104098
-19.775735169978848
-19.724850858268976
-19.709134446833417
-19.557606956549247
-19.432172123366243
-19.424776184722017
-19.339971182243897
-19.29964295801799
-19.206854962587904
-19.083900278473838
-18.98199948424429
-18.93262508980712
-18.770706600292673
-18.7105882958824
-18.527631749979797
-18.3826136478145
-18.379597864865275
-18.346045755078027
-18.229872039901437
-18.02498000862281
-18.001487810444004
-17.9827237482746
-17.97269358093383
-17.87083720852999
-17.72734541296787
-17.571367198515198
-17.377004059612812
-17.28958364339245
-17.201309938143496
-17.131381470062536
-17.099776863378466
-17.019476335886587
-16.941582349501342
-16.911558130889567
-16.873485615044547
-16.84171149804072
-16.81963514402952
-16.798349947823123
-16.767960810178778
-16.62340838027728
-16.60219418317013
-16.528287908109206
-16.51508782515068
-16.496943271210505
-16.454278254141094
-16.41619375872886
-16.381040471896426
-16.380724858420695
-16.34427727807254
-16.302311271733487
-16.299298464450693
-16.181146874340904
-16.091943338599282
-16.064477994335324
-16.023117341884312
-15.968425586259759
-15.94965314871483
-15.932888177441164
-15.896329255290976
-15.839708236258073
-15.824793343607276
-15.810212420530792
-15.704823463499725
-15.49796334114999
-15.385388558605214
-15.35295474583621
-15.17929465328149
-15.159869288923964
-15.105267525691254
-14.979421403014822
-14.96285044695886
-14.804686841679406
-14.77843003561506
-14.739200369919656
-14.686235690674817
-14.516126956543305
-14.447397831532358
-14.43526167742327
-14.393943356959403
-14.366935580439577
-14.360966141623404
-14.35178557332297
-14.347101620883436
-14.314995142444968
-14.286971261367775
-14.272615488889436
-14.262652523312978
-14.24847446463487
-14.191774065340578
-14.190055638424543
-14.176554326994225
-14.164473951950635
-14.141805666255372
-14.102522880598201
-14.099368691358174
-14.066255243579404
-14.013147624748107
-13.982550963244396
-13.978220776779082
-13.835178639556066
-13.833729744823328
-13.749843496667545
-13.670881119946237
-13.53763890989094
-13.525219676029161
-13.520436069000178
-13.48512123923061
-13.475379038167326
-13.471454065278282
-13.419026686426223
-13.40845299148712
-13.390904215393451
-13.384279746014716
-13.358647169117445
-13.24884700648751
-13.151635386628909
-13.13942068889434
-13.128377535683939
-13.097464900147493
-13.07394760429252
-13.072987917314348
-13.033131052331594
-12.978003909904022
-12.967982107917337
-12.960589580203553
-12.958512977892239
-12.921224794097345
-12.775997594833282
-12.772338997955327
-12.765433262057407
-12.73795486871412
-12.708268921588909
-12.69162289954172
-12.680702827429911
-12.665898861815215
-12.644674876555005
-12.636605955247877
-12.520754053924922
-12.495830971018975
-12.488618978933923
-12.463981205523064
-12.449977989432284
-12.432702174784371
-12.407887280788941
-12.38052343549939
-12.314242677107968
-12.298197588413686
-12.295853023386657
-12.288342141250547
-12.282393640051332
-12.191126053571754
-12.159718210715045
-12.150707442559252
-12.12300808280465
-12.090170926906517
-12.089911900686308
-12.083615376736898
-12.05469725186914
-12.002741031222119
-11.994343435058443
-11.987471241892337
-11.957783011058345
-11.935176553231656
-11.891378359796777
-11.8642628811961
-11.863098975680694
-11.845694159048612
-11.845574241870825
-11.817642178744252
-11.757206181134595
-11.754440898191223
-11.731026601177364
-11.724318159717662
-11.722892711478572
-11.692237335518485
-11.64132190458912
-11.633545074813904
-11.607889783019548
-11.606297974032739
-11.603030654770052
-11.561505359749987
-11.509513274329207
-11.507556360138455
-11.488187767074436
-11.468729785088422
-11.400675536339568
-11.398967629004698
-11.389917844821525
-11.382270299735067
-11.361755166435062
-11.343483198272803
-11.342891498263658
-11.306052502696943
-11.276164035026383
-11.27291963478189
-11.268577527144412
-11.236870872469368
-11.226430950851299
-11.20257378677832
-11.185551645986985
-11.164046832985164
-11.137926604285928
-11.11604003633321
-11.068439344266348
-10.99656732353776
-10.986613737424147
-10.986202204976227
-10.933480310097288
-10.896378615919618
-10.818464563414523
-10.812680948390721
-10.737944732851956
-10.730959216761304
-10.714825662288169
-10.705098261607741
-10.70267642458426
-10.658748504001865
-10.658608901611869
-10.652284116707692
-10.639295240001651
-10.615538310450425
-10.573920475273868
-10.567683487123114
-10.532722441600685
-10.466755247811022
-10.455118079077593
-10.377419460169072
-10.353397636913694
-10.342539801222468
-10.33082241720433
-10.323650908786238
-10.31971004348333
-10.306030605117584
-10.270593549186199
-10.264981720690162
-10.240913542616287
-10.222479428609212
-10.176126826066952
-10.157503478443058
-10.122625774408045
-10.06985011806649
-10.052408508961182
-10.048802596724556
-10.0352876131936
-10.03257953620711
-10.029633739385904
-9.988163407743063
-9.985370327503327
-9.95606100331457
-9.921891135493581
-9.918552187396209
-9.899635383879422
-9.891360870191098
-9.832594238366344
-9.831110146706386
-9.794337880385692
-9.787207759637564
-9.716097723371268
-9.715617799681537
-9.693622385766856
-9.687739656575785
-9.663695980172209
-9.63308046107692
-9.626676571329792
-9.578224713423507
-9.570454704783291
-9.566920845686704
-9.557881518487141
-9.51052682666283
-9.486068400647103
-9.474425438619601
-9.461942528800904
-9.417666230702858
-9.393696956182184
-9.368407974600883
-9.361296265726807
-9.34984627300761
-9.336008325612404
-9.33224757241523
-9.324464135531395
-9.302029067510867
-9.300069664031472
-9.290695637940136
-9.258150113724213
-9.233342671911206
-9.232455731783695
-9.212739838948377
-9.204722917719547
-9.200217796760729
-9.198976081874083
-9.19425838805396
-9.158341894493866
-9.116567703932175
-9.09612888256816
-9.09475382377496
-9.08752092777264
-9.075690029785573
-9.067347941890246
-9.058267761848086
-9.027176116822854
-9.01400235048439
-8.980842841804419
-8.9779835503746
-8.94041467990393
-8.911984167896765
-8.903755207840112
-8.901578462823801
-8.90019763998615
-8.849020000949086
-8.812308377244856
-8.807541126994707
-8.793804594806335
-8.791840758764193
-8.7719888035949
-8.770508900248846
-8.768063439760333
-8.759047117363263
-8.721147855154946
-8.697003827587078
-8.64900718579171
-8.638110596030195
-8.629304878108723
-8.617387017056373
-8.594591624047895
-8.587052431729184
-8.535785207423176
-8.532526746184192
-8.52798872507839
-8.519681952636837
-8.506445876318773
-8.465279657085016
-8.461994041595018
-8.461386232181713
-8.438219946221386
-8.430634059448954
-8.428316588880882
-8.427483691438562
-8.422294846997715
-8.399102292921286
-8.383117000593897
-8.377350387597806
-8.355185065790067
-8.32750117944542
-8.307539046674849
-8.2697851716279
-8.265346808478139
-8.260687963673812
-8.205435541995621
-8.205091342948693
-8.194448244030838
-8.190491264498915
-8.188501853347317
-8.183036720254593
-8.131163040896489
-8.084120379156934
-8.068073652426001
-8.045509457460158
-8.041350276395113
-8.030749658847474
-8.022734207878484
-8.017724383762484
-8.014622729377347
-8.006554000020262
-7.9956875454738645
-7.979057695895541
-7.94005642309938
-7.931687870668869
-7.91804782178428
-7.890993964625559
-7.872732023963157
-7.85349280266114
-7.848618921490036
-7.7986684529496575
-7.794540537862165
-7.771853387197085
-7.718976112092899
-7.694967096365529
-7.694194685490954
-7.6927586594093595
-7.692000339421649
-7.677184882184573
-7.660001065125672
-7.647685747608178
-7.636583380890558
-7.619280265729417
-7.596853215590247
-7.592909265142146
-7.569726373716493
-7.546315977904562
-7.529710960225753
-7.515635190829888
-7.5134413812666985
-7.50431081456788
-7.499732373803932
-7.497510651817144
-7.470209448095552
-7.46805918087718
-7.437179678136883
-7.411741219630441
-7.3808570306624315
-7.377867297436824
-7.376138572279408
-7.368688612580084
-7.362791742104861
-7.341266439975355
-7.32234422802823
-7.3180381464613795
-7.309128417940232
-7.295096248538107
-7.275752194932772
-7.272935413707454
-7.267664947182691
-7.2542787569243625
-7.226199902888461
-7.172765369903457
-7.167011855076329
-7.166648571545624
-7.165402817874607
-7.165111070842527
-7.15833821055134
-7.131278948826941
-7.120060238489346
-7.100263900795154
-7.095352663875928
-7.077938651513099
-7.067628255051728
-7.058177367137531
-7.045818277138116
-7.043825728133131
-7.036904444977351
-7.017233256303668
-7.013865143816471
-7.009003229756232
-7.006031904534989
-7.00448939042737
-6.986559305867589
-6.98567056210671
-6.941039664721299
-6.9136126010577765
-6.911675992990131
-6.905615286329953
-6.893198500674277
-6.886123947945473
-6.853211240923512
-6.848003653279522
-6.831460732964238
-6.822303010205683
-6.803511721111089
-6.8028116164287376
-6.791968033857887
-6.782319801398809
-6.767247404251469
-6.762941717084344
-6.74739164314251
-6.73306537671945
-6.730312126810945
-6.707899553197135
-6.701870550855141
-6.692688978162105
-6.691171436369582
-6.685025350358572
-6.681166901561327
-6.676747429053551
-6.675871985013657
-6.667899064397975
-6.663422970599036
-6.662094535344531
-6.64963649621222
-6.636730536558387
-6.6263055264884745
-6.608335587563611
-6.599143088859306
-6.59906634579762
-6.589011518680753
-6.586622145743375
-6.581725193402945
-6.5697238539344855
-6.56587988398782
-6.564774382634306
-6.557973302863071
-6.556318960526729
-6.554412117016003
-6.54368693023355
-6.531969515453477
-6.531651519132268
-6.5226870132412875
-6.51752972372567
-6.505006711942871
-6.489583962612354
-6.489080707899467
-6.4662855145669855
-6.460114168953522
-6.45932192326995
-6.458316641768183
-6.4537256550969575
-6.44773080529275
-6.441156107735351
-6.4331072696301215
-6.418930022177866
-6.40705006200154
-6.4006080134297845
-6.381906221470832
-6.374595710571263
-6.3539816328452865
-6.3524059351884095
-6.351021280422984
-6.3407039256536475
-6.340345044289684
-6.340068711969311
-6.338420803865335
-6.330964083177174
-6.323201800075658
-6.3225893497047885
-6.3158158063363175
-6.315483882796224
-6.31233052348398
-6.309852223612536
-6.291032341736304
-6.2872769939135305
-6.267684892406289
-6.266817789564347
-6.26192298292732
-6.253891852804572
-6.250842829985615
-6.232333237210122
-6.2268575823270975
-6.221562182293581
-6.211084927563846
-6.208986451222966
-6.207910762088509
-6.199341086697103
-6.190696609020742
-6.184818281357559
-6.180152182092357
-6.167828604207859
-6.16194914317302
-6.1423579385347
-6.142354092227087
-6.135127531848731
-6.134849493327766
-6.132413059144444
-6.128085700712687
-6.125676674764826
-6.121728393818089
-6.121309634726806
-6.115451470111661
-6.109494901351868
-6.105307927476765
-6.102808548874851
-6.099019811300181
-6.095150742580914
-6.091345950520096
-6.09058449761876
-6.042568823591973
-6.035933800583532
-6.029679937614702
-6.024352969924862
-6.011969260544662
-6.008654725194808
-6.00600857891799
-5.997198310064956
-5.993500239570443
-5.980017207780627
-5.977747210005303
-5.955453203011314
-5.954105451986311
-5.953212374725665
-5.935624209442918
-5.933610418759336
-5.932725708876972
-5.932088158713645
-5.910606499139548
-5.896837814550946
-5.892959812006208
-5.881497632746048
-5.879124979429939
-5.866127457460691
-5.861823554869543
-5.85010571824219
-5.85004843289717
-5.844023780889401
-5.825737438483527
-5.809788508557103
-5.807127779384878
-5.805414745197863
-5.801435208133722
-5.790733749832865
-5.778045752766506
-5.7769092511491245
-5.770593066293529
-5.763027576510841
-5.7579728761061215
-5.750148382590579
-5.724377322933787
-5.720332185447089
-5.713300181096886
-5.6982137746354224
-5.69446100361211
-5.679063766584161
-5.677658457858624
-5.669190488655156
-5.668257791251069
-5.659514447913159
-5.658816728202755
-5.652764481178771
-5.6437333621314965
-5.634721333643937
-5.625779990087617
-5.6236938090236785
-5.618237548360158
-5.613414307856451
-5.605450660945611
-5.604654485132507
-5.602453301366711
-5.599232579005615
-5.594316155184356
-5.592327112097198
-5.583308554016465
-5.568905242083078
-5.563503385060685
-5.561940388579248
-5.561246995469647
-5.554341626274745
-5.551279672858038
-5.550948402426087
-5.531709097441586
-5.530572547584168
-5.524401812959584
-5.492652702982247
-5.473677083161061
-5.464771438048112
-5.460292802565367
-5.459015629006907
-5.45835493555138
-5.457208280696278
-5.442534714940547
-5.4336831828742564
-5.433181207106169
-5.427914399165095
-5.420825226997271
-5.414697277042251
-5.410544779889797
-5.378149201695253
-5.36971835295691
-5.346469318827382
-5.345363564154125
-5.342840168021854
-5.340397961304544
-5.339383732048313
-5.3386076000792215
-5.334415976773629
-5.332896431875987
-5.320933473435396
-5.297468271145311
-5.289128375044429
-5.286553168512079
-5.27713824185566
-5.277035316961818
-5.265244224183348
-5.264589187255229
-5.258938339129065
-5.250837997235431
-5.235298128046823
-5.234759642041393
-5.225378459091088
-5.217543950528183
-5.2157154787568025
-5.208383583766985
-5.205312291817133
-5.200407639241492
-5.199141286235543
-5.191148977479988
-5.153146567441176
-5.144060427544491
-5.141240219071072
-5.1318281252392115
-5.131600021944314
-5.11815492885419
-5.105953875631181
-5.104394303671976
-5.0913133948106495
-5.086923341443276
-5.086259595082137
-5.0780515727857924
-5.076164918285232
-5.072655912648365
-5.072213320367145
-5.059236865398081
-5.057242200969306
-5.045978273953665
-5.043494109642697
-5.042910760055096
-5.040220177136167
-5.0334631848525095
-5.028919439578955
-5.020599687728225
-5.020308065460529
-5.016378131910291
-5.015351247833475
-5.013079689361938
-4.985832134781939
-4.970383734332188
-4.96424969338748
-4.959949862018486
-4.95103965786328
-4.946535235823433
-4.938258110034252
-4.915074170554798
-4.904238551263706
-4.8993461609715245
-4.89795917603458
-4.889385030318158
-4.889128174719046
-4.887241114143401
-4.860103140230738
-4.855744981013808
-4.855655799463707
-4.854811593881684
-4.847790121712987
-4.834799748087483
-4.8347606341768525
-4.833071693028645
-4.82980490085697
-4.829719014160971
-4.828144978635669
-4.811891913878902
-4.811463421352638
-4.807108352942109
-4.8027273715780945
-4.797826726679704
-4.794763869838809
-4.793321157794999
-4.784732796807072
-4.772329765317571
-4.771499203332566
-4.7706919584467995
-4.759020855013672
-4.754037294547935
-4.7521649944151285
-4.744260046827861
-4.7304218296700835
-4.722286176759675
-4.721327670815318
-4.7197446659023115
-4.711130599018928
-4.701005629770466
-4.693302580043547
-4.691264559953035
-4.68388741223402
-4.6736307813768025
-4.657627812927482
-4.6499108369591955
-4.64410668119856
-4.638901474333898
-4.636385310733587
-4.633810809720423
-4.620355382503619
-4.616503320957661
-4.606749366264769
-4.605708086323857
-4.603049687013927
-4.599624791949261
-4.595210971100933
-4.5860557641227535
-4.586055492610578
-4.580061060462857
-4.576680101381735
-4.57559940279667
-4.572895568918852
-4.559733826209115
-4.558763982882155
-4.553680855545096
-4.553008449594399
-4.552190687003232
-4.550588851137988
-4.543590482542964
-4.539536613855519
-4.539056708060079
-4.53396676461407
-4.533899046510774
-4.531617607357204
-4.527367733425254
-4.510299606549758
-4.502737909873758
-4.4951994214876345
-4.494916123614608
-4.48758372670909
-4.4842217534430375
-4.473557001892825
-4.47290024431021
-4.467054406169574
-4.460367423407272
-4.459506452554387
-4.454150982228969
-4.443649162329396
-4.44264727836656
-4.436261446715087
-4.4256197286589
-4.425358099632954
-4.421715924633558
-4.420371221993096
-4.4147813133140685
-4.4112793499431735
-4.406597282487815
-4.404002009424877
-4.3973086587368435
-4.393256697311511
-4.391872291853324
-4.390621117874001
-4.383128607628367
-4.382346050079903
-4.380335805651508
-4.379059379867048
-4.369543782429243
-4.356273947515983
-4.346468875186467
-4.343512290214626
-4.336990111223913
-4.335929806296442
-4.332166858756928
-4.327373008214639
-4.320059462401431
-4.313409752543607
-4.310688200592625
-4.309606783888692
-4.298408650294387
-4.29716364086735
-4.295118227169882
-4.292289854971949
-4.289298668651697
-4.285985025024164
-4.282759840831658
-4.282414797964733
-4.281860179864111
-4.276745030980308
-4.272837519728607
-4.26814991612423
-4.263818731885639
-4.254281606612763
-4.252158555269444
-4.246323018566521
-4.242604585573239
-4.223107868951569
-4.219190178460841
-4.219111383155944
-4.215874717739517
-4.205901381849432
-4.205900531025748
-4.186730261285888
-4.185866660316848
-4.180676788272914
-4.175744316536946
-4.174171009863471
-4.167747569800471
-4.1646919055992795
-4.157195723855518
-4.1527252490830815
-4.144662134515624
-4.142595615537725
-4.133644366190555
-4.132711024664818
-4.132134261811922
-4.126976283275251
-4.123900646597742
-4.12386807016283
-4.122847636397408
-4.121227846086027
-4.118081556955275
-4.115495430225272
-4.1106652088545825
-4.109977307055527
-4.108799283194205
-4.1014644929176525
-4.096792807779001
-4.095310062261543
-4.0884606272948485
-4.082078916281158
-4.072850160305382
-4.067417154653035
-4.066113715180185
-4.065776131087058
-4.060220270584587
-4.057212228693104
-4.053443749083944
-4.04614149525283
-4.040099203654716
-4.03907624515222
-4.035224460479627
-4.029550850440522
-4.02719178799113
-4.026572481601976
-4.024494989555724
-4.021293525687581
-4.0198308973940176
-4.004642158601513
-4.004180437373545
-3.995487297192314
-3.9933370101753436
-3.9888483461307227
-3.987686750625368
-3.986060973518753
-3.985689505229037
-3.9826222389660257
-3.980461861669924
-3.9780745257340326
-3.9751996936299614
-3.974197622152875
-3.973322431341275
-3.970684067510838
-3.9680139793076026
-3.962574516189353
-3.9590250668718237
-3.955289357995016
-3.950452329044199
-3.940003753924037
-3.9381533341753494
-3.9328941812717697
-3.9100943510803554
-3.9023991234019566
-3.9003188257476964
-3.8950774387400973
-3.8933898347466878
-3.887815747266857
-3.887119243550001
-3.8859474831441716
-3.8788821467765873
-3.878644559591968
-3.874056343689037
-3.872228689089617
-3.870676853203181
-3.870481581709531
-3.8696067528007325
-3.868316936647517
-3.854428517666592
-3.853224073113079
-3.851087024236735
-3.8446007450921464
-3.8335049252581173
-3.8291693609092246
-3.8257394301915997
-3.821152501767598
-3.815242262997662
-3.8144651674123558
-3.805313955624439
-3.8017660908574995
-3.7991855694973222
-3.7969355195072194
-3.7961338075257736
-3.7885129800654256
-3.7828730390395955
-3.7777561048923074
-3.7748823190434653
-3.774286561390219
-3.7710638802134566
-3.769850574077413
-3.7611113607662046
-3.75778373243134
-3.742853244467567
-3.7425230095955833
-3.7406526184665267
-3.737508137130764
-3.7365832078415098
-3.7327289054712445
-3.72931105711082
-3.7277686928683553
-3.724822319954116
-3.7217133404725535
-3.7125653379903403
-3.7066466442919186
-3.7033085021559025
-3.6996361279957335
-3.698911275505146
-3.6920166245366213
-3.6810942926122987
-3.6810197579391297
-3.678896548252391
-3.67886913289956
-3.6755265085591047
-3.673429735241939
-3.666970710778921
-3.6520885843802304
-3.6486026249862507
-3.6336021923511166
-3.623499554902537
-3.619264568253042
-3.615006492966367
-3.612925999058111
-3.61257554811148
-3.596319524560471
-3.592829516862871
-3.5928008050806626
-3.5921447782240987
-3.5914060913423644
-3.5866701192765715
-3.585745511320475
-3.585195546583491
-3.58253168521957
-3.5809950593693696
-3.5751523952022057
-3.562434847553074
-3.561551181577099
-3.560058222627487
-3.559102072176435
-3.5579598251172375
-3.5564739123310574
-3.5501566926336965
-3.5364882582629096
-3.5336995326194143
-3.530366984350143
-3.529733802151368
-3.529361611767592
-3.5287576593789622
-3.5287073683919425
-3.5265940575823596
-3.5246753376153883
-3.518798430828504
-3.510733726367413
-3.507183466410101
-3.506953227588091
-3.5057297340900044
-3.5011224552953237
-3.4872711058471686
-3.4839126647513963
-3.483115973466255
-3.4800648834656087
-3.4770123441163583
-3.473387098779714
-3.4698788504541715
-3.4698315510336304
-3.468250921805721
-3.4654896830596478
-3.4638965686145267
-3.46020998582929
-3.4576128161520296
-3.453497919422009
-3.450671437143699
-3.4493376729243943
-3.4471220933681703
-3.435227852304747
-3.4285388227076714
-3.4283744674292604
-3.4164433563841197
-3.412729238566613
-3.411180395940152
-3.406453785106251
-3.4050138949079023
-3.3988908742889654
-3.3958859585503562
-3.3934628075106614
-3.392825901329302
-3.3908034222063033
-3.390455359375786
-3.3852410366747483
-3.3827269029127747
-3.3815701633857724
-3.381322182616997
-3.3702081409662417
-3.3642966545627866
-3.361464727057733
-3.3583553299699456
-3.347161549817835
-3.346083369194612
-3.337230252588718
-3.3353716556530038
-3.3320113038325454
-3.32453515075728
-3.3004091695309024
-3.297205884263381
-3.2958916910131313
-3.2939153875771483
-3.2930629719863287
-3.290786613765528
-3.2895868120243508
-3.285162407893159
-3.282252380404685
-3.2818486299869707
-3.2804890300461826
-3.2801185825958097
-3.275262662265659
-3.2624584424923357
-3.260221349528972
-3.2554896265060926
-3.255471734691152
-3.253116996569818
-3.2525240111238176
-3.2511711985812584
-3.243269291294778
-3.2402079751848087
-3.238003588787322
-3.2362969221547075
-3.2245692058924362
-3.222835961671419
-3.2186646649140216
-3.2175063719221417
-3.216266716382429
-3.2126301639365256
-3.2074858634382055
-3.1995261272233044
-3.199453536854258
-3.1990125457336664
-3.196488802626317
-3.195967073884451
-3.195621540725278
-3.190596749651399
-3.1891000371649536
-3.1877835350937347
-3.182540536089742
-3.1810081434603776
-3.1802122646193656
-3.173240391829343
-3.172410657378272
-3.1697458219005052
-3.163361658101593
-3.1537784411069794
-3.1466000760896122
-3.141666881415104
-3.138633016129697
-3.1322344044349677
-3.11756508308839
-3.1082516299053333
-3.1022078313394035
-3.09215736484656
-3.088523369851482
-3.0884772101457645
-3.0876316426194292
-3.085574724651724
-3.0683967121465563
-3.0653912437107573
-3.056181105771362
-3.0528534061429675
-3.045655054086711
-3.0446015169319347
-3.0442582041420643
-3.040818638743243
-3.035985382695274
-3.031969905810329
-3.0306511559524254
-3.030348051570175
-3.0261155034705363
-3.0174881692389706
-3.017291505095791
-3.017037103047482
-3.016171177168019
-3.013056650046878
-3.0115722422840925
-2.990860047465461
-2.990484253528894
-2.9851868289353094
-2.9823249063194024
-2.981025197373877
-2.96675755974221
-2.9631248624654662
-2.9583065262253876
-2.955211229738743
-2.9543149057306706
-2.9520461898373185
-2.9512888774310024
-2.9499757920584098
-2.945748263135604
-2.941756899356445
-2.940882064866467
-2.93574710412405
-2.934320813812298
-2.9309747283309475
-2.9270366845506457
-2.9191043406553105
-2.9179076808639097
-2.912948582374697
-2.905743218172063
-2.9052442836974484
-2.9011456119625
-2.899102761427814
-2.895402672602962
-2.894615571642923
-2.8798069496678496
-2.8759757415779075
-2.8744616731828407
-2.8734874984827776
-2.868473135168864
-2.8678478773368665
-2.8672846908900995
-2.862333813799329
-2.8617009382792924
-2.8601075003215737
-2.8571139641607077
-2.8489021789466062
-2.8455916786419415
-2.842914298945929
-2.8419604665803373
-2.8414465667105575
-2.841184976062304
-2.834601995446791
-2.833379029517883
-2.8331413020210072
-2.8210188831862895
-2.8208895986212807
-2.8200608772361617
-2.8181460354623287
-2.81718359097515
-2.81193533831354
-2.803295525712352
-2.802985183745947
-2.802766568578294
-2.802620388764901
-2.7994526549428445
-2.7994247066889844
-2.7985456274876794
-2.797758511699647
-2.792591721111845
-2.789365084467499
-2.7880004958784976
-2.787804068549764
-2.7867763120619182
-2.7858901794279474
-2.7804043146540662
-2.7787246098544385
-2.7716449458676697
-2.7703831386532705
-2.767143775817618
-2.764480343642317
-2.7618191301668396
-2.752613767809743
-2.7519847676775084
-2.7499474535368864
-2.7414963319072196
-2.7414064391487667
-2.7413903146357237
-2.7337341696525925
-2.732230914524922
-2.7294625655654805
-2.722750535762778
-2.7207335541613267
-2.7202432459751575
-2.7195207235080594
-2.7138904055952575
-2.71168321317665
-2.704115201077584
-2.7032853123644736
-2.702774574027478
-2.7016422852217614
-2.7005374955421804
-2.698130478035313
-2.695839678030654
-2.687987385470211
-2.686157151903139
-2.6839200445379117
-2.6822638931961755
-2.6784627642843515
-2.6756489829640824
-2.6718823018752733
-2.6691307977395544
-2.665134827292206
-2.6643777524180043
-2.6494435063912594
-2.643615828196212
-2.642071417501447
-2.642021969378397
-2.6417178226604774
-2.641407105742847
-2.641277307388197
-2.639941524218547
-2.639874840604949
-2.634149999917363
-2.6310721995395827
-2.629125384966473
-2.6248986069457483
-2.6226914900716767
-2.6223685524206655
-2.6215778911826155
-2.615871998174379
-2.6142970972560695
-2.61310890653258
-2.613104716658225
-2.612226963267966
-2.608481692851187
-2.6068527014378917
-2.605069648134684
-2.598573276062993
-2.5962317704927536
-2.594673058732876
-2.5942466525267642
-2.5937937490312084
-2.591787601285609
-2.589911893927818
-2.5893544732335485
-2.587326151522996
-2.5866270801455213
-2.585555776670733
-2.580636888215804
-2.5778059704781295
-2.5764105919446694
-2.5746301035238854
-2.572274284903399
-2.567372569971459
-2.5667411724701727
-2.559593024136335
-2.5539604789241084
-2.5529674699103095
-2.551505902595374
-2.5511620186839012
-2.548140523504535
-2.546133986152583
-2.542211238152172
-2.5353021400112987
-2.5333735194595053
-2.5317571853667404
-2.5309248965783775
-2.5305164010400234
-2.5286045163590676
-2.5280900500178105
-2.525944722065518
-2.5233393156243573
-2.5231813933949394
-2.522547950996889
-2.5223870166898283
-2.522204228728263
-2.5220529302849277
-2.5189016779463245
-2.5164660616363426
-2.5152816162416523
-2.5074655915348005
-2.5023692700294897
-2.5022788631623727
-2.49926158438926
-2.4982566751198934
-2.496760359637265
-2.4937826361600584
-2.4929021484552
-2.4909767829630844
-2.4880784867009624
-2.487972998497643
-2.487832078602548
-2.484939917448064
-2.4818085173235613
-2.478761927113154
-2.4780581773835655
-2.4759723475936948
-2.473191362324317
-2.4715288192266005
-2.4691257682317365
-2.463910110926451
-2.462990413105281
-2.462688254377635
-2.4563904967149184
-2.456364462297726
-2.45445347682084
-2.446927577130391
-2.446214621617343
-2.4413910094497604
-2.4413156277380397
-2.437280516561802
-2.436784508513805
-2.4351039338583194
-2.4325245560317725
-2.429874966093176
-2.427096343787161
-2.42338958548603
-2.4094383107751782
-2.407646899385664
-2.407633706772439
-2.4047215544488574
-2.4044342506288174
-2.404126171437809
-2.4031668498714067
-2.4023539003055943
-2.401945798336962
-2.4014485995918076
-2.400911584069553
-2.400823657195503
-2.40015724557661
-2.3987716459199566
-2.3894200960309386
-2.3887816839758007
-2.3870725425411967
-2.385985096486124
-2.380194083919215
-2.3780115414399683
-2.3763114509513823
-2.3716270774189105
-2.3700219609219286
-2.3663534419896037
-2.3628542057162973
-2.361394421441907
-2.3608613116927084
-2.3594421668718715
-2.355948412399769
-2.3554894860362827
-2.3547248005971677
-2.3546165923895934
-2.354345538124207
-2.35364478561329
-2.353385945634402
-2.3473890470597634
-2.345793533713261
-2.344798290364741
-2.3443682228010245
-2.3443230865893674
-2.3435536979402376
-2.342904437878333
-2.3386305116000035
-2.3382697890406994
-2.3358658199594253
-2.3352737723628785
-2.3260540152409153
-2.3244564424006873
-2.32285427215895
-2.322760079039618
-2.322115222742083
-2.321962593803364
-2.3213102737991163
-2.320309917239622
-2.318791914935151
-2.3186174071949366
-2.3155665090678372
-2.3129164134991247
-2.3108660601912296
-2.3070338301347917
-2.306955564139688
-2.3024449788560344
-2.3018847512590415
-2.2947135589882643
-2.2863977862122606
-2.2805610754961485
-2.2773063009177887
-2.271837288863863
-2.270943347451197
-2.2699743252304563
-2.267553061406542
-2.2671198323896635
-2.264783906049227
-2.2641790425008677
-2.2593070234068904
-2.2589933894290803
-2.24974722982007
-2.23989521719317
-2.239109009427489
-2.233863008545379
-2.227570234778899
-2.219430685530284
-2.217117368193376
-2.212827447688251
-2.2111889081182245
-2.2034174160839424
-2.1939932485542513
-2.1921656861158354
-2.191086157329457
-2.1891608619697425
-2.183488865781957
-2.182667891799485
-2.174311309057318
-2.172520132943544
-2.1673762194350226
-2.1645385195153306
-2.163886439540318
-2.1635184520960293
-2.162307460302622
-2.1540876452862947
-2.150663167158171
-2.1502870518858623
-2.149647931590611
-2.147687115829193
-2.1435501895299907
-2.142900301110769
-2.140880553180642
-2.1387659201229923
-2.138378858718147
-2.137779399811868
-2.134069904471709
-2.1285768977452895
-2.126590360772054
-2.1238460183528214
-2.1230363946456183
-2.121938420867497
-2.1218693027118007
-2.121263564845898
-2.1199495396065595
-2.116774496436725
-2.1147957712402676
-2.1114946115481668
-2.1095902299016163
-2.104525333954844
-2.1043264526431953
-2.103571976316366
-2.1028353071041055
-2.099703881749586
-2.0974255041041383
-2.0966695464512966
-2.092637151924928
-2.090134550665051
-2.087349869840175
-2.0864007105375824
-2.085445329874763
-2.0765630965071673
-2.074909230711971
-2.0715046762585994
-2.068982369642153
-2.0678877615153874
-2.065758980455651
-2.055657436713991
-2.055520332107764
-2.0542406985494184
-2.0529264989447418
-2.049810203449905
-2.0497367105448165
-2.0478816673012026
-2.046381968525131
-2.0446778092948925
-2.0442636722896212
-2.043348328083643
-2.038125341068016
-2.036566721504797
-2.035129401681093
-2.0338857664716805
-2.0338037074962987
-2.0275927615922575
-2.0235801585223085
-2.0234383946109396
-2.0231182848666815
-2.0227417659060567
-2.0220113042936485
-2.0170682294682662
-2.0170645060896555
-2.0162641995640556
-2.014910813914434
-2.013783646296472
-2.009167853800469
-2.008301691163671
-2.007977864227795
-2.0065265568013912
-2.0063879421487907
-2.00170882581726
-1.999046796291784
-1.9904765108181082
-1.9876141507385348
-1.9873327530440572
-1.9860595867377466
-1.984690381685334
-1.9840487851931279
-1.978015041519199
-1.9775567831883079
-1.977168063718112
-1.9763348665087777
-1.9741873790501985
-1.9708338145770994
-1.9702283129245137
-1.9698688742631234
-1.965588563113498
-1.9627554429294218
-1.9618049629785093
-1.9595074937464223
-1.9558319646045224
-1.9547907673102316
-1.9503919762363728
-1.9416233077963931
-1.9394839075440264
-1.9366309437717097
-1.934692295899878
-1.9316031512882312
-1.9300073411034118
-1.9271036674599509
-1.9266222117432343
-1.9266049892429802
-1.9234916757994334
-1.9229491828685528
-1.9213975451136962
-1.919431020545678
-1.9186682751326112
-1.9088895614558683
-1.9048453169712398
-1.9038623913313282
-1.9022091273236548
-1.9006664808722784
-1.895661314858558
-1.8951217413880155
-1.8943026373024618
-1.8935731623574954
-1.8893723985082886
-1.8869417035419505
-1.8842736519034904
-1.8828964637799825
-1.8820857411604577
-1.8813224141446292
-1.8797789234797757
-1.8795447157825902
-1.8744476077423622
-1.8702095216409775
-1.8694527205158873
-1.857438861165218
-1.857042490008147
-1.8542080161282002
-1.8521997830679386
-1.844352642456922
-1.8433837905205221
-1.842360557613917
-1.8331827787267836
-1.8330345733785893
-1.8323427071199376
-1.8310083353968527
-1.827441358975549
-1.8244213525422766
-1.8243219044335093
-1.8225165885536954
-1.8205540112847338
-1.8066652141367068
-1.8052089031265317
-1.8015565225414525
-1.8006233048766733
-1.798763567810962
-1.7966931268413202
-1.7956691020795923
-1.79351478622612
-1.7913139876828361
-1.7857967389822749
-1.7857699614712585
-1.7832126167071558
-1.7823474554708811
-1.7743870932023724
-1.7741696868643066
-1.7714033730606098
-1.7705998499297284
-1.7664601184082416
-1.7647570095847476
-1.757566142131599
-1.7573932823013985
-1.7501890977349166
-1.7422948162261742
-1.740245509386807
-1.7378455399841286
-1.735984581205436
-1.7355411833317038
-1.7349488312932033
-1.7344780677731728
-1.7313348688720858
-1.7301432656213684
-1.7248439401282833
-1.7218883143761838
-1.7213967733563384
-1.7099738786477356
-1.707753845734775
-1.7073775742580306
-1.7034246944297988
-1.701134039772184
-1.7000060769746075
-1.6960358025478848
-1.695372614418647
-1.693002690057789
-1.687919668094478
-1.686931797420587
-1.685313502838643
-1.6840916678907343
-1.6837902255169024
-1.6827198953627638
-1.6810873730845068
-1.6778756962722872
-1.6764026708094848
-1.6748840855389078
-1.6737363964609593
-1.6714301974746286
-1.6698382896619397
-1.665126965907809
-1.6622920069377356
-1.661818765463139
-1.6582048633774389
-1.6560030191035662
-1.6556890518613459
-1.6524530965666764
-1.6521173721095368
-1.6495518561527034
-1.6494361516025835
-1.6469620108706786
-1.6453238921669788
-1.639268384910561
-1.6369311692839057
-1.635122702430925
-1.6348961947890732
-1.6310828780582018
-1.6301600862652283
-1.6253564557224596
-1.6221342338789522
-1.6218432689655335
-1.621165248464514
-1.6206378677280546
-1.6203305984791208
-1.6161226575384828
-1.615248761775743
-1.6129725663669265
-1.6106266620442768
-1.609582705298249
-1.608430509140975
-1.6074828294833077
-1.6057805054870962
-1.605511122654435
-1.6048160975746364
-1.6040652863752494
-1.603188973520622
-1.5972180816878765
-1.594801452456172
-1.594430478306204
-1.590515316883508
-1.5882229699327892
-1.5826162755605662
-1.5818725797149402
-1.578560802860718
-1.5719145310991138
-1.570443429408622
-1.5703190182762632
-1.5681343405967583
-1.5627317086634493
-1.562668592127279
-1.558606096703739
-1.5499569667568702
-1.54812938594412
-1.5473990206198247
-1.546455010617961
-1.5451649744374527
-1.5446902148866375
-1.535504767752347
-1.5344326280556813
-1.5331337502508644
-1.5310502827100245
-1.5237006482436093
-1.5214472855194272
-1.520094829725956
-1.5186266371414636
-1.5159286114908102
-1.509381372424222
-1.508417615148123
-1.5055299943870861
-1.5039348766194998
-1.5036924388710051
-1.5008149102961648
-1.500666594658
-1.499029337899533
-1.4975783140755792
-1.496121210850557
-1.4945091766218552
-1.4944771265840422
-1.494269459217955
-1.4901017596709571
-1.489208397728498
-1.487467880391851
-1.4860934255404996
-1.4841496410889576
-1.48266866747701
-1.4821187870648551
-1.482084295595998
-1.481437958098223
-1.4813980492280652
-1.4808138020525006
-1.4803856290005137
-1.4775109228389134
-1.4748153110815225
-1.4740215968341324
-1.4731170083584522
-1.4699983395704763
-1.4674577888951887
-1.4668658479152312
-1.4667188128567858
-1.4664465527617023
-1.4638854320331314
-1.4635650540995289
-1.4620649306699751
-1.457969974141382
-1.4546266936547363
-1.4541876093318744
-1.4531456838438777
-1.4510200498939945
-1.4495744287396561
-1.4403035390467762
-1.4401966640126063
-1.4387764603699353
-1.4377441054482978
-1.4365217747296242
-1.4337864607076003
-1.4325596503227649
-1.4321226279731059
-1.4316564059117216
-1.4299144608973
-1.4273448613889286
-1.4242390946279535
-1.4198622728147854
-1.418598001289243
-1.4183547386471003
-1.41760835848562
-1.415991119205699
-1.4154436209770485
-1.415326382246537
-1.4142959803106727
-1.4105555453662881
-1.410181184195651
-1.408837481105929
-1.408587303731743
-1.4069887831105583
-1.4065641055610154
-1.4040984074529896
-1.4030943385840922
-1.4012706542033326
-1.3953949560204706
-1.3933472423256976
-1.3929189842002065
-1.3916323412572669
-1.3895138554447328
-1.3871159660233139
-1.386677608491303
-1.3847675193487978
-1.3843698917679013
-1.3837600625536703
-1.3824045443778448
-1.3803848273291541
-1.3793904445609189
-1.378764454602515
-1.377963380329201
-1.375604133432312
-1.373474507423949
-1.373065874469814
-1.3716208570067034
-1.3711914652673203
-1.3666664900536958
-1.3590564702125891
-1.3554071911430459
-1.3553789691583633
-1.3529418823274242
-1.3511050772058546
-1.3486457355893113
-1.3446134298240926
-1.3424629027724766
-1.3362174091197052
-1.33505581410366
-1.3339001569590871
-1.3334451491779706
-1.3329901642947661
-1.3314336189768434
-1.32994129316259
-1.3293549028926501
-1.3279596051641376
-1.327363845918048
-1.3260262100455729
-1.3148731981616546
-1.3128285079087147
-1.310209360832622
-1.310153554972126
-1.3083268120913665
-1.3070465366015669
-1.3059186524630577
-1.3046966208464663
-1.3030065407004616
-1.3025098237911559
-1.2994494038418818
-1.2990471664125949
-1.2959636571825592
-1.2944870547354652
-1.2889790822222575
-1.2853133585185066
-1.2800203937373675
-1.2755899890320548
-1.2741757864664967
-1.2707662045684212
-1.26955387808048
-1.2689521746338848
-1.2656656838930789
-1.2609059619181833
-1.2596891683492455
-1.2596620831112881
-1.2587566780630062
-1.2579072411929153
-1.2558537691175296
-1.2538801099128458
-1.2535051430675144
-1.2510317580382004
-1.2501115822196147
-1.246135407157922
-1.2457728893298508
-1.2423649450499168
-1.2413742006169552
-1.2400197054611088
-1.2397627344222948
-1.2393819926290082
-1.2361836001068356
-1.2348622210982363
-1.2328647541978686
-1.2301387103559887
-1.229268526854661
-1.2240036767670754
-1.2225505901514457
-1.218593727923074
-1.2176588412869345
-1.2151639590090189
-1.2119407512538103
-1.2109377349317776
-1.2048219632217265
-1.2042045217863815
-1.2032918868015614
-1.198489796429368
-1.1982032098938256
-1.1963545954977062
-1.195276292615828
-1.1941076197330742
-1.1932874846635237
-1.1907061052772945
-1.1902628744906811
-1.1901053326343924
-1.1887989961744738
-1.1861142393934165
-1.185919186170244
-1.18587122319275
-1.1855139403727852
-1.1814708324892027
-1.1797552538372595
-1.1764101343279174
-1.1737070969892103
-1.1722764119799547
-1.1719093207623228
-1.1713750320928318
-1.1706420416558105
-1.1693798187508313
-1.166409343693587
-1.1657137766052588
-1.1655615961036454
-1.1648388511507415
-1.164388862694629
-1.1643757538778785
-1.1608725572198222
-1.1605155581786017
-1.15997825133593
-1.155394950459548
-1.1548772593513053
-1.150569968865105
-1.1441560271585283
-1.1441307852654985
-1.1428918675582014
-1.1418615076605698
-1.1355980607023324
-1.1353789659295388
-1.130657069467584
-1.130600046478869
-1.1288408932109952
-1.124475733479627
-1.1208909551849087
-1.11936135994343
-1.1138814751687183
-1.1098522913719813
-1.1073169412956725
-1.1046633598886229
-1.1046143765781915
-1.1029635476238693
-1.1023741551858885
-1.097787209189067
-1.0975856830953084
-1.0968337632800185
-1.0966042918418628
-1.0962581197409866
-1.0957126634569614
-1.0932606999853614
-1.0926037372223392
-1.0894612242512092
-1.0850450241617464
-1.0781952373215975
-1.0779597537569394
-1.076336470862446
-1.0748127573422872
-1.0739711630469548
-1.0717776171145683
-1.0669657469669485
-1.0656683804325888
-1.063699962694225
-1.0621335309931876
-1.061921051945177
-1.0617481628401777
-1.0547164742562907
-1.0522295989517594
-1.0510471387474578
-1.0501423086834534
-1.0483763251183622
-1.047453184670856
-1.0466077758145087
-1.042788327508032
-1.0418373314798792
-1.0415877296831546
-1.0402414466364873
-1.0342547555992851
-1.0322595896676678
-1.0311879155252472
-1.029749363217675
-1.0252429018287303
-1.0225820663058882
-1.0183541376894518
-1.0181016856785199
-1.0163515477790457
-1.0156456395198221
-1.0150140225237247
-1.0126547662374834
-1.0114168944941557
-1.0077457444834108
-1.0061924466815158
-1.0056788191057229
-1.005244313153438
-1.0046401221968793
-1.004574178450326
-1.003728321981245
-1.002295955217206
-1.0000015515758949
-0.9998423508394559
-0.9964728456303249
-0.9942477999703807
-0.9931363991415343
-0.9925130429005325
-0.9910391395933527
-0.990838726267436
-0.989233276001733
-0.9883979156856824
-0.9846901401650636
-0.9836757653848246
-0.9823083370369217
-0.9795202766156341
-0.9732220122814459
-0.971742243571749
-0.9714695754346594
-0.9704143645319916
-0.970222501600201
-0.9679582881205006
-0.9672470299826053
-0.9641337802277201
-0.9635254929826458
-0.9629478644502681
-0.9611188861248947
-0.9606891875563974
-0.9599106309603846
-0.9586772287058078
-0.9567494157396411
-0.9561361177287587
-0.9537176456851906
-0.951735814585913
-0.9498108576615151
-0.9493677394900422
-0.9491406331141028
-0.948992513178571
-0.9485675110001716
-0.9477125766717222
-0.9457095204456145
-0.9432724119294563
-0.9416284785554682
-0.9416134372480028
-0.9377146383661085
-0.9346632201931399
-0.9323649441351609
-0.9322203067920374
-0.931472248907382
-0.9290098138062272
-0.9288831675484552
-0.9284306032225408
-0.9263283324902436
-0.9251462369753046
-0.9231684735161705
-0.9221898463198739
-0.921770667686336
-0.920975183978469
-0.9206076015357196
-0.9195120995233337
-0.9193983692451599
-0.9191817496200803
-0.9189072409190997
-0.9186289551107191
-0.9166328317727686
-0.9164045490742909
-0.9157522609971036
-0.9153742936222007
-0.9114874558488952
-0.9110635365535604
-0.9104356237924176
-0.9101025579555334
-0.9084586226017325
-0.9074437681424101
-0.9057510177473943
-0.9021215030042027
-0.897923059858852
-0.8976476677168596
-0.8976048991037869
-0.897208541332435
-0.8903669018081275
-0.8896320385135055
-0.8863646088898859
-0.8842743146790947
-0.8840422018294647
-0.8839090766043904
-0.883816564554998
-0.8821480968543363
-0.879475423620395
-0.8767124825917361
-0.8740345142752528
-0.8727639865553847
-0.8692559877041345
-0.8679423918458361
-0.8667867301106306
-0.8651892976411654
-0.8612381500708781
-0.8583657767453532
-0.8582199934998328
-0.8552160900993652
-0.8551313164366297
-0.8531058448720069
-0.8483947276329513
-0.8469849639908855
-0.8469234745044443
-0.8449072520961602
-0.8438786109278223
-0.8416594780001351
-0.8406735043443154
-0.8393955630199489
-0.8392529435356214
-0.835788188566678
-0.8355507871756702
-0.8322179130330929
-0.8311604405297913
-0.8285522585912878
-0.8261115777474862
-0.8251747997121093
-0.824297189084975
-0.8200724111627204
-0.8198474684189323
-0.81712634582921
-0.8160186440175375
-0.8118414106661442
-0.8102158784321749
-0.8100390605533605
-0.8090804696124723
-0.8090347703135381
-0.8075098724628926
-0.807470849751711
-0.8043564489488731
-0.8037598895675485
-0.8036073331931252
-0.8015176825314402
-0.8012087603615818
-0.801176543992176
-0.7946400927932059
-0.7933886201862345
-0.7931575126874509
-0.7930324311926431
-0.7918756993485105
-0.7906189221855868
-0.7903627859746741
-0.7877069071041147
-0.784735742294873
-0.7837348293638364
-0.7823108191439823
-0.774860560931131
-0.7730033223619499
-0.7729879629316938
-0.7710066334176615
-0.7705123702188116
-0.7691069640311603
-0.7690311625154629
-0.7683538732063767
-0.7680437145992406
-0.7667439843032251
-0.763912200432483
-0.7608673751954916
-0.7605984932438368
-0.7605402632015215
-0.7596102265663899
-0.7581288314869716
-0.7562678100947315
-0.7558434739563704
-0.7509132112015551
-0.7483387293677197
-0.7471941853068544
-0.7453042323160497
-0.7402624325840701
-0.7401745951979278
-0.7390883381148214
-0.7370947166144287
-0.7370010774690048
-0.7367536580745002
-0.7354289175834039
-0.7320952182345573
-0.7314147864949487
-0.7300914394258893
-0.7295857161118019
-0.7295171690803955
-0.7286032561739044
-0.7254163474312483
-0.7251857149603436
-0.7250280735432368
-0.7140992687602954
-0.7115273601546023
-0.7113536874227255
-0.7104982346035356
-0.7092493267553145
-0.7084990536606949
-0.703525354950395
-0.7034437195454903
-0.7033711640603408
-0.7032671680263816
-0.7015925231927
-0.7014791100851699
-0.7012359638992517
-0.7008679655332627
-0.6953411554340043
-0.6952657253259615
-0.6941316148731809
-0.6940951811248423
-0.6936538304821405
-0.6929613320891437
-0.692371638491227
-0.691933884301676
-0.6917980845058279
-0.6892784735861011
-0.6887984435120077
-0.6886718295578621
-0.6865765053971891
-0.6848861384523447
-0.6805792953748904
-0.6804686608495757
-0.6793359102457169
-0.6792674664035443
-0.6768018622786802
-0.673125373532132
-0.6729008008759885
-0.6693087517090799
-0.6665558013873415
-0.6629711143349318
-0.6621740585352774
-0.6601503718056496
-0.6591997877163782
-0.6575112364857021
-0.6544386110214162
-0.651924626107903
-0.6515436992101379
-0.6514145099325597
-0.6491342506722304
-0.6490928206452216
-0.6477600209614023
-0.6400008048146529
-0.6389246937283977
-0.6382952033705389
-0.6372935847344413
-0.6371641713949923
-0.6327511253215448
-0.6305740316525499
-0.630152935787646
-0.6300565672281494
-0.6296237235537724
-0.628553107133537
-0.6254666562931237
-0.6245918829248391
-0.6234700304552725
-0.6228933809144581
-0.621934061978375
-0.6206516533562456
-0.6167332918189784
-0.6148830642326036
-0.6130342520075661
-0.6117024104094403
-0.6105716994593048
-0.6097381882903721
-0.6090963273693927
-0.6085939274360248
-0.6079621060058291
-0.6069642910074247
-0.6039096480764602
-0.6036237086826355
-0.5988239405794804
-0.5976655990323346
-0.5910086319028235
-0.5900093799833788
-0.589951278367069
-0.5889124865561213
-0.5881971846602584
-0.5881812979775749
-0.5849827382200714
-0.5835793680172477
-0.5824629706741908
-0.5819798891176146
-0.5789437391930705
-0.5785989554152269
-0.5762553660195281
-0.5754726671506136
-0.5754512417244682
-0.5732391063523866
-0.5721241598695442
-0.5720487517325904
-0.5672065847893014
-0.5669734939648888
-0.5644632262677474
-0.5633710257562431
-0.5629975828102465
-0.5628827246116267
-0.5626284392860166
-0.5624863990013761
-0.5564857726239737
-0.5562027227709709
-0.5557624833274979
-0.5550200401819779
-0.5531031949092208
-0.5468975352554122
-0.545443426114757
-0.5446487145656629
-0.5435688171328171
-0.5433352644149038
-0.542247560359922
-0.542095072538393
-0.5403052770938167
-0.5378924613451216
-0.5370042018493579
-0.5369021502936295
-0.5365698547153801
-0.5348535590006479
-0.5285906095934488
-0.5284385902933108
-0.5282884513436958
-0.5276682580336024
-0.524732659037425
-0.5224044188103085
-0.520414605361241
-0.520396445930969
-0.5200794137523597
-0.5197529100903422
-0.5179308514361104
-0.5162070142654891
-0.5151595930632605
-0.5147349021867251
-0.5113287627308014
-0.5108095553071579
-0.510736461767043
-0.5092243875918692
-0.5059174787579728
-0.5050947222673867
-0.5050418095360139
-0.5044205312482222
-0.5041136859589386
-0.5019636363274032
-0.500971312258914
-0.4999512439368894
-0.4996144030907054
-0.49900606365699984
-0.49843716368646085
-0.49251904586027556
-0.49149419184843635
-0.49113658531559556
-0.4906816894497693
-0.48937551331146434
-0.4874656529811171
-0.48662867157411077
-0.4849732434157564
-0.48347060183191526
-0.47598120055098464
-0.4759759242139579
-0.4754951820661395
-0.47371075086058956
-0.4698245796704079
-0.46839026074264273
-0.4665297859077475
-0.46483469159570656
-0.4617253521328969
-0.4602884970347396
-0.45863091426589253
-0.4573556594548517
-0.4551134257934807
-0.45409238635232174
-0.45365804693238754
-0.4527709744946774
-0.45254878377816155
-0.4512948756997024
-0.45046717301363126
-0.45043761389016135
-0.4504022788938505
-0.4460029698877407
-0.4458280768262789
-0.4372602543173296
-0.4369584241887525
-0.4363444402949679
-0.43510091837200515
-0.43407300104906216
-0.4327942358795891
-0.43214724369471524
-0.4319771913963403
-0.42963614514185544
-0.4281824260287267
-0.428088200635437
-0.4273504352642268
-0.42709708191250717
-0.42610725103823155
-0.42589412218785017
-0.42573090802780944
-0.42343923193524713
-0.4210314323360791
-0.41855119153387677
-0.41602770290641644
-0.41276108857443733
-0.41264746979725114
-0.4102205585686338
-0.408676769678066
-0.40775811907770876
-0.4066790052099868
-0.40667181238986916
-0.40331795437021967
-0.40256175682924744
-0.40229411220017497
-0.4016753140662521
-0.40073260571825664
-0.3997020295890492
-0.3989691797089605
-0.3983672796308302
-0.39700806877490535
-0.39578547932589747
-0.3950419546192132
-0.38915552533309206
-0.38842542806444924
-0.38712685671331126
-0.3828561118721141
-0.3818364586572278
-0.38101242470666763
-0.37754482354645036
-0.3743605427767983
-0.374286389086653
-0.3699253014751773
-0.3684603320129718
-0.36606822825358903
-0.36540509134035587
-0.36435009764914994
-0.3626829166641137
-0.36159744424496054
-0.35794151335564384
-0.356147266203764
-0.35419729707472336
-0.3530660688089296
-0.3526043899790752
-0.3524206770889603
-0.35091585531984815
-0.3506811243569238
-0.3506427068457879
-0.3506195176513261
-0.34888836874756146
-0.3456647456337243
-0.34395553390112477
-0.3421705519475339
-0.33900668823895785
-0.33797911256677193
-0.3377175461437105
-0.3358749426912193
-0.33316553157073237
-0.3319207850991339
-0.3313420871968242
-0.3309211938079999
-0.3263992731160069
-0.3239726138224952
-0.3221227026825818
-0.3211642578365535
-0.31988876506780073
-0.31959995834987587
-0.3192692417626074
-0.31839064688571206
-0.318046143635367
-0.3174441246051456
-0.3150750927908331
-0.3148000830228541
-0.31235413053789085
-0.31002975654047826
-0.30855516429233476
-0.30778964922532936
-0.3068882267899674
-0.30517658102964607
-0.3039009335850469
-0.3032016220519057
-0.3002911620877904
-0.2998129760811635
-0.2973996070794169
-0.2966458801978813
-0.2961951048011322
-0.294400348746383
-0.2921879662208964
-0.291570354997296
-0.2901606522926874
-0.2892715879843187
-0.28903152433658064
-0.2890019251536732
-0.28554008607402825
-0.28479339451070784
-0.28024831501474745
-0.2788186677421307
-0.2766023254851924
-0.27635027836176007
-0.27480611499926
-0.2734741264593564
-0.27016292312362566
-0.26951259933526406
-0.2681669121541095
-0.26791917088000766
-0.2675852756085273
-0.2670675664684836
-0.2661181693565372
-0.2656001859991206
-0.26518281354186524
-0.2635442372228993
-0.2631234573906391
-0.26290765892209156
-0.2628340700133066
-0.26099790822623736
-0.25734993540614054
-0.2553272078887081
-0.25446514266479936
-0.2529936088016389
-0.24836328846787908
-0.2435609136876653
-0.2430474096875176
-0.24094949106833574
-0.24028921373969
-0.2379297951814756
-0.2346317206085295
-0.23250111381766553
-0.23101983859088382
-0.22891922103398155
-0.22600425274280622
-0.22558374520215307
-0.22176264545274255
-0.22136709463742577
-0.2201309974996708
-0.217735105525103
-0.21454675731164452
-0.2139458527650343
-0.21080098900314903
-0.21045212316769724
-0.20694171362854563
-0.2063110290176856
-0.20592725336015383
-0.2041566022020178
-0.20387555774130944
-0.2015615398313937
-0.20024720770580895
-0.19994178745637903
-0.19756232644258453
-0.19723437397589794
-0.1958504438806019
-0.1955362523091378
-0.19457422694901888
-0.19238590657305965
-0.18916422238754482
-0.1864606447897429
-0.18449139044785381
-0.18069410666813568
-0.18044183555925353
-0.17757659221694633
-0.1772466624693726
-0.17555136551107062
-0.17454125838377377
-0.17404541268067475
-0.17120082807446024
-0.17059103509468987
-0.17033862308625058
-0.16695417718951178
-0.16434140504172212
-0.1635502978812775
-0.16085978686622093
-0.15940117118074126
-0.15881142175283963
-0.1528503234806528
-0.1527025105611331
-0.15215441520717687
-0.15180711165683491
-0.15112848518748112
-0.1497221771330779
-0.14812680330148398
-0.14796325663906307
-0.14754513645052414
-0.14553468737467423
-0.14378150600040884
-0.1417808115181054
-0.14095545745486887
-0.14052092172759667
-0.13960584124245656
-0.13853689865808982
-0.1381434198086154
-0.13779704244573004
-0.13775263609145727
-0.1370651289868765
-0.1366065844566197
-0.13626530336687812
-0.13589404971232355
-0.1331761468497972
-0.13212216441157543
-0.1319162106593762
-0.13111783766237503
-0.12916883983462946
-0.12839680150272914
-0.12779253068533492
-0.12648472273953024
-0.12648252289471595
-0.1258484930556392
-0.1249656305618897
-0.12384840965860733
-0.123548229317054
-0.12353623047807327
-0.12315992893597139
-0.12187522114020455
-0.12075234047548869
-0.11854837313367944
-0.11813933963562906
-0.11770165924551101
-0.11412526899602482
-0.11321588328944167
-0.11156999154874114
-0.1111502681815909
-0.11006905227810271
-0.10854868642044302
-0.10839710772724684
-0.10569956938016267
-0.10511339182390989
-0.10434023250854696
-0.1033506769795407
-0.10266649246978221
-0.10216894560991097
-0.10185685129058464
-0.1009732154203482
-0.10067216161450099
-0.1002496090556626
-0.09811693149486245
-0.09765732397452265
-0.09661882685347231
-0.09441498913392676
-0.09433144783209346
-0.09342726720666283
-0.09275846139679911
-0.09166756055597597
-0.08981715116490041
-0.0890772150458726
-0.08900937534202924
-0.08856856704388716
-0.08828237221121976
-0.08550712757831747
-0.08512214512304012
-0.08436403292929909
-0.0843012374920224
-0.08259568687244989
-0.08041417942397398
-0.07937562534297415
-0.07893189061982495
-0.07792302636618043
-0.07535764800143607
-0.07299894768104609
-0.07008873463560628
-0.06633096997818466
-0.0646234938715228
-0.06359053355465916
-0.06138014690582985
-0.060444032307421125
-0.06018727192809825
-0.058700708800262236
-0.05575574297125652
-0.054928877411838606
-0.05481896463582987
-0.05296940366249148
-0.05211697155547229
-0.05162497905139063
-0.048106950772414725
-0.0459249899040568
-0.04236871009948351
-0.041474486846856506
-0.0405739087742993
-0.03719958873235285
-0.03506361069503805
-0.034845970854250896
-0.034757144069354984
-0.034287917528002775
-0.033505037573836466
-0.03339654606256126
-0.03294914422245637
-0.031668072464867136
-0.029588979467147447
-0.02683534795844522
-0.026386471382253474
-0.024262106143955908
-0.022320493683317677
-0.022132044936125084
-0.022002235047405172
-0.021620717148837176
-0.021539106922425555
-0.020611479431054736
-0.020083018927559544
-0.01835553393866518
-0.010971651165218255
-0.010214955622904753
-0.008446613040962836
-0.007198950752854594
-0.005755981888029615
-0.004266988387264692
-0.00405747916510979
-0.0026740507442511996
-0.0005462941805890464
0.00022981896507087707
0.0004993365335451139
0.002599866275917573
0.0028710841079064853
0.0031780070830361717
0.00349957146701374
0.003986395935983156
0.00421804927484426
0.0046413136248008025
0.004836573620355167
0.004993291688410041
0.007970222146661765
0.010617684751140222
0.01116785288114941
0.011930236518848947
0.012846687643507937
0.013189068393078207
0.014947134393071049
0.01578005732633908
0.016786278171638414
0.018887499737060498
0.019502531714957194
0.01966138548695817
0.02108867887135929
0.021124575544603563
0.022075764722051305
0.023700414009064336
0.023972236135948566
0.02475035049085339
0.028710614497687692
0.029332167535349507
0.03213705789697199
0.03404856085012331
0.03576522393743842
0.036446798278107595
0.03650056836832061
0.0395608402343538
0.03972782028549604
0.04096242252720339
0.04737682150989467
0.050303963864105905
0.050395368594354034
0.05079478539223681
0.05170708701466009
0.05185292249843955
0.05274894008082765
0.05497285316688416
0.05586635005216645
0.05671835525321689
0.05706751541267563
0.060675530553409115
0.06144066599244721
0.06436592268793964
0.0648307813390471
0.06838125949287699
0.06909426676914032
0.07113432675692777
0.07286464591037167
0.07303167975061386
0.07344432250376692
0.07428734584391805
0.07510610969167686
0.0762298356038188
0.0765685845936428
0.07701621637233111
0.07916240983606118
0.08132914618098863
0.08155671463648309
0.08355803129362172
0.0836831880247213
0.08377669636647753
0.08554311723503427
0.08590742392713768
0.08604953154226525
0.09003069016240661
0.09005589294303401
0.0905609735860412
0.09108038302625876
0.0914683803965407
0.09390165795055516
0.09392582206983932
0.09393586650010988
0.0973801483156741
0.1005813459828469
0.10081144993412847
0.10276049939926202
0.10316517458316388
0.1043556893858334
0.10682726961702377
0.10764341098088703
0.10810829760600132
0.10883925061956312
0.10890277453468145
0.10920012653324407
0.10940873146089691
0.10993072488862815
0.11535447880762248
0.11669872321823338
0.11903749800461982
0.12028662923179234
0.12186632164919142
0.12332136414810169
0.12491373493758239
0.12551541307762187
0.1257490249204364
0.13015142865196128
0.13098636833150923
0.131278486892627
0.13145067810529243
0.1316468346715054
0.1340478894676761
0.13469950103453882
0.13688161882159355
0.13743169634729385
0.13769467173599917
0.13855350128377814
0.13914800539208205
0.1402287754357534
0.1420835221761423
0.14234584999323907
0.14479997223633756
0.1452294845994634
0.1456731518463935
0.14877904458863267
0.15032721077095246
0.15192353606260278
0.15365071131726293
0.15501536084755288
0.1588024466351715
0.15973088760471843
0.16058382736425245
0.16080886074330913
0.16606306158478001
0.1667018645654348
0.16860493135104604
0.16976653075050718
0.17207523308844075
0.17381331683798817
0.17397720134118155
0.17445638659487242
0.17463859903153228
0.1750333406319342
0.1753402626189413
0.1773855077205172
0.1774331174350825
0.17823170439021163
0.17998080939102473
0.18097365717883618
0.18304244203576842
0.183354372656917
0.18374320013804935
0.1850862493013405
0.1876391364752874
0.18773062185208367
0.19168710106370102
0.19258560374491185
0.19298131767283075
0.1932312272384087
0.19492066711574751
0.19493615512497112
0.1963743730812656
0.19828676253291355
0.199964831345798
0.2017694552936814
0.20245971169812443
0.20277236747752858
0.20348896961637564
0.20492364756333412
0.20568635382902156
0.20638374026463868
0.20693733766597844
0.2070957324378181
0.20753258539531566
0.20768300662028832
0.21029376703371405
0.21129926108896024
0.21180830490218505
0.21307803023655147
0.21417884389206593
0.21447278510617818
0.21710502654504354
0.21867890790087216
0.22667401853081984
0.22703011185072874
0.22708873335263785
0.2277752807429333
0.22826275766441928
0.22930511650463342
0.23130542801668985
0.23349501204369466
0.23617233156663514
0.2378233204945215
0.23861393927480323
0.23883760308647917
0.2391543703155935
0.24122785618282247
0.24223671238223826
0.24427760501512186
0.24773254886543264
0.24970155359432838
0.2513395028907165
0.2515516872920682
0.2544913349605773
0.25640172320259347
0.25817147417578556
0.2587652781276848
0.25907182665827144
0.259820978091152
0.2606687720952493
0.26473240661285746
0.26526761212279004
0.26870553607370035
0.26978095007045855
0.27013662363680124
0.2707512447646736
0.2711485199216163
0.2712989424068786
0.2719911268312526
0.2739287453443375
0.2745059343076416
0.27465280539014747
0.2777406839773904
0.277912638012887
0.278059763657482
0.27853284255627875
0.2802058718041316
0.28229171071012427
0.283870795261385
0.2839158637114087
0.2841981115333185
0.28588168990226925
0.28675536927256
0.287826846906308
0.29056580805426013
0.2918054786180958
0.29214805627519136
0.29613592908662056
0.29667313797702366
0.2973912196860956
0.30047776203943666
0.30153651501344114
0.3017531245585523
0.30261863529361976
0.30271385987068655
0.30454115838163653
0.30460759754991185
0.3083622151424461
0.30882160258811475
0.30960140525992585
0.31073106487274654
0.3116311684313633
0.3153170534700137
0.31551962259009436
0.3156880334391541
0.31690994671657013
0.3189147115195409
0.320336855410451
0.32064309367292365
0.3212173359762791
0.32159644877497834
0.3322730795705151
0.33232423657366805
0.332797697788474
0.333516397380595
0.33447254029561624
0.3349616197796712
0.33583277154516133
0.337538415082121
0.3380000090018157
0.34152373043727663
0.3426232731515801
0.34374633004137317
0.345526310281378
0.34891172905732915
0.3511491038344262
0.35187419386111485
0.35254066096411896
0.3544060017529924
0.3548743065623678
0.355201922520561
0.35619772950311124
0.3575146383103172
0.3616353140841043
0.3625821399926855
0.363481148943078
0.36358350999832834
0.36359024716220517
0.3681563790664586
0.3692239080984468
0.370149228671934
0.3709393493239852
0.372677861097651
0.375288283618955
0.3762515812211442
0.37711238441826245
0.3776319062687269
0.37858090166840475
0.38402777821395223
0.38525624288415516
0.386099863008291
0.3868438660723624
0.3879731655451957
0.3892695863138098
0.3948785421770094
0.39491635976505773
0.39570388949984897
0.39774649193816214
0.3979177823899521
0.3979942866195718
0.4007779851635488
0.4010027048207549
0.4020660846183786
0.4060963103854027
0.4062128798176495
0.40667629175403075
0.40744419330897325
0.40762766098891945
0.4077839357520333
0.4083847052999299
0.40902275123968523
0.4102079881173074
0.41259683173762696
0.41405241685159255
0.4154125680203668
0.4169518823801711
0.4169521127423112
0.417507731261187
0.4221072088522979
0.42332549634589606
0.42376301780874737
0.4239995933427858
0.4245757071870011
0.42468229445485317
0.426402010874785
0.42645087846518814
0.4266197910072022
0.43008994094275405
0.43053028686813727
0.4312985650665121
0.43173829019375287
0.43175512669635746
0.43257679791667625
0.43673375394487024
0.43794795841350775
0.438271715389472
0.4388805140717876
0.43918210675098623
0.43973848732059406
0.4418343253958166
0.4425190289453197
0.4463116189802607
0.44777579127614986
0.44865244272094845
0.4538209931125192
0.45488576612212767
0.4551005423119676
0.45937497975158315
0.4593840545029428
0.4617115582223611
0.4626394125912938
0.4640535287253067
0.46415848006189997
0.46568754084920505
0.46797770031304914
0.4718236267048438
0.4723905267354296
0.4732501222283612
0.474915244119062
0.4751072627215084
0.4781573915388955
0.4801389616878078
0.48014489401952726
0.48108127993561284
0.4814134470606227
0.48161732892008824
0.48175502987351404
0.4819158836495669
0.48249977897385626
0.4865504438548865
0.48961251292720537
0.4931687840270718
0.4941619629530746
0.49667146683027086
0.4998284859144599
0.49993774384020534
0.5004960308922032
0.5018051272725972
0.5018907698195316
0.5036963254758129
0.5048909083181727
0.5053893064373467
0.5119777010647703
0.5123432811547988
0.5166038095541596
0.5168404457721811
0.5218966168652419
0.526587088355769
0.5270761308041438
0.5276889609953583
0.5299734806237807
0.5319549420521358
0.5323557860989916
0.5351258457824665
0.5358515129251027
0.5372360283366131
0.5374783831322107
0.5388078630701563
0.5392688380540036
0.5426562369724911
0.5435431620207113
0.5442281216326025
0.5451670768817674
0.546502531085365
0.5474109535420434
0.5474312856175643
0.54945977342428
0.5508922839118724
0.5511038987469906
0.5511567835348219
0.5520260417197285
0.5536786620873019
0.5545276462874876
0.5554556199431782
0.5573923048687286
0.5594095386436555
0.5617972116310652
0.5653044282299187
0.5653913431137407
0.5654273964499723
0.5694322667602668
0.5719751167307444
0.5741611387406275
0.5756014271230251
0.5757057841089683
0.5774493276103867
0.5777996416230028
0.5798192266491857
0.5805066586037936
0.5833698926351896
0.5864556421196194
0.5866962173740333
0.5875185974829066
0.587632698266292
0.589139025086594
0.591475318250376
0.591580302913288
0.5924553040413298
0.5926332819649878
0.5934132407423564
0.5939354782934484
0.5954530242778869
0.5971631058469211
0.5987813190866896
0.5988976556291604
0.6008599847389482
0.6021059025649251
0.6029361125795158
0.6037706848052509
0.6047641736627991
0.604813743999828
0.6053206281251198
0.6063166029386429
0.6073904638267684
0.609944844168822
0.6111073115738695
0.6202356468279542
0.6211195766942883
0.6246247189462653
0.6248696727825045
0.6251917048608844
0.6255256902691358
0.6265438212908274
0.6307306811015861
0.6316582269184958
0.6370637107129139
0.6396811174960778
0.6417952277163775
0.6418498789866344
0.6419103942705233
0.6421693213573997
0.6423238685724777
0.6439559256614732
0.644405208297287
0.6448171110041152
0.6464836363675488
0.6467977804050313
0.6487427450884472
0.650581799499147
0.6524869897083635
0.6524911216731853
0.6540717758321235
0.6555662926740401
0.6558376583705263
0.6567266428431988
0.6569281150203574
0.6619464625363484
0.6632366959821638
0.6636373045713893
0.6655324355649354
0.6664896278413657
0.6665504610128571
0.6675084326086829
0.6677660924275635
0.668431785018897
0.6707950620459314
0.6727769954054732
0.6745679073787162
0.6746123818499324
0.6747886515102626
0.6798636316352878
0.6834195484754735
0.6843226921061657
0.6852347715007767
0.6854327239821404
0.6871095091838489
0.688778095494409
0.6929445109413487
0.6943048499331297
0.6958320871374402
0.6974833295791167
0.6986127904340814
0.6989916318103151
0.6992963068958983
0.7023344214849712
0.7028315916805574
0.7029213529144578
0.7045592419486537
0.706933132795757
0.7092639936803355
0.710734200438431
0.7132646294803681
0.7133397657133359
0.715815232766654
0.7184251449210366
0.723874945087708
0.7246808157669107
0.7257015788776593
0.7328086907922738
0.7343368232894498
0.7348048671854513
0.7362148476022078
0.7403447732839523
0.7410687747797605
0.7410687853776913
0.7418675497861651
0.7431980409132677
0.7456763799516841
0.7461791877891478
0.7464995741689509
0.7470725039828512
0.749468068459216
0.7495599525612817
0.7495832147581244
0.750024618130288
0.7537117429571427
0.7564053419219351
0.756542282190523
0.7581107355528232
0.7586189641722169
0.758930552666988
0.7605922565865254
0.761687103953127
0.76246166354293
0.7627203729724944
0.7628786920013461
0.7645321806217413
0.7652903721654956
0.7704250421526125
0.7709331671964832
0.7715701643240639
0.7737255553653186
0.7742462206388039
0.7794488310531378
0.7804641559872028
0.7808316145367726
0.7837540353616805
0.7851728122456232
0.7855102799436008
0.7857956597105603
0.7862396349015827
0.7890450266181799
0.7900365203541461
0.7903407579071591
0.7910231923703435
0.7957570599631827
0.7988822795464047
0.800157369590359
0.8002227225660465
0.8037860122872481
0.8047412101097516
0.8057175066734326
0.8060351505888593
0.8062396260725233
0.8074518250033209
0.8077998344131829
0.8078254688881843
0.8080166389101987
0.8085768161713038
0.8093629635334746
0.815292198644942
0.8163046775937521
0.8167449862560803
0.8176360626074716
0.8182883955520143
0.820245491848696
0.8218214135216586
0.8224045822529515
0.823381698813753
0.8253068387492128
0.8273224762066264
0.8277537795673076
0.8284997030923786
0.8289916176911863
0.8294277259881218
0.8318537145749023
0.8335493092115551
0.8341080108385165
0.8377720321955624
0.8384917510314027
0.8396849234173382
0.8406155514265018
0.8449698767927107
0.8462741893834853
0.8474196100087336
0.8477490387881074
0.8478033146203179
0.8488554841514888
0.8535422304889875
0.8547834379539783
0.855243846857523
0.855297400580912
0.8563351330957887
0.8574640233370652
0.8595021717147822
0.8596658109342061
0.865781961525867
0.8658419490349007
0.8678061230115495
0.8691693276782784
0.8714842861799768
0.8731573055481924
0.8733901468022217
0.8743368815716529
0.8783911145245277
0.879699460049378
0.8805318998831337
0.8809834305517074
0.8824816766771305
0.8835150576111623
0.884397069639698
0.8845085768648348
0.8856178324570357
0.8861491573088047
0.886230027694657
0.8867031682137887
0.8872392287004869
0.8894125417102341
0.8957444547777855
0.8964552821523843
0.8972259169476433
0.8984459536945475
0.9013981697575447
0.9056055678133751
0.9070969838228781
0.9108719433300797
0.9130032903153819
0.9134901794683054
0.9140139609003642
0.9183436067820094
0.9219816520679197
0.9232711458425321
0.923584562460363
0.932910937860619
0.9345266476981301
0.9354942910202291
0.93597410877358
0.9375623576626596
0.9375640193484786
0.9391635877189016
0.940599944371949
0.940931760744584
0.9416059390888533
0.944309279235296
0.9445635721588843
0.9481336754623191
0.9483630167882777
0.9559757038215594
0.9565038186623128
0.9588546337689278
0.9589002892717533
0.9596188888697235
0.960850261043088
0.9616138059731392
0.962314705495097
0.9629607120431527
0.963359222208927
0.9640941998216299
0.9646420862886558
0.965857670601802
0.9659066562840928
0.9660973833283413
0.9664537798830343
0.9673063260603989
0.9731354008980637
0.9735361641379242
0.9749339511546196
0.9752182039287145
0.9765369484269004
0.9772677559033043
0.9773959237445375
0.977669207501784
0.9785491836400031
0.9792917358381945
0.9800207532185284
0.980814907229512
0.9812380299625395
0.9815804642468342
0.9837478164165997
0.989083605722028
0.989285134715434
0.9893596292165534
0.9920918705909151
0.9926389003500123
0.9928984629976645
0.9956465435686469
0.9970379252476661
0.9986244284162502
1.0002652027347596
1.0006777784823193
1.0013361838560169
1.0033187038563889
1.0074729152008624
1.0089123207755402
1.010639138136065
1.0124535410637818
1.013230856264245
1.0144544236047528
1.0154169354602214
1.016358465738003
1.0224201318892205
1.0233229333164717
1.0273288238655274
1.027638851977149
1.0286698699964303
1.0286801347420371
1.0314204308895358
1.0323390137568138
1.0327276833378454
1.0334355520964436
1.0343961700286797
1.035406406423011
1.0367439594270436
1.0388472922828336
1.0391239428756223
1.0392428704851138
1.0397460283624385
1.0422750717064513
1.0425509196727423
1.0427292821015186
1.0442231072666617
1.0442266702735368
1.047547518671761
1.050373078758419
1.050770577514946
1.051990977734718
1.0548903782253534
1.0564063713992604
1.059217104332272
1.0606864751353056
1.0632306555002304
1.0646714042529126
1.0649251873902177
1.0700449118039812
1.0704150245677675
1.0722640047354617
1.07310311966984
1.0738676626829544
1.0740493510771376
1.0742816898045404
1.077045293886559
1.0778532724455496
1.0781921744809764
1.080096005303868
1.0834174177236235
1.0861651446122493
1.0867496918086472
1.0883730647156804
1.0887032637319622
1.0943121060970353
1.0945353484070715
1.095032580857307
1.0964004229998054
1.0997879234345451
1.1041464373008185
1.1069078948900377
1.1085647406789658
1.1091227604179097
1.110855772350545
1.1140680104826046
1.1147038549353465
1.1148976501485612
1.1165026269775145
1.118003974753527
1.1191461551501862
1.1202589931035745
1.1206430003744465
1.1222940957869099
1.1229332465412878
1.1230020841416664
1.1234672701978021
1.125853513838771
1.1266169610566463
1.126677063691217
1.129697933811734
1.1329937461450572
1.1331755473587972
1.134771840662065
1.1372610511175771
1.1390857078162686
1.1401252624927696
1.1429848359252979
1.1452265787100906
1.1463411822799034
1.1473413791728162
1.151357493709523
1.1544047317474573
1.1584982050943908
1.1589607470017504
1.1596707342336632
1.1598705309280302
1.1609819363400082
1.161744869097634
1.1697509879797665
1.170357841722468
1.1708396828002279
1.171052693191756
1.1731013679040188
1.1739493218449526
1.1773284116696467
1.1798175310554406
1.180465214358012
1.1809740287387798
1.1811760953531516
1.1816763618838746
1.1817787490212082
1.182508353733797
1.184366336539063
1.1853051372225287
1.189600045616272
1.1983499902635208
1.2063980192528556
1.2075474206300079
1.210268675562403
1.2136175224838017
1.2159780983846273
1.2167001935494015
1.2171920102013238
1.2233749537253509
1.2265676905901606
1.229941420471408
1.2318828844544099
1.233017101348962
1.233635027881247
1.2352648101669177
1.2364115368288107
1.2371875359739106
1.2397634319914683
1.2410284903246716
1.2414864898685403
1.2434869387695922
1.2438425518852576
1.2440749303464003
1.2506448957162615
1.2552935760889
1.255357180637502
1.2557889844847088
1.2560928165303848
1.2561654833889184
1.2565553585710085
1.2605497517482278
1.2625220505469699
1.265936650072365
1.2704315399822659
1.2715050881481442
1.2716910946769087
1.2721281257647883
1.272396810130169
1.273367762375334
1.2736786602831032
1.276474166041957
1.2782869193583117
1.2809413292869287
1.2821740135294057
1.2827075769962404
1.2869784555804495
1.2924701906498945
1.2925243710721397
1.2950012991131408
1.2952907504686006
1.2969026000155677
1.2989325185871299
1.300407140492552
1.3010681052841775
1.303538819057265
1.30706064500466
1.308526424453683
1.3099934668562798
1.3131375078472334
1.314063272990317
1.3152082820690176
1.3195476099253636
1.320697846992531
1.3254470276188606
1.3319154545638812
1.3372821344804287
1.3424256039469915
1.345668938444188
1.347300354569188
1.347706380506941
1.3512869727291559
1.3519569895536163
1.352376899190798
1.3531159388262055
1.3532798874050458
1.353962558424267
1.3577740908388878
1.3606679034239448
1.3621375202416899
1.3646649082969424
1.3692620750471278
1.3726820504451316
1.3744516654906338
1.37970592025431
1.380958630080606
1.3882040860750404
1.389313982496334
1.3952587730539534
1.3981281803362806
1.3993129557029174
1.4032921372836742
1.4034230781592594
1.4084960570688676
1.4099262892440758
1.409971145237635
1.4101974537274762
1.4124503818159555
1.413862218202293
1.416164692564562
1.4195030652407563
1.4210558621585503
1.4221908690062364
1.4264826312886059
1.4290411958553193
1.4307305826042649
1.4307781614724582
1.4325500185654825
1.4325585665443699
1.4335363186272236
1.4419424363744997
1.4427215965552822
1.4429179442629363
1.44352105848417
1.4492338126295983
1.4505353686689006
1.452054637046488
1.4570198673123
1.463058936376528
1.4653007725101181
1.4677772959743252
1.4713578001619623
1.4726950723485932
1.474398402915254
1.4744565419650923
1.4764839643825114
1.4823648375550484
1.4889195811944138
1.4894027415195548
1.490340353614588
1.4925091364579843
1.4971653409399817
1.4972230975184464
1.4982835834425976
1.5004247132662485
1.5026133911048825
1.5061364118880547
1.5093685139243043
1.5098813736824437
1.5114021992135283
1.5133414270306407
1.5185470458098727
1.5236360288262862
1.5287297337282362
1.5296459956347843
1.5301118399479892
1.532668319224854
1.537347922506937
1.5396979437664942
1.5470012793295784
1.5473137767798242
1.5484152052305058
1.5485063474216614
1.5520442936736834
1.5532916592989054
1.554511243127187
1.5614712091479097
1.5628194024297093
1.5638997590578434
1.5654073009060752
1.5659700733944233
1.5692189854530443
1.5715203738277483
1.5725942640408612
1.5732507284417663
1.574398561612099
1.578852851977698
1.5853755962081564
1.5890946049921777
1.5908746689162125
1.5917774328404395
1.5934939910656696
1.605760665042947
1.606014155303623
1.6071771674891493
1.6089366629161055
1.6138284013708288
1.6181623979437916
1.6216256150875608
1.6222050659581924
1.6254466717578906
1.6282283230115406
1.628417768227214
1.6324734589942362
1.6329488187165189
1.6346213049153637
1.6347431760506321
1.6363476823781156
1.6384841227643436
1.641130011464039
1.6441653442855029
1.648732459412161
1.6571914785670372
1.6605366512571726
1.6656776945390612
1.666290727327957
1.6666916394309328
1.6708094556631445
1.6733776172387498
1.6743650640581667
1.676672116139201
1.6797131624738517
1.6918514007868548
1.693862770123561
1.7028355523833747
1.7033347798420688
1.7085223259043514
1.716783578367243
1.717328628796034
1.7209584143292518
1.7211939399676122
1.7245370804201667
1.7268719423519303
1.7283030181001244
1.73102696604216
1.731570197936679
1.734638310999562
1.7346835780188694
1.7354907816947223
1.7380286623409686
1.7383293817768282
1.7434716364273868
1.745539165920596
1.7486629081994631
1.7499942884396293
1.7568234551503732
1.7568659887465317
1.7609246132619103
1.7648538048874252
1.7648930140011547
1.7682711337227661
1.7752337877041575
1.7754698889070237
1.7779518313547467
1.7852302183719178
1.785613586304195
1.7895122021090235
1.7913602455799946
1.7947707498361851
1.796049808201404
1.7987093635226608
1.8022406030781126
1.803911567724092
1.8042474166066957
1.811269185025425
1.8189990176713229
1.8211513640967578
1.8217522415200857
1.822633146079157
1.8259017234932853
1.83212202785497
1.8372909966800495
1.850479787666925
1.8581876107145212
1.866584102188063
1.870867524798451
1.8723496624766198
1.875635441438918
1.8760256512631366
1.880109155276077
1.883726694180969
1.898496724326179
1.9065567635130782
1.933101895263218
1.9348359423515262
1.937012220869759
1.9419912511075
1.9436761157754163
1.949182676710735
1.950313157954751
1.9510228287196458
1.9613183331886526
1.9912193800706677
2.0108876714477244
2.011533300362387
2.0196964341041244
2.0272125956050813
2.0347860254145247
2.0400346462520798
2.0493977979951055
2.049888695961395
2.051540735092568
2.066635265555745
2.072715651282511
2.0807125605063
2.0863091857726275
2.091639504442807
2.0943633303519587
2.0963079446780517
2.1176334760165436
2.121599711299906
2.1398676771063116
2.1580715210696146
2.1621239149605294
2.1635939100846557
2.171432995422578
2.1717725578020697
2.1769801752730764
2.182927803632583
2.190354883389583
2.192772487726633
2.199162373150247
2.2001210152912094
2.2046689768514867
2.2083072022935815
2.222156037323811
2.238247044526257
2.241148098084073
2.245884202259143
2.2598934790318874
2.2601454837283907
2.268990018284607
2.27175434989107
2.280404727638418
2.2900186538998275
2.3039522632356215
2.317319008128825
2.3281885583291615
2.344377270222176
2.355447821160719
2.3602951887930708
2.3616812433260894
2.3634812243621734
2.365029289169106
2.371653561498284
2.3921271879940704
2.393276315046045
2.410018225569175
2.416998019910453
2.4245738739466525
2.4357223758928424
2.4484101689852373
2.536863948256391
2.5784076423567486
2.632450057910098
2.7339856591597584
