-4105.27704659099
-2056.058689225541
-1372.091562292244
-1370.9282354931681
-1032.9583270489227
-826.7314238497074
-688.2928874998105
-687.323622364317
-687.2517477255071
-459.82265289602407
-459.45568862092983
-417.3212867576159
-415.1507068621956
-414.88084620909507
-377.9600605768611
-377.2595190458518
-347.9927424343231
-345.49219026777354
-345.328485861167
-299.73485121504166
-297.9624913631142
-297.1472549314416
-296.3923206672449
-279.0420600279506
-261.23995347813354
-260.69591971999495
-232.39187462345865
-231.84253815488302
-210.5218233184411
-199.7288331653371
-179.10354863853786
-175.11565959941808
-168.57855380575984
-160.9174498155069
-151.8374791667696
-150.18383303223808
-149.92396251546725
-146.4042073006881
-145.40018056313846
-141.4780710354589
-136.60538319804948
-132.29944252844578
-127.78588127458461
-127.38362969529868
-120.13734981537542
-118.00862977079092
-117.36571343923018
-117.03910060527673
-114.17484139809841
-113.00074106083254
-112.79049189739057
-105.36461365331368
-105.1338723674194
-104.13538353031359
-102.27998373012896
-101.14087775883122
-97.38807362951198
-96.48643697336445
-96.33490377402741
-93.69913790712954
-92.00818622736443
-91.13883750237271
-89.36980879735204
-89.36516787038795
-89.15936060147402
-86.38580190789486
-84.93043552792201
-84.84609176893646
-84.35921340273326
-82.98502325916327
-80.33034259492865
-75.65747552155408
-75.46616705097102
-75.36393899317811
-75.31263795825905
-74.75033155868677
-72.8285547204434
-72.2402543282674
-69.93463587200091
-69.91075108176041
-69.66184438273321
-68.93200677997478
-68.84019856473145
-66.98130730089137
-64.77926408028775
-64.38906465149154
-63.92822413233034
-63.26627812345741
-61.259970447326644
-60.447770930441685
-60.07088083523062
-59.67807048031312
-59.633119241366664
-58.85991009370527
-58.465763029345155
-54.67107572618436
-53.95407248220976
-53.7766131427256
-52.74750154088374
-52.74564506465948
-51.98969526377888
-51.73755623865735
-51.378859324179324
-50.27065946073936
-50.268224726246
-49.12320910589439
-47.83889212267589
-47.73083355530728
-47.04665928964974
-47.03400593221624
-46.51013286527935
-46.15852642852312
-46.04045001658588
-45.81653545559052
-45.68914376606722
-45.47625372234156
-44.89407932853129
-44.76731552543319
-44.76042221930166
-43.816453485125166
-41.66871880901395
-41.63547357305602
-41.51632599473194
-40.33777732293793
-40.15520321887732
-40.09124381913365
-39.534850757232995
-39.16114782890188
-39.10390692918161
-37.848724328945345
-37.263733808162954
-36.87641913943423
-36.126744927378304
-36.10105157340845
-36.07799295813977
-35.88456551971333
-35.325007155894454
-35.29821993712751
-35.200471323573204
-34.82392940619836
-34.76651050841538
-34.76314020865424
-34.69940149705923
-34.69696997110425
-34.57970851927013
-34.366194999789656
-34.35661886928002
-33.84322060190725
-32.40380415250233
-32.33387259503902
-32.29275528881233
-32.233317666143705
-32.16638309269988
-32.104288095846094
-32.09001313512071
-31.929900795119533
-31.821129742317186
-30.881177271877956
-30.710026673019435
-30.69043731431769
-30.636443169823124
-30.471943276163024
-30.374855589513537
-30.359287480653645
-30.09216124594341
-30.0173201309685
-29.506846850930046
-29.370105363464525
-29.306756074636912
-28.959743019799028
-28.677569947444724
-28.60733948937289
-28.408382136606306
-28.38378593031472
-28.35568850447158
-28.23842031849624
-28.203504913552027
-28.063049473362632
-27.774931451093877
-27.64258805543626
-27.59472054870175
-27.509835219682103
-27.508886411647424
-27.413521523769717
-27.351406124786255
-27.30147407515173
-27.05989125374964
-27.053499213829863
-27.04647356749542
-27.027401080663672
-26.994758795987337
-26.798150387976875
-26.75766877989104
-26.627802077863464
-26.567181372600793
-26.1470970368197
-25.99284849393307
-25.781463780394112
-25.688330240496366
-25.508608167553824
-25.180698772439186
-25.047406711798814
-25.040180984954187
-24.982070451674122
-24.768251619375008
-24.532212569685154
-24.50204033644269
-24.32441551275088
-24.319866703468172
-24.01946923792808
-23.832312367872895
-23.800718543072016
-23.71398833693782
-23.66180269951048
-23.550192856572096
-23.49430264023201
-23.471040385555888
-23.409082539300933
-23.034930239921074
-23.00870440149356
-22.94462384633847
-22.849782982958068
-22.779336381440583
-22.616396985151667
-22.46985958933324
-22.351085587467857
-22.22527727377936
-22.198516863154573
-22.064486879242093
-21.99401975984904
-21.907419393552665
-21.886634727541228
-21.807235676780216
-21.761742030013394
-21.73358980252267
-21.497959040989965
-21.32732440230814
-21.28206370188906
-21.231617312084104
-21.18277785043632
-20.944675639477495
-20.93874609855012
-20.524665985027504
-20.340497213615865
-20.291566684192407
-20.24825361681348
-20.194588639947497
-20.153346168824616
-20.11135176883654
-20.098543199901968
-20.0737359246821
-20.0270925172833
-20.00317934312708
-19.857889752644645
-19.736710411101956
-19.567361027935053
-19.505095166915766
-19.42323861281095
-19.346925815753433
-19.273078859517895
-19.20274802576043
-19.037944754831024
-19.030148605151975
-18.726139196083697
-18.496759580215837
-18.35891600208129
-18.343813708260647
-18.288315077071406
-18.26912690530338
-18.26560186767537
-18.238715762739133
-17.968089400915904
-17.850363514692468
-17.74068117703722
-17.72525803949741
-17.676125680021944
-17.519662481112025
-17.439179168149668
-17.377927410249946
-17.344790875806904
-17.204523361552013
-17.097075629270915
-17.058072096515104
-16.999942514824934
-16.964685966082882
-16.959106837997155
-16.95882798049549
-16.945541898117256
-16.65188261969688
-16.585033260606675
-16.421923162815624
-16.39905608466128
-16.35191080891095
-16.337448042909198
-16.326278802436114
-16.294210821563883
-16.25513786168075
-16.196372611577097
-16.132381223043144
-16.02074874793242
-16.020006989591142
-15.99407860896747
-15.96190976713454
-15.914910884289297
-15.871076542950327
-15.84076766853511
-15.830294976067027
-15.818550863643809
-15.777848419422572
-15.759480813554026
-15.653414321395728
-15.603411115113737
-15.557400436657783
-15.516494832896415
-15.49811329505836
-15.484658823754822
-15.417874634277187
-15.320222281920463
-15.173850386426679
-15.154620896165309
-15.114714743054916
-15.053297141542556
-15.034406427404221
-14.980447931170634
-14.937136041511032
-14.923552657460998
-14.839198817464666
-14.833794849513389
-14.666338216234777
-14.632884709311044
-14.582054908867665
-14.532398243727133
-14.49693250807514
-14.404886152817511
-14.362440784415616
-14.33898816900128
-14.318013246529668
-14.300919359240506
-14.262777899759111
-14.259479783000028
-14.254072382600906
-14.170245793626645
-14.164023028437306
-14.145181288594788
-14.074545214872712
-14.014546003768462
-13.98353937953556
-13.9797336173769
-13.916025296166692
-13.90987804217302
-13.883320842811969
-13.870836171875274
-13.742531753815278
-13.642980448352228
-13.627110139499433
-13.597864612562173
-13.569036448751172
-13.498196846377695
-13.450065502372889
-13.321634151577166
-13.281530654845099
-13.260849387408886
-13.234901616242784
-13.200165844579157
-13.136403262804086
-13.117120729307725
-13.09382904702788
-13.093257896523653
-13.081595527290144
-12.965402685563236
-12.95648356966236
-12.93782489161132
-12.93380212530686
-12.899828361681479
-12.889964799251995
-12.870171287118895
-12.833476067291597
-12.801358283287977
-12.780114492777528
-12.745654427553383
-12.727987443260265
-12.680702827429911
-12.67001615359263
-12.633772311768704
-12.581562609362345
-12.52961126091521
-12.528636636539982
-12.526215303458805
-12.505399122597328
-12.464743653877479
-12.395075962030003
-12.394530903708302
-12.375692194956706
-12.367027767312404
-12.34632235568708
-12.326427681808934
-12.284837524998528
-12.268561947866068
-12.250483712734816
-12.213489174069805
-12.19437087056477
-12.130094562824397
-11.960770492335683
-11.909173535281807
-11.797892588941995
-11.792264252210494
-11.76912474137865
-11.63322429866022
-11.625467113033395
-11.616422295394491
-11.606061481011732
-11.554685916080892
-11.539805422224878
-11.391096271479352
-11.36446420556755
-11.330932731878015
-11.28684473832747
-11.183509332928653
-11.155271647936665
-11.137349568051386
-11.124019382800249
-11.109767066640005
-11.001048090453502
-10.997098390548206
-10.985936502155688
-10.979323673756396
-10.957588249366655
-10.953298319848255
-10.949511735107667
-10.908561288043801
-10.891365796102052
-10.876875333325184
-10.810198478087822
-10.791213153135853
-10.790333702170726
-10.784583406862595
-10.772402943547608
-10.766694161029985
-10.764719380991446
-10.728863917997455
-10.671900231035451
-10.66290131171847
-10.644206071352578
-10.638692663749143
-10.615464345976086
-10.56428891481788
-10.542404167298425
-10.532472919501942
-10.484042514446909
-10.474704322033148
-10.469411597961136
-10.450112722776186
-10.44977902067652
-10.444585112318258
-10.4161206066422
-10.388841326407965
-10.340477513496017
-10.308160025234804
-10.265841833179303
-10.248048858026781
-10.247472379751205
-10.240150669816918
-10.201743198988783
-10.197076369101868
-10.196740828139983
-10.09703870634209
-10.077373927535758
-10.076491304672494
-10.055348287499363
-10.053400027120261
-10.046489468487461
-10.020285176570264
-10.019796925929857
-9.96163021574741
-9.92959722290956
-9.92081054669312
-9.891549200156408
-9.860193327992597
-9.833280401692134
-9.823841700911744
-9.811027007040735
-9.796856640518634
-9.794123671498713
-9.741845042778575
-9.693169575763015
-9.674600289489621
-9.65119424696847
-9.615232227739043
-9.611576302998538
-9.600078732512149
-9.59325992069436
-9.579929699081728
-9.546107790783962
-9.518549193399195
-9.503064497959029
-9.498491238940716
-9.486413818345065
-9.485232145163891
-9.485012607784547
-9.462176588685978
-9.450402062357151
-9.446995317026285
-9.43788524523304
-9.43231718929199
-9.431269095802929
-9.407534721094848
-9.379812534348492
-9.37688420971642
-9.36368441753344
-9.362080031369551
-9.339751033076258
-9.321388132481115
-9.280712709343018
-9.262781673798623
-9.250613695817549
-9.236399997869821
-9.234816048813794
-9.2222848870681
-9.218098691223013
-9.211492179825463
-9.194950834303295
-9.165523458317807
-9.150951513216281
-9.115815176125885
-9.08113987622673
-9.066556847066021
-9.05609511619692
-9.0414816275051
-9.041442575696841
-9.038216929144559
-9.036223191663272
-9.033176365518402
-9.028550619513508
-9.024907136699483
-9.017242197459051
-8.986361094713164
-8.984839731331531
-8.96750815970563
-8.943223885048825
-8.915482860022909
-8.910120041346792
-8.871816831018286
-8.856689473388819
-8.848718483117981
-8.840144039730822
-8.808737365433586
-8.807763459781345
-8.80670726572539
-8.780601366417713
-8.773570671678163
-8.77106874574776
-8.758929793033685
-8.733129190331782
-8.73225270916019
-8.717065407969876
-8.710318502254914
-8.686873433037217
-8.662100227187738
-8.653492745943428
-8.642055048336893
-8.57671650783779
-8.558784054774502
-8.535043553147483
-8.527776864684114
-8.52605995319514
-8.52412753971528
-8.441502386862757
-8.423057950997517
-8.421163048261388
-8.414552477408863
-8.413683153303765
-8.412347657895369
-8.390891181029955
-8.382451601540659
-8.379912311627962
-8.35869941683223
-8.354927941325869
-8.350647313710416
-8.320973461696255
-8.32061740928115
-8.316956018646659
-8.314280007510511
-8.288342522281752
-8.277331255676529
-8.261695618606982
-8.225987960226636
-8.224063327276644
-8.197307251335662
-8.186580480043014
-8.175071864563655
-8.170512513273225
-8.156849128990146
-8.150063421072982
-8.143475862447922
-8.125593089138425
-8.099003033539208
-8.073492855518193
-8.044352427028329
-8.042012390160664
-8.034960533993447
-8.034725968279787
-8.021341038877278
-8.013007887391053
-8.003885132425898
-7.971158065039213
-7.9429552475663945
-7.934323259896435
-7.933898650783925
-7.928745431740656
-7.925335979892102
-7.918068426495827
-7.9109115835421555
-7.856253332995973
-7.806590432632831
-7.803211347498469
-7.768755883052142
-7.765163374525436
-7.756764331123383
-7.747357683092316
-7.746249785213989
-7.697898106677016
-7.6871052127507475
-7.676658914080841
-7.671298340383295
-7.6561377047888435
-7.647700529899408
-7.647126815302052
-7.635296094133004
-7.630410759717618
-7.607114169832495
-7.605045236776758
-7.578572702108717
-7.571241763232637
-7.566834788162371
-7.564367960507963
-7.556141728776051
-7.5252313387560505
-7.513472543705802
-7.492160584760954
-7.471271861430301
-7.462301436928718
-7.414286385524772
-7.410952983790784
-7.397514675165688
-7.394577767090206
-7.3931225815368
-7.389391594699089
-7.386958394088071
-7.376222523243451
-7.371542592926195
-7.369462189235708
-7.3689995243581725
-7.368968407531403
-7.368009714217555
-7.3320961338084265
-7.310838560285504
-7.30815578225675
-7.286926779829642
-7.269156057616979
-7.252342132981001
-7.233133885993942
-7.201570279606946
-7.1696461618393315
-7.162129212669436
-7.15078535712972
-7.14793663315637
-7.144964578491274
-7.143340475362208
-7.110833508101787
-7.095352663875928
-7.094843584577934
-7.08455974213647
-7.082219488877566
-7.074457429608268
-7.028675427952564
-7.027807286530339
-7.016734254188979
-6.998900837001658
-6.992184686067626
-6.988982567135643
-6.979370400332712
-6.97161019240068
-6.962918254281309
-6.936496652208094
-6.928269641974314
-6.923784216546609
-6.919371177993302
-6.903087605452819
-6.900041218615255
-6.896103464658847
-6.889765908285158
-6.881255081848633
-6.880601520993103
-6.869483314095026
-6.865542020935347
-6.859017072954268
-6.848311906666287
-6.807639532745807
-6.8020713199747735
-6.779317468187181
-6.759044521595774
-6.757952584208568
-6.756755411627828
-6.74517349361806
-6.734643687771662
-6.733715771095156
-6.727001408649393
-6.715093971331948
-6.7138992244960285
-6.693164027631606
-6.686173565579514
-6.678756267767319
-6.668640492514761
-6.668331084217964
-6.66608566788916
-6.644726038382396
-6.644082764042599
-6.642846011300373
-6.637698740974562
-6.629328757665247
-6.6284542727475735
-6.6262782907408475
-6.625015222741819
-6.615071791607286
-6.602429311313003
-6.579794728780162
-6.547363971814875
-6.540121637084448
-6.534801826641426
-6.503780304661536
-6.497696288832181
-6.492156967918092
-6.486728775235362
-6.476122926161876
-6.456832810669091
-6.4459896653153095
-6.436168905535949
-6.434152044595673
-6.4331072696301215
-6.428557889908258
-6.421088337082119
-6.420683406103521
-6.412249310103839
-6.4063121806243455
-6.401822941399033
-6.390942750837898
-6.382240965922971
-6.38159095277037
-6.377578653405893
-6.374937738616174
-6.36852407172203
-6.3627777341470795
-6.3506129292484506
-6.335304114720286
-6.33109150421142
-6.3303701373530705
-6.328904988726064
-6.326912458996981
-6.3253968560537635
-6.325148776600906
-6.304334071281082
-6.301470774979793
-6.280532885263374
-6.2774592888042555
-6.268386143974007
-6.265273566455338
-6.258353113880746
-6.255519897775866
-6.236336464527539
-6.234365794083323
-6.221626448935396
-6.210032053319283
-6.206531774658201
-6.183603802961846
-6.1757243976789375
-6.17298328581349
-6.172731851517744
-6.1702135511782785
-6.153607641501831
-6.143897195305534
-6.1383347334619485
-6.103634268848154
-6.091935929909381
-6.080233828304099
-6.079087345077994
-6.072562943880731
-6.068686507488607
-6.062121672155991
-6.047554895472937
-6.041853304080247
-6.037941498288294
-6.026445437034841
-6.024170303447171
-6.023804591463277
-6.017042850109874
-6.005639627912362
-5.998224327418079
-5.9972207249852145
-5.983565868167732
-5.95621520237257
-5.938953211716667
-5.935051190499264
-5.934710899322788
-5.934219130361518
-5.934086873065487
-5.908967492340257
-5.90823936554726
-5.907807420144749
-5.899038385256886
-5.883612259904826
-5.879343384249168
-5.878678131647023
-5.877648666075623
-5.867690459992107
-5.862841467196235
-5.856317581595467
-5.849843721476736
-5.847992704392707
-5.84472982989919
-5.844219046085571
-5.841896505634283
-5.8398228193889175
-5.81773907747517
-5.809332964467049
-5.808434222171519
-5.803974589134406
-5.799752898695819
-5.7889823842282615
-5.788652682843788
-5.776133596678802
-5.770425411915215
-5.761149979498324
-5.751663937615863
-5.732236087105459
-5.730979184942634
-5.722795814563845
-5.720465007680534
-5.717301926145006
-5.716470599226751
-5.701370711114079
-5.698012338153347
-5.696180058902791
-5.693240972642634
-5.684149992396946
-5.678399629537566
-5.67788855237494
-5.648526593332332
-5.647842682600429
-5.6347821745664
-5.625747927370123
-5.623635960969203
-5.618028094146192
-5.610478535956734
-5.590649596867198
-5.583698549164624
-5.575395044910651
-5.574217311653633
-5.562943444217925
-5.56021629270479
-5.557401928922531
-5.554071168553267
-5.548755249138202
-5.545348892837199
-5.53119584962967
-5.529586053842554
-5.529245583000462
-5.528548486286659
-5.525888982110848
-5.521227057430718
-5.516588445041142
-5.500989557215166
-5.480813874895212
-5.463827825547175
-5.455795390362805
-5.438987192977184
-5.438597490102625
-5.408970759967852
-5.3953457245091725
-5.388353193691462
-5.382558135974595
-5.378683817999501
-5.372529884686856
-5.368840795505259
-5.364549741907578
-5.355464327515532
-5.355198422823976
-5.337340969296092
-5.335521377866891
-5.332286424842097
-5.3310280764783045
-5.3253494006102375
-5.321945343586441
-5.314609035735749
-5.313607006735548
-5.3097226762134655
-5.308280533262334
-5.3050466896620385
-5.29337835474367
-5.291911007083265
-5.290241597059497
-5.280026823804043
-5.267115129563418
-5.265337231994842
-5.264188812151227
-5.2588519156962885
-5.25478012287353
-5.254336794736119
-5.248617558735585
-5.242511259315663
-5.235467923405394
-5.226491054111579
-5.192717389485518
-5.192428112345534
-5.19211661134438
-5.191454079081369
-5.179082254658381
-5.173511905154007
-5.171970409811014
-5.165854417771039
-5.165794870043902
-5.160908853277519
-5.150148267910718
-5.149477290737424
-5.1493049457924
-5.13729224656926
-5.119413700210869
-5.118898012749971
-5.114469926110462
-5.104480342331344
-5.1044107458801555
-5.102773596800406
-5.093154319848695
-5.090997016376011
-5.085380679921053
-5.071250237060132
-5.066154831420937
-5.057663708241053
-5.056837289535945
-5.038039349079229
-5.018611414470171
-5.017899149324382
-5.011789910517554
-5.005615132747843
-5.0044611617383445
-4.993262683765006
-4.985947489776257
-4.985935371363134
-4.983900860726793
-4.971871253784273
-4.968446699603625
-4.955922460664662
-4.951799124796805
-4.94853734543314
-4.947598238317337
-4.946607821866294
-4.937018772968738
-4.934187505434163
-4.9336335137987986
-4.928072810516082
-4.909249633327354
-4.896516446347773
-4.894845987951059
-4.883107133682982
-4.878522321253377
-4.870683556985773
-4.870291383204346
-4.868491974084511
-4.859471281863598
-4.856967025280616
-4.848129668385805
-4.834353263222862
-4.823344981879538
-4.822659865774766
-4.8196483255036195
-4.819117051784849
-4.804097479487055
-4.802130380981737
-4.801240827469078
-4.785965197052793
-4.782241710361699
-4.781514988852072
-4.780055792180688
-4.767731223513092
-4.767357750657985
-4.766514679588675
-4.76627304922326
-4.750115654861848
-4.743906476196276
-4.7414747514324755
-4.738252166088259
-4.728649157908211
-4.727055326760046
-4.726183263363206
-4.723806991450104
-4.706652545214275
-4.697528990228159
-4.694050323937269
-4.684296944754924
-4.680289296917824
-4.678989047576247
-4.6698439775770355
-4.668980584067915
-4.655808040713065
-4.65441366128918
-4.654365343129957
-4.652982558307868
-4.650827622848513
-4.650148758818463
-4.649807608116545
-4.649667291673776
-4.643524460615309
-4.642159455039298
-4.641904609699181
-4.637573030694166
-4.633754902255794
-4.631388777757877
-4.626558173619043
-4.616609964054467
-4.615945385290772
-4.610340981292677
-4.609020149483886
-4.596023825843917
-4.584983163294893
-4.572888680426409
-4.572642635520012
-4.560233174469939
-4.553154200308926
-4.547957051192082
-4.5435452675331165
-4.542265760161788
-4.523392293477819
-4.51648528333069
-4.477891044692058
-4.473412964226022
-4.47047451870799
-4.469641072360162
-4.468287320354333
-4.46660254059274
-4.464580162922971
-4.45786700097057
-4.4556629106596075
-4.442715815264997
-4.442296702302535
-4.43658617673667
-4.4358334900024845
-4.434958109726154
-4.429978846332032
-4.423908077836133
-4.421005521604522
-4.412971922015385
-4.40640513328324
-4.4039815996503995
-4.403299466167484
-4.39508723739512
-4.394860464603039
-4.384296755404572
-4.381808919617784
-4.380069794366662
-4.37826889896548
-4.377595055107438
-4.376711152521969
-4.374556627363379
-4.373573122748277
-4.369662762382261
-4.365241195825495
-4.34074408689671
-4.33854848105123
-4.32829896364792
-4.31940529516424
-4.317754483581865
-4.316929177962227
-4.315350958640275
-4.31074907941356
-4.306701153049864
-4.299868830781569
-4.29141919562367
-4.285891703098358
-4.2854488761094345
-4.284448787813918
-4.260610518197122
-4.260134034247777
-4.258694434321724
-4.257186740220508
-4.256617578157629
-4.254720236565824
-4.252452949281851
-4.251983080117601
-4.247441912069248
-4.246753066968261
-4.23913368145202
-4.233638836406895
-4.20780814610206
-4.20319068882812
-4.185742624700255
-4.184570093376422
-4.181380138533922
-4.177631854896571
-4.162051064253072
-4.157733305757078
-4.156327495791344
-4.1434870954229845
-4.141379682099896
-4.141203415880957
-4.139098446078386
-4.137824367579696
-4.133061974547582
-4.131262999001338
-4.128117282541707
-4.118767640895539
-4.114548686714052
-4.112698340504705
-4.1079600382725285
-4.1059987282890225
-4.10227948308207
-4.095179905504539
-4.0948212214140405
-4.090832787529147
-4.088184585372854
-4.087416873733273
-4.086456056167177
-4.082400340469912
-4.08081738956946
-4.071669959548289
-4.062048635257966
-4.053631762184394
-4.0430876467018395
-4.041960601159049
-4.041539442920066
-4.038317954610612
-4.0343393688057905
-4.024532959062801
-4.024357032336317
-4.024357032336317
-4.021597714479152
-4.018034957353259
-4.008922916409762
-3.985648305363817
-3.9826222389660257
-3.978622176431383
-3.970801155028888
-3.963859916859989
-3.962262538191812
-3.9596826703201056
-3.9585632219633093
-3.9580598668410047
-3.9573943815356714
-3.954124758331795
-3.953273226485823
-3.952874625041523
-3.951074068730227
-3.9486190667381877
-3.94772555861013
-3.9473312975039283
-3.937315192230881
-3.9328258289853486
-3.9320962867744496
-3.9316901641199293
-3.931398133704791
-3.9199284454680434
-3.9194649445072525
-3.917053663329682
-3.908829844371194
-3.902024590629862
-3.894396268684677
-3.893267796368484
-3.8873423386838803
-3.8871255184295697
-3.8817697237584587
-3.8815937780012915
-3.870387517498365
-3.8516385519795087
-3.8471216225681952
-3.8420216327187884
-3.840926370467087
-3.8408947289683413
-3.840098987271142
-3.8366283359263598
-3.8318774509037192
-3.819766251593977
-3.8187443165971913
-3.817793055057022
-3.8167169980207127
-3.8154317257996944
-3.8134214081292557
-3.808977938904333
-3.8056877356651677
-3.7969126153918644
-3.786331738789116
-3.7862533718747713
-3.7857432887481544
-3.76910234965296
-3.76444161619921
-3.756194786077951
-3.7561103102709206
-3.7548660814810573
-3.7494523938106674
-3.7464296056833257
-3.7407510527160768
-3.7387343953421595
-3.732662941084091
-3.7311492096770724
-3.72214313593263
-3.7143943449385306
-3.710236551522691
-3.7031782915614913
-3.7020646384819456
-3.6998395876860464
-3.697589289872115
-3.6959871004310765
-3.6752888101376078
-3.6712758210750653
-3.6601305730085176
-3.654092813730439
-3.649363078635748
-3.6472125174122225
-3.6409417418561025
-3.6298634772972758
-3.6290522239968794
-3.6236608894906865
-3.620998353587302
-3.6209447503677246
-3.6187142896520985
-3.6074972957077307
-3.6056003703716457
-3.599827519838875
-3.591259796260353
-3.583325271789847
-3.580906998883118
-3.575274547912552
-3.57164753954632
-3.5691801808294112
-3.562228472257128
-3.559156638591997
-3.556910273702116
-3.5566731846299824
-3.546362199469698
-3.5407358605150154
-3.5397414924800756
-3.536711074517011
-3.5332401992643554
-3.5313791396762726
-3.5272032710239287
-3.5269726335936284
-3.512890545451662
-3.5094748872672694
-3.5054588674642453
-3.503011191352272
-3.494951583751183
-3.492928563909399
-3.4896115413317212
-3.4674933647851294
-3.4669016448930865
-3.4602045658553635
-3.455514812208576
-3.45315577989439
-3.4405702182072733
-3.437702039677141
-3.4338924098747574
-3.4313309928058295
-3.427200173872663
-3.4176197235233934
-3.414302074730776
-3.413777357060161
-3.408872947633016
-3.4063911510578997
-3.4051168175255295
-3.3997871096742056
-3.393477427553252
-3.387927248759717
-3.3866058291751715
-3.3852926227841924
-3.3666202767261053
-3.3652429832801385
-3.3631106074566484
-3.3570629521622397
-3.3510246655695193
-3.3460041914497145
-3.341708753128145
-3.3415009708579024
-3.3400582018656424
-3.3393334372298433
-3.3383088546438646
-3.331351929005845
-3.327976569052363
-3.324448053103189
-3.3150353627349523
-3.3141938508241884
-3.312995643642047
-3.311198371625958
-3.306581496075494
-3.303267413910549
-3.3007790066128364
-3.2977777583232672
-3.2916165597581357
-3.287475645932873
-3.284263283892071
-3.2836776246794646
-3.2817932310209184
-3.2816305117593365
-3.281015909064198
-3.2768765435978278
-3.276853525097204
-3.2761178749362436
-3.2720950396943462
-3.267354947111265
-3.266833454893846
-3.265500717006976
-3.2632059289505295
-3.2599349186614037
-3.2581809501753125
-3.257000377189725
-3.256268517166314
-3.255239126471794
-3.2546272775573297
-3.2526525780384223
-3.250711091761004
-3.2487503833364872
-3.2481167695535875
-3.2442909265581203
-3.24141368773242
-3.2407678592124505
-3.235210913931265
-3.226480867695334
-3.2192810147828004
-3.215723063579305
-3.215077647311335
-3.213774941670219
-3.2125692602435514
-3.204514670981911
-3.2000723444468866
-3.191057441750342
-3.185284150470183
-3.1831683695083757
-3.181214722606242
-3.175095071773854
-3.1617819208210585
-3.1617266929091308
-3.1595784211417755
-3.155097051250145
-3.153872797850786
-3.1486292048915647
-3.1473271955176854
-3.1466919740217403
-3.142386705779545
-3.1420913528215397
-3.140627932675994
-3.1390821500583286
-3.1341381274803655
-3.1276472960985613
-3.112076631621132
-3.1113612632907364
-3.1062479616741285
-3.098571419872943
-3.0982916185317824
-3.0977981059002677
-3.096501191923844
-3.0853749292487853
-3.084536694076286
-3.0747252443396818
-3.0744476254758695
-3.0713097080245015
-3.071084112412876
-3.070195266246552
-3.0695422956990708
-3.069057007443876
-3.067118910511061
-3.0606002700861406
-3.0568779308833833
-3.054358027978533
-3.0514605375840596
-3.0510333062539976
-3.049982959811194
-3.0477531558663493
-3.0469800251899377
-3.0453438881917543
-3.0446623325311584
-3.043373035008312
-3.034237445758452
-3.0333552019763315
-3.0233433160825
-3.022693405920187
-3.018799503773641
-3.0164737607857703
-3.0129802770574545
-3.0128456740679157
-3.0058560554924627
-2.995689966297695
-2.9925605839790754
-2.9864439003385272
-2.9856919244705162
-2.9793615893477607
-2.9774146275657962
-2.97636632825933
-2.9741963796409485
-2.9739861177605484
-2.971085097888614
-2.967073254169115
-2.9658550714116414
-2.9615977738142476
-2.9596180794077926
-2.9591704310684825
-2.958916360436709
-2.9487953424482862
-2.9481805067642406
-2.946275918420312
-2.945694605591346
-2.9354299771075443
-2.9353336252347444
-2.9315090948099867
-2.929858940023995
-2.929056687272567
-2.9288572795623624
-2.915803982906452
-2.9093261769934333
-2.9084637568331404
-2.905752997746907
-2.9033410364926775
-2.901945057305877
-2.8998597920020104
-2.8955626345935306
-2.890869203649734
-2.8906981321371097
-2.8903736349453477
-2.8859575877339223
-2.8838495339174925
-2.882731069027039
-2.8810328808416017
-2.8746129689515048
-2.873179877489049
-2.871376621826843
-2.8661193914750833
-2.8644205184651472
-2.857697477028335
-2.857575810863141
-2.853410492198568
-2.8499530993866795
-2.8427003315116193
-2.8426913328902192
-2.8419882568959434
-2.8417129700060597
-2.840162970877962
-2.8372162794132847
-2.8357725989792706
-2.8270197177935774
-2.8224548786151757
-2.8215129325208848
-2.818504427252161
-2.8157236731694435
-2.80771927753206
-2.8048380369663626
-2.8026694844058104
-2.7994646844567317
-2.7928414222548703
-2.7911254839494046
-2.79075236306124
-2.790092462384122
-2.789866531634396
-2.786206881785443
-2.783592439603302
-2.7828393481658265
-2.782203517900123
-2.779492328731823
-2.7744737722399013
-2.771652959676972
-2.7657535926628083
-2.760732359092972
-2.7601185181588246
-2.759779140179407
-2.7586056874548577
-2.758215134149017
-2.754698889797465
-2.7536249995568562
-2.751516503576368
-2.7503851388974927
-2.7470041044284272
-2.746003914129224
-2.745685329818341
-2.7448160236511225
-2.744192473072378
-2.739002802308014
-2.738084272687299
-2.7376731776129573
-2.73564550858799
-2.7311982141742055
-2.726194404572672
-2.719084970002137
-2.7190507103048267
-2.7184103484434115
-2.7089916059034014
-2.702337624260784
-2.6958819668741034
-2.6884655223250573
-2.6877214927169115
-2.6851295007155804
-2.6814849042740967
-2.6805637694416897
-2.67806089223465
-2.6772819397211536
-2.668590836720252
-2.6624961717601074
-2.65954456890832
-2.6587276309161196
-2.6536051280302972
-2.651967578368354
-2.6500173560672744
-2.648131562447017
-2.64784495091498
-2.6470779395484714
-2.6468364038563768
-2.640916410428243
-2.640754754293128
-2.6401884760219003
-2.635362397702097
-2.6332652614841323
-2.6330347494749833
-2.6326212272298677
-2.628626645535956
-2.6284514036519773
-2.628065111626379
-2.6258973681586264
-2.624976509448574
-2.6239189691685283
-2.6171747338941698
-2.61200659180402
-2.6103537780624513
-2.6082881254710935
-2.6067973282400847
-2.6010527844702773
-2.6001356647430387
-2.6001213718074205
-2.5995222303375187
-2.5986882436249026
-2.598352250468251
-2.5960300512356937
-2.594968771499081
-2.590517402156321
-2.5820404614419346
-2.5790335422771413
-2.5782427408882356
-2.577380798701753
-2.574092160877843
-2.573307837302058
-2.5704674456556673
-2.566801408883251
-2.566391118713605
-2.5661928985487164
-2.5653199070843624
-2.5650906319497726
-2.564735337880541
-2.5610629308122084
-2.5606554097625858
-2.5573904202996665
-2.5559753306553556
-2.5540577038490837
-2.5507261636755403
-2.550217043155815
-2.549234434158061
-2.546810249918578
-2.5417327148569457
-2.5372417547806037
-2.536605865848431
-2.5318252402853756
-2.530651050887239
-2.5275256307434018
-2.527239046183335
-2.524922489626371
-2.52311130583623
-2.5189138195123704
-2.5100365178217765
-2.50609527207611
-2.5012187035528557
-2.497018514738978
-2.4928903739227577
-2.4918207670795267
-2.491605366436412
-2.491192535867483
-2.486944856779786
-2.4867461684502663
-2.4815359925558376
-2.4725462124789632
-2.470754804626543
-2.470511480019173
-2.469339163971266
-2.462232266337372
-2.4620580725955175
-2.450539526240652
-2.4499740002168298
-2.4481985427536994
-2.445218486745227
-2.4434775346680175
-2.4424717875253137
-2.442179897010429
-2.441721255688587
-2.4407901099943414
-2.4386922693767605
-2.4348563305389614
-2.4343433283965354
-2.434214057103085
-2.4251313679664364
-2.419057496326484
-2.409583551270222
-2.4087927677718275
-2.4081533353124516
-2.4055430327029725
-2.401755219412141
-2.4002875230478953
-2.399911327529892
-2.39965304551386
-2.399023013717006
-2.3941440468994406
-2.3901032776098603
-2.385162765740297
-2.384285900508242
-2.3839545391148445
-2.377044947572296
-2.3728713346018435
-2.370976935673736
-2.3673316200908485
-2.3639259403820976
-2.362150389484486
-2.359537036161602
-2.357986513709247
-2.3529729884013917
-2.34958726630506
-2.3495067361538173
-2.3465999779812483
-2.342623928128198
-2.3395892432158214
-2.3388969544554965
-2.3307385173504147
-2.328308071558583
-2.326138497825662
-2.3247637043762177
-2.321169766233338
-2.319536425711545
-2.318950388517997
-2.3173609748160215
-2.3107031216294804
-2.3105109162337065
-2.310478177111979
-2.303481240004747
-2.3006359727712025
-2.299503628376776
-2.2990225853556696
-2.2954818488544317
-2.291535471080724
-2.2908749228949636
-2.2860536633061908
-2.2812633386312116
-2.2808400834585862
-2.278695796069483
-2.2774528273712464
-2.2771710954844524
-2.2759832270637066
-2.2719392293949783
-2.2669395327749102
-2.2641246274036475
-2.2581089955160136
-2.255214846146181
-2.2533482439988353
-2.253273909363256
-2.2498319137465104
-2.247634684934628
-2.246663082414142
-2.246547023874082
-2.2451548111991295
-2.243657168104009
-2.2424664182540526
-2.241343460593346
-2.2330791598403716
-2.2284497386361823
-2.2283437041178504
-2.225654451813778
-2.2255595948206013
-2.222118934003139
-2.2207893061986574
-2.199565486018303
-2.199109906469804
-2.1983948661780377
-2.1977693443918547
-2.1902939143125884
-2.1900462207937124
-2.189510984309873
-2.187205655659833
-2.1867358343143057
-2.1834332577165187
-2.177167789660182
-2.1765704918028943
-2.1760319890857254
-2.1710950250277943
-2.169611335870345
-2.1685179144006748
-2.1600908397283285
-2.15520253015052
-2.151673213286911
-2.150604056901508
-2.1497394498166837
-2.1465555874283018
-2.143588189888917
-2.142092356765725
-2.1401886640342935
-2.1397207004133376
-2.139519885605474
-2.1381236285136476
-2.1366515865441325
-2.1363268788388705
-2.135981201334636
-2.1332726625171956
-2.1332702458853783
-2.131044214545913
-2.1280637990550075
-2.1257421638272977
-2.1241120901018165
-2.122070773098075
-2.117610211548771
-2.114430373178373
-2.1117670735008254
-2.111336708183422
-2.1106743171114566
-2.1102259499759324
-2.1046877651442273
-2.1026102165625193
-2.100796667930643
-2.0971059972495647
-2.0964799381151002
-2.0932845363065624
-2.0931381813742735
-2.093067353100095
-2.0889301140313274
-2.088834151559078
-2.0880922643965825
-2.0845847026592357
-2.0816186852427654
-2.080353433813463
-2.0761360646003
-2.075851338455453
-2.0706545980074638
-2.068116470188312
-2.0670373238187914
-2.063324744259566
-2.062712688259183
-2.0620808180781665
-2.0616631320280043
-2.058561116765472
-2.0580072776524014
-2.0578084707502975
-2.056247661166083
-2.0532150267760185
-2.0472738839860583
-2.0465710003279027
-2.0462786768225474
-2.040004348340193
-2.0354831641815068
-2.034103348028795
-2.0296220823353837
-2.0294187309552414
-2.023315952259197
-2.0217235437039767
-2.021615340447503
-2.0207500023163734
-2.0199698094591376
-2.019367614660119
-2.0106862876773706
-2.0065484202299344
-2.0052561692774598
-1.99891196831962
-1.9963271580089
-1.9949456353596275
-1.9941340189271806
-1.9938652405507165
-1.992735662887657
-1.9900181984818068
-1.9892487132346894
-1.9852338923504043
-1.9838026987057216
-1.9787292488749975
-1.9768709714382386
-1.9765699097840166
-1.9722201228652132
-1.9707244941263231
-1.9706761076555785
-1.9695524070131947
-1.9675504847475063
-1.9656889912372715
-1.9626389077496262
-1.9619868502868574
-1.9599891830901313
-1.9551301784623936
-1.953955581363258
-1.9533548946472352
-1.9525257161603768
-1.9520944936541165
-1.9478302033235133
-1.946662706531617
-1.946541371839858
-1.9458669871695202
-1.9453475812377408
-1.938651938536832
-1.9328466968113172
-1.9324707949789097
-1.931962095527578
-1.9315282074899427
-1.930741034620001
-1.9282509458682702
-1.9271126522480642
-1.923317929405838
-1.9216754506482707
-1.92062204321542
-1.9202519027147298
-1.9198079908107757
-1.9197526120048507
-1.9128880718132866
-1.9112867077559645
-1.9090699581168762
-1.9050327393732664
-1.8982398071625717
-1.8935929709232324
-1.8918668027096204
-1.8884365865841435
-1.8871415466490804
-1.88227254108254
-1.8817604323097172
-1.8783437660751678
-1.877541310314933
-1.8756871198060854
-1.8733597534587236
-1.873146983731246
-1.87119345399696
-1.8711366182557494
-1.8708661018345532
-1.8689900694225778
-1.8683898112267037
-1.8629723948603738
-1.858077379065753
-1.8554477449557258
-1.851043440320801
-1.8484084439013428
-1.8434721858008487
-1.8433084200924879
-1.8423995302826848
-1.8411798105498567
-1.8385907969546404
-1.8385768127647402
-1.8329259320390066
-1.832881597100628
-1.8284839823002397
-1.8241447820130245
-1.8233697894659957
-1.8176554591416312
-1.8147427098431348
-1.8119223856830458
-1.8112327484145316
-1.808173006270421
-1.806356519223978
-1.8056982914252724
-1.8041387614842543
-1.8022275996629142
-1.7991401979199115
-1.7928636783996794
-1.7914847432354026
-1.787890829939902
-1.7871044597534418
-1.7860303919662703
-1.7828053290160792
-1.7809059280203354
-1.7785860481772828
-1.7733937901849375
-1.7710883558707844
-1.7682090520505631
-1.7676537520691737
-1.7675441251847284
-1.7645473604984234
-1.7629538210689546
-1.761085514918722
-1.760822733124336
-1.7562153780598186
-1.752633286764455
-1.751685866039883
-1.750324948074356
-1.7501778853759564
-1.7465533985494288
-1.7421641172591746
-1.7383594270131637
-1.7363238081264363
-1.7351111768931213
-1.73433606607869
-1.7307377571198446
-1.7300890583617967
-1.7295117149134387
-1.7293513118662034
-1.728205932740882
-1.7249631033736301
-1.723647174031798
-1.7197812600132658
-1.7192463843481427
-1.718310083815125
-1.7165345221101653
-1.7117790475349486
-1.7111050820594649
-1.7083799690763348
-1.7063999806335053
-1.7045304077542878
-1.6993487278223256
-1.6972231084970368
-1.6967364510345604
-1.6958090797680898
-1.6953040751134654
-1.68877608923352
-1.6815410999096203
-1.672976251559397
-1.672814411346382
-1.6716802410365623
-1.66480783200845
-1.6642421880315406
-1.6613029615349335
-1.6600657771978247
-1.6597568654930646
-1.6573842001279133
-1.6520295856641651
-1.6490193711649208
-1.6485991796752124
-1.6482724222509364
-1.6470953842341631
-1.6467822873186408
-1.6431975540511157
-1.6415940363369401
-1.6358486656233646
-1.6354374675672796
-1.6353924284999244
-1.6353661390474696
-1.6352872029727368
-1.6348015059024243
-1.6339357249324986
-1.6329406000168258
-1.6289466734120397
-1.6267385954935063
-1.6260404620255735
-1.6255936997604672
-1.624031800343149
-1.623274240955725
-1.6217190537531878
-1.6217159464476656
-1.616739360039052
-1.6145972990406312
-1.6132884623177952
-1.611189849932666
-1.6108866329903746
-1.6100423118522966
-1.6095761705812375
-1.6087438286823452
-1.6068485023199126
-1.604499646345587
-1.6005907086618147
-1.5981613101943604
-1.5955656782193772
-1.5933810244152153
-1.5924569787640195
-1.5920587716204637
-1.591210867257641
-1.5871981784804585
-1.5847271848795692
-1.5843098516831016
-1.5838803352202593
-1.5833487878188865
-1.582392225868996
-1.5792689904592332
-1.5752334590781571
-1.5739395841182418
-1.5710253452609138
-1.5705835790702132
-1.5689020918597836
-1.5649993223294667
-1.5648145801438436
-1.563118172386741
-1.5618622328084013
-1.5600158424031758
-1.5569016146849703
-1.5557423930179
-1.555296669240769
-1.553039017822544
-1.5527824321367687
-1.5510229096670147
-1.5501802277852836
-1.5487689931663573
-1.548578464053921
-1.5484999077732102
-1.5482783202100334
-1.5434971926005137
-1.5424619534755326
-1.5398863464738182
-1.538941046979609
-1.5387295683233488
-1.5361686244968296
-1.5307694022385028
-1.5295613077882249
-1.5281496075677088
-1.523759645902171
-1.5215015962620304
-1.518615448595084
-1.518070843097448
-1.5178273838135163
-1.5126076764407512
-1.5125253927814364
-1.511864005447547
-1.5101852066209531
-1.5099224242578244
-1.5095325080989266
-1.5089733033652215
-1.5074584543094214
-1.5065711257390408
-1.503903895470101
-1.5037995778116515
-1.5034055091462724
-1.5027063511117018
-1.5016952205739567
-1.5013631122062256
-1.5008806868794058
-1.500640186400868
-1.5003493113162396
-1.498648802183861
-1.4975490825444542
-1.4963381937679379
-1.494893718976739
-1.4915295218644034
-1.4908733551613091
-1.4902130596556675
-1.4897627239085973
-1.488251666393056
-1.4836708365850595
-1.4835671492989007
-1.4816366914920165
-1.4816268394337733
-1.4779363020299159
-1.4767903957081154
-1.4734288112457952
-1.4724245549084476
-1.4721944636743487
-1.4694457798257414
-1.4690995416884245
-1.468813872891914
-1.4683306057532737
-1.464338138131797
-1.4639071853709207
-1.4615330543499925
-1.4611291571603415
-1.4601675187321552
-1.4582922921726356
-1.4558304898600571
-1.453956094771773
-1.4539499973607115
-1.4513531837480231
-1.4485129750176968
-1.4482578842980307
-1.4474912548779644
-1.4449103109141064
-1.4416459992879742
-1.4396281181265507
-1.437535611382941
-1.4366425796652007
-1.431222281150115
-1.4285272484219607
-1.425134372054595
-1.419914655911004
-1.4186520828416675
-1.4169122301386061
-1.414650177576764
-1.4144747135234916
-1.4141589566003931
-1.4137510788839753
-1.4007566935165083
-1.3973684829578787
-1.3937310594911354
-1.389813768289462
-1.3847846979305594
-1.384323237391745
-1.3837703913392665
-1.383631125023601
-1.3825081763457812
-1.3819919470290338
-1.3819519399905595
-1.3795443198876889
-1.3786183382059747
-1.3766771597984935
-1.376367541447379
-1.3708981369402409
-1.3708640510991745
-1.3691881634367025
-1.3685221601766115
-1.366826541275371
-1.3651493356873
-1.3640334034220896
-1.3608359575502522
-1.3608277155196606
-1.360402606073371
-1.3594032336130712
-1.3593422274054356
-1.3571713585267804
-1.3571340671312169
-1.3537455868666537
-1.3534410105987527
-1.3491703699125601
-1.3482015972993504
-1.3420335114948965
-1.3419091410728976
-1.3413204524452818
-1.339754288819305
-1.3383176317112766
-1.3350481247623525
-1.3348997791638895
-1.3329146063880923
-1.3282933860821147
-1.3270580589171048
-1.3262850132226864
-1.3251968780962178
-1.3250324136370506
-1.3238608598727968
-1.3230182220705835
-1.3208713779097265
-1.3179149980426375
-1.316938583995332
-1.3156821245646213
-1.3151887674197882
-1.3136595460217864
-1.3136399042824136
-1.3134385006306715
-1.311299178746352
-1.3108196341651763
-1.3071980251891193
-1.3013957792384576
-1.300821449035951
-1.2997662206980483
-1.298972352877363
-1.2987952565363838
-1.298105519128751
-1.297961113321794
-1.2973923654940491
-1.2969941395220463
-1.2919839020051311
-1.2910619169463953
-1.2899751704680387
-1.2892337851317541
-1.285617939202837
-1.2814719844693132
-1.2806382389004214
-1.2789207629022004
-1.278575466796887
-1.2780323437829644
-1.2750370475145096
-1.2746936224443552
-1.2724383407938493
-1.2690846234710453
-1.2673263869155742
-1.2650699845373172
-1.2648454515200913
-1.2621072541383733
-1.2619522611944298
-1.260863217233243
-1.2604994278491244
-1.2596262438819958
-1.2549223967019565
-1.2538064365519523
-1.2530381718874142
-1.250387883965658
-1.2470965545839936
-1.2469773491421727
-1.2452740195025678
-1.2451390241853248
-1.2440845825787643
-1.2431841875537315
-1.2427527627521842
-1.2421653261384322
-1.240955665986351
-1.240223760904731
-1.2393235603549089
-1.2370927374519831
-1.2357853198356843
-1.2345419260330261
-1.2331706080871365
-1.2331277172224573
-1.2310234187059208
-1.2298756892234501
-1.2279221046926088
-1.223616148318827
-1.2230554068280082
-1.222418319022119
-1.2216697540404489
-1.2210702962567963
-1.2207845532468808
-1.2195161297166441
-1.2186282007169147
-1.2154685085472314
-1.215136463435772
-1.2147373037255973
-1.2052941132954762
-1.2025055756996879
-1.2023847212544567
-1.2007070402607265
-1.1996418101787096
-1.198121721252043
-1.1924014803935516
-1.189691937172485
-1.1896666966990133
-1.1883422137737587
-1.1834197986756894
-1.1833212059846105
-1.1812508886249322
-1.1745303775754063
-1.173244692056631
-1.172669562038531
-1.1715123867772994
-1.1702676115209385
-1.1685492343241686
-1.1669331088209187
-1.1656113975319666
-1.1648564160967483
-1.1621446610798087
-1.1617795567438367
-1.1605551685922273
-1.158174703849447
-1.1552728309253233
-1.1541374057505518
-1.1540482331843585
-1.1534839390427252
-1.153245466262318
-1.1517799759569092
-1.1516600510057007
-1.141608903019507
-1.138652819714102
-1.1357384372378845
-1.1324087937047702
-1.1323240789713616
-1.1276678684488466
-1.126294031614836
-1.1246476393487752
-1.123040869738765
-1.1220882020471752
-1.1215336904020992
-1.1211206742438518
-1.1192760292361972
-1.1162324846295983
-1.1143258042647326
-1.113534652991841
-1.1081353725586252
-1.1022408298869182
-1.1010672415662541
-1.0986737926487908
-1.0973758846480082
-1.0948501813672642
-1.0934616478918657
-1.0933318060831814
-1.0924146589785484
-1.0908874720474675
-1.0906582861205494
-1.0903277007838965
-1.0900790146667574
-1.0885403492687078
-1.0883085425545298
-1.088290716870915
-1.0877321485789153
-1.087102549874257
-1.0855631977325544
-1.08150109464185
-1.0812761599510552
-1.080839437796332
-1.0801523170196283
-1.079608239939354
-1.0768174215692994
-1.0740539218576792
-1.0739434598947069
-1.070661784900241
-1.0699200840545693
-1.069785657668398
-1.0626178065444982
-1.0594283552089703
-1.056707335397804
-1.0546800982299376
-1.053389268920798
-1.0529785518479953
-1.0511829952045717
-1.050510867355951
-1.0502970942107317
-1.0502691741683536
-1.0439656834745425
-1.0420273047015502
-1.041567698442205
-1.037217627456944
-1.029171488669093
-1.020458956192987
-1.0204574207934078
-1.0185871987787345
-1.0168869919431347
-1.0154693296640098
-1.015348249957151
-1.014664715730754
-1.0142326357384017
-1.0141599754107022
-1.013007613723591
-1.010792493598692
-1.0104049477599408
-1.0095459595055716
-1.0078445719063827
-1.0072952713511487
-1.0046441428892787
-1.0016497887888902
-1.0002132541355442
-0.9997406773255781
-0.9996402463864653
-0.9986933612291096
-0.9969015307917697
-0.9963336296007445
-0.9955087653414193
-0.9908164604453207
-0.9867324432211195
-0.9865894947313065
-0.9859118674657406
-0.982114381630571
-0.9806235514780599
-0.9802346649718167
-0.9780424115726924
-0.9771226097093155
-0.9762254480233857
-0.9720439478649839
-0.9676773759768176
-0.9655798097861412
-0.9640720966637046
-0.9626104385245994
-0.9610568931952177
-0.9609056828285457
-0.9599740856634942
-0.9579320079116098
-0.9567146258528787
-0.9548260650486149
-0.9521959418731516
-0.9496531646180842
-0.9495557225559176
-0.9460068011898211
-0.9424195527157517
-0.940227581394037
-0.9387870257523283
-0.9384293052361473
-0.9377763554363613
-0.9368418025124938
-0.9353993802382662
-0.9321772337339826
-0.9300677556686291
-0.9295566518294606
-0.9290489238594357
-0.9288349526584501
-0.9274210942665181
-0.9268107440927501
-0.9251951377805677
-0.917844025142449
-0.9170671573224302
-0.9167541633505958
-0.9157776474677551
-0.9151668645137849
-0.9143973724000792
-0.9134983158682239
-0.9069370791052327
-0.9066765849725635
-0.9065574721153988
-0.9058005034664378
-0.905190658301188
-0.9045266062531816
-0.9020279321402433
-0.8998810148926881
-0.8984595208601017
-0.898406546238854
-0.8978690349222294
-0.8976870001981513
-0.8965064911010525
-0.8959641864519539
-0.8956831675783035
-0.894966691625041
-0.8944077059583203
-0.8930088233082215
-0.8893147831043214
-0.8874563791223653
-0.886092966392114
-0.885738506349346
-0.8852875933005995
-0.8814240490266327
-0.881058410860367
-0.8804681979504598
-0.8754770512174411
-0.8741776057364434
-0.8716276777968843
-0.8675970538175596
-0.8673761554729357
-0.8638759152984274
-0.8616592941710179
-0.8606090906803658
-0.8588229301816194
-0.8579149028204115
-0.8572075770948563
-0.8549765450930084
-0.8526256248769194
-0.848643904014007
-0.8467784213851761
-0.844682374918775
-0.8444792164340952
-0.8419196541708058
-0.8414542035407799
-0.8407578273584789
-0.8392299185944861
-0.8358205020567465
-0.8339292506272613
-0.8336642469964878
-0.8330130699337034
-0.8320357859323328
-0.8308965347678431
-0.8307600696858656
-0.8306150755020003
-0.8280789827993518
-0.8271163172018074
-0.8266856752269724
-0.8266180331005332
-0.8236072049164512
-0.8233712764365326
-0.8214220137795433
-0.8168695861403231
-0.8167299870529954
-0.8164548128591436
-0.815743166907864
-0.8138100567537606
-0.8118946216689792
-0.8084331464521357
-0.8066781667479807
-0.8060783156081438
-0.805286936520206
-0.7993921963391004
-0.7956680880274124
-0.7938808145730822
-0.7937813740952028
-0.7915142363927392
-0.790743391634777
-0.7898864039393081
-0.7893319507241424
-0.7883871957073423
-0.7877400481239231
-0.7832730643360605
-0.7822421252965887
-0.7792784624118952
-0.7785231210896018
-0.7779255582910632
-0.7741691778208775
-0.7701159352973266
-0.7697360673876568
-0.7696374204311276
-0.7689108834376336
-0.7681741904955074
-0.7674936853725868
-0.7670176886203293
-0.7659876815391377
-0.765882878524611
-0.7653409303890727
-0.7617597500636779
-0.7613015084085522
-0.7574493914043579
-0.7522579837316241
-0.7511041335285741
-0.7510913831568156
-0.7503957599703597
-0.7500262997758731
-0.7461692718930485
-0.7438014496216441
-0.7417130315664731
-0.738612091065806
-0.7384073720732447
-0.7370697368884611
-0.7361757586314704
-0.7333511973399052
-0.7326964645570665
-0.7284319896461566
-0.7230916714237814
-0.7217202822729183
-0.7187550403531779
-0.7187496827264456
-0.7182323247605952
-0.7172178090947174
-0.7152713488714297
-0.7151607071129115
-0.7130437203334632
-0.712950972476251
-0.7128272610933641
-0.7098276651483323
-0.706176285391471
-0.7043547094162045
-0.7019274643030101
-0.7002504431721015
-0.6980393861689347
-0.6969207260891581
-0.6951281688435681
-0.694548428428746
-0.6932614855849745
-0.6922032835216259
-0.6912549749077072
-0.6881435979998572
-0.6879865161956763
-0.6876647731796508
-0.6855670768185801
-0.6831993348680087
-0.6817836818747861
-0.6814468671837487
-0.6802965029159924
-0.6756407551265391
-0.6746387515948941
-0.6737205280079364
-0.6729510201025906
-0.6727237812061362
-0.6712451287463082
-0.6702430242267995
-0.6699506837252412
-0.6662878259142062
-0.6648954991634003
-0.6637666513478204
-0.6611927292606776
-0.6577813417044516
-0.6574159197036813
-0.6552773973097606
-0.6529467375017924
-0.6519686508478765
-0.6516742251914953
-0.6505757878479176
-0.650317508779362
-0.650183376878917
-0.6499457483102693
-0.6464924098231184
-0.6460768281417231
-0.645961410399521
-0.6437802320588432
-0.642342719724297
-0.6391507533326126
-0.6386409176219111
-0.6358261638994043
-0.6357521550536172
-0.6344351867579896
-0.6283849022518576
-0.6237832975681797
-0.6196047179398041
-0.6190475670680329
-0.6172617330319017
-0.6169218051715378
-0.6157636182372742
-0.6155635349410687
-0.6124602378162458
-0.6114531115300575
-0.611327515468026
-0.6090372173291935
-0.6079222516804694
-0.6070891266406386
-0.6068523915913335
-0.6067424548138597
-0.6037122899802276
-0.6025958708614176
-0.6007696170319586
-0.5999324125649778
-0.5985277563389265
-0.5982506846696715
-0.5979841506324872
-0.5954218503332868
-0.59537435896996
-0.5943669426552267
-0.5918817023026074
-0.5857250037545566
-0.5820703047506335
-0.5810680167133889
-0.5809583997022988
-0.5794810850610578
-0.5784692607075482
-0.5783203667395092
-0.5762005647392102
-0.5756870822748815
-0.5735196800632865
-0.5725900624777679
-0.5683058336532839
-0.5671017965692586
-0.5658351391177471
-0.5625005781098937
-0.5609132962880997
-0.5603454603332044
-0.5595266272957734
-0.5587510704327205
-0.5562149863191675
-0.555285897870216
-0.5542283699007166
-0.5523527168618065
-0.5496244929743136
-0.5431610356467795
-0.5419709525739865
-0.5381329309779718
-0.5370837856405477
-0.5360941013013182
-0.5351329148132415
-0.5316810458605808
-0.5314480267787913
-0.5263572660841065
-0.5249669555198313
-0.5216905809972237
-0.5168199131802026
-0.5166546556638257
-0.5160619372303937
-0.5142906468762802
-0.5112451928849581
-0.5112110207646132
-0.5105123204015883
-0.5091322876146248
-0.5088636224938773
-0.5087442627486641
-0.5071858522581539
-0.5059383574377659
-0.5059149785437534
-0.5057551727371181
-0.5034592226789962
-0.5020108689288367
-0.5019550352273912
-0.49989686410014933
-0.4986396284933259
-0.494391351181552
-0.4920049000304677
-0.49118590299237935
-0.4888620871770607
-0.487643159575808
-0.4830543045731921
-0.4817458045487952
-0.4811290495362721
-0.48101840877303953
-0.4776592231929967
-0.47493020945724423
-0.4724112471089342
-0.4714892344566596
-0.46781019568712456
-0.46269791395816473
-0.462537191241739
-0.4620090977722031
-0.46024997495903086
-0.4598927118301581
-0.4588191405061799
-0.4551296524247441
-0.45325033089174194
-0.4504960420700795
-0.4500537096907886
-0.4479403176771307
-0.4467690103744738
-0.44342541488302445
-0.44277527543331907
-0.441063126204323
-0.4408745497926684
-0.4394038064196591
-0.4377186778907918
-0.4335537235192424
-0.43254810690322576
-0.4303750452905574
-0.42656774568001044
-0.4249412067863521
-0.4181520534914872
-0.4180757808702068
-0.4165885434625094
-0.415446400006473
-0.41481854992341116
-0.41455789117685415
-0.41290984402365083
-0.41234924573624515
-0.41216375434970626
-0.41152263868794825
-0.4091985193388512
-0.40650937290187095
-0.40497179544868656
-0.4034527474158385
-0.40324145386872556
-0.40216637640091446
-0.4007339959844864
-0.40005656192213557
-0.3942675412342306
-0.39069622964547895
-0.3874147655417124
-0.38710834835007235
-0.3869496545317247
-0.38367569831995874
-0.3807850991557429
-0.3807401627451832
-0.3801866752531804
-0.37753872221322515
-0.3758515800296721
-0.3746020783522319
-0.3710009475944176
-0.3703840269435554
-0.3702696756260212
-0.36797974228619645
-0.3662364317197172
-0.36412343568999794
-0.3620501171974665
-0.36199266750141135
-0.35874033326668764
-0.35766940965399485
-0.3572072908860487
-0.351421652243248
-0.34940340113002244
-0.3483482359603558
-0.3468448726561787
-0.3468015774549452
-0.3466111029315183
-0.34386604920149
-0.342429842722547
-0.34242325834338144
-0.3387188245774344
-0.3379552844622027
-0.33655783403832207
-0.3357500114822515
-0.33569553866420493
-0.3356271624090367
-0.3349668737664203
-0.33105733614446897
-0.3307828602030962
-0.3301900034783328
-0.3289663712620652
-0.32894579774800836
-0.328924474433575
-0.32416827351854927
-0.32114648939028856
-0.32087197501490583
-0.3200681995620138
-0.3192844192666676
-0.31789908491774765
-0.31764559038678875
-0.3159603337742569
-0.3146739449350745
-0.31410241030792185
-0.31345713572980904
-0.3132367303305018
-0.31286969621861505
-0.31243638293725884
-0.30728641107643107
-0.3062915985711869
-0.3040621172970448
-0.3033051635143589
-0.2949875222860585
-0.2921900671381552
-0.291267867612199
-0.289556654119538
-0.2881582069550974
-0.28488994627279457
-0.2843314631027915
-0.2832606420560614
-0.28126192571268344
-0.2788297197532308
-0.27826326601627405
-0.2773775944301268
-0.2752378114460071
-0.27410485011362073
-0.2739287726256775
-0.273798511691269
-0.2710611979334314
-0.27043847056247916
-0.2697209366322306
-0.26911037161016765
-0.2688989184062064
-0.26859292361951226
-0.2683169143901891
-0.2664380798199475
-0.26600778713208506
-0.2652970556486421
-0.2644915862026729
-0.26337330876982656
-0.2619089019030974
-0.2609563975999618
-0.260250173651451
-0.2584420907572834
-0.2575671739380677
-0.2529162471475175
-0.25280436397255357
-0.2511811211906403
-0.2506777979379814
-0.2501847986056731
-0.24852600323465443
-0.24837388503628743
-0.24687791046843505
-0.24654806229774717
-0.24639179005885992
-0.2449963921575543
-0.2444250632314514
-0.24357066779825676
-0.2424492542950324
-0.24222626500288486
-0.24099670710655874
-0.23926071700424734
-0.23925855529897716
-0.2388430135172206
-0.23464082595075933
-0.2328237819917015
-0.23134322923871153
-0.23047737003586788
-0.22999337291085703
-0.2296302205127041
-0.22953096202850864
-0.22855337911180706
-0.22780438161743988
-0.2250902796563603
-0.22484630449319984
-0.22448135295931193
-0.22380679961404307
-0.22369183708908247
-0.22241278012900217
-0.22035004723661072
-0.21905884081788118
-0.21876549130397932
-0.2179137541792182
-0.21707718043753688
-0.2165047484673017
-0.21522526732849218
-0.2137433964065426
-0.21086890571708428
-0.21010071382489892
-0.20829997461765143
-0.20729596005124562
-0.20690905544876004
-0.20629765486793383
-0.20477351245507402
-0.20156860030929413
-0.20081112647495844
-0.20073885394272128
-0.19899270211859788
-0.19832322247255796
-0.19674067604785128
-0.19267627237244256
-0.19157348719462758
-0.19022666139328592
-0.1900515819633578
-0.1893226245313701
-0.1890017424806335
-0.18500325446549504
-0.18442080871716154
-0.18222078562918376
-0.1820081261562685
-0.1812612193920331
-0.1787176459382951
-0.17615564261655625
-0.17606948364731018
-0.17540822748368334
-0.17253306224981946
-0.1717561201858383
-0.1717445489521444
-0.170774632848527
-0.17034494111374238
-0.1690894091434486
-0.16357916816963813
-0.16338455690475107
-0.1619433863706094
-0.1575931883895691
-0.15718535259055078
-0.15609410351779363
-0.1556469230207823
-0.1523174962860383
-0.1519192067945571
-0.15158468733389308
-0.15049714744283543
-0.148433085535142
-0.14679503011672634
-0.14375283510211107
-0.1433201466103151
-0.1433192059162378
-0.1430643050143459
-0.13927582118646964
-0.1356676720233787
-0.13387562101686568
-0.13378556270634134
-0.13070469876581076
-0.13007216437106303
-0.1268254483186515
-0.12581437815092544
-0.12124641597627694
-0.12122589948765516
-0.12103945444362607
-0.11950268464822472
-0.1163993941520588
-0.114229595129695
-0.11389643203571592
-0.11377669079541175
-0.11321859704219983
-0.11224566207839493
-0.11179238498678279
-0.1103356767135295
-0.10948575062076049
-0.10937358153992116
-0.10782996343952145
-0.1067955422741369
-0.10563812781542126
-0.10202574731898095
-0.09859898325338867
-0.09840419447129228
-0.09680586469131292
-0.09332530482828577
-0.09288957405097348
-0.08950293628124917
-0.08782228244610701
-0.08762154722866033
-0.08627597909748175
-0.08580362047630163
-0.08227267550820927
-0.07973695736736976
-0.07900724008174442
-0.07765972288524861
-0.0772317842636564
-0.07716243878410778
-0.07622207092111666
-0.07571514982685246
-0.07502319687306899
-0.07309889098115918
-0.07091593457942491
-0.06913965711393333
-0.06858627745376544
-0.0670698992797022
-0.06636652261852227
-0.06614114915255243
-0.06057707174476612
-0.059383525263013714
-0.057010961307169206
-0.05523918347240775
-0.05066500582299238
-0.0501345077837958
-0.05004867466470009
-0.05004553439620729
-0.049779828181722774
-0.048343187293561074
-0.048315289080828105
-0.04723560740421928
-0.04418145120215855
-0.04112112529169465
-0.039997429896228454
-0.03959521721927339
-0.038820305655228815
-0.038699846089993196
-0.03584439826550334
-0.03551169091219708
-0.035501876581384706
-0.03461550624541698
-0.03451610135115146
-0.033402251496257196
-0.031495194783831004
-0.02883483079686666
-0.02700541542142887
-0.026303328620324473
-0.025400289980635427
-0.025279809099469197
-0.024283169984142434
-0.023503884344610593
-0.021802043691604128
-0.020123092828248423
-0.019981816183636147
-0.01984309600486245
-0.019790146414355614
-0.019775965476576673
-0.018569683431335915
-0.018499820878364187
-0.01835165900696556
-0.018114687418630093
-0.015881641999496376
-0.01564335335842537
-0.014885171432932442
-0.013810689448941704
-0.013638827270821607
-0.01082686671586629
-0.010460637347883162
-0.01023810876436107
-0.010197401313911336
-0.005939157291055708
-0.004619354065546255
-0.004207762755039757
-0.0018761512020196713
0.00039864442026879554
0.002810380447926586
0.002852463962105367
0.0057061423117182875
0.006034069663668651
0.006837321753921377
0.009858754837079542
0.011881655397112056
0.012269040062208414
0.012588860054239426
0.013512029730441584
0.013755098112286923
0.022322028870372268
0.024974784536142103
0.025824256222539477
0.025909410154598356
0.02672901189724064
0.02712972372770322
0.027817936027624945
0.029664099703952784
0.030851320122048595
0.031914819923523186
0.035260865327771174
0.03672023382464157
0.038220053135633036
0.040291738804769106
0.04037660038096513
0.04255317915614709
0.043176886303213036
0.04382088909991527
0.045728473167160444
0.04588709205390673
0.04924885857504213
0.04951645904404134
0.0500609687155974
0.05086253015371006
0.05138214717251405
0.051486615200494135
0.052007424826015725
0.053964392306216635
0.05543413567436817
0.056244304494479674
0.056310769415817946
0.058638198648169326
0.05934375774307188
0.06140264461481976
0.061570251193230896
0.06208464976482625
0.06223642506695526
0.06521237344526964
0.0654406058836991
0.06592377253108317
0.06743700282273268
0.06824738343451653
0.06859150876859499
0.07024639326890061
0.07179218989417913
0.07355195697961658
0.07720489714563761
0.07808601509015078
0.08012229202777099
0.08072831188961149
0.08195131711639714
0.08608085714842317
0.08632547002730817
0.08806724431308321
0.08838910410414902
0.09157583217666365
0.09197437466069809
0.09376087577725878
0.0954719088180547
0.10309085549329502
0.10491311704914219
0.10513836832203266
0.10550764065900886
0.10630440862949542
0.10656974026360727
0.11129366288715536
0.11538234339361876
0.115844578427592
0.11635282859107188
0.12394287150642991
0.1241872986200476
0.12550087714194774
0.12552391851347788
0.12815246456409646
0.13057943157736596
0.13156333463444148
0.1327111378340572
0.1367141346684978
0.13738510721486663
0.1401592487395906
0.14021304933397738
0.14078264421636277
0.1407883914542552
0.1411293723925804
0.14360169037364878
0.14513757530886762
0.14516960008347496
0.14815661821050796
0.15016111075461397
0.15158957308779025
0.15382977040685342
0.1541302704731845
0.15743183417499074
0.15763281210671065
0.15883864045379037
0.1596490409416253
0.16104630871629916
0.16274471057258594
0.16538647847185112
0.16554170293270049
0.16650928336455983
0.16838414255010303
0.17218510703817147
0.1743929490935643
0.17454535907919233
0.17512780827558005
0.17619736306708556
0.17907026731227477
0.17960906357654655
0.17982061040026154
0.1810243649549663
0.18153489539908796
0.18169677379985683
0.18346971595596762
0.18371501213943753
0.18404503851718595
0.18454471083466362
0.18495045172635027
0.18800347694523956
0.19461484771789042
0.19563851037029734
0.19881163328596316
0.20323060020536882
0.2059091267432981
0.2073514659906277
0.20928362160023195
0.20946400833729809
0.2102687947241172
0.21114400622927332
0.2123409642787799
0.2124677599429794
0.2153002225938947
0.21555359335962132
0.21576302778189016
0.2173841953845319
0.21785765946165958
0.21833896550169385
0.21894663774739145
0.2224449155285164
0.2241550327333569
0.22429625344490894
0.2257054286697307
0.2257608072321895
0.22973017369310983
0.23154868760152025
0.2331347825524378
0.23426497650638634
0.2345034943790238
0.23472382365167765
0.2358334961691826
0.23793576945503916
0.23833634758396527
0.23868028248441506
0.23902606511260116
0.23997816236942596
0.24188259404028878
0.24319659186025758
0.24332693360471025
0.2447411716086855
0.24581341791278266
0.2465185728098348
0.2492927657632389
0.2509889079441744
0.2516977073925731
0.2517266161500227
0.25191123911946955
0.25439353921872976
0.2570179370356577
0.2586112550872676
0.2596973698004555
0.26695379239786104
0.2688578135855876
0.26938857801202676
0.2697638380148594
0.2701537524613683
0.27040051988345337
0.27140224694877735
0.27381835572095337
0.2742927746439785
0.2743041706617989
0.27573770193860114
0.2761017403786298
0.27707724119652255
0.2781992913414166
0.2797114674145528
0.28138117579377375
0.2814232219371485
0.2816120710460919
0.28239216468770245
0.2839176184599881
0.2854470009652208
0.2886248575518793
0.289056323887774
0.2907442050246354
0.29278359707850077
0.2932913125843789
0.29349512686705614
0.29387724148691463
0.294731223145836
0.2950722063485634
0.29806576306980015
0.29836893400819564
0.29840768077096425
0.2988870247989249
0.30039812637476526
0.3018578337541812
0.30206002283526323
0.30223879477858984
0.3029655771414326
0.3076844147295976
0.30778370368612973
0.3093961778937867
0.30978941522407855
0.3113135291989418
0.3120507791696267
0.3127384373202342
0.31406435750599015
0.3163467279179084
0.31983215790089914
0.32232675491126817
0.32400071048661083
0.32726437463251756
0.3288721564350465
0.3334822963363222
0.33398778766694615
0.3354584464589011
0.3367987246966487
0.3368151516746235
0.3369553485826546
0.33770273678758655
0.339878428563987
0.3400725493664806
0.34010639074773374
0.34105075451858247
0.3416073599159755
0.3431701587611229
0.34698677031250313
0.34746482757358527
0.3476333207683239
0.3480286378821673
0.3483302922785798
0.34909606355716455
0.34923139271558257
0.34935342291408045
0.3499473393074347
0.3500992861548369
0.35580344400310127
0.3589517824317611
0.3617678704620467
0.36194984310021827
0.3624220983364357
0.3646260364403069
0.36525671437901197
0.36553908373579497
0.36842348038628114
0.3688435847264876
0.37008401264938656
0.37029376903254385
0.37197983128006024
0.37448682474725564
0.37507925225381694
0.37623117157734964
0.37779852348449317
0.3788421196178622
0.3795838003048049
0.3804203452592775
0.3813277957543272
0.38264718120123
0.38270448255543843
0.38288269155131816
0.3853017267608334
0.38707348506372563
0.38735404897482617
0.3875012727988
0.38961789847486855
0.3897301830753185
0.3897420161739311
0.3908291809624933
0.3913486630576663
0.3946762790347068
0.39717131238913084
0.3975187321915926
0.39894290742260863
0.3995542320603523
0.4008291899165215
0.4010155047824542
0.40371904798328323
0.40543669040420227
0.40614290351557336
0.4069326126074399
0.40730062978869197
0.4080222583935683
0.4089944533057588
0.4105130210172112
0.4120248563505848
0.41251136469816474
0.41266564083945967
0.41526119303212833
0.41776734934726767
0.4199110506768088
0.423065201230296
0.42433231692667994
0.4273792830126921
0.42768423121761673
0.42803857531360767
0.4304280818182134
0.43060515480908673
0.4317444860596741
0.4321311018745956
0.43571635082741306
0.43695060054695656
0.43797561826502507
0.43889314286585657
0.4391777687084611
0.43936070359255197
0.4395491379993524
0.4415670013691514
0.4432689067416895
0.44343462735561984
0.44449984417014804
0.44627283349808244
0.44715355593079387
0.44830649149998614
0.44889630007837567
0.44898984359258776
0.45221366076347785
0.4528502300695999
0.4543219954485759
0.45474560611324333
0.455780705356702
0.4610429365544948
0.4617841283178198
0.4618556108929297
0.4646122774035659
0.4658875422093076
0.46612072435500906
0.4680963527586526
0.47065776203500476
0.4739240022566576
0.4750544514695427
0.47592683301861377
0.47615012112710625
0.4773482874993222
0.4800782970130125
0.48158992377524495
0.4835679599424556
0.4854904797428873
0.48569575299235324
0.4857871223746563
0.48688812132868003
0.48732559501931677
0.4881263772474655
0.48854452253916614
0.4893314080751332
0.49095302094750787
0.49324338131940804
0.4939790254915468
0.49437816164049453
0.4946474401437385
0.49622196335141006
0.4963671605345268
0.4975148022975523
0.49804445645097384
0.4981603020344928
0.4990167764393231
0.4991478914172156
0.4997211504691426
0.5002189393407301
0.500879935030615
0.5039650572386555
0.5047757298610283
0.5055047126747181
0.50567895880874
0.5058644380619363
0.5083105889279523
0.5087610764824892
0.5100051983971965
0.510339495266629
0.5121702321583195
0.5134237476320822
0.5153651461132612
0.5166612922195599
0.5176605842039947
0.5188817564861825
0.5200823107376282
0.523066450892462
0.5242832161695407
0.5243118403483142
0.5285294733761139
0.5289024557764375
0.5305405084887502
0.5317835543094607
0.5325757653226251
0.5336845343479982
0.5338000549787063
0.5355730681689026
0.5366349404594424
0.5377958154911671
0.5390933008596942
0.54229286310884
0.5422989850304792
0.5424655014877493
0.5442893694887584
0.5446831931498288
0.5447699545837285
0.5467952875496136
0.5495468874998968
0.551374383892449
0.552020376114561
0.5535698438348673
0.5538955999947393
0.5540435168368316
0.5562902869945561
0.5574389490768689
0.5611108984758593
0.5618302679888267
0.5629406734174276
0.5630420977864541
0.5635502341229561
0.5636273487893773
0.5673706894788981
0.570560749334929
0.5718664235550921
0.5727935788469887
0.5736187000357453
0.5752512379664045
0.5753795061573378
0.5758244123100781
0.5774463733040538
0.5823938724179152
0.5834996600325997
0.5857679602773196
0.585873212878402
0.5899898928767109
0.590909586293925
0.5915496534037609
0.5931561324797117
0.5934182098006634
0.5953144696940214
0.5953634714112485
0.5976731926798887
0.5984117678578574
0.6005984437577232
0.604270765940013
0.6045262209520148
0.605013768948683
0.605762719075299
0.6074528298621076
0.6081598834678402
0.6084335955651924
0.609463441182613
0.6115762662723447
0.6131921836378439
0.6202295246278059
0.6225460574359383
0.6246741819536584
0.6253681683496695
0.6276398266508835
0.6287520037052403
0.62900900422701
0.6314147520697035
0.6340148517515293
0.636206583474763
0.6380204075258894
0.638483890145211
0.6392728028723225
0.6395851952920952
0.6436594205063085
0.6440049024470511
0.6452601473497112
0.6484802983175282
0.649440333287302
0.6500606943211966
0.6515957428216924
0.6527489725232403
0.6534700400219062
0.6545294323191537
0.659181745111965
0.6618601901583537
0.6644782522291888
0.6694117199430785
0.669808298336076
0.670004837300444
0.670425127663433
0.6704749765432094
0.671776430998573
0.6723877933150261
0.6747004096483296
0.6769488975030189
0.6776400787069206
0.6791824305382981
0.6796788044695855
0.6829688136000365
0.6852547996047094
0.6872243103301859
0.6919369856876754
0.6946050737665412
0.7017634367583008
0.7032231630026899
0.7069826767844276
0.7073399188982612
0.7093894259898195
0.7118644137604243
0.7133506894186405
0.714462568548403
0.7148162630353834
0.7156558826508801
0.7162347946230649
0.7199565850331582
0.723549866657931
0.7259653989241364
0.7312596734696452
0.7326219502109159
0.733417526365334
0.7340363853573248
0.7340553311326611
0.7359946186624431
0.7421484308658273
0.7423183213279294
0.7424473071329616
0.7455081612346465
0.7460305338370006
0.7487117520419599
0.7544218227022794
0.7545526668040794
0.7585353399751181
0.761312115196778
0.7647064412430498
0.7647569311108914
0.7655683161953792
0.7668335995864966
0.7670040638846933
0.769752854997306
0.7735735962090375
0.7744994828637397
0.7749051911415586
0.7763594096712546
0.7766471102833405
0.7799069838455013
0.780848911967777
0.7809659274965709
0.7858189309950165
0.7877351825795782
0.7889621930690358
0.7931069896505569
0.7948559064299301
0.7976658724392527
0.8007193290333408
0.8011276746382359
0.8036418401597636
0.8041223384301022
0.8056302032471444
0.8090988779322765
0.8095597528795688
0.8119682332331952
0.8130651700608535
0.813468682828847
0.8173278786068472
0.8173791817945202
0.8188931986099952
0.8214495476366879
0.824475130847333
0.8262590641822599
0.8299708494026856
0.8303560531444567
0.8306084938405545
0.8317141028078381
0.8324407138300264
0.8327022814051025
0.8354149728535412
0.8361204436678118
0.8366639017204526
0.8395913069339214
0.8416359148964848
0.8423456086381835
0.8424860549356804
0.8442579308810613
0.8442722138975269
0.845439516896025
0.8475160059258284
0.8506876955091378
0.8509057553700003
0.851372212484736
0.8517334879125896
0.8609933149629075
0.8624375411067564
0.8636211877876218
0.8668807798403246
0.8671034979089493
0.8671636114683811
0.8686970628079652
0.870194615743518
0.8710029193844904
0.8729211512150137
0.8745183001759758
0.8759081035874581
0.876713012428278
0.8789427033448258
0.8808968537181767
0.882426154681506
0.8828080895266145
0.8835774793069298
0.8836913734647661
0.8837696802908869
0.8865707977876727
0.8877426015258264
0.8889254328423553
0.8913118329089443
0.8918940496382833
0.8929293211182936
0.8932664694095235
0.8942494441387522
0.8959136061960921
0.8960021154445602
0.8988741525751922
0.9006369364621797
0.90369251791432
0.906292507061858
0.9064776331829093
0.9073588484624474
0.9078881100962801
0.9095627424125693
0.9104081637152199
0.9107537250759521
0.9112263100669773
0.9120346212650803
0.9131247206393227
0.913711874122467
0.9146457013100295
0.9173139838131777
0.9190746980143203
0.9206572477419687
0.9229870037817802
0.923907305089694
0.9239671704816711
0.9302709055831324
0.9317746827395025
0.9327194890348928
0.9330986841768802
0.9346643295095756
0.9357199873858925
0.9378843655893234
0.9395758483930846
0.9409923824518575
0.9414110864134871
0.942859473675741
0.9467065973990437
0.9470621099708378
0.9480427706145045
0.9491997517489246
0.9494176133715562
0.9521132211838352
0.9564439290366732
0.9593400971916656
0.9603366027878355
0.9625188429964676
0.9628870462609918
0.9649604908062402
0.9655440542201215
0.9660069963060456
0.9661527453131626
0.9668203860057327
0.969338511848422
0.9699394562866303
0.9715613655929001
0.9735538311283142
0.9783406739901622
0.9784836324111239
0.983116921229928
0.983242914657219
0.984826817122975
0.9851428248383294
0.985428230906519
0.985912149373106
0.9865316969387244
0.9896099919425199
0.9930225459974039
0.9959053916145224
0.9975976300258735
0.9999935273499013
1.004766667426948
1.0057545989098349
1.0098435902730345
1.0103308819263743
1.012370221000586
1.0128201749083057
1.012832182755865
1.0169731317986797
1.0177014280915637
1.017790820154221
1.0196851819722923
1.0218335748775722
1.0238187096265046
1.0254311346553606
1.02622966938673
1.0275580253809218
1.0296888525426457
1.0311111512376498
1.0313564637375037
1.0318750323224894
1.03502667833977
1.0360808299876785
1.037181980020413
1.0390557174032231
1.0411640552046644
1.0442450004300512
1.046996089132917
1.050811010445774
1.0519192337022085
1.0554462155277324
1.0561616851112525
1.0566267291113582
1.0596263345648516
1.0618078103860726
1.065983841608566
1.0671271278020837
1.0721541023304026
1.0761743580887928
1.0794100099235853
1.0808358341559818
1.081377107681251
1.08186783105129
1.0837890675538224
1.0840632330787048
1.084497617001679
1.0889386674946306
1.0903325171094986
1.0911814565505356
1.093047357242578
1.0937080414613232
1.0953566687934424
1.0990557669797425
1.1008277475421968
1.1014318831569123
1.1051154992254082
1.10605230837998
1.1072278555638637
1.1088402083557805
1.1095054912318245
1.1155086854325398
1.1166913720703975
1.1177432195420465
1.1194324144700267
1.1197679253481048
1.1217203924930743
1.121800371896072
1.1299042891269702
1.1321029782319287
1.1321232518231246
1.1332087909808255
1.1334740217777917
1.1364600596917722
1.1367720489154203
1.1389201593254874
1.1401385571802853
1.143151440646982
1.1505101010033174
1.1557407300941374
1.1593565240173211
1.1621854600686772
1.1621979066604413
1.1651812425552737
1.1663820548614403
1.168659767316929
1.1693233093241842
1.1697839056776265
1.1721439200320616
1.1757452349515305
1.1758650625323679
1.1800302825639863
1.1807287206860788
1.1828350580804827
1.1842762482560274
1.1850315019195008
1.1861273064022444
1.18889986131291
1.194873368560831
1.1976013148273288
1.1986308485749622
1.1990971805483746
1.1996455788714053
1.200247585353693
1.2050867117248438
1.2079267037031491
1.2083991091253972
1.208868369442151
1.2188625901475993
1.220274120182239
1.2281971237012828
1.2294835287417374
1.230021175330414
1.2318680093807557
1.232067623064828
1.234150950404977
1.2348637925471675
1.2355376393181312
1.2391970996539543
1.2402633113475137
1.2406264648975247
1.2418930532108854
1.2422266635339838
1.2433078545011607
1.2439573648437818
1.2502895914477996
1.2522986239999074
1.2534015671129888
1.2557513037944725
1.2564285097726717
1.2627981985793582
1.263192900650353
1.2634228372140208
1.270046675922583
1.2713470044403725
1.271506778309311
1.2718157432963084
1.2742398235501318
1.2755807582846808
1.2800761081117815
1.2809020800341346
1.2886985415138241
1.2895097661621509
1.2931343569627352
1.2938260648706916
1.296500714493651
1.2989290854892213
1.3039737049566398
1.3065324149051025
1.3083079292368043
1.3105526866887833
1.3110973185677526
1.3122414714614716
1.312386808626862
1.3136091510695045
1.3161645717599608
1.3165149680554546
1.3196418190174009
1.3265835863138626
1.3327371241502906
1.3359600460678416
1.3378120084928917
1.33938619855396
1.3401371192482978
1.3428595817905864
1.3453837166883325
1.3491648574039492
1.3503775938638125
1.350770084273739
1.3511334418336483
1.3518585525964864
1.3524303956875452
1.3549497868658733
1.3561666968358206
1.3576475226646982
1.3589574701483311
1.3598843629229527
1.3604126611214382
1.36087994623347
1.3611873413557327
1.366469472296573
1.3686254391344144
1.372310636147189
1.373059646321034
1.3731582809708636
1.3742007644578287
1.3744010714437385
1.3787336452990706
1.3790812119470457
1.3802568628141145
1.3834689794752721
1.3844877160456794
1.3859989361668943
1.3880982637400945
1.3901708152206775
1.3916350973097504
1.3918124412387516
1.3940107887276816
1.3941737161456467
1.3941890100090861
1.3951850685367084
1.3974289677556462
1.3992808555311778
1.4016736045529372
1.4041462666780582
1.4061066644344935
1.4097690842841661
1.4117928067933523
1.4122945403762859
1.4128570111514107
1.41460983260942
1.4154798959519221
1.417375287196365
1.4185817111687493
1.4219100181457833
1.4231807803405865
1.430792337868099
1.4374172214852767
1.4387995468794634
1.4395477809516148
1.4418401716770406
1.4422676791493456
1.4469538164430236
1.4471210186052372
1.448714420177744
1.45048026694183
1.4544804256621435
1.4572574734593118
1.4587631653487252
1.4591474359725707
1.459975383350654
1.4645696470108331
1.4650854772717419
1.4657303287403445
1.4665031637874395
1.46690773154974
1.467289590911434
1.4675788562948848
1.4676180281646862
1.4732215269823365
1.475513187717987
1.4758101833366926
1.4790414314400389
1.4847691278866997
1.4852062661579983
1.4861683507237733
1.490570887315943
1.4974060230832928
1.498552036926408
1.499654714236557
1.5012871209115701
1.5043396499202801
1.5087290080479878
1.5188775475056104
1.5232817181542693
1.5244992616147681
1.5265068697078847
1.5267328044667359
1.5269600172598596
1.5272068958053957
1.5290166278809945
1.5313032528037833
1.5379797048809052
1.5395407609825549
1.5405928067163877
1.5447989569719542
1.5478297435382595
1.5495533958097432
1.5503313903715017
1.5512038181702468
1.5576949272499188
1.5620072873641422
1.5649809796734433
1.56533904422789
1.5677238974525896
1.574038375570278
1.5749899977815949
1.5763100096257323
1.58598351924015
1.5878109377004925
1.5934253069849333
1.5991318360566797
1.6081291452825472
1.6160861105212379
1.6169859998704768
1.6171342422827384
1.618926602983592
1.6265753557326899
1.628595860900815
1.6327513260343478
1.6332299016536374
1.6360301246644262
1.6360786592600713
1.6363598781140416
1.639404189388422
1.6448371049823334
1.6582133313506122
1.661559309617971
1.6618551602108478
1.662041628927843
1.6649849783897255
1.670323920940652
1.679612858719937
1.6870017008226692
1.6874056637712835
1.6883326441444821
1.6927108200744816
1.693074695704402
1.6938782018708753
1.6975925981758402
1.6976656922807205
1.6978813961582369
1.702331847940397
1.7074857730979156
1.7127359865330103
1.7148559406405008
1.7152215707239464
1.7165397533519369
1.7176156961893283
1.717799278114746
1.7191167586572271
1.719516393871296
1.720055436343122
1.7263542968054568
1.726382030530002
1.7264927807258919
1.7296773277211046
1.7299644061524877
1.7365947316799077
1.7490063280862485
1.7526823216600407
1.7537533762786726
1.7587830818318948
1.7606729631679299
1.761617470715221
1.7727925700741114
1.7739859435809224
1.7773390518099947
1.7813656873026846
1.7831742932336372
1.784122596886094
1.7875824993347678
1.7900824283773726
1.7988526033060086
1.80299018093834
1.8073874327501502
1.8091412104633586
1.8095299314914997
1.8095453657503433
1.81266133357521
1.8127389834003405
1.8276021690298148
1.828250446837508
1.833551280357456
1.840398380044642
1.8493777478661508
1.8496845036552023
1.8578386511019334
1.861786744128648
1.8640873505455795
1.8719769052145523
1.8738743295324691
1.8875785478946578
1.8877823002555834
1.8987483203425635
1.9082492325064226
1.9132666800730926
1.9163970990267876
1.9188688589861564
1.9202816669539176
1.9316135104373617
1.9347991630648367
1.9383230098159432
1.9414273522874075
1.9454258902201258
1.9498982730685896
1.95061887791354
1.9585969304872228
1.9597463034497538
1.9640402286815233
1.9675715269064509
1.9719875876505257
1.985944810282525
1.987679056704128
1.989430304152941
1.9974126518200106
1.9990304554486715
2.0018627989669806
2.002213288745227
2.0125971697003173
2.0146505954897567
2.0160636037315713
2.019581304592877
2.0242812198886453
2.0272982240982733
2.028531353029342
2.0515464563203625
2.0785199971682626
2.102110463321837
2.102544947534115
2.1279700630990193
2.1333423380818033
2.152790450949267
2.157990411242733
2.16408054701453
2.1748160145375346
2.1786939432692094
2.179966580285391
2.192816642905605
2.225276767756796
2.228244820474567
2.2497704961348206
2.251075164353647
2.255362892072172
2.2651769181707433
2.2817511276620017
2.2887893175282956
2.294012190342711
2.314668005161576
2.318157714195896
2.3431507469748105
2.343767194228559
2.344260084353139
2.370229194639273
2.3720510978671605
2.3853032895488275
2.389035672002361
2.3905422852803606
2.43794652156927
2.442498667602188
2.4627649093524457
2.4800039807206407
2.5402589310712806
2.5552474279117456
2.604889021725804
2.634045069117308
2.991807203995103
