-4103.537519046992
-2057.9316403656894
-2056.5729155555446
-1371.6906022665096
-689.851450113971
-519.6395061024452
-460.47232729715466
-459.50042372337555
-377.3471896782684
-346.29223804747363
-346.15908208743724
-321.1388307997478
-319.6076401354525
-301.3555266474721
-297.47741647148393
-281.0870923699131
-276.8099764616508
-246.64487698973548
-221.75545532850384
-211.9885492147468
-200.15742907597453
-199.26789883115856
-177.08070897261047
-176.82659062325362
-176.31767640809787
-170.6778535879827
-162.08566425425238
-161.47814185792188
-160.80354251122736
-150.17385794340996
-135.72009941629545
-135.1141346921732
-134.2738465711388
-131.30397636897158
-126.95492448030508
-116.83569689567773
-116.62607126390083
-113.39752990504607
-112.08324846084341
-106.04251569919931
-102.00919490349361
-100.31979011074324
-95.56053743027176
-94.54752939175604
-94.21035182583853
-92.52093607120172
-92.22517278380958
-90.94642103078276
-88.94492548268599
-87.89260672033625
-87.27291676410555
-82.70523073071334
-80.91627199896115
-80.32706343548452
-77.49329377838558
-76.0146202707806
-75.87811529378678
-75.75394739207782
-72.23093999735762
-72.09640771651597
-69.76930244353865
-64.57606669604877
-63.19596306720924
-63.1282212750853
-61.446553026053515
-61.11717894309897
-60.8793955665864
-59.77308325438396
-59.67267082684325
-58.94530986726474
-58.87000279011084
-58.80575278608167
-57.21775152638744
-56.23964206865748
-53.99627106213959
-53.26233825382059
-52.58397028256125
-52.45221309993924
-51.368899089985526
-51.008185309462604
-50.530385178956855
-50.15094476276422
-49.741457315241156
-48.826315447521964
-46.354615185393264
-45.85741065658998
-45.42042987757573
-44.863551660220374
-44.825689825904306
-44.470806090036234
-43.38125980152941
-42.384653972720145
-42.11264416110466
-41.62344720586535
-39.96035809772077
-39.610167488069074
-39.54235311918974
-39.34424139045813
-39.225874889441364
-38.95218101871241
-38.499473838589914
-37.98411325695786
-37.93349976408828
-36.77811193616231
-36.65082652612637
-36.50105652576656
-36.22835519642611
-35.99819532263619
-35.92577398224065
-34.47250058312339
-34.43645427276474
-34.161799263405065
-33.42048515070606
-33.303113840410894
-33.192490209292856
-33.10154530521952
-33.02585562492213
-32.88253680646614
-32.750848805829605
-32.630468552435566
-32.44881694686974
-32.29604650523563
-32.28218674986403
-32.22242575462564
-31.905641072427816
-31.76606628092336
-31.74706986577467
-31.71659950442889
-31.49433419193466
-31.326159697550157
-30.67551162443252
-30.65915458333368
-30.609712328556505
-30.43980722819311
-30.384588499028975
-30.059344745936063
-29.99842304227272
-29.882088909666187
-29.7575097761603
-29.621578971548033
-29.189102031808687
-29.041320445122775
-28.4598297333095
-28.458371845312282
-28.40482095952531
-28.306607242699435
-28.0388215956568
-27.737470942874232
-27.626788426535587
-27.495625485828498
-27.45352179228842
-27.247185917245236
-26.67329709050896
-26.663686508370315
-26.43255978491537
-26.187850561957937
-26.155472606025537
-25.88330845405592
-25.742071824703533
-25.61678903723274
-25.61276908760146
-25.488681787182617
-25.475804964097605
-25.463397056005558
-25.188032377751213
-25.16030457233581
-24.833519946819216
-24.707662872243056
-24.67802628075703
-24.66828710543446
-24.310319905503725
-24.2925948870019
-24.241836315462102
-24.21963981710801
-24.16870202666252
-24.15452766835669
-24.140668613664054
-24.140561577458477
-24.1235168838095
-23.934880726855045
-23.893902847006082
-23.517009133995593
-23.459633785433414
-23.353761884924904
-23.066215500214856
-23.032900068964263
-23.001045043883718
-22.9983964870633
-22.969706917233953
-22.79448966084562
-22.67808221731502
-22.546464547904694
-22.417343112290208
-22.32656503850483
-21.911995919116855
-21.814133781374085
-21.673388471264346
-21.656220855312164
-21.587154633052815
-21.540344231368763
-21.442333621398326
-21.409169745258577
-21.407640260194512
-21.336927857209435
-21.278986814839858
-21.162452682266952
-21.129795689304316
-20.9964934455453
-20.95345515783215
-20.87222631031746
-20.756625009107267
-20.689238581969928
-20.674395380293006
-20.580282219274654
-20.512322567870036
-20.485573414999568
-20.44817825578276
-20.40288761524163
-20.389182966966512
-20.2119237342184
-20.059804234867343
-20.010336997906933
-19.90256178329869
-19.849040322995357
-19.71396999841662
-19.676644130907857
-19.63591171421842
-19.625932979986988
-19.586050865000146
-19.46609302168361
-19.45925227157892
-19.446119989656495
-19.40170956100741
-19.283932286904175
-19.2731288450929
-19.261536037519214
-19.256431297313227
-19.06732110687154
-19.036989030629154
-18.980760574284535
-18.95028929010873
-18.898858768059032
-18.869399677158103
-18.760734904830183
-18.64253306440666
-18.57829609762475
-18.37800446796599
-18.369666715336013
-18.288457770395627
-18.275238781585486
-18.235486653945383
-18.200217578801094
-18.094057693940137
-17.98859884495158
-17.937576211597285
-17.86755336861073
-17.851211188057867
-17.820360426778535
-17.313198678670148
-17.221345155284716
-17.192623475854525
-17.162891367840775
-17.119962004350107
-17.080760803806754
-17.07376028827068
-16.95714057484594
-16.907257905504462
-16.802786874927474
-16.80021164879671
-16.7492534472879
-16.74524082971526
-16.728188954450662
-16.683747545300363
-16.61999342465423
-16.57781292579907
-16.502294408506167
-16.479898783550855
-16.39961323479386
-16.38107570284845
-16.343160441027763
-16.2893108077583
-16.17416827142436
-16.113518992751725
-16.02026870255617
-15.958293395152015
-15.94630649279145
-15.840871063073578
-15.791817499420006
-15.769963271751038
-15.670777358414476
-15.634469658108785
-15.623779129801257
-15.561777952358232
-15.556061089693456
-15.531629547525739
-15.356348182081366
-15.076149375642656
-15.015709443960478
-14.992516064762022
-14.857940065481472
-14.852118134335315
-14.849359707160776
-14.836938386231406
-14.737702650166494
-14.723836884909902
-14.718566982191359
-14.619679453029304
-14.582538701178866
-14.549308232592592
-14.391110319561344
-14.37782185796345
-14.281535285441512
-14.270740672634748
-14.26830825359714
-14.23107517644116
-14.115812494327049
-14.093178327801791
-14.064319635515535
-13.933947965309665
-13.780925844580873
-13.780218080442877
-13.760449277849466
-13.63851015422997
-13.582043141464698
-13.529362187783645
-13.52073916629436
-13.518646027787927
-13.499766606395132
-13.489224492857472
-13.446094424155586
-13.424761880542821
-13.344791859101196
-13.328128070001396
-13.293085741819521
-13.239456385589104
-13.206801629136132
-13.199778623179888
-13.156819312110994
-13.1448416551296
-13.094366002004591
-13.075122428425523
-13.041787542916625
-12.965391191771788
-12.938893047494162
-12.931937446021472
-12.928864053337264
-12.925727126714447
-12.920488310851077
-12.919436678008415
-12.915234850376786
-12.829812729137183
-12.782454692609797
-12.779185056015894
-12.745475232343868
-12.715195539898295
-12.711356609457937
-12.668190930876762
-12.665009798301682
-12.648542960187234
-12.634266554456168
-12.621958815769684
-12.598174063020803
-12.579900639528008
-12.542469696639783
-12.50123757719516
-12.48560769193498
-12.463217416961943
-12.443846999347691
-12.417846744276455
-12.398910507949665
-12.38967176392011
-12.386686250046639
-12.381747353928237
-12.37550683959718
-12.370232186074498
-12.305079316721674
-12.302637617436357
-12.267338063515027
-12.211261436802616
-12.121217139621162
-12.114386850504125
-12.04476579478503
-12.012076070289996
-11.951537423489626
-11.921069594242901
-11.900951537026518
-11.886680259660782
-11.857768977962888
-11.71833283092232
-11.644291670809226
-11.623698331785656
-11.568378801385407
-11.546564113091947
-11.537843965168515
-11.500745738446252
-11.469978005344775
-11.443195896314258
-11.429894188677782
-11.423305017159686
-11.41492826118603
-11.413848815102924
-11.358419801221885
-11.351412374496492
-11.345374786194208
-11.328107355534389
-11.300222546683901
-11.283888083947062
-11.27261309506055
-11.25524739798316
-11.247440565557685
-11.2362175120527
-11.226778639436722
-11.102078342856098
-11.094187907310554
-11.0924001610378
-11.056027998391045
-11.028251833905188
-11.008384723816144
-10.977823167281572
-10.96953125625808
-10.965767282927883
-10.951132160631644
-10.948760880411823
-10.940777758750757
-10.933506409633038
-10.890295522910169
-10.88870945048382
-10.804270674095232
-10.804096359747163
-10.798646054108628
-10.769424469278974
-10.753213067695318
-10.749653522414924
-10.738282199117524
-10.73679293663706
-10.734669482543175
-10.728234101661934
-10.726073720588863
-10.668160021673366
-10.650641509966722
-10.614219480187124
-10.598524940219356
-10.575829389717677
-10.536834552057464
-10.511313638789888
-10.498686585971178
-10.491164351829417
-10.486963245980522
-10.483272420915128
-10.475079822537927
-10.454356494275771
-10.427193640409314
-10.426204593215573
-10.393753575151376
-10.379577877153865
-10.359499580741225
-10.301726442156841
-10.299152015495366
-10.29328947440654
-10.289190281556317
-10.279813747193927
-10.241756686659008
-10.159571043810049
-10.159140591279506
-10.02012098164047
-10.017838463589165
-10.005079316093994
-10.00434878135605
-9.982320480082246
-9.975523495237429
-9.969847504474412
-9.94440547193459
-9.916934607321085
-9.86828395030343
-9.82982291825196
-9.771378859572968
-9.769913357572362
-9.738527178912054
-9.719043808472653
-9.68353474740538
-9.682553687934742
-9.658157719639576
-9.618214053984403
-9.600602374889917
-9.573763584008487
-9.569370733720117
-9.526832080233358
-9.513587813846794
-9.508178629260343
-9.475524766764464
-9.468194030430583
-9.458579980592665
-9.445600195445877
-9.445097710570803
-9.434323946461406
-9.392898073407716
-9.374900049196595
-9.362901203240947
-9.343521549663974
-9.338177279126976
-9.331942418655784
-9.327304260755945
-9.294232449578427
-9.2870531640292
-9.272659075799034
-9.269735499036154
-9.250948256841154
-9.23184953093961
-9.228485340767936
-9.213066110971864
-9.184077196854773
-9.160659137100238
-9.150803026577162
-9.148798195465744
-9.137989278731755
-9.105059399134268
-9.100793740690431
-9.100321216279704
-9.095321032096098
-9.055000178166804
-9.044666962151469
-9.026291342335263
-9.019809614873484
-9.015663431561363
-9.006087915027669
-8.950421850061929
-8.94282347885305
-8.902202644897963
-8.865282425540485
-8.854346325522766
-8.8535443432533
-8.818945403295473
-8.764698526769148
-8.720879787459278
-8.718725320851574
-8.697970421997006
-8.684629605316509
-8.665374034496802
-8.659586876018732
-8.653370608215146
-8.633359824439935
-8.629866111762404
-8.60729417675909
-8.598373723974653
-8.59638142057197
-8.58287331753542
-8.56502977964892
-8.555916037145716
-8.457106382646304
-8.455974526916542
-8.441090276869417
-8.427906490570216
-8.401733787985279
-8.397675621433857
-8.369906411170584
-8.354084619495154
-8.350284185881913
-8.337051890374692
-8.33652584356171
-8.331472745884279
-8.32350976617925
-8.306409287929032
-8.302006573321208
-8.280234058939214
-8.2714196711871
-8.27083514337317
-8.260420072277189
-8.25713066854874
-8.250637521094763
-8.242546890195529
-8.235765787936169
-8.205403967870486
-8.204503467680885
-8.20310434015699
-8.14266923921354
-8.117164794750753
-8.108731939403366
-8.108605436569583
-8.08669582230684
-8.085437668761893
-8.082768875366348
-8.054076011427368
-8.053596023555093
-8.030638665856097
-8.017688957532865
-7.993576654428683
-7.970898675041455
-7.951747553766351
-7.949128998589909
-7.933811870354743
-7.924837840481431
-7.921572066099919
-7.91906657051986
-7.9132449421291176
-7.906985885176843
-7.906288194844991
-7.903184475632153
-7.886463184990601
-7.848702268725207
-7.833550114693219
-7.787577742723984
-7.787057011190684
-7.778372115827372
-7.760480027890626
-7.709908854430788
-7.7075042393462425
-7.689607712929398
-7.6883596754382255
-7.679338860758613
-7.677612948102814
-7.675395010922083
-7.65271800402213
-7.642847095371151
-7.632228768998374
-7.5944279836212605
-7.578366428317368
-7.577895326095754
-7.576292507839834
-7.5490676765207585
-7.5465035923820905
-7.537290680881704
-7.517921168416704
-7.507306216691234
-7.502374866041621
-7.490289712104998
-7.484287580944722
-7.469458075435073
-7.4612598774633545
-7.443428913243727
-7.442885308024017
-7.428302796291181
-7.426985813085114
-7.425434136938831
-7.4031672170962315
-7.391685640418184
-7.3911505276128615
-7.365523670133276
-7.357258944542713
-7.318084773570369
-7.317603076234655
-7.301176953314632
-7.288515567929103
-7.255873160972417
-7.251131123692964
-7.24922710732958
-7.2360389344040215
-7.223799457815474
-7.209731150247211
-7.201367516956893
-7.19350081345852
-7.184787731578851
-7.178848938455323
-7.166148322835566
-7.166148244931801
-7.157203758128548
-7.143856171448691
-7.140643719462615
-7.12834693309421
-7.110687450519036
-7.097922948850204
-7.088529533945353
-7.086130714502611
-7.066474052333026
-7.046289982369073
-7.0213578858988575
-7.017909165132268
-6.994517564693167
-6.977007542428294
-6.967432489343267
-6.953900976989342
-6.9471916375299605
-6.94713093927103
-6.911004893453384
-6.892231526375255
-6.886485726584055
-6.885298082287906
-6.877586387006432
-6.865110816720159
-6.828928731127783
-6.817028490842662
-6.813153234912727
-6.811237417661134
-6.8057123452880806
-6.8010297721931785
-6.800819377246222
-6.768627714724971
-6.7617377549322635
-6.759297309642756
-6.742334478016733
-6.708998667814986
-6.701389493889353
-6.695111343474902
-6.660387167094373
-6.653325040761228
-6.635657922170855
-6.622063384458362
-6.621971270461447
-6.5805358038300845
-6.578135401145241
-6.574748590734382
-6.565760293246041
-6.553502935470478
-6.548828596962419
-6.538383118321108
-6.530855582781308
-6.530556981855241
-6.522015195518603
-6.519079458147489
-6.512874693442817
-6.501728125227077
-6.498605093152634
-6.495528442631594
-6.462480939754911
-6.462443560302305
-6.461236267249604
-6.446128819901163
-6.425700375368967
-6.42565148956321
-6.425515824513215
-6.415596212851176
-6.4107709170749025
-6.40596271136959
-6.404964499484954
-6.403489813894595
-6.401829743902339
-6.389950328906642
-6.385649736011745
-6.383934981553471
-6.355183665725703
-6.350037624301814
-6.332512668877889
-6.306156500317525
-6.3008663362792925
-6.298017414888814
-6.295160117759995
-6.259569736547637
-6.2589111236220365
-6.249886239027568
-6.249166038002802
-6.240048063747363
-6.228838008319556
-6.216293834136014
-6.212277256946893
-6.206971031201761
-6.197597918849576
-6.194517863981385
-6.190265301969785
-6.188461796878403
-6.174145561191525
-6.165326650478195
-6.129888057986839
-6.110019444484986
-6.10694657493258
-6.106433114725659
-6.104205074034745
-6.101138555265154
-6.097483421140165
-6.095019575152778
-6.065722407069176
-6.057313410351415
-6.055975527229198
-6.0498281312772395
-6.048178173106527
-6.0431102041997935
-6.033263783679127
-6.0314985627219135
-6.024664251002382
-6.0234847063501995
-6.013627123825768
-6.003835922819292
-6.003252870881626
-5.974152693708483
-5.967880975951287
-5.9280128609161125
-5.915922003550575
-5.896217125758063
-5.896060583886311
-5.894952285341557
-5.883803016973024
-5.8781827651469785
-5.865881465160276
-5.858250681440833
-5.852948415995295
-5.849256753398759
-5.841914944332948
-5.838898856696972
-5.83634718490211
-5.832408190432828
-5.812592314626947
-5.80423987189626
-5.803273308177282
-5.797471093153734
-5.79447912485882
-5.793601933411243
-5.7887980672853105
-5.780156452414674
-5.755278806690829
-5.7533220328921155
-5.752811391431138
-5.74730343554059
-5.731548495543066
-5.727050893377056
-5.724525900527371
-5.722817010982387
-5.717570884959546
-5.715610675709987
-5.704301915859338
-5.701896080782185
-5.693225639693059
-5.691565305629047
-5.679844172001034
-5.659980796461119
-5.647592434770539
-5.628161610288464
-5.62290231402879
-5.622101917556442
-5.599226186042339
-5.597375465035037
-5.586343510640188
-5.577392257072995
-5.564228132130766
-5.561920719906524
-5.55658064416807
-5.551579232331178
-5.521768091159293
-5.515455512907445
-5.514913715413501
-5.510543621661371
-5.487836208059482
-5.484800463083991
-5.482164543349626
-5.47089855000161
-5.4612156023222225
-5.448268741475036
-5.432906957066444
-5.430317680008777
-5.4268746415426605
-5.412871329609075
-5.412384550431884
-5.384702252938614
-5.383048460841388
-5.378669781690412
-5.378334345314451
-5.374490267471409
-5.374071886469146
-5.372673044673345
-5.353321033315613
-5.350272517228497
-5.329656070087542
-5.322746164243393
-5.315911476520591
-5.307095035706398
-5.307075239514714
-5.306614173617607
-5.304364221238595
-5.302118839389396
-5.299041724847543
-5.2966749030303735
-5.282625365092679
-5.27127752498834
-5.264772939942462
-5.262647775724292
-5.256886899121784
-5.249756585732371
-5.244928204881756
-5.238549174509766
-5.229115588203058
-5.2263952996380985
-5.205291274648718
-5.196492571315626
-5.192835021025742
-5.18072423053799
-5.157725766612859
-5.1561592413309985
-5.150762343361456
-5.149922709893119
-5.14862772819118
-5.139473197858433
-5.128981390433587
-5.1264116464482425
-5.124236320834116
-5.094299672948724
-5.092124336052768
-5.078865096972038
-5.076679126773584
-5.069915553629189
-5.067565782147559
-5.066799543543574
-5.064369466615121
-5.0483621979509765
-5.045473315095333
-5.044310179970475
-5.040706914944016
-5.0154384472225715
-5.015089932223857
-5.0076681871771775
-4.998325064624037
-4.994354499399888
-4.97148198063378
-4.968576111205096
-4.965940840172892
-4.9646465885180024
-4.954606630870789
-4.948520101013666
-4.947137890623201
-4.946518599462563
-4.943532398115475
-4.933461708505659
-4.901623330623415
-4.896858050364272
-4.882970508645651
-4.879844141045434
-4.86475101487077
-4.851595537888347
-4.842989388365416
-4.8353476798642
-4.832793486731179
-4.830928134475757
-4.82957280765837
-4.825502298131695
-4.821555134811691
-4.821304400288505
-4.81921933399367
-4.786238767586307
-4.775983746527663
-4.768719848973099
-4.766262315032509
-4.751540977217679
-4.741142905015036
-4.740904185879768
-4.736233910088534
-4.734259382284925
-4.729420832461152
-4.728310361305235
-4.722616272164767
-4.717635587885212
-4.705539297373519
-4.698139011728747
-4.691435407020165
-4.690123356056056
-4.687449306652668
-4.678569817266104
-4.67474830229704
-4.67136090348603
-4.663183476895497
-4.6607028988049395
-4.654250885381922
-4.6491392782699315
-4.641243230997688
-4.640698879540071
-4.637537715579706
-4.6305756059636725
-4.627211723464695
-4.621242890182913
-4.617520906113153
-4.611129790190787
-4.609141041400088
-4.605334351368911
-4.604628664525221
-4.600079664107351
-4.588836287269842
-4.58037100498768
-4.569407443684575
-4.568515237425261
-4.560708925030327
-4.559456634625988
-4.5525754358168635
-4.550452635797656
-4.533379077889866
-4.530187857012487
-4.523520748135875
-4.522104863223336
-4.515005587380796
-4.514536783134913
-4.5034720965423585
-4.501221096375532
-4.500251486964109
-4.489448025465162
-4.48354267487356
-4.479417097644917
-4.470293413644194
-4.470292922133134
-4.46870082066893
-4.467608381409958
-4.464695735638317
-4.463806290999802
-4.454224629705206
-4.452731103121737
-4.448684803720353
-4.444596078369946
-4.441746878884526
-4.4321343392856996
-4.430581679594428
-4.426737857389462
-4.411412966021786
-4.411393260281629
-4.410825260028471
-4.406344830801562
-4.404917800888888
-4.400868163618162
-4.400817665189585
-4.397834027878675
-4.397202010188744
-4.393672266034701
-4.39078069249058
-4.381174294397259
-4.378376267972928
-4.371492744312606
-4.370118293119022
-4.362594560772644
-4.360927560021539
-4.3378807328738525
-4.321270404749834
-4.3195577602498565
-4.311224052071633
-4.30941136330877
-4.305753929779251
-4.297820190593603
-4.293845511687151
-4.290339136297179
-4.282821376132067
-4.265183267837636
-4.248130958444638
-4.240396762895764
-4.238878940681777
-4.2381563582995705
-4.227364026850785
-4.226407983375628
-4.222338768433363
-4.219291648892167
-4.217804678289563
-4.209687558084779
-4.204988009759338
-4.204257615804161
-4.201368217401831
-4.200902084992146
-4.200572934525869
-4.187528276512189
-4.181192723112465
-4.179301654679459
-4.171949098753606
-4.1688906076569925
-4.167987113993464
-4.166585441986868
-4.162735428119393
-4.162407379065895
-4.150993130273244
-4.150780421806402
-4.14774164074573
-4.1476230350663705
-4.145868064722185
-4.142909873264115
-4.1397646396872165
-4.138046785836767
-4.137149038353361
-4.125741835575049
-4.1189403493483665
-4.117997408722557
-4.116490674180393
-4.1018242263727185
-4.101757432805696
-4.088144321320245
-4.086143633581639
-4.073023459300081
-4.072609970240398
-4.066908928315502
-4.0622724551189355
-4.0612824787019335
-4.0595623116741395
-4.048108825916654
-4.047713540993299
-4.036683976590706
-4.033901493094199
-4.027390955661344
-4.013040126718465
-4.0095211755828375
-4.007245094637368
-4.005782413773825
-4.004554066107189
-4.000687156528453
-3.999527681164288
-3.9916087365004134
-3.991165083233036
-3.9811017115396963
-3.9786652748191704
-3.975715208557493
-3.9751630833397256
-3.9706485977727595
-3.9678307486254956
-3.9645396222159306
-3.962824911237867
-3.9620242059047373
-3.957830093589652
-3.950927307179176
-3.950481671355268
-3.9478822256799315
-3.9468876475157804
-3.9405266429881216
-3.9381630243767205
-3.928672923255628
-3.921359960517796
-3.920904279543527
-3.9186388268589156
-3.9055882278150893
-3.902417031772028
-3.9020284643696774
-3.8958339291487967
-3.891861104884268
-3.8910725641276462
-3.8901358150586756
-3.88865608300672
-3.888494817203705
-3.88465492764617
-3.8837183365976924
-3.873504865396831
-3.8671274837337233
-3.8418963038295995
-3.840784367872055
-3.836903355647241
-3.833291658141154
-3.8325575920453936
-3.8284067323589657
-3.8198468672404307
-3.816465888860735
-3.8119118894400588
-3.810346660613624
-3.8089811188720457
-3.8066706165221595
-3.805538420662123
-3.802798337138207
-3.801631485136443
-3.7983831743617302
-3.7982626153328685
-3.7981294152163194
-3.7975680897426356
-3.796554622613078
-3.7957409336423704
-3.7939774663999195
-3.790249729775441
-3.7825482503818666
-3.7813475942751036
-3.7752786062281487
-3.7740046097102296
-3.768677228458123
-3.7662433987034913
-3.766195153855751
-3.765021246029786
-3.7633346138880555
-3.7585377888359366
-3.752030343732964
-3.7491676962659133
-3.7458537222362374
-3.743964890916758
-3.7428951565509174
-3.7417342881476223
-3.7409278924990046
-3.7402752471925726
-3.7396804697884862
-3.72774247128926
-3.7224601754714914
-3.7178222249362074
-3.7156130222869277
-3.7148828853739984
-3.7129264704758707
-3.7128266071072513
-3.7055596556117134
-3.703090867841481
-3.700122300924225
-3.698440985026557
-3.684040940684899
-3.681983719441596
-3.6753129885646367
-3.6737456059499793
-3.6726974580767155
-3.668917882919785
-3.665315443064604
-3.665076946898035
-3.664797277886088
-3.6542397290084088
-3.649820307358552
-3.6476629464055987
-3.6448143691272366
-3.643597021686906
-3.6391103036869197
-3.6338090838339525
-3.6305886154958116
-3.622706633432762
-3.6115474691425455
-3.610180530432112
-3.6077603433107877
-3.606503486560415
-3.605904691859427
-3.5993793315306037
-3.586689133686918
-3.5806866429380477
-3.5757207486902267
-3.5743673805557874
-3.5645608352257945
-3.5539896892237017
-3.553403300701391
-3.552424726902059
-3.5486169700983634
-3.5422462872611624
-3.5378539585880535
-3.5366099581959447
-3.5322936224293966
-3.53128973670072
-3.5246109926549583
-3.519821911519669
-3.5165937709500446
-3.514275303179427
-3.5129204582473568
-3.5043861954827293
-3.4985563743666646
-3.4961023997418312
-3.488380414380182
-3.4820893852074715
-3.4724092471042294
-3.472240496779766
-3.464650177328653
-3.4542795093833134
-3.454074238104967
-3.4524958394532583
-3.450552618982785
-3.445080891283232
-3.440795583145677
-3.4358242901073215
-3.4340386730710355
-3.4177111572239127
-3.4127762218054087
-3.4123015915441446
-3.411108197109587
-3.4104043585027535
-3.410258294756052
-3.409365352865656
-3.3960777749581803
-3.3936827447229785
-3.393082575382578
-3.391600067125954
-3.3864029557837294
-3.382851167986062
-3.3809410830237505
-3.3766900149643226
-3.3750938116351756
-3.3650686132733556
-3.3650384382654694
-3.3620121252337873
-3.3606047242730943
-3.3583669955796696
-3.3576813793277154
-3.357253206680562
-3.3565669923361856
-3.354950473950567
-3.351202949121752
-3.3487654895254084
-3.3471909564341598
-3.337257525691001
-3.334258456919255
-3.32549519806917
-3.324024646243528
-3.3232073816299295
-3.317352012952293
-3.297735079527905
-3.29654239217816
-3.2959111438458866
-3.287275802960603
-3.285995581371523
-3.2856495438678044
-3.2733183606720253
-3.2724781829689196
-3.253861450235884
-3.248176533795412
-3.2474058048605037
-3.2440420082206374
-3.2384925806991256
-3.2346530061111336
-3.232915613854053
-3.2300641918851474
-3.228569816316147
-3.2194231719980806
-3.203949310493755
-3.2036527591963546
-3.203521012447281
-3.1913213985794417
-3.177871297465442
-3.1767584635095387
-3.1639992136514468
-3.163204242702078
-3.158848523152545
-3.1578624526623313
-3.1558611316565264
-3.1549870397344106
-3.1523777104158675
-3.1518425054016723
-3.1349664953698158
-3.1342651626711087
-3.1342589772400222
-3.130648179167168
-3.1246482002854434
-3.120357639060284
-3.119932788856173
-3.119143295577296
-3.1186040538606736
-3.1079567642667234
-3.1067659161310575
-3.0972217951070475
-3.094439848754375
-3.0928424151238527
-3.0895442822958605
-3.0887718674415807
-3.088348862949084
-3.087345488921391
-3.0869902292437548
-3.086257603307188
-3.083400384014647
-3.0741506947298713
-3.0739804601466294
-3.0674619286305047
-3.0654116117003753
-3.064379476545903
-3.063565785369253
-3.062657103045962
-3.062436999420685
-3.053931455564988
-3.045489579709103
-3.0438806344085663
-3.0392234325227285
-3.037648771005982
-3.0372725508039293
-3.0368783174329144
-3.030568943608908
-3.0255921888917667
-3.0234088198436453
-3.0225097845795608
-3.0181146792735083
-3.0176452834060123
-3.015782080892755
-3.01246118723628
-3.0075607782665186
-3.0039675721750743
-3.0026674875735564
-3.000358260422505
-3.0002996890711384
-2.9788542161597333
-2.978848225033379
-2.9755584181105585
-2.972709447842785
-2.967894287712279
-2.966108610277989
-2.9600031759870946
-2.9595825140705028
-2.956962170150169
-2.9476775477489587
-2.9389662892836004
-2.9345155128802425
-2.9197768939305133
-2.9164343730817195
-2.9156918237808567
-2.913539061185037
-2.9104620739940072
-2.898685663308184
-2.898567193134584
-2.8954092727806917
-2.8942944426677215
-2.8909390208806176
-2.8878052447359046
-2.8875789463828454
-2.8866630831403266
-2.883592476373033
-2.875467018762611
-2.8726833519841852
-2.867618726059872
-2.8673039287258764
-2.8660956880535218
-2.8656759529843114
-2.864879938314415
-2.864312734988541
-2.8555536062412132
-2.851554499768886
-2.8511795369563395
-2.845508749986396
-2.8454340742628554
-2.8452861937344944
-2.844781131838247
-2.835962917159438
-2.834615854783517
-2.83046486568681
-2.8262486019366504
-2.819408778028909
-2.8180999937821167
-2.813813495011045
-2.8129085019511324
-2.809452228951093
-2.8081731343881784
-2.803100267861394
-2.80024595500239
-2.7995161720951334
-2.7985043878966924
-2.7980639617436704
-2.797062863412996
-2.7932795909162227
-2.7886860363709256
-2.7858695570339806
-2.7842869890741113
-2.7801839887175355
-2.7751031495887837
-2.7735692539964956
-2.7690588888958723
-2.760917457069227
-2.7599320811890378
-2.759244724409272
-2.757959600659603
-2.754792397743119
-2.752666936653779
-2.7405238034267643
-2.73908891615553
-2.7378716671595873
-2.7340793387750875
-2.7263287120775557
-2.7246270333190807
-2.7231946519906414
-2.7219708411351022
-2.7107354901116016
-2.70294509365037
-2.7012551292918463
-2.699761556352372
-2.694617669789153
-2.690057631567573
-2.688016347341237
-2.6746139460948632
-2.673771047528605
-2.669717139413443
-2.665941783839994
-2.6640725460660146
-2.6592550526648457
-2.65886372919575
-2.657755331956922
-2.6568641597669687
-2.6555172380451855
-2.654400923957084
-2.654021979009977
-2.6496783326487905
-2.6474872042895896
-2.6467871457024006
-2.6416023350798232
-2.6379198568761715
-2.637407898195306
-2.6317892604577673
-2.628614356678428
-2.6274511618215652
-2.6238717397758005
-2.6236079204204494
-2.6221990962089463
-2.618730646638339
-2.6183864151331453
-2.617266787113462
-2.616171944481761
-2.614886846991582
-2.610852610572844
-2.610384382241398
-2.610167302629679
-2.606411335254882
-2.600978141148376
-2.6008352277676616
-2.5998843141318138
-2.5986782848702297
-2.5978013744396935
-2.597499862628806
-2.5947859861240747
-2.59252267605241
-2.5875471316765917
-2.583469622893946
-2.578811253423461
-2.578694960027864
-2.576006236910066
-2.5721451127912673
-2.5714496568433978
-2.5711659156497144
-2.567623415355861
-2.5666140195236373
-2.5632959262171475
-2.560965275224132
-2.5575019140018482
-2.556696481682269
-2.5552508662856908
-2.552208215754308
-2.551695844350527
-2.550894490252137
-2.547347559366988
-2.544403494943331
-2.5388224831877912
-2.5345122350427953
-2.529543917789062
-2.525981474830635
-2.5247296741471716
-2.5095548722557464
-2.5075784679829867
-2.504499812286266
-2.4997413232787107
-2.4928819893199963
-2.4894878797693716
-2.4870128534943943
-2.484069184967424
-2.4789932521549503
-2.46882872826149
-2.468770494218087
-2.463652527140824
-2.4590935551640096
-2.4586205252402795
-2.457320593125899
-2.4557954640972586
-2.4526433216244574
-2.451470581385701
-2.4467207203094796
-2.444279273022349
-2.4406815497749133
-2.4396664158240484
-2.4311289822105238
-2.4241856693980384
-2.4239237411131334
-2.409280862180651
-2.4027621735718165
-2.400090353537693
-2.397935057604226
-2.3886325597832077
-2.386436707896835
-2.36864115677664
-2.361325320671164
-2.361029814219569
-2.3602373458484744
-2.358132660610008
-2.3577592143451955
-2.3563228130849354
-2.3528428232740617
-2.352664669688551
-2.3488156493952133
-2.345565383601236
-2.344242619346107
-2.343201191235966
-2.3404300848495465
-2.3388546486304658
-2.3349572760583723
-2.332692656356949
-2.329828672485039
-2.3268828812331237
-2.3244646559326436
-2.3210644539517626
-2.317350089552898
-2.317117635972301
-2.3133949525030673
-2.3112970437265083
-2.3091005909060645
-2.3006617802421507
-2.296626204168741
-2.2959772409442065
-2.2933095573551854
-2.2904982355196237
-2.2869879816246206
-2.286186244101363
-2.283931724587653
-2.281253960700681
-2.28095002681247
-2.2809241402268414
-2.2807991155006073
-2.279117370943722
-2.2790525912289614
-2.2789403713174723
-2.2779785331620594
-2.277959651566389
-2.273842699244101
-2.263668334644313
-2.262428606344062
-2.2583252969924783
-2.252640811684022
-2.247827509067294
-2.247658001164039
-2.2461652576334976
-2.239056949990226
-2.238629505672558
-2.2359212333498455
-2.2355664927357357
-2.2354836368540902
-2.234339047742307
-2.232135552315797
-2.231857279090292
-2.2305157297290257
-2.2274157541525272
-2.2243537265996363
-2.2226176283753145
-2.2212579340573178
-2.2205128958596045
-2.210412858205469
-2.2092773054012715
-2.2085200063969666
-2.207370803328729
-2.2055968530413472
-2.204239252432387
-2.2031926041452268
-2.2015056313248533
-2.192472214005867
-2.191488690169397
-2.1884281271958828
-2.1881636069221826
-2.1877079682423934
-2.1869035356681974
-2.1867630802560694
-2.1848751936965773
-2.1661009428394946
-2.160332957020898
-2.158795324910959
-2.154321823958222
-2.1538082359983735
-2.1535097508106755
-2.1530455763902316
-2.1466225057152464
-2.142527139923935
-2.139729297262461
-2.1382844597538084
-2.1376440523271087
-2.1376035410994234
-2.1307897631874355
-2.128694448985569
-2.128273469763986
-2.12673040996028
-2.126445209426927
-2.1248002698985964
-2.1246835955366015
-2.120012898270904
-2.1189809931061245
-2.1189690409279565
-2.1170959680438752
-2.1138822090330702
-2.107098854001657
-2.1067303026864614
-2.103546526090879
-2.097597822460195
-2.0914215032731263
-2.0906034370784656
-2.0848483367194603
-2.0846719766913417
-2.083667138836887
-2.082310241417025
-2.0809045678040974
-2.075592516838501
-2.0694011536559915
-2.0679557093302012
-2.0649679273009487
-2.0626437890836904
-2.0557407348364505
-2.0498102846592685
-2.04349821972156
-2.042601678603547
-2.0383473202766162
-2.0345206355490077
-2.0290621131016837
-2.0278708876305385
-2.0175155588081455
-2.0150902674337097
-2.0148139513524304
-2.011717687860401
-2.0109959036652914
-2.0104060413613425
-2.009537091765611
-2.003272545253771
-2.001461092785964
-2.0013117769822384
-2.0010940757703497
-2.0004635884095916
-1.9993150718052002
-1.9970004817294236
-1.9958570872309669
-1.9910079175334985
-1.9902646718832622
-1.9897419218853276
-1.9892385269024695
-1.9883767702858313
-1.9876351987143037
-1.987599062148606
-1.986896018306189
-1.9812832571370402
-1.9800423052705467
-1.9759773177259654
-1.9747772847790703
-1.9743357869242608
-1.9731701542989195
-1.9720030114851816
-1.971254257784634
-1.9702724488963899
-1.9688775844432098
-1.9681254068464096
-1.9660829493789587
-1.9622429586253949
-1.9591485445633712
-1.9574550786667682
-1.9572883880857346
-1.9546442126851826
-1.9529352516220535
-1.9487898494602667
-1.9402718533082695
-1.9386368731196053
-1.9383621270446514
-1.9364844707485709
-1.9322627628679254
-1.9308080927441982
-1.9276496955760798
-1.9234009755971921
-1.921955758198477
-1.9214671723528003
-1.917821156088699
-1.9176807955740762
-1.9171410164936817
-1.9165081458756332
-1.9155957561876071
-1.9152631204215926
-1.9126430757309119
-1.9116776730338265
-1.909942024578887
-1.9088318987872182
-1.9013899117974469
-1.897154265560482
-1.8935505198790255
-1.892275306823434
-1.8921656926655408
-1.8915293599077738
-1.8911183635892626
-1.8875180337641433
-1.881299636310707
-1.8793249726485142
-1.8733349044917935
-1.8691188084736172
-1.8655753822428804
-1.8651348814910425
-1.8588686339234584
-1.857968280912013
-1.856162037851645
-1.8489170291371542
-1.8468054221308332
-1.843304044499287
-1.8432634981583353
-1.842143560220278
-1.841735179154782
-1.839979816774609
-1.8395842845473824
-1.839187013818963
-1.8385035562602536
-1.834496112011774
-1.833869437523242
-1.8323427071199376
-1.832129212148504
-1.8282558339783799
-1.8272954813066162
-1.8260302671456432
-1.823614491683289
-1.8228249511438528
-1.8198278097683105
-1.8178932468153184
-1.815035826833212
-1.814412220695995
-1.8072471964781254
-1.8052189217141383
-1.8019711140090877
-1.8010684225801115
-1.7999773711357347
-1.79682124155103
-1.7967260208113838
-1.7962438763798265
-1.7960017757364952
-1.7926377223350634
-1.7863651090152182
-1.7833805658210862
-1.7821328981881648
-1.7778507706919993
-1.7716353616255192
-1.7658948006660797
-1.7640939209346913
-1.7617890966346843
-1.7587730999059272
-1.7586111067229098
-1.7574205991210774
-1.7550048312370308
-1.753806783710313
-1.752803419656796
-1.7494762191372226
-1.7486782406408983
-1.7469224048979988
-1.7449450734555059
-1.7448011051618524
-1.7434480669856567
-1.7428049722992247
-1.7412246163665661
-1.740488555853633
-1.738431975872825
-1.7332200144072958
-1.732852805797489
-1.7321082748431718
-1.7290889678646622
-1.7225598415319703
-1.7214372469471197
-1.7206333854920874
-1.7194703419716812
-1.7160298436668193
-1.7133719729065624
-1.7122558697966634
-1.7121517695802289
-1.7100746627645862
-1.7038241429621168
-1.703290000394258
-1.6923731539389906
-1.692129902046418
-1.6917365046393413
-1.6896101073421257
-1.68944470211582
-1.689327323537746
-1.6889968322801194
-1.6865286380813593
-1.685493393206918
-1.6826199063029146
-1.682328806785169
-1.6822563055044841
-1.6802227472253017
-1.6788131370856956
-1.676233031381805
-1.6748385178193215
-1.6739079654254247
-1.6736631821874066
-1.6731030336487653
-1.6707503035277105
-1.6682015434494275
-1.6670411396192788
-1.665861964481012
-1.6646457529297285
-1.664401189053515
-1.6640352304476718
-1.6620837133219288
-1.661210407093508
-1.6593834357232595
-1.6586362788517137
-1.6529970473067903
-1.65279331938346
-1.6511117941863553
-1.6501057768879028
-1.647672854396939
-1.6466955538123003
-1.6446136177972512
-1.6442115470419016
-1.6425941478076613
-1.64130614247198
-1.6362095482469516
-1.634447382016274
-1.6317122554301364
-1.6297599819093378
-1.6291221242837033
-1.6281586658577023
-1.6256939564935367
-1.6251341677360263
-1.622925575164174
-1.6189982853957958
-1.617014148147942
-1.615085458882169
-1.612616670824829
-1.6100819637923813
-1.6090027645767098
-1.6087548292874692
-1.6060967360639569
-1.6060005778034094
-1.6027126895036765
-1.6002266036620945
-1.5985126097887945
-1.5946705560404113
-1.5937070632428563
-1.5920107186118977
-1.5917835850879394
-1.5915076727462618
-1.590583921569513
-1.5875766529492346
-1.5869698053859325
-1.5867701852576326
-1.5855254116858388
-1.582407297370572
-1.5774262847931986
-1.577343698821572
-1.5740911195907703
-1.5727013771827358
-1.5691245811957037
-1.566456268518242
-1.5640450866258488
-1.5638766364568522
-1.5636319450019625
-1.563502434892148
-1.5631883562430957
-1.5595454173512526
-1.5577189225553576
-1.5478134210585277
-1.5471907366552207
-1.5431764816292584
-1.5422561671718427
-1.5413162491290553
-1.5394405554542834
-1.5390263537054345
-1.5389900307677538
-1.5377712849382417
-1.536110748145612
-1.5340688697326488
-1.5332244449907129
-1.5298919262094857
-1.5281267041348952
-1.5264251625702503
-1.5256033586804296
-1.524049193207918
-1.5213481195539258
-1.5211968769324877
-1.5165700494827719
-1.5159739744863145
-1.5148396189746132
-1.5137967704682151
-1.5132189755929712
-1.5123879725865068
-1.506860129001503
-1.5059760839701808
-1.501092649227099
-1.5009385379772615
-1.4993823827696149
-1.4992459059957017
-1.4988019279993372
-1.4978661707105456
-1.496955652888527
-1.494531295675094
-1.4942958699909885
-1.4878699520224348
-1.486841181122681
-1.4800966126774784
-1.4790352791607693
-1.4723350795895758
-1.4653324049603234
-1.4628692002868535
-1.4601905177172059
-1.4591853425458579
-1.4579630261052794
-1.4548602706061347
-1.4504914097454633
-1.4456160727460083
-1.445483348833187
-1.4451569357688754
-1.4434632329530275
-1.4431796454389287
-1.4418775550739977
-1.4371427201614233
-1.4369873131393172
-1.4361877332127841
-1.4345906793406171
-1.43273087665675
-1.4286270376363988
-1.428287100880385
-1.4279244152207327
-1.4265070933997626
-1.4260488003695595
-1.4247602126580183
-1.4224232995664108
-1.4209862048965174
-1.41682556030634
-1.4143257049305262
-1.4137666198817729
-1.4092651328920613
-1.4073819538350913
-1.4071589076717324
-1.4035483173481502
-1.4013351350003533
-1.4008312663134772
-1.3982991180974194
-1.3926333218277134
-1.3923000783761175
-1.389829030379706
-1.3875356005659836
-1.386442289384531
-1.3805337241988314
-1.3777339744558494
-1.376537106599305
-1.375817828731317
-1.3749216061347078
-1.3736625526291815
-1.3708537689445466
-1.3706638566514922
-1.364948954910429
-1.3635193055256751
-1.363458545731893
-1.3614365176294467
-1.358110025851504
-1.3557385327204423
-1.3485698810456843
-1.3485421137133031
-1.347962193911477
-1.3473924447837011
-1.3456093080672844
-1.3455662479333421
-1.3396482906292142
-1.339037240438918
-1.3373097321658203
-1.3335124921541
-1.3311444157474872
-1.3309155956659828
-1.3218804462809424
-1.3196787741885385
-1.3184947616358564
-1.3111838006288048
-1.3104467968419828
-1.309636868439346
-1.3053398360737067
-1.3035332734794767
-1.2970978112244693
-1.2957886936578302
-1.2957704471057139
-1.2907451567670463
-1.2901054499843851
-1.2851545531709585
-1.2830122792347773
-1.282271987204879
-1.2807709698369218
-1.2795369709528313
-1.2761827041208345
-1.274675212507212
-1.2741288470555254
-1.2713355500384342
-1.2691095874491727
-1.2661628179588411
-1.263785048912572
-1.2637203621867439
-1.2619995620542461
-1.2602601975065784
-1.2602369190498113
-1.2602302669254155
-1.2600688209286355
-1.2597781261745908
-1.2580158951347842
-1.2542454257067646
-1.24990396809884
-1.2478817016918389
-1.245589181935023
-1.244586900260462
-1.2441024615125098
-1.2437995434426266
-1.242617551481683
-1.2334370311038252
-1.2320454783399737
-1.2285651871622485
-1.2283103221543354
-1.2269297225263789
-1.2265143116517556
-1.22596581120888
-1.2253313455523096
-1.2251597321604129
-1.2247485475831612
-1.2241218905882745
-1.2239513281935208
-1.2195683278065363
-1.2191402475154924
-1.2166045765832365
-1.2164170765400593
-1.2158674230523467
-1.2154607217504174
-1.2138502952030334
-1.2119937416160984
-1.2111044052969364
-1.209665373840187
-1.2083545160959428
-1.2070693550597262
-1.2020908319825891
-1.2014954602698906
-1.200648391295714
-1.2000751584044211
-1.1964463562466667
-1.1956856702421348
-1.1935244744762523
-1.192697722377866
-1.1912837796507143
-1.1883947175535876
-1.18786609046397
-1.1865001186555788
-1.1848524790363901
-1.1846782068689192
-1.1845182767215021
-1.184195521700979
-1.1816897474186292
-1.1805396069752314
-1.1803133158266008
-1.1802558285165379
-1.175167254548652
-1.1747199215130943
-1.1688767633986703
-1.1664347139374796
-1.165072239731726
-1.1639815172968522
-1.1635524916083215
-1.1609830301682023
-1.1608532660934066
-1.1585062854243964
-1.1553958244017644
-1.1541234445519923
-1.153918063792109
-1.14913723938613
-1.1475471218728002
-1.1466233659637748
-1.1465360962684439
-1.1410580640269736
-1.1388401332595595
-1.1354896335999412
-1.129664294700698
-1.1283661380057892
-1.127857041764611
-1.1265580005849052
-1.1263640221466746
-1.1226677371559712
-1.114623513307074
-1.1138854622950676
-1.1097363634875788
-1.1075384867957152
-1.10699275965092
-1.1067842521102245
-1.1050355539637824
-1.1011796187999718
-1.1002258768987594
-1.0993106701429536
-1.0972948702727758
-1.0943133673778673
-1.093921902185989
-1.0932475501849157
-1.0925146370840233
-1.0867373034786427
-1.086296109407852
-1.08530337712856
-1.0844214738667457
-1.083014156568403
-1.0803826891969803
-1.0765043252282642
-1.0725423966561825
-1.0722527250223979
-1.0719071067998056
-1.0717768795925111
-1.0624441086332252
-1.0624000748236848
-1.0619560289358922
-1.0617903169485767
-1.0608427192644567
-1.0563053758071042
-1.0528682779317482
-1.052083703567852
-1.0508325411662163
-1.0495365089717423
-1.0493644842553278
-1.049351377982418
-1.047306832140748
-1.0469742382989506
-1.0448614326270107
-1.0391413799556997
-1.0383520400399462
-1.0339378242483062
-1.0337230024252388
-1.0322369555849007
-1.0319191308664224
-1.031610894050598
-1.0294879172711568
-1.029175057628723
-1.0277213872114994
-1.0273351559457526
-1.0233918168658143
-1.02261853948532
-1.0191275807441231
-1.0180641597692204
-1.015997000196816
-1.0136535920865613
-1.0103179404734397
-1.0101609842189774
-1.0081284437227493
-1.00131714199191
-1.000654050604899
-0.9994907112716493
-0.9989688648944224
-0.997508886081576
-0.9967986355836017
-0.9961494083773097
-0.9961299950302903
-0.9951680204967047
-0.9936205463321893
-0.9906145567648987
-0.9898683147536701
-0.9826072453297588
-0.9825867767851683
-0.9812203818723677
-0.9791358934683889
-0.9784307589354092
-0.9775537428277097
-0.975549762347201
-0.9748525744250514
-0.9735448854823959
-0.972367873737813
-0.9701032534460989
-0.9695428896809273
-0.9694653335614146
-0.9693089391853215
-0.9683948374260996
-0.968333280246407
-0.959318495566808
-0.9565373650008849
-0.955935183610698
-0.9553441751558684
-0.9540262215015429
-0.9491463848028459
-0.9488765560802841
-0.9475104738065334
-0.9469685919140376
-0.9468581061691178
-0.9466393927741569
-0.9464305898427661
-0.9446883933802361
-0.9422295263137039
-0.9408088857362717
-0.9361839657879124
-0.9330339492809925
-0.9316565892061945
-0.9305488747980674
-0.9293160273836082
-0.929273099764988
-0.9291878698412696
-0.9270798076961752
-0.9253970833533325
-0.9236807463527208
-0.9229702464105539
-0.9227119677077449
-0.9212584899589048
-0.919562284752536
-0.9189795421901685
-0.915620359558216
-0.9147803957736929
-0.9133523335351573
-0.9106100229998254
-0.9084197027342984
-0.9074213429465189
-0.9037439504295539
-0.9018385349999801
-0.9004585982904374
-0.8995153702569253
-0.8978284623641652
-0.8951250785192102
-0.893970884345499
-0.8938406388387048
-0.8935011295649185
-0.8922839998790724
-0.8901665848630279
-0.8901021437975453
-0.8885533794036139
-0.8866562305464034
-0.8829913315952201
-0.879930541600933
-0.8793180687518038
-0.8781960066369183
-0.8775305643426654
-0.8754538990979831
-0.8745131857856482
-0.8708560312473081
-0.8687864764574385
-0.8668373685205754
-0.8643396783081149
-0.8633120160325747
-0.8632680157927841
-0.862847885737088
-0.8621177980129019
-0.8597789322237976
-0.8591961463337926
-0.8584017278743566
-0.8581316522277576
-0.8568148693538928
-0.8544673509488127
-0.8541137313725797
-0.8540944812346258
-0.8538759201277695
-0.8538181652403719
-0.8473929639194294
-0.842451443694546
-0.8407042834828661
-0.8386868199057861
-0.8383961075885589
-0.8381186069071114
-0.8375351481122324
-0.8355656836144171
-0.8345680969258747
-0.8331568580158244
-0.8321885254892052
-0.8317529769808256
-0.8293881702444652
-0.8240527832472665
-0.8230992190456455
-0.8217747672096247
-0.8201918000609648
-0.8183279901459581
-0.8178728470375684
-0.8164812409448761
-0.8155976947146453
-0.8147381371020184
-0.8137128726926317
-0.8133107369437265
-0.8117973947622755
-0.8116947158762203
-0.8112058113499981
-0.8083741943776472
-0.8082613481850965
-0.8066424144674702
-0.8045444913817703
-0.8044187635562576
-0.8035892584329634
-0.8019286724513874
-0.8016920867541397
-0.7963105717759846
-0.7914183349442677
-0.7902687980148929
-0.7893887629940585
-0.7889280680413617
-0.7845837631953562
-0.7839862493481116
-0.7837476687139648
-0.7830044768131528
-0.7824735248015399
-0.781412665061517
-0.7810223588782279
-0.7804214794986474
-0.7797410694235531
-0.7791802454308898
-0.7789480174727936
-0.7786707657707264
-0.7779381498598905
-0.7777244958864291
-0.7776560616321005
-0.7775853508771695
-0.7770561733740571
-0.7751777144679329
-0.7727325006244571
-0.7722285656680568
-0.7683499589409603
-0.7623802038401922
-0.7623613550691244
-0.7589413942231962
-0.7512072234674649
-0.7511345349744427
-0.7483044291956469
-0.7478025353011775
-0.7470284208092695
-0.7457542529353612
-0.7446802296653673
-0.743904513977224
-0.742968144862397
-0.7408328452504082
-0.7333967726271223
-0.7326498288158867
-0.7309708413476825
-0.7309484696398956
-0.7290984597231076
-0.7287694652669221
-0.7276817532373772
-0.7276338088421221
-0.7275336966371988
-0.7269922190707957
-0.7268229414660015
-0.7267498655465278
-0.7260780555492587
-0.7246293593596195
-0.7243193870792219
-0.7236713649908766
-0.7199173078554572
-0.7194670031668072
-0.7173076461794003
-0.711158686253351
-0.7100488126528001
-0.7096836099164935
-0.7079318468927331
-0.7070466000553207
-0.7045111811391742
-0.7032343739868202
-0.7025790661929905
-0.6963395010000293
-0.6961345663245264
-0.6959364523707355
-0.6954182020209672
-0.6951658040226479
-0.6945174001491956
-0.6924148639813779
-0.6911588553668324
-0.6901857558356927
-0.69006225471642
-0.6900137624903673
-0.686972373438212
-0.6859192399812067
-0.6805539297395153
-0.6794126242198079
-0.6757435858178287
-0.6744257457201503
-0.672905817425491
-0.6713128717716795
-0.6707520791571883
-0.6704156946412119
-0.669141131358736
-0.6683650407152213
-0.6670916381760096
-0.6667529853830946
-0.6650699132895384
-0.6647147878517923
-0.6557152952446554
-0.6557030800528054
-0.6552376420899594
-0.6540462090368776
-0.6535386714616476
-0.6490703561234678
-0.6450510709537277
-0.6385615471840697
-0.6377356142700242
-0.6366472338658974
-0.6345440626205504
-0.6333325550594717
-0.6318956123276805
-0.62918366355581
-0.6270923822868267
-0.6252895380342236
-0.6231156818676592
-0.6228290135007075
-0.6227090809387946
-0.6222317608499033
-0.6206537590495204
-0.6206309276106966
-0.6186771526084441
-0.6169863724881816
-0.6165088924042773
-0.6157436350511772
-0.6140190175606273
-0.6132090851246783
-0.6112180452623381
-0.608605030600681
-0.6085733828812512
-0.6073374418322337
-0.6047916942054496
-0.6039401062093597
-0.6037703173366457
-0.601446884934172
-0.598574879768399
-0.5940865740811442
-0.590380068032269
-0.5903355488069535
-0.5852630601645862
-0.5844139700406144
-0.5810425448256343
-0.5807506720254628
-0.580188890682259
-0.5798823276852687
-0.5786478905251478
-0.5753426087355451
-0.5742582725078369
-0.5741670300672603
-0.5735698674001125
-0.5728324679864907
-0.5702080477667926
-0.5668526965288692
-0.5637389616084388
-0.5628102539253441
-0.5622071686760879
-0.5550491573824976
-0.5539659036011096
-0.5526450740238005
-0.5507361797623683
-0.5489581867483033
-0.5472230179169095
-0.5470583685336858
-0.5463459573366961
-0.5435308061786258
-0.5432052791248743
-0.5408093207154117
-0.5352570162710368
-0.5350685105415999
-0.5305921561990132
-0.5287316697781586
-0.5286676267686775
-0.5285906095934488
-0.5269047253317505
-0.5257427064842124
-0.5242052643600563
-0.520019823334425
-0.5181339854706093
-0.5106596620159137
-0.5096722807729295
-0.5096288907208495
-0.5036540038496885
-0.5023324104343019
-0.5018962623342605
-0.5003167465026255
-0.4945176045505919
-0.4930188142090428
-0.49083067442173045
-0.48819320119891635
-0.48548540781657523
-0.48512486397582844
-0.4847348116186465
-0.48384880140615505
-0.4834702372814279
-0.4830142506839228
-0.4821619269592085
-0.4810049068166089
-0.480763000017697
-0.47940952947283544
-0.4778710777155838
-0.47760553127770744
-0.47711780902315465
-0.4766637019417612
-0.47665915510202295
-0.4703025094744062
-0.4659009820748949
-0.46583855790209777
-0.4650791951206483
-0.4639449388746467
-0.4603459518385577
-0.4597884461240128
-0.4569992651509276
-0.4563027151787242
-0.451930248791301
-0.45144606212253346
-0.44996389958245203
-0.4484102980137856
-0.447329546078462
-0.44680135387442566
-0.4466777806830472
-0.4442229629985953
-0.44387039491095814
-0.4421827415357633
-0.4420807505733203
-0.44200168709241844
-0.4382368427798792
-0.4374654476975773
-0.43687604403970276
-0.43667074878625856
-0.4359308936391054
-0.43557322092177336
-0.4348352605077477
-0.43378618023436766
-0.4329232513269533
-0.4298349066044411
-0.42895096200517746
-0.4282566102386633
-0.4269883755158759
-0.42644075914639956
-0.42530208390219937
-0.41999724339404576
-0.41982801565997174
-0.41964364385016606
-0.4178714292932963
-0.4168428313195246
-0.4119557915892431
-0.4112152904309847
-0.41117926404678085
-0.4076328690880864
-0.40610556744631954
-0.4049833300749244
-0.4030333068720139
-0.4030251166700355
-0.402663086671629
-0.40227121826327106
-0.4005696395104633
-0.3999623067928863
-0.39909329212425704
-0.39803027044607264
-0.3977311781002748
-0.3974780916003714
-0.395875064871814
-0.39446777939054534
-0.3940945784009533
-0.39185545790370996
-0.3881337091980487
-0.3871451856545284
-0.38692779542067623
-0.3868724273132605
-0.3864542108909728
-0.38580901336190865
-0.3856556219170726
-0.382898193378826
-0.3820643390601091
-0.38198202605758436
-0.38096235122315436
-0.37781838928616296
-0.3736129673338658
-0.37339404753022676
-0.3724479348171491
-0.37166259625352316
-0.36969311720003795
-0.368937044686113
-0.3660249781279833
-0.36452830991927476
-0.3608995559910757
-0.3608155161762546
-0.3600835359154998
-0.35839591864988
-0.35767030494821905
-0.35441410011766383
-0.3539533473882256
-0.3517450872720045
-0.351741775757455
-0.3511832966285888
-0.3497862434297604
-0.34880146166462167
-0.34872328226556926
-0.34775182413196276
-0.34519866139531474
-0.3431083857559647
-0.3426152464855067
-0.3412014891718266
-0.3411585247597174
-0.337933653344869
-0.3340809186100382
-0.329157677972139
-0.32910635463296845
-0.32903393294549665
-0.32697696874920157
-0.3258089694895566
-0.32459545224671427
-0.3243046458159303
-0.32420433895600076
-0.32360857891195305
-0.32328698318247984
-0.3194590534566616
-0.316578779838498
-0.3156231492264577
-0.31533954596701635
-0.31530194699841985
-0.3150128320709604
-0.3126855361741072
-0.31102107907687293
-0.31058604697531733
-0.30921956553164015
-0.30901240699337484
-0.30779057921419983
-0.3063894651081577
-0.3063868379807883
-0.30612384399923
-0.30566325301923036
-0.3047980101367277
-0.3046984246812446
-0.304288840805761
-0.30332634644323775
-0.2986929997349018
-0.2977147653832539
-0.29716865346871846
-0.2959709515625929
-0.2957782796228783
-0.2957099957932399
-0.2955382677063124
-0.2934826385167942
-0.293314687031487
-0.2928103193396873
-0.2922686503293096
-0.29107889182251145
-0.29103367538700486
-0.2907401774169317
-0.2900505009069666
-0.2900311091437483
-0.28921060329421666
-0.2878719548558698
-0.28765534454095476
-0.2861250232625917
-0.28599023535952706
-0.2850543255052599
-0.28478075262266306
-0.283430993668388
-0.28206249901829894
-0.28198165195383607
-0.27955615437478
-0.2778143655090941
-0.2762560852744137
-0.2754939923137233
-0.2754631048868792
-0.2727372017919686
-0.2708089924586292
-0.26987546067426904
-0.2681554998593849
-0.2675852756085273
-0.26757707829548416
-0.26338263669605066
-0.262561542110767
-0.26247597941360523
-0.2600174526483764
-0.2599415786033764
-0.25896284623837695
-0.2572228811993457
-0.2531527054842353
-0.25028953421521993
-0.25014337451081536
-0.24569038669476212
-0.24426307335927266
-0.24173844146182513
-0.2375000861441065
-0.23724110215191294
-0.23481091672773557
-0.23430481240269851
-0.23341530044682124
-0.23298845444485194
-0.2327490806958118
-0.2320565806105589
-0.2317774569375194
-0.23139619119028154
-0.22719791242985832
-0.2271283813425604
-0.22682478338127376
-0.2262643189329975
-0.22622035773720284
-0.22562763720323087
-0.22303224301662505
-0.22278776438955172
-0.22265554931449538
-0.2216782289789517
-0.2206478882427057
-0.22021778931280933
-0.22014641171841398
-0.21913342007362124
-0.2190881486636631
-0.21881454200634487
-0.21673195174114246
-0.21289015356444363
-0.2052824844973376
-0.20436599471269803
-0.20399877678290035
-0.2014200485895662
-0.2000306636903454
-0.1983431732590133
-0.19806401934616188
-0.19719949136737835
-0.19719469293102018
-0.19710962695339856
-0.19570954187996992
-0.1953051315608002
-0.1949723172800888
-0.1888253256409188
-0.1885570891988806
-0.18390866555290486
-0.18250182998010994
-0.1807064460772816
-0.18049299295719368
-0.17936404696958896
-0.17535982101285907
-0.17527159169145223
-0.1733517234276736
-0.1718961641226358
-0.1718645872142479
-0.16761118188113755
-0.16700151190628099
-0.16507607813828223
-0.16317523649553156
-0.16247195831664707
-0.15707369790729764
-0.1556197514559996
-0.15531022541344375
-0.15453693656276146
-0.15322561129219947
-0.15149510425066437
-0.15021721596642068
-0.14701342773938852
-0.14558235044695264
-0.14541132987404937
-0.14468038925679116
-0.14143227308765494
-0.14061195766711868
-0.14044362204331784
-0.13885767086404277
-0.13358678576088223
-0.12981136459946802
-0.12958592796795287
-0.12730489084598362
-0.12638814394368414
-0.12279849527688562
-0.1178742545792325
-0.11513471884231308
-0.11465324550292677
-0.11453309690486202
-0.11392915726171637
-0.11231286255787287
-0.1107275344871318
-0.11029137427997893
-0.10965316771413125
-0.1090278089075355
-0.10870745268506304
-0.107628582480357
-0.10697154022968997
-0.10637491295653068
-0.10607364139961784
-0.10551781553773165
-0.10528466628164632
-0.10321026790496712
-0.09916880319947108
-0.09785595169456723
-0.097008301329641
-0.09683117730212276
-0.09576635861810645
-0.09374115935575406
-0.09223111955650992
-0.09159592346096379
-0.0826978000099583
-0.0808956041795672
-0.07921212912519406
-0.07885002852220169
-0.07865295768740173
-0.07746480649537507
-0.07593904118785516
-0.0751145877635343
-0.07099281965922166
-0.07085682865461107
-0.06918696300077687
-0.06777309884489047
-0.06743630129644629
-0.06495094903622786
-0.06349445711261614
-0.06282464928146647
-0.06268299818115697
-0.05978922997563252
-0.05732017420880714
-0.055358553112348996
-0.054393560711722855
-0.0541952112144094
-0.05391128128799305
-0.05373793421279516
-0.052813043172004415
-0.0506914467514038
-0.05052747244968697
-0.04973130753204169
-0.049227646835802275
-0.04852387470843322
-0.048316132293127145
-0.04531446977480613
-0.043425685216238186
-0.04326497440115956
-0.04318380112586356
-0.04179670373007349
-0.039907759685137933
-0.03969563183963509
-0.03742959036701721
-0.036671293150423834
-0.03666335763530926
-0.035878565509804505
-0.03534175892789404
-0.03473611163873902
-0.03451483353743867
-0.03261880612057255
-0.03258783695572576
-0.032561152782724596
-0.030893622456193204
-0.029854058013013933
-0.029761718716726615
-0.029620416847321085
-0.029207224972916168
-0.028722724709903003
-0.028003178582069466
-0.027771029433451666
-0.027673840019029616
-0.02698450298714261
-0.02491861264138273
-0.024612344588193613
-0.022153631081383685
-0.020108041020905687
-0.019169750637547556
-0.018857367519658053
-0.018645470460636686
-0.018311133897885024
-0.015505237783776549
-0.015088771584718552
-0.013572032387250466
-0.012439272949963831
-0.012411871626082593
-0.012175851041338448
-0.011522319739557307
-0.010978615613559062
-0.010552420737938384
-0.010316608775647995
-0.009884789650129878
-0.005339156504405862
-0.003701130616215964
-9.141512141919161e-05
0.0037176825890192777
0.004535023303243513
0.0047085123867944695
0.0052844603163443304
0.0061578644085305
0.007211836594248733
0.0076108805581363015
0.008005768917255462
0.010438938793104646
0.010464742148987738
0.011481703614352023
0.01260662289124459
0.014027099344161575
0.015574827923908408
0.016011923857259136
0.0192918930734981
0.022411104542621907
0.022455714945204153
0.023107636817879
0.02363777243683196
0.02522357940408554
0.025562132888511502
0.025769548190995084
0.02655880975632452
0.027060015134034998
0.028427772319752798
0.028686718718163307
0.028806232919593167
0.029652376547363857
0.031734895691086784
0.032118974456603056
0.03216443247342671
0.03281975622074884
0.03416305787397428
0.03421481242405666
0.0366104848493632
0.0384338289847736
0.038455479032938666
0.039649173075670674
0.039952985993070095
0.040351299785528705
0.04155076368636512
0.04228128667873654
0.04295092750161067
0.04428574749007996
0.04469402144993151
0.04669594925743947
0.04760277583717065
0.04855846457306967
0.0487131300108779
0.04875408793814795
0.05081016222026574
0.05086539535042045
0.05116345950914968
0.05357907280323959
0.054570306416139025
0.05533433528870288
0.05584105265280992
0.05698458140071977
0.05765417118575389
0.0577131593505934
0.0579530188118903
0.06295724197554892
0.06327325451395516
0.0639958191011134
0.06468001188679573
0.06725545068384264
0.06780707924724527
0.068259166839233
0.0694631293138418
0.07029914349169303
0.07126545381664051
0.07202143741968126
0.07211386385378382
0.07226625679419496
0.0733960365103008
0.0767815105113181
0.07723830580302996
0.07729380408188036
0.07872113163274075
0.07876360752973777
0.0842672382915497
0.08543707338301232
0.08622114505087204
0.08714041951552587
0.0873962580272335
0.08865469461524422
0.0900387698111399
0.09037813911448733
0.0903908418685061
0.09176183182427695
0.09309722727046388
0.09390071268686251
0.09648091381059615
0.09699300257612323
0.09913870351983445
0.10266838992824556
0.10628579154173201
0.10667992127624476
0.10679808899997434
0.10752054248560461
0.10941086153631763
0.10958459317131963
0.11130525990681857
0.11251305573342796
0.11450656497571382
0.11464438891585893
0.1155937985434459
0.1162785861696578
0.11653957759883693
0.12105619928288874
0.1212710644461458
0.1220037945505168
0.12288603227717496
0.12336504252179314
0.123501991258815
0.12692358930182868
0.1282428065894345
0.12876682539662992
0.13192197422271568
0.1324092001510474
0.13552902174792436
0.14353620717642912
0.14451464893479649
0.1446930888290895
0.14781658516628704
0.14794870017718698
0.14833895860433433
0.14916606947358416
0.15204865207685486
0.15222533177861108
0.1528547943083105
0.15339083055042857
0.15346444743986087
0.1546474614682401
0.1553763646671199
0.15594835023181386
0.15619852412529694
0.15723640893757868
0.15816002604816493
0.1596376137628877
0.1622471210150701
0.16516522657471755
0.16552161593322207
0.16683587058382232
0.16806211356218562
0.16861808175358955
0.1710900913798873
0.1726807181949377
0.1728981323051793
0.17333134009402695
0.1733769654787054
0.17756774164397016
0.17788804542890246
0.1795454555220143
0.17996191044879384
0.18060264739121423
0.18286469145134354
0.18321773209509884
0.18393125290625803
0.1856162014872188
0.18697012746761488
0.19514493992470994
0.19599005420826532
0.19612681476885002
0.19635331711889265
0.19698503100304293
0.19958928293964595
0.20149589168716386
0.20336483860052043
0.20528120071105144
0.20549330731536408
0.20676039942536134
0.20966912667793847
0.21102606212137132
0.21132375208253718
0.21250234918403546
0.21337410287469244
0.21423320040709465
0.21692945027321453
0.217111572234988
0.21816758060247676
0.2203732340753785
0.22054595643286679
0.22092096110253223
0.22132777791430258
0.22294833972347866
0.22594655913294204
0.22629175153388648
0.22643528183714656
0.2267156700297227
0.22697229001685876
0.22713032115724138
0.22826593757066904
0.22979615782413504
0.23153317860324865
0.23168229107263583
0.23396344806654312
0.23480107882989243
0.23490932616751936
0.23503524697284894
0.23575174015550937
0.23990173679291704
0.24006034399537005
0.2402197766115287
0.24220302173102454
0.24234192273160782
0.24399447182095046
0.2449657727461625
0.24536208975306883
0.24566458385890066
0.24614603733827745
0.24817430932531548
0.24934531349742758
0.25033067424735334
0.2524917098989041
0.2528644517311879
0.253957536956581
0.2541145222190022
0.2557502237334135
0.2560944017695765
0.2563531523742218
0.25660888990628034
0.2570721186599225
0.2574103280897707
0.25748014978937767
0.26164961954493177
0.2639241682268417
0.2658447740945368
0.2663888310317504
0.2664252665577509
0.26677600481759967
0.2672922614214635
0.26801907218158333
0.2684960877112657
0.2693751274175593
0.2710625676551196
0.27312583855093564
0.27332562225095014
0.2785520774113465
0.27912368720512387
0.27930420668091727
0.28165123028736494
0.281767809869723
0.28224233401128224
0.28362080902942194
0.284623868482209
0.2854068408492152
0.28635937324606775
0.28731506441955335
0.2878150139827228
0.28951149661965503
0.2907237487863481
0.2938254787357927
0.2939608254479399
0.2943402696929377
0.29443520202623974
0.2948171138864845
0.30058776311199253
0.3014090858549805
0.30212485752195006
0.3048034979726465
0.30481286171131805
0.3064144253431753
0.3097205640084265
0.3121548905243543
0.31382243252417785
0.31492447175472393
0.3152227508414737
0.3163149146999614
0.3164417222471302
0.31842376205230616
0.31869360960406
0.3200845052982047
0.32169946266861893
0.32231625741272607
0.32352732917307325
0.3243364350771789
0.3261166291666916
0.32844967894910093
0.32856371425221964
0.3292441328884872
0.3311596696912167
0.3314231314173897
0.3331795681810372
0.33920006035426464
0.3402322356328046
0.3410123323578441
0.3426628484234082
0.3436528704134005
0.3439570367318623
0.34623553968595366
0.34803911978982427
0.3499018682934605
0.35125213528200894
0.35211782602772435
0.35244085643432604
0.35431335255891355
0.3551390899255906
0.3559108033182933
0.36101812536071287
0.3620413061348965
0.36292463924646695
0.36392278018637436
0.36545899455183367
0.36831576514306075
0.36840021029708714
0.3684290593547631
0.36945716780679194
0.3712943045613796
0.3715926486218917
0.37232065756649224
0.37296294118170525
0.3747283573772917
0.3795802223116837
0.37981695190985665
0.3812087559444194
0.3817327682109249
0.38313985036325254
0.3833651104667425
0.38581137672621285
0.3881688881871451
0.3889103480436829
0.39751656612659014
0.39804812012928664
0.3996987884822851
0.40430910938933196
0.40664491245680623
0.4072110813729871
0.4075745821971416
0.40781224309609954
0.4107736601330484
0.41199175107430963
0.41789224747502096
0.41841698472468186
0.421367238137317
0.42138097450417933
0.42265920651350203
0.4229759838902516
0.4237153662967061
0.42378139455298286
0.42495570037693337
0.4251684867109864
0.4288977468231259
0.4303254671245575
0.43051728043549015
0.43309227398887185
0.436578040610191
0.4383097164209809
0.43904012759272304
0.4393937549169757
0.4396442706358143
0.4408203273405653
0.441853544304303
0.443055239871836
0.44421931221106725
0.44589435324652016
0.44663168455491675
0.4492401173373591
0.4492554788015434
0.4513651898809671
0.45245426113624243
0.45265663450197663
0.4560460002874066
0.4560716148705339
0.4568766798908318
0.4580263542824148
0.4605551334450556
0.4609020948084769
0.461742523723518
0.4619839762921678
0.46199224500590136
0.46217065509708366
0.46283456893565494
0.4648013855280579
0.46500398870808174
0.4652116768569097
0.46737826220740614
0.4677745267863262
0.4679918399063588
0.46811020671607495
0.4683607449244997
0.46909376313100914
0.47020179549466
0.47067812810834925
0.4723761640408364
0.47501401077866645
0.475048562082435
0.4750550938612304
0.47628565544923623
0.4772247696867481
0.4775964444131415
0.4783814436778829
0.48222263852957276
0.48224577974326455
0.4823673456051503
0.4839007828062807
0.48581490837614855
0.4867611651723817
0.48710063315434493
0.4874491723985904
0.4894215685000877
0.49003509793433025
0.4904495030683099
0.49075321561805274
0.49107495265050244
0.49480410634206806
0.49512899499594737
0.49637327827310784
0.49989585818970655
0.5002553365966398
0.5011165335898348
0.5038712688314098
0.504374769130296
0.5055177379246477
0.5060472076788507
0.5062249826783664
0.5080810454190896
0.5109242013212443
0.5123854820856621
0.5131728894387619
0.5135683294047111
0.5143331337311853
0.5156509018839743
0.5159297579894637
0.51621583163973
0.5164344184239458
0.5193712669596904
0.5209518842200958
0.5213455609890256
0.5220023480177078
0.5228653026615134
0.5239705729239368
0.5250438882289052
0.5285439332568287
0.5297676205293214
0.5328401764501398
0.5349645473086297
0.535414772756296
0.5363763145264904
0.5374120252613622
0.5378986739205077
0.5419405904702089
0.5437480404556347
0.5444461201935211
0.5456239581834643
0.5489530723851084
0.5497682662665928
0.5528464163289938
0.554222767624478
0.5544414990089002
0.5563177210912817
0.5563470711034066
0.5574393891335927
0.5574879711018651
0.5594097883790307
0.5595021521457918
0.562030362952588
0.5624864113061676
0.5629653599947404
0.5634774689445476
0.5650708248239164
0.5657664739430908
0.567197924683799
0.568291243768434
0.5683121802995326
0.5685979069436394
0.5690843312449025
0.5701449753205352
0.5703176310404918
0.5715147219981976
0.5728892884605381
0.5732303295981469
0.5737213077343501
0.5767416378886426
0.5772817407484387
0.5783168805763776
0.5788504859439887
0.5808709389830827
0.585349695542832
0.5868344606707279
0.5916286060622289
0.5916445912041242
0.5920763776306961
0.5928055289747654
0.5974339727161081
0.5979097996034324
0.6013871980269921
0.6014173573843437
0.6027070518133602
0.6033093576136057
0.6060271944432933
0.607144729605189
0.6081367180851431
0.6099245463256464
0.6103869660248644
0.6108290617653862
0.6143989701636604
0.6160279582070738
0.6165605345566486
0.619287648454875
0.6197257794267315
0.6197671465564902
0.6208155394914558
0.6249591621864963
0.6255147524040833
0.6283204871316482
0.6292511502899585
0.6297748803234564
0.6306772877491706
0.6312206713952034
0.6331482812785814
0.6335484626997946
0.6340693500950396
0.6367661994717323
0.6378841320184199
0.6380387804010927
0.6381801545530122
0.6402782232704045
0.6410810320361313
0.6420957665054383
0.6422844877562883
0.6427923579308598
0.6447033668788676
0.6468771103105289
0.6471792175723649
0.6477263624528848
0.650388715459509
0.6512100450169587
0.6527726059788369
0.6573181363384728
0.6581635362110754
0.6582163345528051
0.6590321300304949
0.6614033097589849
0.6687970098609712
0.6704767879363561
0.6718561500029042
0.6723134029588562
0.6751645442236475
0.6759555906541983
0.6797654822070907
0.6807134148863595
0.6817502109322793
0.6848884351684921
0.6849926981837107
0.6874370265384293
0.6888061466301914
0.6889249376828873
0.6890498277973078
0.6900498747952044
0.690162795894366
0.6908386164528457
0.691732616119739
0.692118213981976
0.6922259206959545
0.6923647453042245
0.6931798458040883
0.6935393676905481
0.6940399607689454
0.6948702451053376
0.697837106565342
0.7002257804066376
0.7008440317090501
0.7022475228381206
0.7023027814118186
0.7035275866861579
0.7035781106420467
0.704129403252252
0.7069938383779442
0.707210633825838
0.7074491465650623
0.7074861761144552
0.7086604261255459
0.7102725676050861
0.7117327350050648
0.7122336636993303
0.7145324664530138
0.7146545211498591
0.7172863766317288
0.7219207836861028
0.7247427964709526
0.7296679406823012
0.7307696682872379
0.7317640456750116
0.7318440488586173
0.7356643212458432
0.7360844991374664
0.7372547798360999
0.7405256792980137
0.7428192786974743
0.7464807989771292
0.749324203477016
0.7508623633331447
0.7558088932461008
0.757627652243261
0.7578546219040332
0.7580489661061911
0.758891746913103
0.7592172090353251
0.7605095864861497
0.7644775014758289
0.765387367757705
0.7657792339254703
0.7673063761871616
0.7681896168726775
0.7688403603181297
0.7713613438956329
0.7717703787950188
0.771804208621158
0.7719202080863318
0.7734484422533483
0.7744703136014056
0.7758571207669644
0.7769901605939149
0.779610525145449
0.7799554257752508
0.7806942355731146
0.7811381749253781
0.7815988557120648
0.7845362169770068
0.787187797602049
0.7879816016098381
0.7886364151225078
0.7903097676263919
0.7905422511309093
0.7910043418090374
0.7920503017458592
0.7936369371535006
0.795854806218238
0.7973792657489722
0.8045045596643641
0.8070352160878316
0.807192720780725
0.8086592925912367
0.8092910078262694
0.8095137308494068
0.8111671350415908
0.8148419328253994
0.8154183247319148
0.8176754428059357
0.8184622029767333
0.818643603098237
0.8211281373432512
0.8225496047040518
0.8231001201191875
0.8245302399770269
0.8277165185447487
0.8278220962446345
0.829060155803454
0.8295499611850552
0.8319131693981506
0.832870306028305
0.8329418921764565
0.8334677149540736
0.8338016937151762
0.8358789203341099
0.8386316200840427
0.839596822051258
0.840950552465066
0.8410564524812201
0.8414493964582381
0.8416836652720656
0.842658164494168
0.8427729600829674
0.8503998716337426
0.8513207103057732
0.8514646976182565
0.8545061004299112
0.856745451505194
0.8569446696181581
0.8577761472645148
0.8583095797114346
0.8632413976089625
0.8654916633155474
0.8655297708491159
0.8656831512898903
0.8695004297171182
0.8702557005027968
0.8746316676152949
0.8768187993802752
0.8780231885348428
0.8783801700878535
0.8791945645383203
0.8798928661352903
0.8831083515849236
0.883497991443456
0.8843425960578903
0.8847578562307638
0.8872856686309313
0.891390395814067
0.8946305385122927
0.8949679160190253
0.8987761986604086
0.9000765695555559
0.900999325429422
0.9012335631410581
0.9013826305147707
0.9024146103937538
0.9025246851365805
0.9026758062242006
0.9027509227371413
0.9075422556593169
0.9076182365438303
0.9081820350142822
0.9087341198799546
0.91210933035429
0.9143301651109839
0.9151858526562365
0.9159478601173361
0.9180779183191992
0.9189769582349792
0.9202969991178733
0.9237115872053591
0.9256619074297162
0.9276603160215171
0.929472021358306
0.9297824765614174
0.9312173295884767
0.9335451334200617
0.935209413463215
0.9402426359769033
0.9408207454742414
0.9422580800219811
0.942351745126334
0.9427378743097934
0.9434976363278992
0.9439238117575535
0.9448052710498158
0.9480076072785627
0.9494699253179112
0.9532089839951007
0.956812974051102
0.95801744057163
0.9611064139683125
0.9620094491996739
0.9648547782560849
0.967262135616098
0.9680955857369503
0.9685156646688778
0.9687430924151249
0.9688980821566371
0.9697411509310023
0.9700094420625691
0.9720734139731682
0.9735914248406334
0.9736782799790713
0.9745271669336242
0.9745514042154568
0.9748137141850141
0.9793282939577469
0.9810002481026595
0.9816799872333878
0.983694545705813
0.9844904022812991
0.9877701789201278
0.9890871769296704
0.9892845445609114
0.9898034044380115
0.9899986108756927
0.99296575936361
0.995048008569964
0.9956118140307383
0.996492958928495
0.9986481582106446
0.9988671957605855
0.9998352114451632
1.0010505221947092
1.0020015674186191
1.0061875091611399
1.0077006702275715
1.0077140297249754
1.0077598064415387
1.0098760233742985
1.0109310205643987
1.0122406953044594
1.0154045234974645
1.017443879486793
1.0182520965813289
1.0184260740928404
1.0184627941931523
1.0193068557892333
1.0204569779843837
1.0206664150220308
1.0211343544538374
1.022055345317551
1.0242927074862982
1.0280587882019236
1.0285154215207253
1.0304360732006657
1.0315600201842077
1.0337525837331565
1.0353787497852318
1.0371158456196186
1.0374123389459704
1.037601098643501
1.0376653791082198
1.0382876682102389
1.0409465723497084
1.0409929914699732
1.0427012184123479
1.0441666690010394
1.0445485140414763
1.0453457690814638
1.046006167590586
1.0481954287137538
1.0497379269444573
1.050290821104884
1.0515188222769432
1.0583545736203555
1.0677756578954614
1.06852649136566
1.069829531154246
1.0708849985387214
1.072485548768071
1.0739273296561171
1.076607842317166
1.0766687832910418
1.0767871242896567
1.0792213651765625
1.0798057040526707
1.084170429059338
1.0853170861953427
1.094096384499933
1.094661738789743
1.0946685667029508
1.0949825178870696
1.0965880042438625
1.096918008781686
1.0975755058173573
1.0991812619027106
1.1006246679787368
1.104002333060467
1.1046199101765335
1.104637188267976
1.1062208561875695
1.1068313350349899
1.110936311065548
1.112361898254188
1.1128353175186256
1.1141374728477524
1.117636655808326
1.1184282867497053
1.1207947433900274
1.123662964016387
1.1242384225809436
1.125253271328846
1.1259680247776593
1.1263269918901548
1.1291449166788472
1.130273928226664
1.1308202322852159
1.1310571149604853
1.1342089441160466
1.1376759301099337
1.1383575502975938
1.1398096938032984
1.143754062513155
1.1449493300605593
1.1461079813398944
1.1488742930412084
1.1522752089228174
1.1522846691525848
1.152294957148068
1.153043475648031
1.1545401826100514
1.1569424096559402
1.1572767732154685
1.1589084097789957
1.1590613493297433
1.1620813435787847
1.1627800364722412
1.166383472633911
1.1666475977525335
1.1740321883100173
1.1744978729344333
1.1780622254826425
1.1802871623858273
1.1823465216678581
1.1852230982509013
1.1857748937954684
1.186165127482686
1.1871139786325426
1.1876476996448324
1.187732814251118
1.1900661387653357
1.1909348412419147
1.1919125825084973
1.1920546257274702
1.192309891076785
1.1938969187850943
1.1946078832164317
1.1971338132568055
1.1972275764364384
1.2089299415668795
1.2097513216788793
1.2104872189014613
1.212110268156166
1.2153879892486357
1.2164853778932807
1.2174191262796061
1.219240354596042
1.2216236574848143
1.2254447690967454
1.2263793361225956
1.2307536790513796
1.233347296483705
1.2334325015244927
1.2359038369109105
1.2376050141701178
1.2379239247333425
1.2429630792185598
1.2456913083379466
1.2457422796674074
1.2461087169853786
1.2477398289427475
1.251680063508596
1.2532807385830051
1.2570945662407236
1.2588574908168184
1.259984062186124
1.2637136640264766
1.2753039880809955
1.279001266586369
1.2802503289379152
1.2828416676706964
1.2836184577208785
1.2904241602899842
1.2931468212270572
1.3050591151170745
1.3068862696820345
1.3070109499527494
1.3086160227938408
1.3089875458897224
1.3142642835481506
1.3173512649680714
1.318668949507983
1.3221441279508945
1.3222308626190218
1.3268370059375654
1.3269980738573457
1.3281252103745838
1.3285685830913367
1.333404079951022
1.336268669574233
1.3390481779862498
1.3396617316888753
1.3396666450725105
1.3416736905152666
1.3455996900647118
1.345743145007899
1.3470691036039375
1.3487710309309775
1.3524662108558831
1.3550631328564382
1.3567539598496299
1.3592216847056706
1.360094679404324
1.3631315825389567
1.3718503200834922
1.3727565893412996
1.375042767493989
1.3808612459007854
1.3825151749356819
1.3836792742861597
1.384449001607569
1.3846545447772813
1.3860953965883853
1.3881671854603568
1.3897055591562955
1.39439451852612
1.394537416835258
1.3951436270420903
1.3959524103802121
1.4001221242715598
1.4016978343773134
1.4125875784072106
1.4127298498850476
1.41663200499063
1.4168351165754938
1.4212813360363892
1.4214624580056006
1.4245505929677
1.4247756720820095
1.4281782973367116
1.4316003457671171
1.4359750712084751
1.4416364490113516
1.442165564132511
1.444396504111423
1.4526791584288328
1.4565846387107682
1.4569751926331822
1.4611915381416234
1.462264599261141
1.4633500090280498
1.4638146185665255
1.463886683664201
1.465517729368974
1.4676597795771502
1.4689814151046852
1.472891123700653
1.4746393171843222
1.476627756057141
1.4780348296902441
1.4851878649341235
1.485640224098494
1.4868801466223251
1.489669907962334
1.49041416250712
1.4907601253777467
1.4958662173644335
1.5013003956522681
1.503596126158965
1.5067492918800287
1.5081501545825822
1.5088729686068216
1.5101668104774952
1.5107143135688306
1.51800101591444
1.518126075805212
1.5194301058074853
1.5196376623767285
1.5205419440675891
1.5272223606031212
1.5304423814677728
1.5406339632283461
1.5419290625889355
1.5479388230689994
1.553014093332091
1.5532280497750317
1.553310345434403
1.5536484856071862
1.5545085543795532
1.5579645889403675
1.5631940347730104
1.5711135072196454
1.5714872352643128
1.5746989863097771
1.5775844753278907
1.5799952087940414
1.596503663527731
1.5968327393807882
1.5998173234903348
1.6034716627381458
1.6043541289967302
1.6118381877165853
1.6119937453399888
1.6124830069818257
1.6156984634209803
1.6228304103464832
1.6228516599988208
1.6306790525998196
1.6335903429564222
1.6348494617616522
1.6363747311993315
1.6370071078068142
1.6388213821064435
1.640935098070435
1.6414506714136299
1.6415367467249433
1.6435719103602384
1.6457928685838015
1.6522422083701813
1.6549421830969386
1.6554195138916477
1.6569567500660547
1.6646447078739395
1.6647237352799142
1.6659673773933186
1.6668110239168812
1.670763355862038
1.6733622596977458
1.6789279893870674
1.690091397796222
1.6903339037228426
1.6933715977683204
1.6965843408828536
1.6983156173799774
1.7002545618626748
1.7006926075834399
1.7027679346018791
1.7069489211686373
1.7095703136265799
1.7107884038492682
1.7109603732540974
1.7121850023884067
1.712378715369991
1.7184190501847663
1.7187047437359744
1.719633501951339
1.7196799693184985
1.7226688290266565
1.7238484531008722
1.7275705873369356
1.7411822024881682
1.748510991068331
1.7537677430309573
1.7597720722521366
1.763775640654692
1.7672285599975734
1.767658365116948
1.7725989786977556
1.776402948897858
1.7793517877551854
1.78270005779292
1.78711596434073
1.7880659336638633
1.7993244592028912
1.800890374615179
1.8009359218083765
1.8089049724982105
1.810212342963124
1.810515862848781
1.813928788760247
1.8175513163076906
1.8187742009600667
1.8242868688216047
1.8250678779492124
1.8251158662171543
1.8318419597938427
1.8388571930584767
1.8428413693167114
1.8429041037945666
1.8439110818606306
1.8487353374987796
1.8487870121720578
1.8527953642778607
1.8575183822615786
1.8625769611205207
1.869503420005373
1.8814625691537887
1.883170153748752
1.8853185494112994
1.8875556523662116
1.8956850375800949
1.8963617901532266
1.8971512188477586
1.899829528507182
1.903405150135228
1.9051778887933408
1.907428064830346
1.9106545030370383
1.9113011917443474
1.9121212111877879
1.912689274606517
1.9163701508741577
1.9244458687008907
1.9403828636307288
1.9470786125858766
1.957005174986435
1.9645799784950388
1.9659617289604865
1.9670493021758562
1.968623008956524
1.9704909150904613
1.9726497842500832
1.9764076747409862
1.978885555523619
1.9823357648159812
1.9833750699076562
1.9866308530755314
1.9891552318562111
1.992874029112276
1.9932481194721423
2.0064971378223304
2.0075220157121176
2.009862692257583
2.016114213939296
2.0224845426184985
2.0246697919919985
2.04293470621152
2.0578723209728205
2.0713875763689313
2.080437060394349
2.080950633402579
2.098452612332852
2.1042671887119697
2.1069728348346084
2.107691025537297
2.115632742219524
2.1437105314771747
2.1674686284411155
2.17886659086427
2.180767747025854
2.193600048278651
2.2306573599693484
2.2374104247344313
2.2401098762740834
2.2543034082271
2.2579886192075707
2.262629163544329
2.2818696482462886
2.2865462000735874
2.2952068954848994
2.3126995411867286
2.317788360063809
2.3230749024918094
2.3301119837699904
2.33402639282526
2.359565425511878
2.3602181908971285
2.374870027504642
2.382287966767749
2.3874899888044645
2.443749791749181
2.4445960050364737
2.4718412710771993
2.5418325475620795
2.543469302173929
2.5564739186106458
2.577081378418217
2.5950926779171013
2.6124135778832973
2.632498985354819
2.7167741233375673
2.7542626393314813
2.7556889693509237
2.8519092255621312
2.9098778521373703
2.9236066646915
