-4102.071533601544
-1371.3435349517674
-1370.97943334868
-824.6830050571161
-688.9289879436371
-688.5613761501838
-591.6644741155682
-516.7317768630705
-322.12901663525025
-278.37952414028774
-278.0005833263828
-260.7174770846517
-246.184750112179
-245.6526189803106
-233.0047264523483
-208.46479532409975
-181.87959393407345
-166.97944282961484
-162.57179421903825
-162.47952901782324
-152.32890931104887
-151.48128361144907
-144.6826248153598
-139.47792155984007
-135.19128807274836
-134.02770483397606
-132.30164164477154
-127.59771372258902
-124.75243769551875
-124.17700489611312
-121.3051453795016
-117.63873237248183
-114.0536672440295
-113.80770249821624
-113.05933394356518
-112.76491043518168
-105.81851214118579
-98.7453749396353
-98.53409024966234
-92.44194144657892
-91.76222779854794
-88.580442299156
-87.74330481387913
-85.91838150212178
-83.5220777384525
-79.95123048792759
-79.30776191794546
-78.90054470249864
-78.04249496109404
-77.46153539048997
-75.88002668431676
-72.35906982049622
-71.09662219430325
-71.01439575150849
-70.53073205200673
-70.21989583289935
-70.15308771658609
-67.6623002049668
-65.71304957039719
-64.80285788288658
-61.070770602931624
-60.76800396084089
-60.52718718757726
-60.134250599026096
-59.78165053542572
-59.51517586119145
-59.31874041255457
-58.35495423776105
-57.30279296189469
-57.11357822812246
-56.84034235349253
-56.74070531403603
-56.7245597138958
-55.07471127038964
-54.56439605627994
-53.91453080246025
-52.81998288576277
-52.812769348655614
-52.589947043028594
-50.92241244055425
-50.51001000197745
-49.85788803041171
-49.5773546057448
-49.49080802266418
-48.650652407350584
-48.10237724354154
-48.04599668532009
-47.98650571210858
-47.758609097834295
-47.60197506876362
-47.13350185619523
-46.51413489882919
-46.11549115241719
-45.590448784675026
-45.460126403520675
-44.52706820062758
-44.30046441597841
-43.878744400725495
-43.47824721140013
-43.08328273141896
-42.55072593019066
-42.394142560895375
-41.60683641350009
-41.48651872700864
-41.44625875830897
-41.24593112551248
-40.79067525755228
-40.43040227741446
-40.243637896220065
-39.83747093296879
-39.562351877816994
-39.52969032925485
-39.251202098627644
-39.17087071573058
-38.75473074394919
-38.71329700804288
-38.250893393953945
-38.23393473496184
-38.089794725283554
-37.80642931409308
-37.52831459992906
-37.25846012146775
-37.08861457511976
-36.94063223537936
-36.716216751828725
-36.6622514180573
-35.73736012855924
-35.5400121144679
-35.50951508636065
-35.366049967041455
-34.953884908766554
-34.515857054866686
-34.50779690349366
-34.43483885603281
-34.12170508131907
-34.093148223840764
-34.06025026591517
-33.42309738485949
-33.33376518882839
-33.20812075159327
-32.971808233339516
-32.75025239625338
-32.55886556741638
-32.52382986159316
-32.46296353633614
-31.82736125594211
-31.806488435425294
-31.518078972982405
-31.513486050251103
-31.411329065434224
-31.225921092406463
-30.69498008236137
-30.31228900874151
-30.287486353872872
-30.206229776540383
-30.196550255742615
-29.496266892353713
-29.38496208128942
-29.38410542459239
-29.180936478448057
-29.178928739229956
-29.115945409310015
-28.594285216506922
-28.569031552238144
-28.532547615311085
-28.1577441768994
-28.117971639543203
-28.100267675547386
-27.961993661710157
-27.86167877500906
-26.842409900065803
-26.616288667073974
-26.61068565621801
-26.573363872569104
-26.430343929878816
-26.413862560892255
-26.04724260050129
-25.941587016634102
-25.569610390497903
-25.486293821390902
-24.946493510158017
-24.513454332844137
-24.356862671200844
-24.255417616713192
-23.967509579284965
-23.927221405781907
-23.810008691516103
-23.754494223886642
-23.444494604473114
-23.338083641233347
-23.335904299814032
-22.838139122551894
-22.698491720040494
-22.688184541938806
-22.635201130323054
-22.372750599244718
-22.341723036542792
-22.290289430780046
-22.225026291120102
-22.10374898868492
-22.091749500370454
-22.066142814716954
-21.68240506491599
-21.63149026812713
-21.548660319091375
-21.297911543475802
-21.274205661913932
-21.23147577362674
-21.2263695238518
-20.945584318649587
-20.940183491205563
-20.852654475078282
-20.75792130409319
-20.52717355817159
-20.316846610979518
-20.287844074906573
-20.28615119086235
-20.259928196065072
-20.20762421871434
-20.20326327295993
-20.14702281046734
-20.13498117353115
-19.986300146918456
-19.735218045188976
-19.72904674214904
-19.63504314602671
-19.34639367726466
-19.181298563508967
-19.130945049089014
-19.058574022176046
-18.971148876581886
-18.898521318073154
-18.85919228331703
-18.735304194250535
-18.521784149770628
-18.426487759032526
-18.416326908505038
-18.409171851046047
-18.307519398125798
-18.23480299983314
-18.22703108178508
-18.19652978246572
-18.146862827271136
-18.085531207725722
-18.06906591688595
-18.037273384309575
-17.877750370376575
-17.71292423830586
-17.655724566524952
-17.64794244481156
-17.520021972444713
-17.36385523005871
-17.358926327297535
-17.29463542682298
-17.27715919789558
-17.109810988199836
-17.10494963802342
-17.09906201651336
-17.01845274761704
-16.969729820168073
-16.93601650445148
-16.842271303764193
-16.840706452697177
-16.80388445539319
-16.67650912513659
-16.52366938806848
-16.33357747061392
-16.28944792636396
-16.28104568449633
-16.22304512256122
-16.2217316325167
-16.12326106606701
-16.062186678841353
-15.956197257940865
-15.943351661119811
-15.862343072140739
-15.820249952232146
-15.814692616777041
-15.802818994673286
-15.784477964915187
-15.586660158594238
-15.391872759344368
-15.379693653544248
-15.258474509040122
-15.256692325087478
-15.15512733991714
-15.099197670226454
-15.093777684751256
-15.009807413540072
-15.007896653270304
-14.997163986793872
-14.978202235499337
-14.894264054688325
-14.874447275359437
-14.850695491959396
-14.802749887984117
-14.793679136064362
-14.79198096726497
-14.752633141426973
-14.524227867012725
-14.519419139028493
-14.51592360542293
-14.454756660024891
-14.40238541581596
-14.361138411069266
-14.339716525182325
-14.241336009261936
-14.219721560622375
-14.197451104083541
-14.137028388273237
-14.124328371891782
-14.12114125608543
-14.083212550115881
-14.070218112164937
-14.0688282937408
-14.058467448618854
-13.998145352019208
-13.984191195123614
-13.960142987277948
-13.905198370268057
-13.8919859313191
-13.829185212812352
-13.825060525265508
-13.8093539693931
-13.671780872517179
-13.590645857222029
-13.521098183985913
-13.509607556812474
-13.491154467886664
-13.444018813420353
-13.387205272221516
-13.383274388557997
-13.371546510718815
-13.364250088235917
-13.360669856247004
-13.296987346052669
-13.285747770849854
-13.17438525833472
-13.1479905821116
-13.125519598687731
-13.090037420306443
-13.066886435072274
-13.00527458008461
-12.883333267165327
-12.841742155712264
-12.830159263168602
-12.769743711407122
-12.753851783232733
-12.74320578057143
-12.739165663265094
-12.704335411278688
-12.69591382357578
-12.681108008985378
-12.63483172682597
-12.557256957324075
-12.550764898625399
-12.536092193294518
-12.52796656657744
-12.493084981777855
-12.486579224214717
-12.466477484279382
-12.438551054003575
-12.389748463924487
-12.368177934193266
-12.342066046899323
-12.300994173989306
-12.258095161986978
-12.25730885930132
-12.154383946525979
-12.145735941025016
-12.145460539509575
-12.130135960901871
-12.121952701050311
-12.11765886829994
-12.028108165253116
-12.010883583462
-11.980860203896988
-11.954407998402383
-11.935282359517666
-11.93441026859644
-11.928631722801747
-11.887872998495343
-11.87170856419618
-11.804910453996511
-11.742871089948505
-11.628635317968754
-11.627440075842411
-11.60930031057934
-11.594297679903475
-11.502238819963871
-11.497190453000318
-11.49192330394787
-11.47310776120311
-11.43884230177077
-11.410775146675425
-11.405422900342476
-11.352534632508455
-11.342609943443367
-11.337912283874527
-11.310604370442144
-11.257432336680449
-11.250771410436798
-11.160498732466264
-11.143378420180909
-11.117486984971253
-11.04436351941181
-11.035903976546113
-11.023522112168683
-10.962512543413872
-10.927102766575135
-10.922602748108092
-10.922465840138356
-10.915858288736942
-10.910085500683516
-10.873385230354728
-10.86919423599257
-10.86483471673925
-10.853687145241839
-10.824277431075807
-10.82340198804835
-10.797540752227134
-10.785805289702477
-10.718109595539396
-10.714829208394436
-10.695566861554877
-10.689619582204067
-10.620128183010522
-10.5703069725503
-10.545367110359729
-10.528728972610976
-10.51747063627941
-10.49581668488163
-10.450167947707198
-10.441168378254323
-10.43907914730203
-10.429534792383164
-10.39254800757692
-10.350275762421793
-10.341293273481797
-10.338052173334386
-10.327904639497431
-10.30333299636629
-10.302693526184871
-10.278215287992248
-10.278068552902404
-10.269108047662371
-10.266264602359689
-10.260341878999975
-10.26033895862839
-10.229487151183777
-10.209851524822344
-10.153939147365731
-10.099446347085816
-10.079532666357373
-10.073216757838061
-10.072463486315751
-10.053108315247679
-9.99951598891686
-9.971575877206764
-9.956221976905557
-9.954326770961748
-9.90663737039874
-9.900116323346015
-9.883962111594581
-9.879204793946709
-9.869896134429853
-9.867140403775238
-9.84842910987469
-9.83796646494459
-9.736472488566001
-9.71376214778034
-9.708466999320754
-9.642816369443114
-9.628015559185526
-9.610593992216963
-9.593698973980821
-9.590951355281305
-9.568512558460348
-9.52248432671919
-9.519950856734821
-9.514785489609746
-9.510847365496236
-9.40942367639467
-9.408634296573245
-9.37558673062444
-9.359684477698364
-9.357598612804363
-9.356823608472153
-9.348969675889721
-9.340932737349892
-9.337444110974552
-9.318581132710332
-9.296561149544559
-9.294952649047852
-9.268639936332356
-9.190184351141355
-9.17464307328886
-9.152580844485511
-9.146663072201914
-9.141210307914786
-9.126206016369435
-9.125880848226135
-9.097666957830423
-9.078806958535848
-9.059834740897234
-9.043280789625625
-9.042735812439286
-8.982458445534604
-8.946438489284287
-8.937598793476624
-8.936529364059403
-8.92218323804613
-8.883601644870016
-8.870950530355222
-8.861181046100501
-8.859495685781331
-8.85830785894925
-8.832751047401915
-8.829655300840576
-8.807781673127462
-8.801043181169145
-8.788321641761975
-8.787682422247615
-8.778589702662721
-8.756182432139802
-8.729907236235434
-8.724569184759535
-8.714765139707017
-8.714337714777495
-8.706919095277705
-8.699300831550666
-8.694555907257156
-8.694097938381104
-8.68577176408277
-8.685656775711637
-8.680824653489163
-8.68063496748762
-8.64023786987122
-8.626923705275352
-8.60290017278702
-8.561495544400485
-8.53876435565342
-8.47806324623401
-8.468650502242603
-8.462817747604054
-8.45854536333784
-8.425232836348389
-8.411275133769179
-8.39428790606387
-8.375669611669567
-8.365367897435611
-8.36126242637823
-8.336388310456943
-8.328593675362544
-8.32585955553973
-8.315687130189158
-8.314378493535301
-8.305234797704165
-8.283061431854366
-8.236535283690966
-8.227183420399353
-8.22489432898081
-8.210485802948199
-8.191122969356897
-8.158734928425247
-8.113104973470923
-8.076366779946234
-8.06949108046773
-8.067882274634943
-8.064214130619053
-8.04224783379609
-8.034999649321954
-8.03334534821591
-7.986220971219364
-7.9728415495187335
-7.952705451970498
-7.948430816141584
-7.923870550112017
-7.921447005003103
-7.91722472610007
-7.915695721323248
-7.9069916836293626
-7.892582691740055
-7.88436584408475
-7.882385100628611
-7.8711157170251305
-7.8582851321018765
-7.849506418001617
-7.844124658019349
-7.821754387860811
-7.8169298241535685
-7.816854658953039
-7.814495557114421
-7.804708629123717
-7.803628267444019
-7.78920462748924
-7.771573685243018
-7.710566745859198
-7.702388728966204
-7.663397502557839
-7.645594708088749
-7.628309885245706
-7.62285829322827
-7.600231694044099
-7.590980550216922
-7.586248727542232
-7.583908439598831
-7.577074324296744
-7.569726373716493
-7.561052889929883
-7.559321390924505
-7.517659687343601
-7.50034551213685
-7.499542610155195
-7.479734188704602
-7.466567294089888
-7.463669953725871
-7.45408020999633
-7.444371149188033
-7.42377967484288
-7.404569172297516
-7.402666239479689
-7.398381523044345
-7.382229293375367
-7.342605950987293
-7.303652447530124
-7.2902997630162405
-7.272950785820207
-7.264684454609009
-7.2592630606633355
-7.2518694727818245
-7.2506817865420015
-7.229143649375722
-7.215124400970767
-7.189798775459096
-7.188002821191855
-7.184530018280066
-7.176118870242896
-7.171530486430738
-7.166908653101904
-7.1415205761429625
-7.114997038745583
-7.100392472504737
-7.097215954400868
-7.094272684038529
-7.090336759229894
-7.087457402434266
-7.0773383906840515
-7.070010424137273
-7.052112106218237
-7.049812091674045
-7.021730811521559
-7.01750133236067
-7.015411395288543
-6.998082861165235
-6.975026751000286
-6.968414622151368
-6.956680485327473
-6.947578843765075
-6.924484934124874
-6.922693341707898
-6.916373808791052
-6.916258307176577
-6.901194355629328
-6.896754261964838
-6.877655052607015
-6.842153384826698
-6.836359283356659
-6.836177143521722
-6.835621578566366
-6.833692289191451
-6.827704885717768
-6.805645632960664
-6.8055869692232225
-6.805397435916136
-6.800125960521507
-6.797363061606871
-6.786294485990327
-6.756325009536107
-6.75260159064702
-6.7523641955866545
-6.749856996705487
-6.742215347772241
-6.730968358178153
-6.72532956787075
-6.699456286194131
-6.688121644083688
-6.687820068380353
-6.673721406061531
-6.673261782951982
-6.668494776559264
-6.66355308699476
-6.654297839255755
-6.636287457048871
-6.6358853652880585
-6.62252115528792
-6.61695457806715
-6.611265621701394
-6.607405858106566
-6.588199048516306
-6.575357022898121
-6.5736052761662265
-6.570138021581545
-6.566471714308388
-6.557560503837772
-6.54231731688067
-6.542177206455136
-6.538256447287727
-6.5367014983635885
-6.5357265756074305
-6.52262008394635
-6.495205609295139
-6.472366106445528
-6.457692467556978
-6.452727255202234
-6.449737194077674
-6.423269841958108
-6.399957625138861
-6.399520448083244
-6.380746887398298
-6.379514038021933
-6.370230315556343
-6.359481538416977
-6.347694822045765
-6.34714165323913
-6.341165535596748
-6.317852312408742
-6.309228227235204
-6.299968840027162
-6.296316476180684
-6.2776451637821395
-6.2541927570254074
-6.232747105983756
-6.216764743843135
-6.20746128179513
-6.203470374675284
-6.193191637004086
-6.156617297962933
-6.129626183589516
-6.128389408583561
-6.127169615098517
-6.112482100216358
-6.109481940808168
-6.1054802818516585
-6.079700535753993
-6.044035201619511
-6.042933538433848
-6.0383050310527
-6.0315065478119685
-6.030248944700697
-6.028614880739523
-6.019131885091999
-6.0150295044366695
-6.005298412998048
-6.004610183602238
-6.001833710833448
-5.995720074097545
-5.994914879554036
-5.983791231800153
-5.980647914746806
-5.9714125436055525
-5.968569756532079
-5.958118531834561
-5.951195319115582
-5.941421151627371
-5.936320864015851
-5.921938873241867
-5.9173294772015215
-5.915570696277631
-5.909683907517863
-5.905313751436081
-5.894918432880799
-5.890287206836967
-5.8831868414306365
-5.867445419821758
-5.866278342413763
-5.865742748302228
-5.8631981923290235
-5.862524526532045
-5.8507341946303715
-5.84024370324285
-5.8326111274669215
-5.825197309902881
-5.810701512907631
-5.803193219061304
-5.798627909858738
-5.794791384594545
-5.695789988532337
-5.692776041169002
-5.6924651079287845
-5.679673628566924
-5.672015188050332
-5.6693113080587985
-5.65511732415682
-5.65505496051714
-5.6511309481359575
-5.631280683980734
-5.623596148207025
-5.613603339722096
-5.608451000204317
-5.605220180391546
-5.602746422894423
-5.602145648395805
-5.595938371263789
-5.584443790406043
-5.576845202909268
-5.5725526112879225
-5.5705116438213285
-5.566628219605396
-5.558512621615063
-5.548821126998675
-5.547013014805474
-5.543918624416818
-5.542403699658379
-5.535530804565051
-5.533650469524057
-5.528652245061274
-5.522006373678524
-5.518708143957388
-5.51619943960682
-5.502440058172767
-5.490529766960703
-5.46199959262553
-5.453868096884229
-5.437784057032095
-5.437505366000996
-5.4285540651011175
-5.426862251267178
-5.4261277859586885
-5.425284564635993
-5.420187743262725
-5.411114769652256
-5.375935516848903
-5.362273158930501
-5.360296996047241
-5.358539898049552
-5.354870595590061
-5.340816720681897
-5.324799865887162
-5.322504974627626
-5.322123023046569
-5.309123602393102
-5.309030130954924
-5.301099228819026
-5.261255202089053
-5.259002906805412
-5.250312874854537
-5.2365021321133245
-5.233951200799048
-5.223967684993442
-5.216555292552133
-5.204395928349107
-5.203168983274246
-5.200945853108915
-5.200897561871536
-5.200072274927074
-5.19600054402964
-5.182286560118713
-5.175411375523785
-5.174918597444875
-5.1740419152814585
-5.158491179607304
-5.144636351809968
-5.1440402628656265
-5.143314010375412
-5.139284690206249
-5.123846536206859
-5.108754551152212
-5.100484074794922
-5.098215113491112
-5.098119754168332
-5.09556850087673
-5.086922933451689
-5.064705451689704
-5.0611329857150675
-5.057557558726218
-5.0565416841144
-5.0538892752636535
-5.043466593489907
-5.042701935487326
-5.037189214413429
-5.021195643248318
-5.01637666763011
-5.008926230928931
-5.006553031334354
-5.002682351794684
-4.99360391937658
-4.9904794111653095
-4.9816668194004485
-4.9811726322135295
-4.96471562348522
-4.964622145893774
-4.961255649829393
-4.958103766853778
-4.936390836712798
-4.934810963459352
-4.922586007428544
-4.918446239318467
-4.918195321052423
-4.912703601969906
-4.909594035318106
-4.892116047434326
-4.886805360927125
-4.88419926750759
-4.875520458402269
-4.8618806095000595
-4.853016728676498
-4.850249860662773
-4.832133358178141
-4.831978839414302
-4.827474778028085
-4.825490649889415
-4.82301118601511
-4.819588736521757
-4.816428263152141
-4.813752044047326
-4.813337394716689
-4.810805411397342
-4.809740026407194
-4.805024972667438
-4.802199771068861
-4.79035312729177
-4.769614835332098
-4.753201354397775
-4.748671270634413
-4.742804687483628
-4.739323072807176
-4.729604230744561
-4.722617605770466
-4.714760262654928
-4.713483352851675
-4.711508239084703
-4.70529961101044
-4.701468523605539
-4.6986853255727725
-4.6859293771838075
-4.684657790205129
-4.673545549551047
-4.6711514074348806
-4.664756613289034
-4.64248371532364
-4.638803400369446
-4.637970164852853
-4.63720868118356
-4.632693240647543
-4.629730360015559
-4.6142420133862325
-4.613567331202905
-4.610310731630617
-4.602813369214779
-4.602233784901961
-4.6015164565391435
-4.600711416797488
-4.598309398181884
-4.59633209585482
-4.5915003951199145
-4.590146397163618
-4.58701569255688
-4.576557185025965
-4.559770200344534
-4.555351978412821
-4.553665783498681
-4.542490909584541
-4.541667332107569
-4.530704526737079
-4.515098702760088
-4.5096336714003336
-4.501886586767464
-4.4963944688055175
-4.484800741622928
-4.478472175486283
-4.478230164254489
-4.477476875224686
-4.477178373432255
-4.469462551395181
-4.467324654862317
-4.456031126044866
-4.454366213994305
-4.454302952683781
-4.451015866863812
-4.442379206945507
-4.43673229760838
-4.4356135669243315
-4.423505696530075
-4.420158455321208
-4.419690362299754
-4.417723022891221
-4.409137251855592
-4.405017010850307
-4.404698364968597
-4.402624749512003
-4.398811194092962
-4.394643212914287
-4.390103466110173
-4.389407031307272
-4.387052193383359
-4.380291017397891
-4.373905955061326
-4.372347332863011
-4.359037220403316
-4.355195919051388
-4.355182699306442
-4.3496964625515435
-4.348501983480006
-4.343946955160033
-4.310281313080009
-4.303356300322435
-4.283375517321366
-4.276533708793967
-4.271897605117081
-4.26472760310258
-4.263877854711459
-4.2593214161836555
-4.258157430862587
-4.257791661459037
-4.253484756259418
-4.251547792848523
-4.251477559008448
-4.249602693137791
-4.2466507091204075
-4.241008455827683
-4.240636516017643
-4.23231722712964
-4.221831127084837
-4.219467496067278
-4.210562615835955
-4.208668608291157
-4.2060121913108794
-4.204803292864667
-4.201167283180981
-4.1958377175048245
-4.1903375815692705
-4.188853850312548
-4.188812340608367
-4.185653076210153
-4.184992302283317
-4.17946112919386
-4.179052422658083
-4.1765404674585636
-4.168137727831692
-4.156821863894052
-4.14582546108481
-4.138135766752478
-4.135070658885875
-4.133243203395421
-4.126635942586169
-4.121904790489529
-4.117475025464801
-4.111290549436542
-4.100763553197423
-4.099692550507107
-4.090566299451415
-4.090427183622955
-4.089956469373956
-4.087390790670985
-4.0865029550431435
-4.084663979173287
-4.075262634489022
-4.067176833152098
-4.059090809375057
-4.053319022201144
-4.0503268978723055
-4.040506007802156
-4.038504891354945
-4.038171988654712
-4.034429950463225
-4.033714703196776
-4.028162940503471
-4.024394696670308
-4.0153167220576265
-4.006244137152447
-3.9957490674614884
-3.995669240375312
-3.994179848180249
-3.992324555776947
-3.9914489942316482
-3.986172929357176
-3.9859946787071827
-3.979480588266934
-3.9740367737852913
-3.9698814912541387
-3.9658504390117137
-3.9644219490178654
-3.9586263939627644
-3.957451131006698
-3.953739022737153
-3.943224556724124
-3.942640774571438
-3.942546805893994
-3.9362179903856767
-3.929707673137348
-3.9253182450745334
-3.9151892054894417
-3.915021270890902
-3.9101906307701704
-3.909849410986755
-3.9080758820208628
-3.9079528301786457
-3.9031053851623736
-3.9008040637438146
-3.8957789943895564
-3.891880974543681
-3.888573327882757
-3.888367137749383
-3.8795752212778165
-3.86951968483145
-3.86351268421022
-3.863058370751734
-3.858497316998134
-3.8442265021430693
-3.8344288545253953
-3.831839185877346
-3.822919477670512
-3.8222485613140837
-3.8087688293993813
-3.804867216931383
-3.803583813188165
-3.799889361751621
-3.7906733019064367
-3.7899233321008303
-3.7846288283540077
-3.784278385620795
-3.783635270716979
-3.7834094454422886
-3.770038625024641
-3.7652002085761866
-3.7646124626182544
-3.764595621971993
-3.762352980954141
-3.7576718754415124
-3.7518032545879576
-3.7469198145654277
-3.7424843168757964
-3.74044023337183
-3.7389122748710752
-3.738491543757609
-3.7364223403544656
-3.734028837809646
-3.729004811878932
-3.7260285303382243
-3.7245175725325073
-3.723597942654626
-3.722218969214512
-3.717545743935114
-3.7123818749125466
-3.711645870558632
-3.71032829462992
-3.7079101183548953
-3.706618812585823
-3.706476638153421
-3.7042827923367136
-3.6998717811141657
-3.6997768922968466
-3.692040800125217
-3.6904455862846754
-3.688426839774376
-3.6812166242655513
-3.6729762147115363
-3.672602330347407
-3.67213845419583
-3.6705563506393277
-3.6699465993624063
-3.6695755041423244
-3.667300763101709
-3.66362842439743
-3.663099517090326
-3.661560541286783
-3.650499251347991
-3.6493608227858183
-3.6320044227997474
-3.625748754337541
-3.623346090793511
-3.6195996681438642
-3.617250880350248
-3.614586028754193
-3.614135597263207
-3.609343857008264
-3.60852778758128
-3.5950992859198623
-3.5918311122902606
-3.580324009145607
-3.565594564317424
-3.5597330951616595
-3.5556262205170492
-3.554342660325772
-3.544848784378534
-3.5436338087350645
-3.538968647889429
-3.53884162908351
-3.5369184664777085
-3.5356169667352457
-3.534200891660972
-3.53372121736023
-3.5332945988138356
-3.5311250257196614
-3.5306074081328442
-3.5294689749693045
-3.5207942927487412
-3.5182219009734426
-3.513501079694951
-3.5080833471209085
-3.5033702043967425
-3.5033224934174014
-3.502118031348581
-3.5014489075793604
-3.5013547303083876
-3.500570194666575
-3.498231265089577
-3.48283869084262
-3.4807940065045395
-3.4800743352071892
-3.478098360645715
-3.475355449030838
-3.4731752300748595
-3.465508825762436
-3.460615281832924
-3.4597600345415174
-3.4576527966027326
-3.4536181162795976
-3.4463220503325678
-3.4441285619968287
-3.4302664278676573
-3.4288422626403405
-3.420414904667289
-3.420291688829733
-3.408697097695434
-3.4064526235471266
-3.405766840096898
-3.399991542774502
-3.3998064340238345
-3.3978232282315157
-3.3854645774096976
-3.383864475286995
-3.3796755619512764
-3.3766355695689967
-3.3635432615248098
-3.3623412033990228
-3.3616492751941243
-3.356960631977632
-3.3561856456983863
-3.353798033948868
-3.347228747363599
-3.3391277668160106
-3.338166349664091
-3.334512763059511
-3.3315416371864615
-3.330261966076809
-3.328984287407199
-3.328982498866372
-3.3271482227533564
-3.3183506640905946
-3.3154638651404174
-3.3098947096185025
-3.3091713293738216
-3.302203113124891
-3.298717236626827
-3.2981914893802373
-3.2960503244250967
-3.2957324541628754
-3.293743286524644
-3.287871262683271
-3.286452917024557
-3.2786189753161
-3.2735043200048284
-3.272824609454824
-3.2699939342520077
-3.2697690975872598
-3.2687619875937424
-3.2679365065085464
-3.267562263854757
-3.2621237949648845
-3.2603879521809307
-3.254735045119986
-3.2434949929496586
-3.239589107088952
-3.2391719664275143
-3.2368254824546376
-3.2360185929483674
-3.234460047754963
-3.2324362091408547
-3.225839172133723
-3.224647145380243
-3.223870734100831
-3.2185076452919446
-3.216675970609801
-3.2130660837714817
-3.201812749417823
-3.1977138273126653
-3.19504278976239
-3.1857514447561783
-3.18528838551045
-3.185176485953603
-3.1749386047318597
-3.1733982717490514
-3.1663958858179466
-3.1646957607140527
-3.151088889171352
-3.1451795720833227
-3.143773462824958
-3.1409060055753333
-3.139370865424328
-3.1377896293040304
-3.136469058954429
-3.134423660733912
-3.132039125222566
-3.1309033747908566
-3.1275030023664914
-3.115594636261269
-3.1155406565848223
-3.1152048015224616
-3.1099808844270225
-3.1080142162282263
-3.0976521794279823
-3.0944270742321174
-3.0846483495640875
-3.083903215827839
-3.082142284692473
-3.0720041484394067
-3.0690254796780745
-3.0674774747974065
-3.0657342068241826
-3.0649732119346362
-3.061519879971759
-3.0602868951905435
-3.054984552927411
-3.054926444488747
-3.0492510720128725
-3.040781742664541
-3.0378102916429146
-3.0373597289939367
-3.0349028047034907
-3.0333037966716794
-3.029341379772252
-3.022114780544687
-3.019273454002446
-3.019062770966787
-3.0131755139077683
-3.008004556440723
-3.0061264739554683
-2.9983863911656123
-2.997037893123494
-2.989496178039146
-2.9829652146077295
-2.981463638512233
-2.9803610824037405
-2.9795343692776495
-2.9778215245251993
-2.976917150193772
-2.9761509377244373
-2.9659894568712764
-2.9640968249738657
-2.9572712081262535
-2.956967708978629
-2.9558024254479833
-2.9552680133012137
-2.952253339825521
-2.94352291621225
-2.9412047318732695
-2.9410955474067575
-2.9403247250176805
-2.9159989301342044
-2.9142574162441424
-2.910744893354137
-2.9013810698277895
-2.8976878359308675
-2.8943024706905214
-2.8906498765712345
-2.8899800714992985
-2.8898388416967795
-2.88691024780411
-2.8844526917403313
-2.8812525203763193
-2.8803709827807107
-2.8766887642485104
-2.87325362009821
-2.871634414971833
-2.868169971409463
-2.8629971538881502
-2.862928406529218
-2.862665428694925
-2.8623019955772495
-2.856194528279466
-2.8415505321637315
-2.8365154233458902
-2.8363787719478473
-2.8358644192081166
-2.83456773230109
-2.8329518060776318
-2.8288703665686628
-2.8279216968345824
-2.826374691698074
-2.8260962031890546
-2.8207418138165155
-2.8203970739522743
-2.8187434962792564
-2.8186673320381175
-2.813805305296999
-2.812370312139759
-2.8059211298133233
-2.8056692380166606
-2.799934669822436
-2.797714980368245
-2.795138392071104
-2.7949480166412
-2.792135554513049
-2.7852826922985114
-2.7851002906914357
-2.7674297139980326
-2.7621332343171483
-2.75645089196156
-2.7555221740885703
-2.749251607833684
-2.7481975179888307
-2.7480357254468317
-2.7462486265104245
-2.744034128837403
-2.743400244425735
-2.742474774120865
-2.7362235645637187
-2.73536993475593
-2.7351991887002116
-2.732396666749172
-2.725147874299767
-2.7247029002930687
-2.7230821642196474
-2.721938161288308
-2.7200082887567203
-2.7192280672879137
-2.7168741990363725
-2.7100755094162943
-2.709311713205391
-2.7087131427171114
-2.7064068647625668
-2.70531344348709
-2.7040198550941605
-2.701712863597151
-2.7015107742675704
-2.7008986643784665
-2.698381487803302
-2.6948430350619037
-2.690874853259994
-2.6904391098512015
-2.689190881921748
-2.6784167619195545
-2.677100527137385
-2.6725922261042765
-2.6702965600420505
-2.663533311616971
-2.6627282130854004
-2.662465656262239
-2.6596101883244767
-2.6577551283863476
-2.653322552906058
-2.6514488419047413
-2.648812133777583
-2.6484758583821137
-2.647104717203932
-2.647006542430638
-2.643112059985612
-2.6429726556805
-2.639599330084706
-2.6326724844499
-2.630122802226787
-2.6281352005026815
-2.62060401258127
-2.620560065546393
-2.614259566248812
-2.614023326333639
-2.614021943984172
-2.6130032965347887
-2.607418339425393
-2.6073190092671252
-2.6046821029025526
-2.6038203157741657
-2.600982176569752
-2.5996864626707072
-2.596924122212061
-2.5938713981552266
-2.592431350050135
-2.58916216091672
-2.585669373194564
-2.585472060210535
-2.5838721197071544
-2.5772116773888305
-2.5766437314798196
-2.5668240422246873
-2.565436035442059
-2.5653001408485805
-2.5651932566589872
-2.5639773427729597
-2.5625098134436186
-2.5610084097701047
-2.560487368678462
-2.5582269741387775
-2.5571542603723536
-2.5563544775075444
-2.5560409010974796
-2.5412911270961347
-2.538419272946771
-2.534786747703132
-2.5316939393730977
-2.5312677557726406
-2.527604056685407
-2.524334569110187
-2.514217017040146
-2.503448689828043
-2.498449691754312
-2.4934720280199842
-2.493379974463623
-2.4930314909199924
-2.4903239324506274
-2.4902245107732592
-2.4871524141654597
-2.485213194086123
-2.4822637930866365
-2.4791308645023418
-2.4782926591699774
-2.4760340150530764
-2.4706322079145777
-2.4702501859109245
-2.467899936217348
-2.4651964480667345
-2.4598668367803835
-2.451641115723836
-2.446959584368225
-2.436106183036839
-2.4300137508908777
-2.4296451276997715
-2.4281540550563974
-2.4277853460306313
-2.4225726937578216
-2.417865970381629
-2.4119146578819004
-2.41166721733638
-2.4102460312222207
-2.4044907742734045
-2.404146703755168
-2.4004084207606318
-2.398715015340688
-2.3978155091856386
-2.394165209970823
-2.390760440495791
-2.3818428068898543
-2.3768187954890414
-2.3737040127791493
-2.370574183895603
-2.368753758312345
-2.3676611717785105
-2.3674280421572855
-2.3662423311217533
-2.3610900064887277
-2.360263994314631
-2.359752631438403
-2.3543845545583917
-2.3497179867921107
-2.345137089133223
-2.343897860153314
-2.337737033726026
-2.3346738936354847
-2.3307523407784485
-2.3261737338804327
-2.3222457714484848
-2.321217314030963
-2.3191594036170233
-2.316876105582648
-2.3158659371347974
-2.311906174667706
-2.3096747333255245
-2.3077434657617304
-2.3008393558429354
-2.2974038265783077
-2.297183461431953
-2.294138039817471
-2.29247775011085
-2.289693239931039
-2.288969956805144
-2.287574949195942
-2.287253711209882
-2.2838775876752093
-2.283811029466192
-2.283268647958991
-2.282697720300031
-2.2811104927331547
-2.2805981486449913
-2.278825176694979
-2.2772289512388135
-2.2757567642067995
-2.2731021377176837
-2.272854213769029
-2.2721783445111363
-2.2684153537262386
-2.2682289738550763
-2.2673911990260094
-2.2669497659038083
-2.263724259612953
-2.2592829544266952
-2.247321491302862
-2.2451949192731755
-2.2407253087427597
-2.2389324744923216
-2.2379794413449066
-2.2371200123641977
-2.2340679446094573
-2.2283479317893518
-2.2263345353233324
-2.2234204957757635
-2.21737628094514
-2.2158799322440204
-2.2118399555286095
-2.209375694172574
-2.2088176177839354
-2.2033203408127244
-2.191889633140114
-2.19173603244309
-2.189806262171359
-2.189356911425695
-2.1840152176585406
-2.182940559795956
-2.1808473542579687
-2.1803054927086105
-2.177700484417093
-2.176378139369257
-2.174299685194482
-2.16632966732105
-2.1638610473022926
-2.161394668252603
-2.16062451319962
-2.158224950848785
-2.1572553713822256
-2.155361213520442
-2.155145848149023
-2.1489933958933256
-2.1481635481407775
-2.147918509422575
-2.1460362998713505
-2.1413442685591004
-2.1409619317978703
-2.133351774895761
-2.1324052847847437
-2.1236562829646086
-2.121338599466791
-2.1170689725628358
-2.1118822224627887
-2.111873013958928
-2.1095746281606407
-2.1072790531412684
-2.1060459522497434
-2.1008189055480155
-2.0987734968020497
-2.0980409597208918
-2.0947019745669584
-2.092524987311007
-2.092340733992468
-2.0853678648911047
-2.0803901133731926
-2.0791788748261735
-2.0755935845686255
-2.07192928702866
-2.0708385233458144
-2.0708268689305678
-2.063549728445662
-2.0589235779429895
-2.05834815553648
-2.056964199219192
-2.056720122666209
-2.052518705825208
-2.0499156122786593
-2.0495383317918474
-2.049455531405525
-2.0469536593284356
-2.0464379151751846
-2.042320297950419
-2.0420939789427104
-2.042007573034458
-2.0409333924749937
-2.0394325620622595
-2.0370695143118516
-2.0327679955020184
-2.031919577338132
-2.0304546350005044
-2.027383088263947
-2.0271750104365522
-2.025932044027182
-2.025304914119445
-2.0251698769850988
-2.0240756859986817
-2.022732994269434
-2.022101774872214
-2.021342321685562
-2.020073271138048
-2.0192081943643796
-2.0187669787866174
-2.017028682432583
-2.0169591834303593
-2.0151272694934237
-2.012500979207473
-2.012322307381832
-2.0110932751929975
-2.010671365376137
-2.009537979575613
-2.0088110798510765
-2.008511955951165
-2.0028692874182386
-2.0022654019898884
-2.0011446484873963
-2.0006528665681533
-2.0006229070631427
-1.999555337949436
-1.9987712942881313
-1.9981900402082364
-1.9963075956743261
-1.993475031079273
-1.9917049284081232
-1.989774794028446
-1.9896469836200468
-1.9880914095039828
-1.9870689878587302
-1.985283370482097
-1.9786831228317157
-1.9778804204343952
-1.9774920623539307
-1.9721898897513226
-1.9663814851258574
-1.9661905106480253
-1.9649971091100464
-1.963549943996635
-1.9623388794271517
-1.959176234228777
-1.9584235332593503
-1.954552246276491
-1.9533922052376684
-1.9482378728359113
-1.9457236196013739
-1.945583977412155
-1.942954457214603
-1.9423278617171018
-1.9417747952327928
-1.9402905107291617
-1.9401891497158643
-1.9350439923218472
-1.9350163529107232
-1.9306719668501544
-1.9304817662676048
-1.9289402211021174
-1.9105082359396008
-1.9089077085847976
-1.908676576672629
-1.9062844721331422
-1.9053427262472602
-1.9044221182478438
-1.9006459222365228
-1.8996461633098176
-1.8970234975472353
-1.8961824709754096
-1.8958916292614054
-1.8916178012064693
-1.8878408291579296
-1.8855431580371755
-1.8819820979243205
-1.8812497735679918
-1.8808982988046674
-1.8789772517027252
-1.8785677669595706
-1.8771208318026393
-1.870869694179784
-1.868733085405768
-1.8668541917064232
-1.864453270998411
-1.8568877861850015
-1.8565775930560557
-1.8560374972859304
-1.8559588721503972
-1.8514610328013958
-1.8465978399716274
-1.8453042307896148
-1.8444685019356084
-1.84411572307013
-1.8436729671786984
-1.8435893146149667
-1.8405683037210059
-1.8404908473951094
-1.839579247594955
-1.838303248161128
-1.8366553576598161
-1.8301307628999162
-1.8274814258119751
-1.8231613379043183
-1.8231397068258985
-1.8186109354295792
-1.8174066219324367
-1.8151620899268082
-1.8124893926739198
-1.8081770841729827
-1.8078982367552787
-1.8063130791319
-1.8034477727605884
-1.8031512630520057
-1.8011899728582086
-1.8010860279704366
-1.8010559267028998
-1.8007376441070242
-1.8004054926703756
-1.7991385489271723
-1.7966931268413202
-1.7955996756302528
-1.7919853528155694
-1.7900879456984495
-1.7890776822160195
-1.7885029929108456
-1.7848341827267569
-1.7763103372190474
-1.7726671169695574
-1.7688762251482206
-1.767628441917913
-1.7669416265658615
-1.7634897938868377
-1.7619843913899702
-1.7609575156536381
-1.7608055588478349
-1.760326395150515
-1.75981740413074
-1.7594407197176074
-1.7560241503803082
-1.754227170881404
-1.7519238896310365
-1.7501583070719098
-1.7484360217434731
-1.7463117822776177
-1.7438444270099693
-1.7437006778728357
-1.740907624938973
-1.7358836766870722
-1.7322519020602956
-1.7313603577751542
-1.7296061756599528
-1.727751089080784
-1.7242388958402295
-1.7234571061288322
-1.719041649436283
-1.7167386884642915
-1.7155106740891068
-1.7147233746185782
-1.7144069476318822
-1.7090927788055281
-1.7086824978274129
-1.7060281887243343
-1.7036282139430075
-1.7024436038358646
-1.6997794337184522
-1.6980905866526552
-1.6969596191030227
-1.6966679387529124
-1.6953036008671898
-1.694474431077789
-1.6931147673462459
-1.6907452604865663
-1.6844362438549645
-1.6819859508237134
-1.6813198115790238
-1.6802488567391354
-1.6797497922438502
-1.674294006692786
-1.6675352104935028
-1.6666396790435387
-1.665012168689019
-1.664008407334633
-1.6635951116379526
-1.6621513250937348
-1.661923257599394
-1.6580186520881115
-1.6561345242424441
-1.655903992127529
-1.6529242315294437
-1.648876047396848
-1.6483276357263117
-1.6449762933673393
-1.64198893050557
-1.6411241787489934
-1.6402080536371901
-1.6398551864120892
-1.6397754880950268
-1.63595940895511
-1.6327340461250088
-1.6317564709417063
-1.6303696939717702
-1.6299264074197737
-1.6297212440010664
-1.6294268584903933
-1.6274796136779477
-1.6269827834938115
-1.6260364132029985
-1.6258947419142098
-1.624346042576884
-1.6219936872913219
-1.6197060353023311
-1.61858443705573
-1.6171422584524335
-1.6169772577718504
-1.6104354376211902
-1.6099316256460698
-1.6087599587116603
-1.6079451573813104
-1.6076054628707737
-1.6018296484616548
-1.599517340337898
-1.5961517478539191
-1.594703120654658
-1.5909313004534074
-1.5905961427737552
-1.588314935931281
-1.5880852365153961
-1.5850541751693175
-1.5846747527660807
-1.5843734665287927
-1.5816162790643744
-1.5805267311013482
-1.5709878041082157
-1.567504857721233
-1.565341776192483
-1.564447152851273
-1.5619050841190252
-1.5596119451370687
-1.557308358556958
-1.5569308772193517
-1.5541763129190396
-1.5536569571484318
-1.5527078450891592
-1.5526173805748638
-1.552131718785441
-1.548939835468044
-1.5386438451218534
-1.5377498045697
-1.5368899020473539
-1.5352242384721266
-1.534191784407792
-1.5273922432738027
-1.527335855568364
-1.5271087078798056
-1.5266018326619952
-1.526492066815185
-1.526491527727614
-1.5261518580164175
-1.5237070102520835
-1.5225211918191137
-1.5219319644696103
-1.5218742018044265
-1.5216706486724039
-1.5176738924774544
-1.51714018065707
-1.5104436555201526
-1.5097213677989614
-1.5080518005474015
-1.5071225690313286
-1.49942238576418
-1.496817939902983
-1.4954759860640512
-1.4953155994149177
-1.4952910531736188
-1.4952439306239194
-1.4917437480003595
-1.4904182947839235
-1.4894913521562807
-1.4894703890528986
-1.4887672317222578
-1.4849643898345348
-1.480371423332047
-1.4788685279220712
-1.4751760141834813
-1.4727267587692254
-1.4697952792979436
-1.4696676498294368
-1.4666073959180812
-1.4663195280222228
-1.465073854631024
-1.463425446420631
-1.4590398303932035
-1.4587025848739605
-1.4554739959026848
-1.4549955513507462
-1.4545934168900667
-1.4530939249159194
-1.4507798244324595
-1.449660824365542
-1.4464683185774363
-1.4437303279595803
-1.4430943163498724
-1.4409275277758147
-1.4372942598961234
-1.4361056737580835
-1.4359299186712007
-1.4355235374723416
-1.4332556567500645
-1.4278320025747588
-1.4271060870571664
-1.4247863845894435
-1.422292627890926
-1.4203313733515859
-1.419636687742929
-1.419503068059823
-1.4176528824011272
-1.4175960314977143
-1.4166630812990797
-1.4139524459130226
-1.408142752672121
-1.4065483133023235
-1.405402445059465
-1.4023788535782324
-1.3923948740573036
-1.3891454142816997
-1.3882073340433547
-1.3881075677271264
-1.387928282513238
-1.384621100169523
-1.3833568690239137
-1.3811436558467458
-1.3801741861060945
-1.3796360738542113
-1.379552836093799
-1.3788107131557825
-1.3768599076264678
-1.3745839389150571
-1.3735082572296764
-1.3691765782106324
-1.3666084859229723
-1.365926276540458
-1.3658707882995067
-1.3626734944539463
-1.3626567082686156
-1.361593966510104
-1.3595448622038115
-1.359475018561633
-1.358403201890458
-1.3526050063028057
-1.3510054245786858
-1.3501824958111417
-1.3491819133070748
-1.3476834870122858
-1.3471714839848787
-1.3438029630532393
-1.3436603341340017
-1.3396032919548255
-1.339527766672734
-1.3371125444696799
-1.3361645705870049
-1.3358432134156961
-1.3356621541860871
-1.3337574321013115
-1.3337413734260133
-1.3336938326537862
-1.332564078743225
-1.3294639325906727
-1.327004968725989
-1.3261662989595666
-1.3254646795275162
-1.3222388522372743
-1.3191708453398834
-1.3190416952025106
-1.3188360504310763
-1.3186127367174532
-1.3150501385366202
-1.311825912441018
-1.3111538141252939
-1.3085572858357404
-1.3073700095412868
-1.3053209543673034
-1.3044089295610501
-1.2980567346374265
-1.297392282925024
-1.2968352127375382
-1.2921109551215728
-1.2903997713606634
-1.2901496360251772
-1.2896600350585732
-1.2865105991819237
-1.2845282935400784
-1.2841909051230815
-1.2816776688008715
-1.2816766753940003
-1.2810137365572798
-1.2796728624796336
-1.2785002799893075
-1.2779062654005409
-1.276993667060379
-1.2736911206486496
-1.2711654102230918
-1.2708978418745356
-1.2685998281877842
-1.2661903764408433
-1.2658368076261228
-1.2608566317516006
-1.2560749071441886
-1.2556693861190005
-1.25380435066143
-1.249463467779761
-1.247617141236976
-1.2475246681678402
-1.247327014569224
-1.2458418048284106
-1.2450543790153987
-1.2446545647212082
-1.2432637248783285
-1.2425455029632033
-1.241128716078379
-1.240635733018172
-1.2403166987091248
-1.2400333502511438
-1.2399029631724412
-1.237067830150934
-1.2327719864941555
-1.23095810818406
-1.2304052375358778
-1.2290470094711266
-1.2284709883064724
-1.2277462498116898
-1.2274232433236787
-1.2269206677258753
-1.2255998974184008
-1.2200986640811262
-1.2151199257288345
-1.2143808718544715
-1.213367920203467
-1.2128390938879918
-1.2108894039968798
-1.2091249795920693
-1.2081516412346631
-1.2077440909355888
-1.2058043492720238
-1.2037345657615843
-1.200715283658444
-1.1962969641126937
-1.196235208618606
-1.190264141456036
-1.1897198788630758
-1.1866086069399775
-1.1861316195683465
-1.185331781349075
-1.185307799598439
-1.1850280802878939
-1.1832726037887515
-1.1817101161877885
-1.179344713483194
-1.1793359825771041
-1.1777058070170052
-1.1737830524978858
-1.173526687622266
-1.17333847858896
-1.1714889377721653
-1.1711768301198349
-1.1694847464692817
-1.1678747923591692
-1.1673684486640958
-1.1666562757201073
-1.1650273835537095
-1.1642562937741432
-1.16362128457519
-1.160130697622713
-1.1563771963715896
-1.1563224778615044
-1.153794908488372
-1.152765257919591
-1.1496318105793237
-1.1478968282057078
-1.1472193398607855
-1.1450102302979073
-1.1440449211591321
-1.1421854436022663
-1.1418708065645307
-1.1412460677896865
-1.140243803842492
-1.138336701917949
-1.1380311877348999
-1.136989834627022
-1.1361370262674688
-1.1321047743301704
-1.1307559524927138
-1.130620087564653
-1.126293328562943
-1.1236138190234373
-1.1218102863023036
-1.120211485471322
-1.1167920867152095
-1.1147873807344664
-1.1142554095626613
-1.1123382090375498
-1.1051228533094635
-1.1044633280532627
-1.0987044110913318
-1.097763474578025
-1.0964614639446082
-1.0923372469793353
-1.0874436031047596
-1.082083909434298
-1.0820470884200128
-1.0817270056246961
-1.0816066551489516
-1.0796894770042553
-1.07947454442437
-1.0767194272479563
-1.0765793975736404
-1.0760966632049975
-1.0749294597275174
-1.0748003739096537
-1.0739096688111431
-1.071251523019912
-1.069473817619814
-1.0694241906892565
-1.0673141532001966
-1.0645331293215765
-1.0644486769111352
-1.059540378727199
-1.05799166370647
-1.0569544171546872
-1.0567181073514975
-1.054724738519021
-1.052753978118548
-1.0509061852915567
-1.0490070893194559
-1.0480719840176485
-1.0464085377844468
-1.0444593283679051
-1.0438619339360986
-1.0435655125561847
-1.0378693972872717
-1.035793573578156
-1.0354333929000419
-1.0341396492650006
-1.0319154600096825
-1.0318187796827374
-1.030998062844367
-1.0254808761630763
-1.024866587243592
-1.0235749777757097
-1.0216844881911675
-1.01804649614993
-1.01508434415441
-1.0149247553062202
-1.014180445145867
-1.0139900740762753
-1.0135333537510705
-1.0105865847259765
-1.008540707880643
-1.0072008501131149
-1.005236990049261
-1.0044183803529232
-1.0022494727171463
-0.9999247012956598
-0.9998308903262176
-0.999684144772258
-0.999565862708087
-0.999110120050383
-0.9990751010149694
-0.9938078205957184
-0.9935868683529323
-0.993153807176809
-0.9908059101823751
-0.9902657935414156
-0.9898145353080611
-0.9882566414277956
-0.9841366816568267
-0.9827652761408576
-0.979588977830405
-0.979352309011641
-0.9787926746467176
-0.9745211791603514
-0.974162038162433
-0.9733510979195483
-0.97246478807767
-0.9703234046570195
-0.9699125010674609
-0.9679037867248499
-0.9652622372171497
-0.9592022660894953
-0.9591118651830006
-0.9556916678032545
-0.9506083450201455
-0.9504624821736015
-0.9487002546722454
-0.9484204756662605
-0.945406377102134
-0.940321034483146
-0.9392371252507378
-0.9382992991877759
-0.9374699148883174
-0.9358370607155935
-0.9314224769089328
-0.9301240517283027
-0.9277635154654263
-0.9273425612936359
-0.9267625564892342
-0.925767427738729
-0.9257455299386166
-0.923763651926111
-0.92345047564941
-0.9231887688764492
-0.9217744613984555
-0.9208051551828831
-0.915548369780501
-0.9144272350589492
-0.9129921896835295
-0.9128858848930141
-0.9095565286144264
-0.908898342820969
-0.906800483024228
-0.9055037657975838
-0.9053167704643652
-0.9043298140110074
-0.8997550024899515
-0.8993064479261245
-0.8982080539262919
-0.8973663832430229
-0.8971543782785704
-0.895591472396897
-0.8950971312294462
-0.8950761629181885
-0.8928258832252296
-0.8911237125192082
-0.8896930302186388
-0.8885123206672141
-0.8867115436492162
-0.8807413481946956
-0.8743645663056288
-0.8741547709433334
-0.8732065519402725
-0.8706605647287535
-0.8669385810320365
-0.8606477803621907
-0.860522035231043
-0.857502151092357
-0.8567452614365543
-0.8508706030125662
-0.8505263719868666
-0.847236921231955
-0.846874266095762
-0.8447216540013683
-0.844540383634782
-0.8420117255452968
-0.8368398050283159
-0.8345589274237079
-0.8333764702339024
-0.8327363313814387
-0.8326053117441929
-0.8306259817401053
-0.8281467347929241
-0.8273371154708136
-0.8263854469045215
-0.826034328923789
-0.8248656516348654
-0.8241097787638448
-0.8239798388488431
-0.8238001247959407
-0.8205871845114638
-0.8130105335941559
-0.8114398489130148
-0.8105566339111259
-0.8086591274042636
-0.8065821526533707
-0.803816587322413
-0.8035374457903122
-0.8034406822623101
-0.8033684817165362
-0.8026099508168876
-0.8003599218000315
-0.8002172466264416
-0.7975987136471913
-0.7975137038362895
-0.7967289505843528
-0.7953955741332184
-0.7945250203275638
-0.7943541012320432
-0.7929468329783065
-0.789791256899423
-0.7887687523974806
-0.788541038240598
-0.788290031796038
-0.7867492672584935
-0.7858857823276235
-0.7850389562020006
-0.7816485232227359
-0.7812939860358716
-0.7811939809775934
-0.7720347854770206
-0.7716963385055836
-0.771654133303674
-0.7669241115282358
-0.7633652531217686
-0.7601065532768019
-0.760091656610112
-0.7590411140638922
-0.7570349304277102
-0.7569138150551409
-0.7531844188722564
-0.7528050868086078
-0.7518066126098858
-0.751618309781966
-0.7494336705999768
-0.7460510940812672
-0.7455983097854596
-0.7438331815805955
-0.743101165397526
-0.7422482752656475
-0.7409571225811891
-0.7387896441798494
-0.732736856182431
-0.7287813085970809
-0.7287325348757481
-0.7278192949777852
-0.7274744432025981
-0.7266896791220077
-0.7224355880146502
-0.7224295480089801
-0.7203777864519321
-0.7164336893882575
-0.7160879664264039
-0.7151802031711549
-0.7151655382367497
-0.715017409222666
-0.712581128186631
-0.7088162528348705
-0.7085763811891014
-0.7078974726337806
-0.7068733564794055
-0.7066538484961477
-0.7059812428969668
-0.7045153536402943
-0.7044152944113422
-0.6990911351833944
-0.6977093440051549
-0.6953311752482786
-0.6952582701451138
-0.6949085208669369
-0.693407595444347
-0.6920082815626706
-0.6858141661977982
-0.6855546684299461
-0.6839848550972394
-0.6822733419010308
-0.6810861999260772
-0.6794878340499392
-0.6772211445552463
-0.6770070822353351
-0.6749395349089516
-0.6726116425954998
-0.6720279680040855
-0.6713010390957523
-0.6701662182573646
-0.667908929748676
-0.6669093397321241
-0.6665181513370207
-0.6655195610670868
-0.6635605405692907
-0.6609629897892481
-0.6573209875050989
-0.6533047811541366
-0.652459398510568
-0.648600007956575
-0.6444692253807716
-0.6422732030464541
-0.6417478015674287
-0.6413264387069214
-0.6403566758523184
-0.6402697088541367
-0.639248575650138
-0.6384518266150244
-0.6372341164688845
-0.6367655467846202
-0.6361988998068633
-0.6359073062157365
-0.6353744148274818
-0.6348142998309103
-0.6337787210426213
-0.6326646528380394
-0.6309718979531834
-0.6301975466701716
-0.6300597132919095
-0.628947306660129
-0.628416634971318
-0.6268873620356208
-0.624088327703457
-0.6228019973712455
-0.6221298067010325
-0.6210046337303804
-0.6200932844541609
-0.619033302951775
-0.6187243845544002
-0.6166902588213752
-0.6138176655489902
-0.6131572289676894
-0.6118790825009737
-0.6099086286564822
-0.607996574579359
-0.6072196812483031
-0.6071014769527733
-0.6053627043507434
-0.6047435122439964
-0.6026798295998164
-0.6022474098733736
-0.6015634887653369
-0.5987723033522361
-0.5977997201107935
-0.5976279421350238
-0.5974407804311498
-0.5972050949496023
-0.5963235767840934
-0.5961625354315465
-0.5959086539694346
-0.5945599554109948
-0.5934533934058785
-0.5889690794569334
-0.5889036778631866
-0.5859129764670895
-0.5825312586693492
-0.5819950435196619
-0.5811215868848507
-0.5798759768649325
-0.5768768752666054
-0.5766958695441537
-0.5764497562090558
-0.5762842477566735
-0.5757909698499669
-0.5751131992278802
-0.5741790981777298
-0.5709805963426883
-0.5708012276745634
-0.5674167821677695
-0.5671870594932781
-0.5656455746311325
-0.5644530537473772
-0.5629223312967657
-0.5627469224202949
-0.5612430083283317
-0.5595651858587956
-0.5585233534959424
-0.5567559719306695
-0.5547871807134533
-0.5533504768937162
-0.5530413033361243
-0.5504396323867318
-0.5477225677302477
-0.5459178362859061
-0.5451543183514124
-0.5403252604020621
-0.5396460107428649
-0.5375806746868347
-0.5356309907482864
-0.5316642632018299
-0.528713512989287
-0.5262378214772867
-0.5259304774834239
-0.5258997115106755
-0.5251800582480017
-0.5242822713080078
-0.5236079971622514
-0.5228434344861573
-0.5195863363458216
-0.5187291907303442
-0.5181456147103864
-0.5178349268424713
-0.5166100590617356
-0.5156099109475871
-0.5119425443273803
-0.510309206119091
-0.5101915865584289
-0.5061384282937441
-0.5051498626368331
-0.5050304521530066
-0.5030442761568239
-0.5000217032912502
-0.49907589866706326
-0.49794850971229
-0.4957088983347767
-0.49437409137073796
-0.4913287345554694
-0.4911499057759632
-0.4908616726363747
-0.486776005993623
-0.48240442541222317
-0.4816810549068853
-0.4808600632509127
-0.4802318807356337
-0.47935938849904836
-0.47914255361378033
-0.47736813989773197
-0.4733214246193329
-0.47262797523330324
-0.47257460519310013
-0.4707269418677472
-0.47027938952267734
-0.46899386724006753
-0.4658957360599646
-0.46353192989643444
-0.46142515088990166
-0.4613075279887365
-0.46038244645018694
-0.45983411682394204
-0.45871516104186744
-0.45822143218440736
-0.45737403706016155
-0.45691391643675006
-0.45664679463581426
-0.45406995267678074
-0.45257384154207014
-0.4508137416924902
-0.448783198606599
-0.4482199486631526
-0.4471396927499684
-0.4468370935860154
-0.4463421978635197
-0.4446996805718648
-0.44431146408634015
-0.44419391995330015
-0.44358768209358856
-0.435814723347136
-0.43538317279805805
-0.4341388008802358
-0.4324689057541825
-0.4324177194863933
-0.4318258735155645
-0.4299934362749843
-0.4279566762587971
-0.4265037963356071
-0.4257833493980532
-0.4232020349285681
-0.41946461834377746
-0.4186245421799001
-0.4184639689415759
-0.41701950517284636
-0.41425382538219335
-0.4116219718528431
-0.4070329945492766
-0.4055871253268095
-0.4044551852785249
-0.4038824367626803
-0.4036325863426243
-0.40338015939295824
-0.4031584167945872
-0.4015361337568293
-0.39965263975595033
-0.3994195416086569
-0.3992212445654395
-0.39905957142858683
-0.3986485343800007
-0.3976828829602238
-0.39692243690567974
-0.3961628397554058
-0.3960341115134355
-0.3904995931049705
-0.38874469107568044
-0.38769643237323603
-0.38674927859593666
-0.38658054724889424
-0.3863005694695779
-0.383812635935996
-0.38223402799183637
-0.3818945936343343
-0.3776588459884136
-0.3708550112157397
-0.3700702573100014
-0.36813156202159514
-0.36721506336426446
-0.36633393985885976
-0.36602524409032067
-0.36532490142265617
-0.3639656449930555
-0.3633885364239152
-0.36325983481910684
-0.36236128504788157
-0.36028614347545895
-0.3600082847245212
-0.35723833692503926
-0.35702967064570973
-0.3569991900450479
-0.35644228578086534
-0.3545813383004439
-0.3543570992156204
-0.35147888278725514
-0.3513298956547024
-0.3508305585671659
-0.34888222404931407
-0.3474500264517749
-0.3461677865522976
-0.34580334753739783
-0.34364496050619897
-0.34140004096355414
-0.341033074162315
-0.33972508036740323
-0.3382233500659491
-0.33761930561355746
-0.33669340900303435
-0.3364967344201467
-0.33571601557269254
-0.33334463464940656
-0.3332946696247459
-0.33273896504306866
-0.3292036328810587
-0.3257436139085343
-0.324968544573212
-0.3231340602466766
-0.3220416114944418
-0.320696630232004
-0.3201814014316373
-0.31979130457792626
-0.3179958525345087
-0.3171511915209846
-0.3164029019389353
-0.31462804494907487
-0.31447070131907706
-0.31369794579021426
-0.3133166439825745
-0.3102055594511627
-0.3083851169759576
-0.30818108618246154
-0.3067639548093788
-0.30669138964307086
-0.3039230051910428
-0.3023659263927341
-0.3023645610022878
-0.30224772465504757
-0.3006755060827103
-0.2997757320830461
-0.2996956604074459
-0.2995687569674822
-0.298528236871176
-0.29756420200853717
-0.29713992199964134
-0.2954086271276445
-0.2950882235359792
-0.2947366400596848
-0.2899268754444506
-0.28947517316522875
-0.28717673531858623
-0.2867317142081176
-0.28657076654756375
-0.2854629840724324
-0.28529211323222126
-0.2846668943834316
-0.2837627324437004
-0.28341615546104926
-0.28139721401258255
-0.28121388601029573
-0.2808493523016542
-0.27758881718680484
-0.2773420314841172
-0.2772218746915022
-0.27584163737029105
-0.27438852717020823
-0.2712930313623989
-0.2712567245732459
-0.26987546067426904
-0.26749754649991797
-0.2671780510348871
-0.2665825658037189
-0.2663383243187487
-0.26354237200806996
-0.26323588808454124
-0.2605637123947633
-0.2555162270613599
-0.2539290803764067
-0.25310481259336254
-0.2510285769501159
-0.24884255142056244
-0.24871450103316128
-0.24779597349235674
-0.2477754645249003
-0.24749803221960448
-0.2473542043777185
-0.24703688221546505
-0.24334127755998336
-0.2428039860155665
-0.24041487311992857
-0.2345765759225381
-0.23439506560112755
-0.23136672841853134
-0.2300063710288318
-0.22462623254473313
-0.22444983832527554
-0.22159431826242748
-0.2211973982212707
-0.220871190282049
-0.21837080019045718
-0.21834560282479198
-0.21732908111864646
-0.21668296409401114
-0.21625880455405488
-0.21566735489991662
-0.21546424706381817
-0.2134968987017687
-0.21311305797210744
-0.2077973492309062
-0.20599474719858424
-0.20577423567547315
-0.2056064846046557
-0.2041327036398325
-0.20391259246770288
-0.20140940783841144
-0.20115373481475032
-0.20032141689255345
-0.2000939135230756
-0.19804136952937013
-0.1973370249755273
-0.1944154153095
-0.194018961797233
-0.19321272836247794
-0.19281805138799316
-0.19221978363292302
-0.18744649262316798
-0.18736340223378412
-0.1828109952645266
-0.18253413437506488
-0.18230116659372392
-0.18094735156622999
-0.1763113811157972
-0.1750481227102927
-0.17316005474437846
-0.17215064739808003
-0.17122248270381413
-0.17098097653016894
-0.16904057354627045
-0.1686804287506138
-0.16760944709002057
-0.16385300469178926
-0.1617788008508595
-0.16097058184665447
-0.1606333614378237
-0.15849777585327735
-0.15761807108524784
-0.15736712973517186
-0.15487788974060623
-0.154348374901226
-0.15315224469615152
-0.15313814716088026
-0.15058617201012253
-0.1501044115769118
-0.14951932045664262
-0.14934861786605746
-0.14716210053545603
-0.14538191364306885
-0.14497274181940495
-0.14444479167692248
-0.14412629977632418
-0.14373876737045965
-0.14314733628686005
-0.14258919334715536
-0.14197133751417468
-0.14044651822912266
-0.140255926800688
-0.1399491669112471
-0.13979848171644604
-0.138160136368765
-0.1378024555091698
-0.1371232850387919
-0.1368932353521431
-0.13658453157026296
-0.13475757592262327
-0.13441276172029115
-0.13286239767608407
-0.13202806721780935
-0.13153881436247725
-0.13126438781196026
-0.12999698041516106
-0.12465631892548801
-0.12374967102700862
-0.12310670449348449
-0.1225336184022563
-0.12189153488140014
-0.11814768940188503
-0.11654343701216419
-0.11611517482537886
-0.11543438308848836
-0.11502040761837962
-0.11454377637491175
-0.1141697358103719
-0.10341701070964471
-0.10259326536129135
-0.10162650341043411
-0.10135812214431772
-0.10082763209205214
-0.09863030341798462
-0.09664679092998257
-0.09660452932589825
-0.0965818663242306
-0.0965720838811206
-0.0933673588939834
-0.09042709164109963
-0.08989854125953362
-0.08882309650419484
-0.08879121542380793
-0.08766215391199228
-0.087366824213848
-0.08532800345362801
-0.0830504806603175
-0.07890869815190005
-0.07684463527145857
-0.07092830082860146
-0.06973851058017204
-0.06951236343655297
-0.06566077146103111
-0.06497975265448414
-0.06493292168200249
-0.05963459746210631
-0.05942839659964666
-0.05928545086400044
-0.058703721746707016
-0.05632976680340407
-0.054129079211835573
-0.05285017412233717
-0.05103596497105717
-0.050997520916298056
-0.04979256356291928
-0.048302173487076966
-0.04726514752033836
-0.0471839743601305
-0.04448712678839273
-0.04448199726767865
-0.038929518596909074
-0.03785417304481864
-0.037655496092983215
-0.034616190323977725
-0.033448633178960074
-0.0309106153157529
-0.029027352827322883
-0.02836821340691842
-0.0273714675944684
-0.02690870610558238
-0.023423041198989747
-0.022945601094193857
-0.01943636212855293
-0.01742514545658358
-0.01714445278804244
-0.012725943992108302
-0.012333349822231776
-0.010381105570679394
-0.009740534135841722
-0.008347699308531867
-0.00748351038764683
-0.007413136250544794
-0.007255487645673242
-0.004986899041755977
-0.004190048530449235
-0.003966503632659046
-0.0018067138736658217
-0.0013953905828320567
-0.0003042125377178406
3.1374717401444485e-05
0.0017355711971057675
0.003026319358137672
0.003059926283428549
0.0032203886124805847
0.0035586119283292916
0.008030999830208108
0.00888928024144205
0.009291936985805993
0.009380292800267531
0.009392061339650194
0.012651303139847414
0.012765127146252794
0.015001436495916565
0.015514706613885987
0.01588580968121145
0.018607904234713257
0.018620956585261833
0.01881051306402448
0.020119444150964894
0.022535016559225685
0.023104588693452555
0.02379064474732584
0.02427580831153031
0.025380942289658925
0.025450494042388416
0.026873305598014374
0.027994501082099776
0.028839121107278376
0.030005445383887053
0.03009199449524924
0.03035738980238889
0.03269949488595092
0.03382822114128037
0.03444727465690822
0.04464216936406484
0.047031921153656064
0.04731341924691235
0.04805643510857904
0.049440096405073075
0.05290081115625089
0.054426100428248136
0.05476159264276226
0.05541725072806275
0.05819946647980012
0.05894450658129885
0.059504655094080205
0.061843984342916714
0.062290328056404165
0.06447198817514654
0.06688150939817883
0.06796816977221903
0.06911197459808538
0.07033489139711435
0.07055616120441455
0.07100068581210936
0.07121126461996119
0.07165689067504888
0.07227763197866699
0.0725962159011786
0.0731442352090429
0.0752671289176849
0.0759531405694075
0.07705994279057624
0.07758632429101514
0.07903082736634465
0.07969857355867971
0.08080857585908449
0.08157854263846803
0.08441446225152477
0.0849151074995318
0.08701607585309412
0.08714998054171885
0.08914629687688824
0.09020383008396726
0.09055458391237364
0.09089791423691657
0.0909451046472004
0.09436039523839883
0.09522818735262362
0.09601761418301347
0.09784017122323019
0.10145639984935029
0.10237914205029575
0.10378635277457976
0.10532593643284027
0.10552753956760119
0.10563490513744528
0.10958180021110275
0.11049006837898157
0.11116969981182917
0.11137018653575792
0.11309479839896364
0.11321812093515404
0.11574916935280266
0.12066364522487341
0.12159450536265048
0.12458575398486171
0.12516154008737532
0.1258064455702652
0.12618889309494785
0.12668981195108775
0.12717371509321612
0.12867950519405447
0.12945382805012162
0.13069734522474163
0.1307947547015792
0.14003942556079774
0.14271957989091189
0.14302278956243358
0.14369749939761933
0.14449892137256393
0.14462240106685148
0.14887757168522397
0.14980971060321507
0.1499768700110926
0.15266809992841088
0.15528705963026207
0.15619514434333942
0.1573077479685615
0.15898457908057606
0.15902959742846
0.16154439445454194
0.1641487512018578
0.16828074035245377
0.17014242655761946
0.17161196937246714
0.1716343558800267
0.17302515162190957
0.17311233539314438
0.17336967362101563
0.1758107207224705
0.17583478680151005
0.1793182528054097
0.17943858124040377
0.181581944502187
0.18171404055127022
0.18219212854209027
0.18233994396092212
0.18277671813761845
0.18302177563234323
0.1833925937690935
0.1836146580036417
0.18399966035774795
0.18483304450028482
0.18840618609703408
0.18869709307260743
0.19246504428801978
0.19415660515596625
0.19446711978298614
0.19748980968009244
0.19949304677937973
0.20121798707637495
0.20191200280633947
0.2027377985525115
0.20539975090262697
0.20617853379518525
0.20687871250830892
0.20692757256153266
0.20982975898300216
0.21106620695497963
0.21163781095408685
0.21496457360332605
0.2152279321356405
0.21551897105129392
0.21703854940528655
0.21934825296130622
0.2197969507539529
0.2213993795424064
0.22202458130319086
0.22256766695778152
0.222727784298123
0.22416800645847634
0.22474754096882277
0.2270798147128842
0.22760633733261584
0.22820179799843743
0.23094984406793417
0.23171498793681167
0.23185288694513206
0.23210751626379578
0.23390712636778999
0.23451379160045016
0.2349738340654552
0.23549787022773672
0.23862289159269545
0.23923279566448838
0.24571210402514376
0.24704159208927157
0.24865984187672163
0.24962371862124494
0.2505306955658144
0.2512125571803632
0.25184904632767935
0.2528164655791263
0.25419065046090916
0.2545716833306597
0.25668802710261973
0.25823529181805804
0.258462231306522
0.26157458937077505
0.26234583998141653
0.26326573312101886
0.26356709210981066
0.2649605842801896
0.2667199265133514
0.2690161590864923
0.2700049695847624
0.27116668149730216
0.2764009616136309
0.2788226420775204
0.2790271045499675
0.27998882782932144
0.2834605985686756
0.28370654073777735
0.2838813686172833
0.28451701501422966
0.28508718315344017
0.2869198110639334
0.28821916504628814
0.2905756022123469
0.29065214707116505
0.2914405116731242
0.29162065745797855
0.29321450919025716
0.29336382644411296
0.29338091662526733
0.2936995329560813
0.29431937698340427
0.2944360956805403
0.297334688197036
0.2986398373563739
0.29916028822594515
0.3002404822618253
0.3035815152074449
0.30406726735119577
0.304071286967193
0.3046638695602618
0.3048007997853278
0.3092468521063185
0.30992253902614597
0.31023529371472847
0.31100374622364557
0.31260721441481
0.3132596401141694
0.31633184326808467
0.3165102655928921
0.31674064990858597
0.31731944302317516
0.31900143062030595
0.32126161400688413
0.3224677429575459
0.32622771389329464
0.3264790030685295
0.32677871229155564
0.3336605054323338
0.3381797713394836
0.33860513081435606
0.3396954289095029
0.3421150564705202
0.3429860763657373
0.34303946601414925
0.3444066234771812
0.3494264989355931
0.3530968540304239
0.3546712494352627
0.3555452672024315
0.3557515279392095
0.3571227350261652
0.36036487639266845
0.36128337062547383
0.36187289787073895
0.36241352590060005
0.3629515093151465
0.36304379808545273
0.3635836750345973
0.3640415156497676
0.36879214282522554
0.3724783109012045
0.3732131969886443
0.3735010990172932
0.37481311847588883
0.3757314730359472
0.3759248510244315
0.376810365234952
0.3785444902099122
0.378714758528497
0.37981947317394094
0.3816779719451726
0.3821359552819891
0.3825310596059307
0.38292040310041725
0.38322819253107027
0.3841863550300605
0.38477890478286414
0.3859738633831904
0.38862401988164985
0.3942479361821699
0.3943340922669605
0.394969176741516
0.3950564022713149
0.39843695183733197
0.39878942392639116
0.40158749022748785
0.40546433383978775
0.4065214325362193
0.4080631887838485
0.4090122865939445
0.41023379733678605
0.41059914601657055
0.4118855267142618
0.41249359556395154
0.41353462219097636
0.4140212791021437
0.4182998777786267
0.42197324324517865
0.423350181405025
0.42421767920782416
0.42685760852840116
0.427724602170904
0.4293861336269885
0.43057334037698775
0.4309182259147333
0.43315563010595953
0.4355319736947009
0.4412120063087123
0.44215069233877
0.44379896590759027
0.4453057834544505
0.44672862056214463
0.45085002663165874
0.45170655900760764
0.45203161466977504
0.4557817483848096
0.4576521283907747
0.4635340046162424
0.4636612232912681
0.469193464597917
0.4694145299340469
0.47123431295233337
0.47154537483355224
0.47256333599344913
0.47403850006722903
0.47675926678399844
0.4772574477053843
0.47783017072975953
0.4791577673106938
0.48231228082223226
0.483614253764237
0.48575654436561233
0.48579008522482475
0.4868036647951418
0.48735983039896924
0.48784643817486195
0.48816655860515834
0.48979042410297624
0.4901268975662687
0.4910594923628324
0.4912724675037341
0.49449303652536675
0.49788975802720026
0.4994592122466964
0.5037839060343408
0.5076159723818164
0.5159405003399098
0.5162809352429647
0.5177067115828166
0.5182560789558043
0.518681034410848
0.5199581374189453
0.5209145953025544
0.5212826783674249
0.5216765724371564
0.5221820912557292
0.5270076225107306
0.5283578638029469
0.5286198098639623
0.5296271718494829
0.5301814474608221
0.5317671004106548
0.5321422731320794
0.5324143009543573
0.5324507524902197
0.5334417306524459
0.5341114767051921
0.5342147130053087
0.5345317696763193
0.5353791534443293
0.5353992581845333
0.5373354109482908
0.5426447446406015
0.5430636417893786
0.545895977559146
0.5489721965157389
0.5509846620890214
0.5510423340388366
0.5515140604684484
0.5535195944301986
0.5558372352933512
0.5576358550271111
0.559300071924755
0.5611504865524514
0.5639535361594907
0.5678697526933781
0.5698276696822722
0.5705439057395835
0.5718565610822546
0.5720642565746881
0.5722129184457376
0.574150013248633
0.5763858968705595
0.5772361921379776
0.5776912394873599
0.5794166122492876
0.5836429175218009
0.5851258426457971
0.5852071548930604
0.5910097337297517
0.592507252493071
0.5930696070961875
0.5958923992979126
0.5977950646487504
0.5981918531601926
0.5984482199351716
0.5985563410226556
0.599430036027448
0.6013834554753327
0.6014728043649831
0.6017775511742879
0.6023885091185557
0.6031676184553052
0.6032318497632043
0.6036960597578039
0.6041342441765802
0.6064758279564464
0.6066605827319469
0.6070553319154989
0.6071247051503257
0.6086106310900208
0.610606508519832
0.6108041666504911
0.6112321009773961
0.6118716078579087
0.6119433319580423
0.6130782257348388
0.6152754247053658
0.617661022171831
0.618692064283362
0.6216602475945108
0.6245166574346404
0.6277524853164523
0.6283009783478503
0.6290102131812241
0.6331631552969854
0.6372077930355656
0.6396080270567275
0.6430974338368636
0.6443462061928059
0.6520560660918209
0.6521757460438602
0.654592970179517
0.6609787209625392
0.6615087441831276
0.6616681567319715
0.6636467316661588
0.6637451047879219
0.6657029403479969
0.6659306295302619
0.6660397381539446
0.6672715432107702
0.6673596266196417
0.6684467114872306
0.6689174194212588
0.669230417175418
0.669524517188688
0.6709083735174722
0.6748158420382101
0.6771306475904626
0.6789828194911459
0.6809448403696247
0.6817763733718166
0.6830971625520265
0.6897959668385746
0.690601098827645
0.6911997478786092
0.6919273085109681
0.6935185814164974
0.6951996880952049
0.6958158513367694
0.6976003271524592
0.700756992097376
0.7039910963259409
0.7040575783427904
0.7064267670401779
0.7069811245500911
0.7078093030654049
0.7096730274252667
0.7111727497844572
0.712350014065294
0.7132297233267479
0.7143674513772933
0.7235177900324119
0.7235296369807114
0.7249056027425423
0.7304700583627481
0.7306563534665078
0.733724709836506
0.7343323638751907
0.7360587150392537
0.7371989203542113
0.7388501775948183
0.7393139464651949
0.7401699219168867
0.7408530201266341
0.7412658691049214
0.7420255411518679
0.7423330227797629
0.7452228365726998
0.7457125935537754
0.7462898098879189
0.7466725727754797
0.7498071371264783
0.7512252253330088
0.7515145117816598
0.7517856444801463
0.7523311960556531
0.7538465703054475
0.7544832658435671
0.754968995665587
0.755216469527973
0.7559941286966751
0.7566285311006008
0.7576626072164425
0.7602795951334106
0.7609099719616337
0.7612485766413203
0.7619564551899836
0.7663797106281598
0.7678844112759287
0.7684362049908333
0.7695498763278454
0.7707702564625616
0.7743257720183673
0.7755625191018776
0.7763357495781267
0.7792568850827597
0.779498276048895
0.7827646454000471
0.7832477798829746
0.7845595959539586
0.7852642014304816
0.7861211704505746
0.7869396814930135
0.7872590342889771
0.7892566427185131
0.790419520525357
0.791111343363523
0.7915253722182639
0.7917608672344543
0.7939524429456384
0.7941698025726565
0.7949232711993985
0.7996722370275985
0.8012502278624016
0.8025607534014735
0.8027421721127647
0.8030475280444007
0.806625900167597
0.8078774241125394
0.8110701294467428
0.8112147766976432
0.8130208824389111
0.8162515045922434
0.8182425063227537
0.8205087973372344
0.8211496312669767
0.8226345021762387
0.8234646496404848
0.8253625673884457
0.8263997043801571
0.8279548060869798
0.8281377557401713
0.8283330154528123
0.8291146530725559
0.8292890201232888
0.835694124900959
0.8365326668746922
0.8382907263560936
0.8383297019390343
0.8386510205377878
0.8398026754242037
0.8412897680043819
0.8420838490313417
0.8456553034979416
0.8507097084412272
0.8521306788055126
0.8531665842114333
0.8590453091628061
0.8594640643489982
0.8620363983820652
0.8624705519693407
0.8626781979300693
0.86374309104527
0.8647905173576009
0.8649925788861673
0.865828676630254
0.8661979699005787
0.8672070217832341
0.8679296750325027
0.8698374879044541
0.8722300960520929
0.8735961671793292
0.8750932084563062
0.876572079013426
0.880161313003203
0.8802670044013736
0.8805326689096256
0.881970431441413
0.8833601944516984
0.8835345050749714
0.8851647592444125
0.8857453541584112
0.8883369187795878
0.8890451379598809
0.8897981611051355
0.8904501421936065
0.8908344582342642
0.8912656406511239
0.893429870595224
0.8941527462569132
0.8946557586894148
0.8979784668878823
0.9001940752226254
0.9024688959262501
0.9036014757646684
0.9062259786128837
0.9082519476733051
0.909548641192583
0.9098382477803755
0.9113558404456203
0.9115817428377916
0.9144931347792333
0.9146410274681286
0.917264364368906
0.9182002232311148
0.9192403898933892
0.920466532626875
0.9219222983180584
0.9231281177134808
0.9291276587614065
0.9311328724769943
0.9378533503659767
0.9385057234144987
0.9397934231075754
0.9413587785979329
0.9458170510884627
0.9461246763044142
0.9461765069691223
0.94647970557894
0.9480492733514894
0.9502184448748091
0.9511471846164792
0.9524936906047025
0.9554980342857067
0.9580761206057282
0.9617268284798438
0.9625960825294446
0.9628630036066285
0.9629358678580463
0.9631658927201144
0.9659391292687831
0.9669279420695853
0.9680575939219812
0.9709122353015984
0.9733926792874565
0.9735400050819157
0.9740541824529386
0.9753361104358889
0.9759866135374073
0.9779883765321629
0.9783185155023226
0.9793974735545876
0.9795750263836407
0.9805133379149276
0.9811771405262861
0.9813671129120404
0.9831959610826662
0.984132744440998
0.9944198422555177
0.9944529039610512
0.9947942821822564
0.9960800914723784
1.0000442033141699
1.0015448425279203
1.00269134374397
1.0048331518554905
1.009831713690542
1.010766500488615
1.0112140131289327
1.0114626535951348
1.0131021612823767
1.0134707382638692
1.0139274440788102
1.014360393178638
1.0155090793514727
1.0157359348109398
1.0168748871770772
1.0221782024995512
1.0238916371710223
1.024958840044566
1.0250048676361367
1.027785600394803
1.0282940054206136
1.028937385679162
1.0299439031663629
1.0320282788579727
1.0387206780237301
1.0393915709875066
1.0394779412884814
1.0395644342782815
1.0463937379395867
1.0464891041815412
1.0482734144413168
1.051768492080635
1.0536348947414278
1.0559660482784037
1.0564573121780776
1.0564857006760464
1.065038483249563
1.0653693007336524
1.065412926307583
1.066055513412624
1.0694358395337356
1.0711526646502363
1.0747621083411125
1.0790025893020823
1.080788631223554
1.081596717185659
1.0859336758130997
1.0864270704321328
1.0876572849436354
1.088761370432139
1.0912134564074312
1.099124373408022
1.1028249197864044
1.104085597115636
1.1048585986883581
1.110618053951269
1.1119642795746252
1.1158485674331298
1.1161388338300335
1.116562541439339
1.1165636192219222
1.1166526214099584
1.1194105727194823
1.1205285632545452
1.1220801293988114
1.122816087229215
1.1281416697067925
1.1300554185086624
1.1301877984607094
1.1305189757204634
1.1305292256435375
1.1329633537560635
1.133283575227332
1.1353651440073371
1.1363492021398425
1.1375945570446693
1.139006786553899
1.1405295903139963
1.1420923638171092
1.1436903053264997
1.1437283507264282
1.1437978152308785
1.1464632481097925
1.1469555819100052
1.1496698746567402
1.1500753714996632
1.1531034790296628
1.1534810546216396
1.1546302459699878
1.1563517458504613
1.156434100980105
1.1565023504186933
1.1583754907963688
1.1612002006944642
1.1653198358916004
1.17391845543165
1.1747871601026454
1.1780556528178663
1.178675075213638
1.1835141292968894
1.1857299954409368
1.1876853060468822
1.1902263132016184
1.1904954952561375
1.1908749532034468
1.1920525585490587
1.1939889935831989
1.1970921644728434
1.1979513408327063
1.1995359064565154
1.2000856636601096
1.2005354929715146
1.203206879389405
1.203220332019699
1.203605866697509
1.2039813860146222
1.2065711429842518
1.2071455905505173
1.2079793292285457
1.2093748070759627
1.2100540056465872
1.2122769739780355
1.2170225272981168
1.2171055350568165
1.2216927679095106
1.221788489219414
1.224501731733256
1.226745661934744
1.229910298375663
1.2300998246486954
1.231499913139602
1.2332927716632525
1.2336004321697769
1.2360341582872973
1.2361825905675305
1.238532354983299
1.238560602371274
1.2404408546189165
1.241044487089225
1.244154871457663
1.2461557148781597
1.247460384590688
1.2491407316099623
1.2526687171719808
1.252907237958321
1.2550389240938438
1.2558974819140991
1.2594347204616132
1.2612087742858207
1.2631863038224527
1.2633286782384099
1.2684578440726548
1.2760352050847148
1.277813215717555
1.2800477261580132
1.2825146049642724
1.2831057205691816
1.286948949166008
1.2891568511219247
1.2893902165420865
1.2922178899032981
1.294497896276556
1.2950829654343603
1.295605940671285
1.2994492896516587
1.3031339729546572
1.305538187986612
1.3061191467675548
1.3072643937817594
1.311780638061783
1.3144881589419046
1.3157694210927964
1.316779623455811
1.3188811608043873
1.3256332259266395
1.3262581824102377
1.327166094714756
1.3318053281407232
1.3344878322050435
1.3356660429249856
1.3362087780200675
1.3414218540558471
1.3432573907879548
1.3435772273317048
1.3439615855960947
1.3440435080059647
1.344488297346516
1.3453392779296467
1.345408180962263
1.347336007328181
1.3497362696588866
1.3562526584730439
1.359266199486909
1.3606863794736113
1.3627436006449294
1.3630105890484052
1.3644208968054277
1.36487844810586
1.3659738847194967
1.3669583929407725
1.3725676754992981
1.3771437802926991
1.3775798823523673
1.3776811541097376
1.3815272133697136
1.3819543735858044
1.3838961699666525
1.3846534617209767
1.385004221944865
1.388534811252891
1.3895726169903435
1.3926161837263826
1.3932438600918997
1.393848989151458
1.403689487922149
1.4093566560248756
1.4101463990065701
1.4102781807120277
1.4127145845985647
1.4151119784146402
1.4168522689018772
1.425140123278863
1.4256430897238914
1.426539920117824
1.4274752332170226
1.4275558239560389
1.4279478908436414
1.4305128049464941
1.4336069671258704
1.4337729345088284
1.4342267165886007
1.4377637018610725
1.4380989240661304
1.4395348436911737
1.4402176769864967
1.4425402983600057
1.4434982557500688
1.4455113925972292
1.4520893878730399
1.452902390360924
1.4533052830255988
1.4535145600597887
1.4540640861382483
1.4556950383657092
1.46020660328435
1.465616414852906
1.465905815366168
1.4679301319555156
1.4741890539127578
1.474892113990265
1.4754318019807204
1.4805508241039114
1.4831583149124739
1.4848194557430046
1.4868953328956365
1.4953478832352598
1.49546246080235
1.5002003377041357
1.5038203838243263
1.504389657056699
1.5053149149039207
1.5072928749864027
1.508464215344246
1.517614929131181
1.5190729934232832
1.5208892621292773
1.524481358620585
1.528128077899924
1.5291982384398999
1.5307328159993183
1.5307688087727773
1.5309143740172266
1.5321815348672054
1.537581630343226
1.5384971769484534
1.539185475443107
1.5402421532220052
1.5463154807291537
1.5497003844576243
1.5520048748212085
1.5533912336866975
1.5536915034157048
1.5545489159061079
1.554590315409416
1.5576525570940776
1.5588268367252138
1.5599953740750592
1.5625917469764157
1.5656419527224839
1.566958397232145
1.5727246095801743
1.5733286099441366
1.5775033592738403
1.5777143893182202
1.581202259627441
1.5855089800597206
1.5863843493679615
1.5865415236629643
1.5909221575804273
1.6001739293012198
1.601797365176511
1.6062687782720717
1.6117253178529192
1.6141662880090841
1.621116507147125
1.6232780396143824
1.6320897377023003
1.6339071261703415
1.6352830655010047
1.6353955366509805
1.6398815412301038
1.6429952173657698
1.6446094816136596
1.6461499832055697
1.6542378911491702
1.6578823387360038
1.6579685098753154
1.6596112999108015
1.6701590408332116
1.6721930093113446
1.6728298690090995
1.67372014835219
1.6737899978423214
1.676027741991898
1.677074538839328
1.6874834389418747
1.6884189015813371
1.6909016117011424
1.691579601533856
1.6930907066207994
1.6930936939092462
1.6950874038062658
1.6951081148722107
1.7019052836787998
1.7077255468010017
1.7118362251276165
1.7147091633289602
1.7174763670901592
1.7217224081141196
1.7237248415192328
1.7253429374627371
1.7264421507283028
1.7281056075682644
1.7345727989736606
1.7388928228991785
1.7445351559618993
1.7446962600806986
1.746758779449337
1.7511825211037202
1.7575145027226493
1.7608103915266402
1.7620149556627225
1.7632797959369122
1.7634055885189617
1.7716249495827747
1.7745031962235323
1.7785910075830733
1.7827067790183961
1.7939437847734452
1.7940651868057698
1.7999296323490332
1.8000537432230446
1.8011238781598982
1.8015832362930304
1.8028261275363517
1.807700690728116
1.8095382227179215
1.8097245152460262
1.8110654646539077
1.811602912694909
1.8145803382270609
1.8157000217063108
1.8162191054761077
1.8194573514779206
1.828643448263307
1.83094845252969
1.8322288116770693
1.8408872620158534
1.842739308892992
1.8514168404559856
1.8570706571546889
1.8580491784798756
1.8587663192254062
1.8633396654986578
1.8638726614169596
1.864150744650935
1.8708280521128793
1.8720199450859276
1.872554891772639
1.876062913091106
1.888212902559192
1.8931368554144452
1.8986834230232281
1.9043964823370532
1.9098272518498698
1.9396678693421443
1.9497005509441117
1.9499291430148264
1.9504408468582746
1.957905558209566
1.96027630667051
1.9693407596313561
1.9807462829465001
1.988256475043968
1.994798673224229
2.036718289019739
2.0440131830633126
2.0461121873274184
2.052663802272603
2.059629120665564
2.0698708634527936
2.0827469727462087
2.089327206091803
2.0920108323885125
2.0930961619914177
2.1039234416772326
2.1041835582644413
2.107032621676975
2.1086501563620614
2.112340578155886
2.117968274987648
2.155981810319322
2.1624953945957
2.168362592520933
2.1694442312547078
2.1696673556527397
2.1741563646192876
2.1756780490335963
2.180350276879935
2.1820555856311628
2.1864325369932898
2.1880791816038654
2.2053200176177823
2.206504367001566
2.218956614548706
2.219342433131633
2.2295932275429067
2.232338027464383
2.2771155121016378
2.281191048310247
2.298492194341173
2.312962830318374
2.3348085685536657
2.341460938846867
2.3648165079033032
2.369955080922936
2.3819364653923234
2.3944097375834694
2.401913074948341
2.4219241611550513
2.47389911562744
2.4921292757956657
2.5720473061219056
2.588565723662325
2.6192228748240862
2.65362870151075
2.6584081120045164
2.6925416413960312
2.7013201416415464
2.7612792786611378
2.8253478115230246
2.9268476995315953
