-2056.590864264096
-826.9228025623186
-826.4910705243648
-825.2457461389174
-690.1467263776491
-591.44049606909
-519.2043467431928
-518.3775028225859
-515.6692073306369
-345.70695214287986
-320.64407862646084
-298.2633309605125
-261.39663969605726
-260.642319206933
-245.91591258621625
-244.76560299190214
-233.8305816007432
-222.18180837997033
-200.54262314615337
-200.05899319765132
-199.77378710185064
-199.42350767823953
-189.5004717821998
-188.26723443507387
-170.4960139792792
-168.3723645893859
-167.3461899301876
-166.14602616915639
-164.07687590139784
-155.34114974800502
-150.02819012478272
-146.92407396834582
-145.05408530694726
-143.69375661600426
-139.81269371641025
-134.8031032145586
-131.52018133103496
-114.61509567753961
-113.94668028940906
-105.19004570501198
-104.59288307916269
-102.27801777309189
-94.27344113437704
-91.34915080197345
-91.05127900117411
-91.0107344570591
-90.52951958091325
-88.8243156642129
-86.77009796038536
-86.59495602798636
-84.40238812658224
-84.31570273578316
-82.45322629472682
-82.18582154215937
-81.47243169050547
-80.59640618524026
-80.36849588618637
-79.20755428104914
-75.60106791016146
-74.26035716499713
-72.05084517434568
-71.8620277760541
-71.38980149421558
-70.57451105902179
-69.00439282160305
-68.55054078485506
-68.10310706617656
-67.45177249682007
-66.0071690595932
-65.65326615324328
-64.4572382705863
-63.90630696102337
-63.502027195898094
-63.226482569584554
-62.35644668803061
-60.32787960363303
-60.24623308484993
-59.77694372094638
-59.592930947305405
-59.49600217356405
-59.16158753419783
-58.84245342925019
-58.127766917353746
-58.12630814400581
-57.19698311231678
-55.31718437644975
-54.95747645097645
-54.849408904777775
-53.81377420411054
-53.18528094842141
-52.95915081677234
-52.87384875613729
-52.85664192005965
-52.55408512506679
-52.1992976887308
-52.15503712813946
-51.985586896604744
-51.98173379122825
-51.93346466448458
-51.44590425307898
-50.78343202734817
-50.41019313513976
-49.52146948092303
-49.250404752813786
-49.20441650991327
-48.65110940202775
-47.59411952582161
-46.093198059525065
-43.3503775776983
-42.205193399688724
-41.950748556942905
-41.77989594137879
-41.63158538890265
-41.1282354082457
-40.614592497868905
-40.17782657486174
-40.059024636914565
-39.77794819358729
-39.355731422370255
-38.969721860601034
-38.8617828906841
-38.69700843131873
-38.45952239011287
-38.38021211111819
-38.35366772152052
-38.16778614933074
-38.00258090701562
-36.76490547582959
-36.38842926297673
-36.274871399093776
-35.928128745124454
-35.91990699150247
-35.503428217134626
-35.49260975394047
-35.26785613675012
-35.2436310751875
-35.19981315795408
-35.179697447991984
-34.87954878149053
-34.861683351483954
-34.46964888066857
-34.4105840019659
-33.6061879858903
-33.48822500953525
-32.82278496783535
-32.611284265311006
-31.856312607307004
-31.821512592418394
-31.608941378817146
-30.96257867560336
-30.80187937906103
-30.640591872722105
-30.630388933354652
-30.5999318261423
-30.466762396857156
-30.267413856724474
-30.105187703604567
-29.899417761889865
-29.80727389883809
-29.7375084192916
-29.668413540491212
-29.567500655275857
-29.056885264008613
-29.02623214651392
-28.696113657624384
-28.24847722670362
-28.034846586307353
-27.980947980098897
-27.971733164281204
-27.720683300578177
-27.53795566949891
-27.359248016073423
-27.28889285984072
-27.207827027606125
-27.099355362525728
-27.04500734490489
-26.67810957430426
-26.601647215168505
-26.551840308400845
-26.440240715017264
-26.178944138794673
-26.16189619736207
-26.126051574072076
-25.875604524543736
-25.811565165301296
-25.75180757899487
-25.664632433063314
-25.494766027562545
-25.402418831575588
-24.921382220944192
-24.620324228544675
-23.68966835202611
-23.666394748484972
-23.254132286337885
-23.202914499677934
-23.173777612520844
-22.927440568013505
-22.84068038266946
-22.791446505236546
-22.57757844135443
-22.480995743035667
-22.468827271539055
-22.400877337348312
-22.264557368893126
-22.261172738008398
-22.190571713562594
-22.065523231479666
-21.993681404948095
-21.240850770916765
-21.185388834719575
-21.162086993496953
-21.010014430991415
-20.937088252228417
-20.908996241183374
-20.852933593579454
-20.850296554676547
-20.8233117351265
-20.66665036549138
-20.481121031865378
-20.466192914767323
-20.450765234253996
-20.315671020422407
-19.771756477887052
-19.415135364219076
-19.407810684130347
-19.355540593255203
-19.111739235274438
-18.94575971172397
-18.889195330862194
-18.88672351793309
-18.858199512751344
-18.622342391061096
-18.338990133581923
-18.322855024862903
-18.25688035693013
-18.252204391766384
-18.202227963059418
-18.05095246460172
-18.050536774146213
-18.039812985411782
-17.970843987090475
-17.967016030205095
-17.869983344343503
-17.64537993727239
-17.631400815052494
-17.525790204044633
-17.481857385951937
-17.462932616046178
-17.43860644209121
-17.418141913412317
-17.38994763288456
-17.377993759630563
-17.372056776468852
-17.34012670645271
-17.31205520341937
-17.004289170417753
-16.974952821303077
-16.96659101033516
-16.95216168959371
-16.879674208526936
-16.879353927621924
-16.850538824185715
-16.688285721685055
-16.632541877005632
-16.586168864383477
-16.550058702099996
-16.527001553702277
-16.505758906207134
-16.494647721027246
-16.46753225095778
-16.38403847445508
-16.287177686960796
-16.27838737447018
-16.212071341303734
-16.13966524565417
-16.121369282109367
-16.108795042586888
-16.09638759692036
-16.07978009018435
-15.938142192443616
-15.91653234016537
-15.894758008671566
-15.888470798002173
-15.887416686259112
-15.764396690141357
-15.685343845859386
-15.684894964529953
-15.632750133627416
-15.63274829690134
-15.541168958996662
-15.540566016193093
-15.528900292694981
-15.468735744210157
-15.456310972514093
-15.451018830116528
-15.405021182171664
-15.389521300832634
-15.326873330985807
-15.31577228794685
-15.258834251018074
-15.194594755616238
-15.175037925619344
-15.170196883757658
-15.104493392418455
-15.096404164954954
-15.085924583574645
-15.041635250637942
-15.037172922531774
-15.03080708445807
-14.992365157504185
-14.985628063170514
-14.967630172096086
-14.79088335968929
-14.704709614740773
-14.681258766077894
-14.665983787767136
-14.641087015325143
-14.591053704060272
-14.586391413060406
-14.585405853310009
-14.583326759118403
-14.48218350437916
-14.453594020547445
-14.425705654850404
-14.407501877288606
-14.392289004677485
-14.390537118442422
-14.352449632875928
-14.187554328406819
-14.137629735569721
-14.120178404612169
-14.099237934896916
-14.068748863765036
-13.99934887839224
-13.984018790629605
-13.88125659071567
-13.859074771506325
-13.852101869456055
-13.806185796237719
-13.805424423034403
-13.71749014737634
-13.702570111146459
-13.678707142300714
-13.649049516414648
-13.540984993453396
-13.51121319185243
-13.505013496952865
-13.47155943564186
-13.346049976341643
-13.344157186291834
-13.298911317844633
-13.197685454689807
-13.144944497722875
-13.04140718437936
-13.038786930185907
-13.016222509814359
-13.003889512502028
-12.990467374150848
-12.95122636125013
-12.936555141134114
-12.86955464180681
-12.84298272448723
-12.830781745427007
-12.801470491181819
-12.756634210315337
-12.712298645655487
-12.657188285129262
-12.613675414445737
-12.582120782651222
-12.565122087899685
-12.546563135493109
-12.43305514490226
-12.410723062781662
-12.394881864595849
-12.37819074938092
-12.339236134246383
-12.319284002267098
-12.286082169037297
-12.23356251971641
-12.184298405893234
-12.17718472714075
-12.176287704447617
-12.152192257046439
-12.086449013279248
-12.055849650707978
-12.014899554259102
-11.995670212019139
-11.971930382915644
-11.947211519027194
-11.84451851759852
-11.807626551993003
-11.798194352902403
-11.73728160976827
-11.717674548549967
-11.65723630771714
-11.647761499399783
-11.563456511393998
-11.562282387948432
-11.515197856795355
-11.495672896844535
-11.473671047961101
-11.468551877933823
-11.462443319705237
-11.41449879525662
-11.400547903308546
-11.355552230015613
-11.328574060559655
-11.318329792289774
-11.300967844956245
-11.27357985163862
-11.220549076665941
-11.215705711272449
-11.21161378284426
-11.115785939510417
-11.11120154179619
-11.092801889343066
-11.0684188023039
-11.045171344035316
-11.014797466295276
-10.988115584970847
-10.966548313108031
-10.945355674663997
-10.926899477745623
-10.912095714484618
-10.842525178901926
-10.836317819892457
-10.830064121160255
-10.756858331499261
-10.734560893858198
-10.716524383074923
-10.689607542159436
-10.674363854210249
-10.5950594022088
-10.590139836678308
-10.568020751407936
-10.534060216754522
-10.480189037100427
-10.446655621860367
-10.437490364868648
-10.420230228362618
-10.418845831968728
-10.416255361739267
-10.402496615710014
-10.381596426093921
-10.37255863350596
-10.372110955530726
-10.317372169077265
-10.316776359187932
-10.299355128339156
-10.295742382668138
-10.285839882439946
-10.271608189043821
-10.26723109162209
-10.253172711689928
-10.216136074491054
-10.207884707544316
-10.19833889402431
-10.144102510018408
-10.132825090480615
-10.09128868885572
-10.068683033351524
-10.05745834699784
-10.015360971776893
-9.986079977991565
-9.97438936430608
-9.901505948067753
-9.900891973849593
-9.899685432862844
-9.894312479324386
-9.877880008597101
-9.8556747146015
-9.850896146012133
-9.847397257490478
-9.828739390136175
-9.804592366532596
-9.778414986031803
-9.758633030392613
-9.758299034430685
-9.744938269822285
-9.704779470284407
-9.649760641426253
-9.639743106749306
-9.635849358007398
-9.610067599608634
-9.5994489601907
-9.59468661607906
-9.590633066210236
-9.587303250530363
-9.584933418583915
-9.573358807045622
-9.564887317458474
-9.558813335983306
-9.527897750698951
-9.525460401365002
-9.52037268787394
-9.517346681091125
-9.494660647374044
-9.468662039916405
-9.437294414513802
-9.425584992588687
-9.419837725833988
-9.414869741091906
-9.410970351397966
-9.387785017173366
-9.386767390691238
-9.359480228840463
-9.308339238395853
-9.302072683375162
-9.301361777148408
-9.28113531215587
-9.267762521802952
-9.24657195095936
-9.204350923562824
-9.1993127466684
-9.189519372474148
-9.172714646617404
-9.114330436399523
-9.094699084191861
-9.089478190719007
-9.088600702453109
-9.073486725037663
-9.072782148015808
-9.021982855528393
-9.018337869261273
-9.016303246338223
-8.99936569609719
-8.988742593130024
-8.972087192940206
-8.950028433700892
-8.94427075294994
-8.892720576362118
-8.892636734792525
-8.87108417929487
-8.824276226807
-8.808494900218548
-8.780644902140699
-8.77154624775052
-8.770173344580876
-8.707030135144937
-8.653043071037862
-8.640126355269862
-8.617647360719591
-8.613318806972895
-8.611191228897265
-8.601467283441236
-8.578494760909468
-8.576947084654536
-8.560611017693109
-8.555503960955473
-8.547734205839557
-8.51224374341582
-8.507699221852567
-8.484150273860964
-8.463492953325137
-8.454048037249155
-8.45370720847384
-8.443153312893314
-8.440714940152915
-8.432174356667863
-8.422707468883376
-8.402974002956038
-8.395579413602178
-8.395201121160827
-8.37930592907984
-8.368854531898995
-8.351209945324594
-8.350454315587088
-8.288486518103229
-8.286329910626613
-8.266398834928193
-8.226840206587205
-8.21127798200061
-8.19192563698001
-8.18320806448163
-8.176479749057394
-8.158466145400244
-8.157253758591285
-8.151839410718198
-8.149789957820504
-8.142725193705092
-8.13951255306096
-8.134236016232464
-8.120555720262036
-8.117740712884185
-8.111610532650158
-8.110774709784687
-8.105918899218702
-8.102769299912488
-8.097311432331223
-8.058525717366319
-8.037543062445524
-8.03615528832419
-8.019579294163753
-8.013222180776012
-8.005483282833316
-8.002399746121961
-7.996796365303295
-7.980076777676918
-7.976960053924683
-7.96926085654912
-7.956598160114433
-7.944401113787033
-7.941053829137559
-7.928970417168307
-7.908750833964364
-7.889925876648508
-7.863082393905854
-7.857725753138835
-7.846626644196382
-7.842626677965927
-7.822578770648969
-7.810547654258453
-7.7700588916634175
-7.7679771622630795
-7.759778638844865
-7.745920845334862
-7.723851716642713
-7.656918817301266
-7.653396140337444
-7.652479974595023
-7.630425040393382
-7.625424307871349
-7.620640204917097
-7.605388257229981
-7.603330525431046
-7.600458260784023
-7.569228285063051
-7.552520172287764
-7.552214082474503
-7.5372612994732435
-7.5367451815890725
-7.5309312715672885
-7.527694108180499
-7.496510843189396
-7.495099727531725
-7.477490663109043
-7.465470478851887
-7.448997710688074
-7.443597091716192
-7.435668825589528
-7.429224773389507
-7.425091810597665
-7.421594860873693
-7.394067091423082
-7.390088640634094
-7.389499149482593
-7.381868968976574
-7.3804154245808675
-7.3534921125395
-7.342779629498567
-7.342614664684285
-7.341599681742011
-7.337992829288441
-7.329584068658309
-7.322154242118742
-7.311311536641032
-7.30868960187322
-7.305669694704813
-7.301467975000593
-7.294488908311724
-7.283626497929514
-7.266420348442148
-7.258710508597739
-7.234942949003134
-7.196329150193787
-7.19415614794679
-7.1756126196938546
-7.1395483899637195
-7.1395061970551215
-7.124723253416706
-7.123323510852412
-7.119564453005834
-7.113747946402941
-7.108182751160173
-7.085626304370313
-7.073270351932182
-7.071780962464722
-7.063831934375392
-7.010603979849528
-6.986353635942844
-6.965741321259188
-6.960373487142376
-6.959213038238604
-6.955056878644918
-6.944661127356932
-6.942831794784289
-6.942636887452895
-6.937024932451081
-6.934908203592229
-6.922307408005974
-6.92177413853516
-6.916695337105307
-6.908865469382573
-6.882925809620366
-6.87487483557936
-6.870578934115051
-6.868780727881366
-6.86478047160549
-6.863235536419344
-6.85872571982988
-6.8578590131228125
-6.848692668740604
-6.847827004160008
-6.837976614740609
-6.8244326478163035
-6.812985750777391
-6.80898990657508
-6.795153988514855
-6.772861935997068
-6.767132930447769
-6.746567974469578
-6.714259831370446
-6.699508982736591
-6.68790511489863
-6.664140214066865
-6.654226277359824
-6.654091654453677
-6.649763609677396
-6.642654337103025
-6.641529634410449
-6.636169445647595
-6.63514498781572
-6.620135423444767
-6.612124864283489
-6.609469230089433
-6.602176555279994
-6.57966390760563
-6.578781203136756
-6.574220860475485
-6.569847534222363
-6.565956264845454
-6.5634071540078285
-6.544443317379852
-6.544108479782524
-6.525916747532339
-6.518029488889118
-6.5038508817982486
-6.49554285819961
-6.490363538324443
-6.48988523521225
-6.4820814017883315
-6.47842371892745
-6.476301331736515
-6.464860303422199
-6.447832645348937
-6.447255783550373
-6.444587319798625
-6.442466417297214
-6.430860196903428
-6.429342715230055
-6.4255510009510814
-6.415222605110085
-6.411889149559203
-6.403783366749259
-6.375930002660279
-6.371909433062574
-6.364784123678264
-6.361947034990324
-6.356837124281993
-6.354584023491425
-6.340906536889448
-6.328408870244037
-6.311586573505019
-6.306322722136935
-6.283891179727919
-6.258292267825014
-6.24859496800041
-6.231017749762907
-6.228820453139068
-6.216631058927452
-6.172030696931912
-6.165690206044701
-6.150357812220714
-6.147184980427765
-6.147137988741285
-6.121970655285921
-6.1173495779509475
-6.1140216498185405
-6.103952975697038
-6.102230840214539
-6.092488191158253
-6.087077169219501
-6.086861910605414
-6.0793150174930055
-6.07229251014209
-6.063503752942692
-6.050790806108488
-6.04872112763122
-6.037161071634127
-6.036638759200195
-6.027510106765348
-6.024986539132886
-6.018492867214196
-6.014197566224073
-6.009876877704584
-6.005559311979047
-6.00263804710916
-5.9881491426841436
-5.921483385551013
-5.914640250732889
-5.9050572776536026
-5.901670285502517
-5.8942933066537115
-5.892531085188228
-5.88993762689751
-5.885735117828275
-5.882342194773995
-5.87363567011375
-5.8562571723785
-5.8553673266561255
-5.851559122234155
-5.848147677552165
-5.8429518511847025
-5.832844919214777
-5.831670187901887
-5.806140430606872
-5.800981973487899
-5.798244539618144
-5.793572116046892
-5.7826136940613475
-5.763172420907036
-5.753576246295383
-5.7239907177244405
-5.723283821775109
-5.712164359216789
-5.7039553838452255
-5.702076192008516
-5.696299716941686
-5.694052404685241
-5.693674461173552
-5.688205228479607
-5.6857958213187665
-5.683301268738782
-5.67538923924875
-5.675251170965394
-5.666729263429579
-5.6662867673822985
-5.662821934080043
-5.660071666614405
-5.657702136172211
-5.657490829308915
-5.649410979354315
-5.645668890150234
-5.639374827782699
-5.631183335413347
-5.627487739441587
-5.6102996201887265
-5.6071810512679505
-5.607047695408431
-5.60585449251007
-5.5969367651375865
-5.594244148442954
-5.579404973832136
-5.577703066463901
-5.5699974670647805
-5.561890425777666
-5.557535172950438
-5.552047414644411
-5.510153108311696
-5.501201811336768
-5.49985207283854
-5.49906554603092
-5.493879881528472
-5.490814709222962
-5.489346438911086
-5.484597307115714
-5.45704174947242
-5.448887461991459
-5.44261300870564
-5.428270992813712
-5.427832562585753
-5.403336727275659
-5.402846817027913
-5.394820638803879
-5.394304916036829
-5.38461735620022
-5.376780330254738
-5.36162906192965
-5.357640789895033
-5.336617234246562
-5.327676229769125
-5.314121497882455
-5.3131582930592725
-5.310777938697087
-5.30812712579715
-5.307326482491659
-5.292452487167032
-5.291666303512537
-5.284143145986645
-5.283818052680966
-5.273753179624282
-5.271876435186461
-5.268629975445861
-5.264427128703616
-5.26190779448379
-5.261329642761192
-5.260504110362154
-5.259315310835536
-5.255664168269294
-5.247125784368458
-5.244048300743822
-5.241986374093448
-5.238420182370189
-5.236444637164131
-5.218046737837171
-5.210388236535831
-5.179744507850269
-5.178135467286264
-5.17663102739297
-5.161688632303199
-5.1437588248987
-5.134599334717634
-5.126586066330665
-5.100882240506921
-5.09314392287618
-5.091010280403869
-5.079306142941942
-5.078842282152919
-5.07746884356308
-5.068861598581712
-5.056622616593916
-5.056558356996827
-5.055784765080247
-5.04833773127522
-5.047586927980231
-5.045831295728304
-5.029664799215837
-5.021026154622219
-5.01577170928269
-5.013219231213736
-5.011922149048977
-5.011344557649622
-5.006119904622262
-5.005279913196475
-5.004623192339164
-5.000277289968434
-4.998242150380262
-4.983341000399626
-4.982234243630069
-4.969543284000544
-4.951346329480209
-4.949760624071987
-4.943234962738792
-4.939051072724238
-4.9341404721992035
-4.932215382006411
-4.931443294224148
-4.929667480605569
-4.923516819272091
-4.9172177611497245
-4.913080245913525
-4.904622892470889
-4.90432433410591
-4.902196449976652
-4.896173653049033
-4.893962122405007
-4.88381338408199
-4.883474840604613
-4.882162710973945
-4.872390982618086
-4.844118007998539
-4.834898030485618
-4.834413931783611
-4.825270443328148
-4.8191432503694145
-4.815077095920298
-4.813711877777937
-4.81360600081321
-4.8073403983214
-4.8067389884704195
-4.802251617677314
-4.796327593065184
-4.792406280575795
-4.791679093257014
-4.789574749846194
-4.788686471927424
-4.782331871644907
-4.779524348076668
-4.768899585407226
-4.752676117845844
-4.751702093669291
-4.750481092947298
-4.734648484205261
-4.726960960543857
-4.719221675973617
-4.714957545497105
-4.706940240716887
-4.703880374757031
-4.698928229828737
-4.690172413883344
-4.688803526731498
-4.6831210379107056
-4.6765229172174685
-4.669384784132926
-4.654922219580291
-4.645617517155989
-4.639164667048457
-4.636413336525635
-4.631240863552703
-4.618803676094723
-4.6123578974656025
-4.606833670723848
-4.590795993371369
-4.590578864438907
-4.588546540449535
-4.582354635390273
-4.581189293238922
-4.57953764172917
-4.579441308846204
-4.574324683443448
-4.561382212027848
-4.558757409715164
-4.5560668250265755
-4.55593479415868
-4.543266481951241
-4.539755015070241
-4.499604450543906
-4.499115421777407
-4.498655609158869
-4.495337359894052
-4.494185629278804
-4.484068200420667
-4.483597773969556
-4.476235420327608
-4.476116211674662
-4.475583590331228
-4.4681913474327715
-4.466134206986571
-4.464926264396875
-4.463944553423669
-4.457105695236631
-4.455363835895701
-4.449080748436339
-4.447741354236491
-4.44042774089925
-4.429987611298317
-4.4292518021696585
-4.424104088200266
-4.401207952152749
-4.397173660687805
-4.395509710506532
-4.388162413195181
-4.385723671092315
-4.380334019067911
-4.379232252832641
-4.36814531254507
-4.354736076171839
-4.352568421757129
-4.3402842903839725
-4.339834603663132
-4.331453788810185
-4.325869461776983
-4.322445484616848
-4.321181092945449
-4.320614253254034
-4.320537591433057
-4.317429432796851
-4.317206336686933
-4.316738013873544
-4.3091745741547065
-4.309157699235536
-4.298262740447165
-4.296892434678433
-4.287517721427619
-4.283842268611508
-4.279083463301567
-4.274020483073198
-4.272086855225021
-4.245171532496702
-4.238795337901785
-4.234837521391803
-4.232818406118221
-4.229631918477985
-4.222565962549627
-4.222040834952591
-4.220584356143369
-4.217489782420539
-4.217407971353542
-4.202097980623518
-4.19414673005945
-4.184414797078858
-4.177590367166353
-4.165162796483939
-4.160761402190851
-4.157640134592197
-4.152952230317384
-4.151616312192655
-4.148397740014059
-4.147845507195721
-4.145240172167301
-4.137501260530501
-4.131529911745263
-4.108888083888356
-4.106420766426494
-4.103050815372675
-4.10300603975396
-4.101815409209816
-4.0931754907219435
-4.091557769500052
-4.077138285088859
-4.066681108688451
-4.0651956439437225
-4.064348067131203
-4.062702417568401
-4.056352404550948
-4.046482366361268
-4.046112800780735
-4.042031604060424
-4.030777779651325
-4.022902638025508
-4.019740438349298
-4.0126929115979815
-4.006602629069998
-4.005861780834555
-4.005747502585994
-4.004161633891716
-4.003588475507982
-4.001492888797047
-3.9972333266417612
-3.9970166351349516
-3.9879410472081345
-3.9825658636811108
-3.974638112966055
-3.970516355999939
-3.9675885364521895
-3.96458444392412
-3.96173233529039
-3.96001106121518
-3.947111810022773
-3.9348984858272402
-3.932666772893753
-3.932511878506517
-3.9248743439053317
-3.923410084350682
-3.8989897337407955
-3.8987483910670933
-3.892994087974681
-3.8912270324810576
-3.889662172592713
-3.8894463620735147
-3.8730221525808264
-3.870898133259879
-3.864088587525362
-3.8618453763611487
-3.846185937611712
-3.8440100729286355
-3.8397512973834114
-3.8393398565742722
-3.830490297613029
-3.826420740165913
-3.811186305575692
-3.8099165202744656
-3.803382735421164
-3.7971143667666105
-3.7963087677761425
-3.796132084324626
-3.783122226756545
-3.768695481945155
-3.7650590714111627
-3.7618942869264975
-3.7575705545968012
-3.7555687683035703
-3.744501041725756
-3.7377230418877954
-3.736734830899156
-3.7363714004269655
-3.7348741100635774
-3.7322418128365236
-3.72998415556894
-3.7279499876407645
-3.722936449007264
-3.722328382759655
-3.721859293455595
-3.721175942645448
-3.7200002803257046
-3.7146200683030504
-3.7120464562504734
-3.7105983425919513
-3.6963318024250285
-3.6962941034061267
-3.688672269795646
-3.681222952162442
-3.6652753182405715
-3.6629242171654597
-3.651585024450288
-3.648344159461476
-3.644388880056347
-3.64323324179048
-3.6394167291784347
-3.6377582333459477
-3.6371665786410468
-3.627755805089368
-3.626644548886264
-3.6151903426496377
-3.6134209778425235
-3.6121833200044575
-3.605245118150856
-3.604330316735189
-3.6039041012639768
-3.6015033885681373
-3.5984534175096976
-3.5958714954752846
-3.589200895379724
-3.589199060995875
-3.58797685258436
-3.5784435559269463
-3.5774988937412626
-3.5744466731800677
-3.569438853105849
-3.5639830033446365
-3.5622383852068094
-3.5601492051738353
-3.5593923634888465
-3.5593381922255394
-3.5481839436864764
-3.543961407088853
-3.5206223412423583
-3.516491228028678
-3.5143114163832703
-3.512791765560019
-3.504796394213091
-3.5025241064079964
-3.5015154290073136
-3.499706513024133
-3.499130324670479
-3.4955257397761152
-3.4938878478552056
-3.492790440150366
-3.4911446974354368
-3.483668826059232
-3.481813428712628
-3.4816089657056475
-3.4804610796932294
-3.4773876930235468
-3.4647031245976008
-3.442000330978887
-3.4416441826288575
-3.431376686108747
-3.4215819076047347
-3.404497513717058
-3.402757008121608
-3.38941150956566
-3.3832668752365653
-3.3778426101186567
-3.3777356397319895
-3.3696935732081967
-3.369010332069175
-3.3630101339006955
-3.3628539320764728
-3.357396376882946
-3.3542523617878457
-3.3536844567154236
-3.351082212642834
-3.350268575434366
-3.3482573224084904
-3.348231523764645
-3.3476547393961984
-3.3439292283143938
-3.338578123778519
-3.329057876272901
-3.327713331682545
-3.3231069263735096
-3.3225470558630397
-3.3201440087477256
-3.31833762497285
-3.315998184614541
-3.3123201664015367
-3.3120877972938834
-3.3074974991807737
-3.3030624768911077
-3.302247916277212
-3.29662581241066
-3.2943541770733114
-3.2940286106873122
-3.289601532854921
-3.288245783383658
-3.287477029395545
-3.281640253168753
-3.2782989456457265
-3.2761902134615877
-3.276145108717896
-3.276026963871203
-3.2756693854799717
-3.2718211181747408
-3.2696715281015227
-3.2684258742762022
-3.2627771579326508
-3.2524230311092666
-3.2459809232409036
-3.243942392726907
-3.2407470422116598
-3.237107553075269
-3.2306979628785744
-3.230312174132628
-3.229965998720015
-3.2280217377318126
-3.226143655385738
-3.2222485562528784
-3.219831601910049
-3.2116473890380486
-3.2115461504290046
-3.208766213411736
-3.2072495962467245
-3.206388244023085
-3.2014811884733416
-3.199677940248933
-3.198583615387521
-3.197976671597777
-3.191989382024504
-3.1876781007860124
-3.1791624825027247
-3.1712972595799167
-3.1699879296328595
-3.1656834539177545
-3.1588225030504784
-3.146564387748656
-3.1460451286214974
-3.143595646219554
-3.14256619267383
-3.1411549386184077
-3.138798049543427
-3.136347109906083
-3.1344942389752957
-3.1317007715271408
-3.129063438211559
-3.1290471307285657
-3.127011936891347
-3.126631545446107
-3.1247841672154513
-3.1243574119141093
-3.1212126005843204
-3.1209336216633736
-3.1185078177585974
-3.1163324203024034
-3.1154086439161865
-3.114237265007651
-3.113191246143568
-3.112788589929443
-3.1126669110874534
-3.1119646089411135
-3.1090600243064968
-3.108863850341592
-3.1060170546193415
-3.103467246657657
-3.102145753962456
-3.1009518219251446
-3.098864904257585
-3.0968477535789476
-3.094289334276439
-3.084183275822248
-3.0839812549374352
-3.0806291358229423
-3.079202003455312
-3.077835669848039
-3.070638856892206
-3.0661305981495866
-3.0637899840140403
-3.0492055084157945
-3.0488161022906737
-3.044241655063175
-3.041991174389563
-3.0419604400204125
-3.0414441693054957
-3.0324876064185418
-3.0278308947738957
-3.0196027397847764
-3.012550345264786
-3.0059072112511
-3.0054215825518984
-2.996165025420857
-2.9928420767325083
-2.9758186329188656
-2.9747080679225677
-2.9725261771115368
-2.969405896403841
-2.966461291288443
-2.9656003327661034
-2.960701262876393
-2.95778010320639
-2.953824980858299
-2.952431299620649
-2.9523840403703203
-2.934049273183704
-2.9300166544655415
-2.9264117461691597
-2.924157358009701
-2.914155344153958
-2.912821769304813
-2.9114739888270447
-2.911005247146155
-2.910175551199146
-2.9049808863634046
-2.8998545080185956
-2.895711500926813
-2.884092123104341
-2.883992672615305
-2.868909293698144
-2.8683361850298086
-2.868019142741592
-2.8655707191015853
-2.8644951673643724
-2.858116672501376
-2.852346769811186
-2.8505909216118157
-2.843217964602858
-2.8430655138953957
-2.8424653624973404
-2.841681154784599
-2.840215540471319
-2.8385553036847146
-2.8381101246947864
-2.8370139727926045
-2.8366870432439617
-2.834964470745362
-2.8331164948644973
-2.830267757557046
-2.82923572249943
-2.8252268574256005
-2.8243061520911086
-2.8227418988819486
-2.820466176236138
-2.817760536846924
-2.811642465000122
-2.8059289627561816
-2.8001186403059837
-2.799739460203737
-2.79754024069969
-2.7965030423648973
-2.79524705602349
-2.7889020710821715
-2.781810263013835
-2.7811782484252103
-2.7806672284027463
-2.7789049207622853
-2.7783818225612307
-2.775254327734955
-2.773034641093188
-2.766451081542854
-2.765084616611862
-2.7633596070978435
-2.762808462718721
-2.7596681808734456
-2.755487257662887
-2.7523930176704257
-2.7510983614903637
-2.741989717772151
-2.7416257546585685
-2.7389901719289718
-2.7356248311888387
-2.730652961473316
-2.7255718710368293
-2.7238920446984993
-2.722927050980932
-2.7200387879761534
-2.7165364557962484
-2.712185439452474
-2.7114618630140246
-2.706659229710146
-2.705088431204401
-2.7047465390618908
-2.7029550801460376
-2.702356619308731
-2.701665600467038
-2.7013099418753326
-2.700992249424211
-2.698079598598029
-2.6963777699640668
-2.693219181917226
-2.688828494132051
-2.6881440710978413
-2.687810033700443
-2.6808673940987107
-2.6807965006900556
-2.675658090148675
-2.673938880584468
-2.6681069416962258
-2.666554576826397
-2.6593166623881994
-2.6564220603506166
-2.6498668815484083
-2.6476583363931123
-2.6432078712433245
-2.6409766198482365
-2.640612806122613
-2.632492108671622
-2.6323008551004903
-2.631109601534482
-2.6288696360287878
-2.6288235248256733
-2.6254184733586854
-2.6235314896888804
-2.619813626827998
-2.6180649168666243
-2.613164396255373
-2.6095216408380537
-2.609475988186336
-2.6055471332096967
-2.594705968864153
-2.593604520719624
-2.5909590117849586
-2.5870146785639916
-2.5843770307242946
-2.581225345779292
-2.579732349632894
-2.5774164906388113
-2.569005943767344
-2.568077704649635
-2.564750412276541
-2.5580785775207455
-2.558039519367812
-2.5568394896850815
-2.555982514062064
-2.5550216936852492
-2.5531573200387463
-2.5492225453438726
-2.548649681703975
-2.5423704156534006
-2.542177666835423
-2.5414381877913463
-2.5362958868388445
-2.53594009844316
-2.53590622939721
-2.530417567124994
-2.528132965897524
-2.5271236211552965
-2.524307514623322
-2.5186321159026535
-2.5167914888426273
-2.5147444421452687
-2.51033027361364
-2.5024761426028173
-2.49594668422625
-2.4943826701847014
-2.493375436243011
-2.4918707505250337
-2.4911814771941483
-2.487996323059396
-2.4849598392633245
-2.48438608802013
-2.481794862327752
-2.480216630501217
-2.479750142446922
-2.4742941224503774
-2.473675360969395
-2.473547221414411
-2.4728202124810235
-2.4725847426176903
-2.465379285795787
-2.4610420761350538
-2.4558357956963106
-2.450251191751848
-2.447664130294213
-2.4468613169008924
-2.4440489636875378
-2.4409067521535284
-2.4398476886982423
-2.4387274222025552
-2.4343474428187224
-2.433201097052045
-2.4316860762924613
-2.431235360425141
-2.430321352428928
-2.429623150193178
-2.4294161307067488
-2.4292003229394834
-2.4279339999975798
-2.4250996692406646
-2.423250584214019
-2.4198616440088125
-2.417349675763028
-2.4151292460696805
-2.4122599201551687
-2.4013344059172343
-2.4000214162358633
-2.3981588956810196
-2.394172287242733
-2.393567335306688
-2.3932443320131886
-2.3904079116846675
-2.3882445950902698
-2.3881494600714754
-2.387084172352047
-2.3864638544889294
-2.3812072982616943
-2.379180600581411
-2.3783369905180263
-2.3782526656945495
-2.377421891920827
-2.3725260983873664
-2.3699986122740495
-2.3699715011448492
-2.3689764934570094
-2.362990012178622
-2.3629455740931613
-2.3595908831975074
-2.357712657219272
-2.357673149796131
-2.3559738155864904
-2.3549080940707574
-2.3473974467247034
-2.347007523150306
-2.3464164979777387
-2.3452511697525615
-2.3421538197129044
-2.341449533868354
-2.336128494926599
-2.3307187889984897
-2.326775172480754
-2.3265523520757396
-2.326104194970429
-2.324247155230512
-2.3231302777233043
-2.318462134253624
-2.3166362650783587
-2.315952873931425
-2.315591480786695
-2.314064442231948
-2.313623428923904
-2.3119099867761603
-2.3110426923651657
-2.3050450261853794
-2.303396100055541
-2.3008812149692623
-2.296320935365589
-2.2885358052094236
-2.2850224610361862
-2.277461027236617
-2.2751317216242244
-2.26454348985284
-2.260806620443531
-2.248417256385529
-2.245091662340837
-2.243012520775032
-2.2421921624501104
-2.2411345646076173
-2.2406301176331866
-2.238607921510651
-2.238109819905518
-2.2367893115690722
-2.23515929318887
-2.2302798236325363
-2.229746813098112
-2.228471637900374
-2.2263571508233944
-2.2257616426302005
-2.2252960863011135
-2.2236648975686837
-2.2234353308123063
-2.2231034930826032
-2.2122799083621123
-2.2101690547997968
-2.2052832795165562
-2.2008563831118724
-2.200195019394143
-2.196836122220824
-2.186343413371594
-2.186115590875638
-2.185841927716627
-2.182648657805685
-2.18089020072217
-2.178943992060633
-2.1781040147526545
-2.177459987035605
-2.1772317684504787
-2.174426873772986
-2.1677175546136427
-2.166360611127733
-2.156553271870785
-2.156443427178119
-2.1521403293951167
-2.151735539252069
-2.1507623123216693
-2.143932697358439
-2.143560648675664
-2.1421748556320197
-2.140649253016187
-2.1394618001935175
-2.1394574983799317
-2.138834362429424
-2.1382657281378155
-2.1344813104900826
-2.12683892061842
-2.121733650086165
-2.115794958019831
-2.1141787275780857
-2.1135397772011206
-2.1102291183732027
-2.1101611866336034
-2.109830692708613
-2.104748645124635
-2.1025142741035023
-2.1021433693514906
-2.1020119108950843
-2.098620290772838
-2.096731705359249
-2.093273726809167
-2.0921925469017846
-2.0907788318075204
-2.0867091683098837
-2.086589238695166
-2.0863541326558375
-2.0847299172475005
-2.082241934812888
-2.0800680767977373
-2.075957398284671
-2.0756736075203204
-2.0747730160080398
-2.073913968831955
-2.0697407132156695
-2.066024005479632
-2.06594611952693
-2.0648829239774487
-2.063747169387426
-2.063362674156649
-2.0611284427988976
-2.0592848868353433
-2.05894431125684
-2.0577832839793606
-2.056943726749805
-2.056616458481055
-2.0537129385543054
-2.0515456146232474
-2.0492408508643254
-2.0488924836160334
-2.047819698487415
-2.0461902104733594
-2.0444267358998616
-2.0416435250313554
-2.041059311323064
-2.039759491961415
-2.03647639946227
-2.0358251689379276
-2.0358089827340606
-2.0257184191830633
-2.0225410771971943
-2.0133602164505993
-2.012700616980963
-2.007942282981178
-2.0054319480289173
-2.0039139262769377
-2.0006865482826948
-2.000068756789532
-1.9988621702703941
-1.997708585228681
-1.9944803259511812
-1.9928696576220761
-1.9916114265277642
-1.9906497051667462
-1.9900174973082838
-1.9892101134902465
-1.9876052126129942
-1.9847731885176025
-1.9820006084585193
-1.9817107484281427
-1.9812388372375285
-1.9797938679375742
-1.9748513375719607
-1.9718225686591915
-1.9674592492979497
-1.9651846650423426
-1.964927566816783
-1.9645604102674779
-1.960142667579889
-1.959666948046391
-1.956749857599935
-1.9560428475564002
-1.953024148161779
-1.9526389586929584
-1.9497079835567002
-1.9473733839006098
-1.9461757266546371
-1.94588952247461
-1.9447095676428714
-1.943897943194787
-1.9358614771029021
-1.9312959306250004
-1.9308686389784628
-1.9298593913749182
-1.9269685374111443
-1.9263940839431692
-1.9251296333921641
-1.9248071217923945
-1.9235065874924189
-1.9226660574336536
-1.921970917603467
-1.9194413806427213
-1.9168708221462492
-1.9145604073418383
-1.913608314784943
-1.9104642796981428
-1.9096576203143147
-1.9078666431152138
-1.9039495785478562
-1.8972494679477858
-1.896448656668427
-1.8956426555771897
-1.8948449633746662
-1.8914544522262027
-1.8862896122255925
-1.8857897508175214
-1.8852487228319184
-1.8829431655064053
-1.8811481333317683
-1.8754580901095075
-1.8747753470083468
-1.8688128791710379
-1.8682479792197824
-1.8619635940149173
-1.8618775184108642
-1.8582983339618564
-1.8571782002551753
-1.8559942823737716
-1.8549573213090276
-1.8509923224032412
-1.843293323164219
-1.8414049427492931
-1.8405956239696502
-1.8402604367610835
-1.8389593825091375
-1.8365305497229591
-1.8342786479937954
-1.8329110808749465
-1.8327206968470398
-1.832323273384198
-1.831973587841706
-1.8310776531753044
-1.824618240321946
-1.8222149396525678
-1.8217977542136714
-1.8198716462090112
-1.8189961976122457
-1.8169974172800418
-1.815864436114607
-1.8130282319593918
-1.8120443629174248
-1.8112605585292405
-1.811130454681439
-1.8100034586134557
-1.8095753199878883
-1.8091819609684952
-1.8082994621803645
-1.8035806474701963
-1.7977944565192072
-1.7960309051685508
-1.795600022020384
-1.7949979465230026
-1.7911949318965363
-1.788186311635171
-1.7873105997576748
-1.78541837692584
-1.778386190277209
-1.7774922891068665
-1.7766141217082274
-1.775294403059938
-1.7742386172553657
-1.7727788731117844
-1.7721204013004195
-1.7696036406289035
-1.7654162062357432
-1.763337272589482
-1.7630594176066583
-1.7616809037506447
-1.7540695386174006
-1.753951672572281
-1.752823871223837
-1.7526186656811946
-1.751026763413126
-1.7503047858610556
-1.7488068500311127
-1.7471001823665244
-1.7461514832051803
-1.7433620752334462
-1.7401838298726844
-1.7397114312151223
-1.7396160876762339
-1.7393177228801542
-1.7379897990758038
-1.7378989680832917
-1.735261080666963
-1.7342325044969287
-1.7282508831080619
-1.7266694237110491
-1.7223629273693017
-1.721131142199984
-1.7203549192907552
-1.7185654979975977
-1.7158387487534725
-1.708799951624337
-1.707188005550064
-1.704267006923232
-1.7020309643291467
-1.6970388814203154
-1.6943188512141385
-1.679025943559171
-1.6773660376788846
-1.6766671018127166
-1.6764411209262278
-1.676001280246428
-1.6732455221261027
-1.6718713246485786
-1.6688637415029621
-1.6625831894430054
-1.6582927484900105
-1.6565821959357296
-1.6552696007558185
-1.654376778158945
-1.6529425364672237
-1.648308245856124
-1.6452097051353216
-1.6437911147918673
-1.6416500049191223
-1.6360404943846545
-1.628279976638488
-1.6263051394051844
-1.6245200560999506
-1.6219213506473422
-1.6209775407041596
-1.6165511710428935
-1.61416142515204
-1.6131395453100215
-1.6061215108006304
-1.6041214310486542
-1.6018945623800072
-1.6015060445826181
-1.6012118068295138
-1.5998212441536734
-1.59753121151704
-1.5974915724829069
-1.5940524964168326
-1.592830485334079
-1.59247437044443
-1.5922063091208019
-1.5876659695195596
-1.5842985106721383
-1.5798538689488135
-1.5774090453471192
-1.5729467577965877
-1.5696825016155878
-1.567750703624375
-1.5646849145799837
-1.5608102475334196
-1.5587066082446848
-1.5563473233980665
-1.5558346346659735
-1.5505391808167923
-1.550046638299051
-1.5456480495183273
-1.5454364506383
-1.5436783552074331
-1.542684740489512
-1.5419291719547719
-1.536904403444946
-1.5359873421904953
-1.5323832761021523
-1.5294699780397247
-1.5279936327713892
-1.526890521385871
-1.523992082436997
-1.5224749257281998
-1.5221387767155217
-1.5207492603757151
-1.5176375165169058
-1.5172986357659655
-1.5154026380051644
-1.5141122091667767
-1.5120252428466752
-1.511647491523148
-1.5113962479600882
-1.5107362709626144
-1.497764511749119
-1.4940948242234686
-1.4926341889173083
-1.4909254244867476
-1.4891878628589348
-1.488515555967422
-1.487921326360085
-1.4876246324706297
-1.4870088837231594
-1.4858938270646609
-1.4854225486369104
-1.4854125536976992
-1.4847898684636356
-1.4801512608661347
-1.4801167850996095
-1.4780111191369518
-1.473938426032267
-1.472832150004816
-1.471537602074162
-1.4690007017206943
-1.4682863583674457
-1.462327821238445
-1.4532665207466704
-1.4525654354077215
-1.4509763947047052
-1.4479975362350377
-1.442681986869135
-1.4420513321726671
-1.4415929757549297
-1.4406726236860008
-1.436635493175353
-1.4365100402140911
-1.434327933670971
-1.4322674481961015
-1.431672483276313
-1.4298064425634496
-1.4249061777610375
-1.424870995559253
-1.4226243442128617
-1.4210766564881405
-1.42082015143815
-1.4180550218013384
-1.4173939511195108
-1.4131596343969455
-1.4115182357482632
-1.4104301183568801
-1.409458545974681
-1.4075791100093016
-1.40673878213405
-1.4061777840515044
-1.4055521986768973
-1.4054993100340236
-1.4049236441171948
-1.4004030666964002
-1.4000807564006807
-1.398827735870204
-1.39570716309981
-1.3943096037801843
-1.3892236623665222
-1.3881062136407563
-1.3877456092440097
-1.3867758637729342
-1.384737208160062
-1.3828856295460046
-1.3786053160920162
-1.3783653446646658
-1.377263886492753
-1.3748850276267794
-1.3747721938487556
-1.3737109720873866
-1.3729382774934296
-1.3712896005860544
-1.3712215831559345
-1.3700743278820844
-1.3673827094320041
-1.3659114594906603
-1.3657784916087716
-1.364860394559583
-1.358153348515696
-1.357870550396946
-1.355927663428678
-1.3554991479938006
-1.355431161363499
-1.3551535846214424
-1.3531012357946324
-1.352129760751247
-1.3505447778111908
-1.3470764633313559
-1.3467089556352054
-1.3438953910736797
-1.333962979928881
-1.3310296155225698
-1.3300895751140582
-1.3290347391744683
-1.3269762820081334
-1.3265359337882416
-1.3233578346731514
-1.3233397826858935
-1.3215946146833455
-1.3188389294330325
-1.317643905931317
-1.312894371672737
-1.312218784340168
-1.308803795243251
-1.3085304504030826
-1.303180328148896
-1.3026559050604043
-1.3015783049485026
-1.2999940538948127
-1.2994438575365015
-1.2976736583821564
-1.2975538653972811
-1.2962493778208584
-1.2961162644478832
-1.294022728046849
-1.2853588359818948
-1.2850983848064157
-1.2848664824951526
-1.2825714849107928
-1.278623935665884
-1.2757241333095295
-1.274020493667361
-1.273833320708057
-1.271994571694623
-1.2703241859667134
-1.2652394765165085
-1.2637832920197447
-1.2614014790553714
-1.261122456658293
-1.260819603565115
-1.259745482690462
-1.2593753527176954
-1.255444503241299
-1.254589568757056
-1.2522389251094546
-1.251583334344636
-1.250889995815265
-1.243424044198715
-1.2426817761057085
-1.2387889586453935
-1.2375642616256415
-1.233507329958695
-1.2313741862002998
-1.2306572681139647
-1.2300658319605797
-1.2284863853405563
-1.228164198000189
-1.2273689725537267
-1.2263508614650835
-1.2245666260004002
-1.2231334146706683
-1.2228930424641486
-1.2178679443720617
-1.2152166314664967
-1.215193019588014
-1.213526418309399
-1.2099515099531573
-1.207560607937228
-1.2072968578613745
-1.206369858542371
-1.2063439717092654
-1.2059957788061142
-1.2047447501987207
-1.2029507942918696
-1.200209111390648
-1.1995205843352337
-1.1932786027667452
-1.1917224907200636
-1.1912347438822373
-1.187760143448886
-1.1860259992956301
-1.1840939972744509
-1.1801340559850773
-1.1794093229920368
-1.1780508423655178
-1.1777438295030807
-1.1738771395689838
-1.1736463075984909
-1.1718912346786334
-1.1710872384378601
-1.1693010526013936
-1.168265636089826
-1.1679026206260086
-1.1678383159101888
-1.1661740440323405
-1.1613786700217346
-1.1572022146548329
-1.1556175307236183
-1.1532813333135463
-1.1521255913321222
-1.1519991191201295
-1.1516675632842235
-1.1470017464951618
-1.1434557918664319
-1.14275151889158
-1.1410989318954197
-1.1409805664980706
-1.1407761290295684
-1.1402892730812109
-1.1339755127188629
-1.1334185981135243
-1.1323424867309055
-1.129782183539716
-1.1286444614103355
-1.1145039817453637
-1.113852917145691
-1.1132500741293816
-1.1105374338794562
-1.1101936448151002
-1.107810231784002
-1.1075514986357442
-1.1066905728907244
-1.104136144789357
-1.1034910968636316
-1.1011055274477577
-1.0958199863471205
-1.0943453249549506
-1.0940157798995782
-1.091564713797431
-1.0892061981321774
-1.088850517190291
-1.0877783298627408
-1.0875876619974512
-1.0852926734502797
-1.0849965832893407
-1.0844224854364013
-1.082994273486694
-1.0805455103617772
-1.0766995590621418
-1.0760291428952475
-1.0758797466334076
-1.07193492289076
-1.0718773663732717
-1.0710777943516263
-1.07065739671098
-1.065725682284335
-1.0655439448155213
-1.064590734680223
-1.0642145163661532
-1.0625615837691988
-1.0622403061265198
-1.0613331241287196
-1.0608549225354387
-1.0571337389382292
-1.0538057453811418
-1.0497061528265548
-1.0468214065972885
-1.043511256337513
-1.0431646626864028
-1.0427472507097417
-1.0423134917823036
-1.040873050503757
-1.0383143951950908
-1.0380005088469435
-1.0343683336280205
-1.033820729386635
-1.0329745103521741
-1.0299000341399023
-1.0279915771263561
-1.0277579580760012
-1.0269128369671807
-1.0246607225350928
-1.024438604859008
-1.021782744172368
-1.0183566797798869
-1.0159226784268003
-1.0132174014251623
-1.0122333018357599
-1.0098188901426681
-1.0070684803474605
-1.0032304424883423
-1.0015739793512601
-0.9969928898787724
-0.9926805766323741
-0.9918565110471218
-0.988232581007602
-0.9875038087020702
-0.9834765656079452
-0.9834200038812334
-0.9832288735576971
-0.9828404112073987
-0.9804147791688121
-0.9791371821286083
-0.9786258434940367
-0.977737375678762
-0.9774020308228359
-0.9751982623279836
-0.9742956186101077
-0.9730729445976557
-0.9728993776208952
-0.971420839365793
-0.9706393795054149
-0.9705995686902738
-0.9703609744550221
-0.970266065213965
-0.9702611836167929
-0.9662047800303006
-0.9657223531916951
-0.9627792481337962
-0.961375309138663
-0.9609391768263531
-0.9607264076584734
-0.960061372764151
-0.9596098933186754
-0.9576575362540402
-0.9566204979004713
-0.9564329382997804
-0.9534511729990256
-0.9533289115637149
-0.95252264915975
-0.9522160769027951
-0.94781980399753
-0.9468349069506792
-0.9430360222162957
-0.9421351742618739
-0.9416329932681252
-0.9393141335415329
-0.938901486782604
-0.9316164997786971
-0.9308484064334759
-0.9304626053331774
-0.9303835003483887
-0.9223355961178702
-0.9199161678014403
-0.9193572818514074
-0.9192515925104162
-0.9189194889634236
-0.918242660875461
-0.9176869647260907
-0.9170726239312825
-0.9164276629660546
-0.9161920326055821
-0.914605754382157
-0.9087515338101088
-0.9020238738835821
-0.901359162174183
-0.8997893847156122
-0.8942269460817972
-0.8861412384731256
-0.8858925034075789
-0.8816301110455236
-0.8805013893811212
-0.8796463307634188
-0.8785264901639318
-0.8777820344531667
-0.8736387122611905
-0.8733328499785997
-0.8703758622485814
-0.8680823440507471
-0.8667751903461831
-0.8647290964074084
-0.8643491550343543
-0.8623446811543911
-0.8614653420819725
-0.8610543325662737
-0.8608264594966433
-0.860667606288165
-0.8593740685670797
-0.8552553348724559
-0.8529153361924742
-0.8486878116378755
-0.8486273094799213
-0.8439219950841913
-0.8439105573381486
-0.8436036848508475
-0.8417983044518671
-0.8401810517568001
-0.8398700677251851
-0.8376443627274882
-0.8356631261610269
-0.8338234934987679
-0.8291785396513222
-0.8280323475265746
-0.8276967601748372
-0.8270823170448768
-0.826672009764517
-0.8240224883598277
-0.8224383662453955
-0.8220891713393931
-0.8217620561698633
-0.8213924465423065
-0.8175937667265192
-0.8158917947038885
-0.81582048485883
-0.8129865391019631
-0.8043980169405096
-0.8021631586344319
-0.7982018611568771
-0.7977789964817141
-0.7956270159127808
-0.7932951150818714
-0.7910219010422215
-0.7890514347392426
-0.788004664986774
-0.7869953021179781
-0.7866412253218321
-0.7862808839280563
-0.7824429273790927
-0.7803581191931152
-0.7791805185721316
-0.7777200658400101
-0.775678233825536
-0.7746732777250253
-0.7714169307273686
-0.7692028026841414
-0.7688003504312071
-0.768787365860256
-0.767148473126506
-0.767096389408207
-0.7664348192999851
-0.7651911572015567
-0.7643431215233261
-0.7637655361300126
-0.7635738988866744
-0.7623417981922093
-0.757894674170537
-0.7578632386171156
-0.7547303261460884
-0.753597944514977
-0.7519286122859881
-0.7492318934396677
-0.7488029205036054
-0.7487378883008974
-0.7483443790726413
-0.7474067873342464
-0.7456409943353539
-0.7444901628135291
-0.7431985136408716
-0.7394797595878178
-0.7390421549141185
-0.738364671552202
-0.7381855363809573
-0.7332564441019198
-0.732918150943114
-0.7315035253013615
-0.7303106432281031
-0.7302946989159029
-0.7262852942407785
-0.7258318906797678
-0.721890339632839
-0.7207849653219309
-0.7159835354100098
-0.715193473685789
-0.71371233829686
-0.7125689066588247
-0.7123694426039586
-0.7119375680143337
-0.7111191242260863
-0.7101160124297611
-0.7051817862382447
-0.7047876950956408
-0.7017237751049078
-0.7008606848362777
-0.7007837113617841
-0.6997211095633613
-0.6979906396085617
-0.6959298949761419
-0.6953039537480041
-0.6940128872815785
-0.6907354597159948
-0.6874602881786173
-0.6811487464061462
-0.6762826904235348
-0.6757157339476709
-0.6754183390695727
-0.674629173883362
-0.673636330657879
-0.6726999149274361
-0.6722188361378681
-0.6717650143812448
-0.6685642635771543
-0.6649586855689368
-0.6649032051177063
-0.6623634945497945
-0.6618148629776203
-0.6591389151052524
-0.657639621735362
-0.6576258982629737
-0.6558734601175706
-0.6546527756824829
-0.6535932278761766
-0.6506252792913843
-0.6484723864055003
-0.6481926874459736
-0.6459988261683789
-0.6443612542952015
-0.6441184991246326
-0.643891682529039
-0.6432389596091236
-0.6426721808840553
-0.6422653265699325
-0.6420381739892977
-0.6411455869840741
-0.640250883689975
-0.6372248669543613
-0.635253531383602
-0.6345576072454227
-0.633581220044448
-0.6335099358418219
-0.6295612949312299
-0.629290337236417
-0.6267864678853534
-0.6257437316311089
-0.623760179473909
-0.6235224748011284
-0.6229563131137761
-0.6225216970083713
-0.6194809315429578
-0.6182701104787028
-0.6137339851728452
-0.6125828907251721
-0.6104222284773352
-0.6097312955609441
-0.6072052009505401
-0.6058560044009698
-0.5996380050444552
-0.5994956243919445
-0.5981565207022888
-0.5972445783152017
-0.5921125597815557
-0.5919914691426761
-0.5903611087520246
-0.5901607043094543
-0.5891787742166106
-0.5884159492699084
-0.5855720521649305
-0.5847674661767153
-0.5839230682718611
-0.5816306229463212
-0.5801459858641346
-0.5797933181062328
-0.5768705744506663
-0.5758517652661228
-0.5754374606377317
-0.5726879301927489
-0.5726740582335109
-0.5712095355088789
-0.5672841903843673
-0.5655537873712674
-0.5643044039942229
-0.5640797274631026
-0.5640049855201704
-0.560874556887397
-0.5592416772544567
-0.5564955741673837
-0.5547632933646093
-0.5533452886696512
-0.552238597198946
-0.5512470675860951
-0.5474694258225167
-0.5447720802422613
-0.5428173248054016
-0.5416828340358172
-0.5413038616930972
-0.5396735177549259
-0.5390940091533493
-0.5386674826315969
-0.5386335440446799
-0.5376456765338695
-0.5376299722969987
-0.5349192302203172
-0.533749721388506
-0.5331151690024167
-0.5321841929404704
-0.5282190263870815
-0.5276130449715569
-0.519213542359235
-0.5185146953979456
-0.5175622208880317
-0.5167605132043834
-0.5162278816620767
-0.5148987433341088
-0.5130877537009415
-0.512713996159697
-0.5115940652877361
-0.5104870460607227
-0.5101964395707305
-0.5097330458582741
-0.5084009761901404
-0.5069677384253277
-0.5056639834901209
-0.5050427185470415
-0.5030579241205333
-0.4959018991845622
-0.49364264384870465
-0.49239797999266294
-0.4898238079089736
-0.48943967015177325
-0.4884136235895835
-0.4877954061468651
-0.4868943940413403
-0.4852848132444648
-0.48428449129255347
-0.48423759682155815
-0.4777123102036982
-0.4770644850782457
-0.4734239400009622
-0.4705178756445401
-0.46890338827097133
-0.4686283335850877
-0.4681502233932822
-0.4655173964682625
-0.4636808383867851
-0.46339573061319916
-0.4633950640005335
-0.46131229738291285
-0.4602039205372323
-0.45900706524440527
-0.4568874642688965
-0.45168866443990163
-0.44915635622788813
-0.4480476653695656
-0.44566056531422393
-0.4449088409809395
-0.44297867557292364
-0.4427605986047463
-0.4426019197555996
-0.4400767380237559
-0.44003752402839236
-0.4397585835105069
-0.43755668779391726
-0.43731381584616713
-0.43479777372758505
-0.4341553609698321
-0.43379239865934394
-0.43162829064812885
-0.4313367915064851
-0.4312055157066317
-0.4310874954571826
-0.4287937637075111
-0.42837186522358917
-0.4252485165833175
-0.42497754720218706
-0.42163967717150075
-0.4199811757638243
-0.41671349983731665
-0.4130301035620383
-0.41077358345100956
-0.4094569313721108
-0.40694450114666714
-0.40632646256258276
-0.4057124893520415
-0.40494509799303535
-0.40343283348503495
-0.40269164988627104
-0.40247613045285685
-0.40011382973673004
-0.399956808728015
-0.3972075343072443
-0.3969288568630025
-0.3953591386950605
-0.39461467071563994
-0.39089088796635896
-0.38968073406952614
-0.3892126551917755
-0.3884641206428768
-0.38840299616886054
-0.3844504078456391
-0.3810763376455532
-0.3793166237061958
-0.37894789894366154
-0.3778602798213052
-0.3778312405228931
-0.3769950204014997
-0.37612189151590497
-0.37536325128421255
-0.3745166069156505
-0.37406279095176265
-0.37336944167827923
-0.3710458503802444
-0.37067355925606593
-0.3677325538685856
-0.3675676375295106
-0.365118020961941
-0.36459599641959983
-0.364153602639957
-0.36350877657778263
-0.35951976981337397
-0.3559941155517091
-0.3534185711283317
-0.3499541116961974
-0.3494295104182428
-0.34766424741081875
-0.34387817408074306
-0.34326273838792365
-0.3418181714842713
-0.34155149458112316
-0.3413003223638157
-0.339325752027433
-0.3382998488370881
-0.33599143186628405
-0.33554705806753193
-0.33506715138082543
-0.33465673959223186
-0.3320884468064884
-0.3312283582546287
-0.328417730787397
-0.32794855794504363
-0.327083494927953
-0.3253384853989617
-0.3249697148733906
-0.321827426270239
-0.32153984948499126
-0.32152908400849756
-0.32139618504160106
-0.3210482993233119
-0.3205859108854853
-0.3204144661570621
-0.31871847987027946
-0.3151764620581427
-0.3104770936221395
-0.3029633043265251
-0.3005287662885351
-0.29869411054028605
-0.29374088509180296
-0.29365505761225286
-0.2922939089532343
-0.29194585539859413
-0.2917294615256025
-0.2912667434844678
-0.28962370501198204
-0.2878434012270857
-0.2854694536167405
-0.28502718643627734
-0.28372219407712274
-0.28301806139301855
-0.2804350998153575
-0.2801660292556283
-0.2791470714469376
-0.2761323777428517
-0.2756106160066498
-0.2754000883855582
-0.27301014321544487
-0.27259997819756165
-0.2699368720011108
-0.26805379557120657
-0.267306318631523
-0.2667927050298359
-0.26497715177822423
-0.2611329313425659
-0.2604654429512163
-0.2602718715996418
-0.2602249680038497
-0.25968284767938976
-0.2584541956662234
-0.2570292503983944
-0.25611081407130937
-0.25581586782600685
-0.2547861616490876
-0.2536446306095125
-0.25266821260837435
-0.2505627784551032
-0.250195185311078
-0.24880773682691537
-0.24669354999731344
-0.24643100157085995
-0.24524132472666405
-0.24476866188407212
-0.24309470047443799
-0.24294049303695076
-0.24267428306974542
-0.24119053691785353
-0.24086909870578155
-0.24009217571164165
-0.23809779856022284
-0.23552381375002984
-0.23380740599514854
-0.23347733180075855
-0.23333493287714374
-0.23171510825373287
-0.2279337058798158
-0.22276697552481084
-0.2216086876924221
-0.22147435012827854
-0.21760714604491993
-0.2096276278329099
-0.20938972877665574
-0.20912916803476245
-0.20880859533493423
-0.20817912287727308
-0.20510191000576627
-0.20358505051902387
-0.20305996454109887
-0.2028112044444078
-0.20139620189539112
-0.19408171549629188
-0.19336486291722355
-0.19331767144599743
-0.1916309858664735
-0.19067894855863865
-0.18886333268499167
-0.1861257765198049
-0.18513406857988524
-0.18231929994467033
-0.18164520314341792
-0.17934181443450206
-0.17720289886951435
-0.17687853393395664
-0.17563801391073663
-0.17440124254657596
-0.17400477035992368
-0.1724816507124733
-0.17159204201871459
-0.17043843428516448
-0.17030618567000833
-0.16946215791000427
-0.16877120904502907
-0.16845305318799608
-0.16579392130616366
-0.16266203669758583
-0.16208095821080812
-0.16149186581008812
-0.15988746118751823
-0.15934027246274862
-0.1578773673910866
-0.15680168057269955
-0.15589548689059773
-0.1545760010773827
-0.15456552715625949
-0.1486104544170741
-0.1484355521264161
-0.14779702453755447
-0.14741620620210083
-0.14125791619574912
-0.1389096686488941
-0.1358682498711934
-0.13514719966561634
-0.13310611438262354
-0.1311900530714143
-0.1303130038336977
-0.12940156658203994
-0.12932277443401463
-0.12913315541064496
-0.12718554816307293
-0.1264499157877228
-0.12419653972483613
-0.12418042237437465
-0.12282779226964852
-0.12212951016086804
-0.1218406359464208
-0.12076717470280982
-0.11951702282486543
-0.11822775846156995
-0.11793148491236383
-0.11711543784438702
-0.11592462268472356
-0.11519605190332194
-0.11489224762695693
-0.11464342406328876
-0.11383625687686283
-0.11376782457249146
-0.11270985458805483
-0.11169372644780384
-0.1108693374461428
-0.11053588653657552
-0.10797459764424655
-0.1060417235218627
-0.10377966314642328
-0.10334315630278734
-0.09859894872607478
-0.09852026043251161
-0.0983524594907278
-0.0943732068930424
-0.09357415444771418
-0.09262195888967673
-0.09188265647611708
-0.0909537803770547
-0.08997195528214018
-0.08777120343884481
-0.08487896498388159
-0.08140949752300375
-0.08123320151848368
-0.0804623680267611
-0.07895670295500007
-0.07796968574338203
-0.07699441917692285
-0.07676310573463717
-0.07371580578643977
-0.07351166365906525
-0.07090135657954366
-0.06992209056601095
-0.06982060578151655
-0.06982060578151655
-0.06719767211320837
-0.06594910144222088
-0.06447233309102818
-0.0598397429671268
-0.05939616909612355
-0.05807603753115764
-0.056631996412961266
-0.05648639927875565
-0.05557985198514814
-0.05464163068759731
-0.0545242381483923
-0.05434033834781887
-0.053892887606013684
-0.053549492145274824
-0.05279097465343735
-0.05228033442576341
-0.05189260478319796
-0.051530011498807315
-0.05120451894344347
-0.05103220634173766
-0.05042089385103432
-0.04862614195683261
-0.04844552061282725
-0.04767801957474621
-0.042898645646872964
-0.04205007142403716
-0.041623918875938526
-0.041050426742290536
-0.03898316439489835
-0.038366422060997385
-0.03557139054650131
-0.033041135525574195
-0.03143298376896473
-0.030383528901517964
-0.029909544413566747
-0.02978635488531095
-0.02757478361702481
-0.026136769580553915
-0.02599187057945873
-0.02511857888279534
-0.023903152546927986
-0.023819722084151618
-0.02330511225663745
-0.02228651096029244
-0.02154915657492018
-0.016647966463622654
-0.016317697425932226
-0.014097240756578366
-0.012602436969240849
-0.012358668446932342
-0.007431388244577564
-0.0069936728612503
-0.004962033739759675
-0.004032565148127776
-0.0017305013366321065
-0.001564072846441833
-0.0014482396986920387
-0.0013615613669052395
-0.0009803359554192426
-0.00092354279260215
6.948779388460391e-05
0.0003166317072726965
0.0006744414911846741
0.001236999112904577
0.0013804071979874877
0.0039732020188619765
0.005134763143620158
0.005153334616117777
0.005552393739202355
0.006702786199070165
0.006794569289415908
0.007601333618539319
0.008300115670718422
0.011547093083517868
0.011996098270069304
0.014337074977504805
0.016556062055973042
0.017588042100152745
0.01857185197056238
0.021590236156804776
0.022874485388715393
0.024382239998943178
0.02650145595733111
0.027864540451160047
0.03160267575886566
0.031882693177189836
0.031971148883671474
0.03266001651306591
0.036622761754380284
0.03670769192231832
0.03692733653322089
0.03693093848016493
0.038404851847465296
0.038587031995021226
0.039056419632591544
0.041294452202333964
0.04154874058485469
0.04155695965422723
0.04403036233005975
0.046620433291480246
0.050513372373797605
0.05274086600485141
0.05394111765573961
0.05425712842429342
0.05444725833385422
0.055680820080224014
0.05816762286476196
0.0590386636745685
0.060552288435486545
0.06093333115558948
0.0618550236882468
0.0655121235618722
0.06797062388885622
0.0739915915331627
0.07592512040125184
0.07666085093822744
0.07758478839464711
0.07790609061569634
0.0823423446048932
0.08283269191261655
0.08287317470961864
0.08462984794756656
0.08583557355613569
0.08604831749764064
0.0866391465947568
0.08830486721220182
0.08841013352935767
0.08967338395007707
0.09079816595156057
0.0927056937951155
0.0935487353780986
0.09524836353201882
0.09528150844235717
0.09624057712250955
0.09755214120020922
0.10069883668928581
0.10411211525819897
0.10436415078821326
0.1044437160520526
0.10537281580033142
0.10584252822466178
0.10669906860101941
0.10781385692225653
0.10830864383592809
0.10850300734383644
0.1088673680489542
0.1096729103270524
0.11195146300835426
0.11330264051030231
0.11467662175605378
0.11607423079572221
0.11634022682951795
0.11755904932737427
0.1177665798192028
0.12077254964343126
0.1225567442990767
0.12364581464669433
0.12368179177934152
0.12402426409805634
0.12466385886245562
0.12503770730510244
0.12849584713811407
0.12934625960920484
0.13142847415801795
0.13396113011494098
0.14154598571822918
0.14259510888075422
0.14280440929459093
0.14329081750584588
0.14681692778813504
0.14692596802253788
0.14802978426114535
0.14849506824401998
0.14892525044440447
0.14970716106626392
0.15096436693859983
0.1512293369191849
0.15321218813452078
0.15506264328854202
0.1561154218704588
0.1568866737407712
0.15711673520824002
0.15803019966656429
0.15995099576359884
0.16123947166764807
0.16346004524921565
0.16409878079215667
0.16673884603492772
0.1676977176092499
0.16795269823060233
0.16799937172316895
0.16925539128000722
0.16955927450188252
0.1701522075912373
0.17144626425818882
0.171477826669443
0.17166461938151506
0.17317384117212936
0.17392657725387384
0.17529953108200802
0.1763616871903838
0.17687717493801997
0.17761242469904615
0.17948021217391275
0.1803400415530506
0.18095041873797424
0.18429266402246136
0.1870929085969083
0.18775961584023404
0.1887917985562263
0.19162132651643954
0.19291533008331474
0.19310664253054322
0.19669310114784433
0.19765895529754274
0.1982825439059568
0.20110620893429698
0.20121019912161897
0.20338031547424273
0.20348958321849142
0.2036084924345517
0.20636930574103862
0.2067858356060263
0.20930309381525403
0.20952187994765037
0.21169173779021067
0.21183834215502872
0.21353494755247815
0.21474522757572057
0.21693775813436844
0.2193510790767405
0.21958040119613564
0.21961520099652812
0.22390907416544004
0.22416800645847634
0.22428320009651992
0.22733429562709234
0.22880567919465833
0.22950437409635793
0.22959923301294338
0.23083238186075816
0.23338907213188836
0.23395235762111666
0.23497034046622034
0.2352259924395569
0.2362926275532508
0.23790517962937074
0.2383197704599338
0.2398240727822285
0.24105101425232955
0.24171448698376197
0.24172825624564737
0.24197748412551393
0.24275092335958653
0.24347366515980595
0.24372886071876926
0.2448320831259746
0.24555699626611344
0.24862529214311577
0.25145711164756834
0.2514830860086924
0.25269717412918474
0.2534338872864538
0.2553469856630488
0.25709662119159765
0.25855389235667037
0.25980507774358597
0.26047639394964484
0.26295554082882777
0.2632320340493311
0.2642656033993185
0.26492686368748175
0.26579831490070793
0.26685124944462435
0.2682515152809394
0.26852804317379897
0.27016078834245894
0.27506371831661663
0.2753693326930416
0.2778274269350504
0.27877842248276474
0.27894363732871363
0.2793262827753594
0.2794363934648101
0.28046298669536096
0.28128478908765564
0.2825735896892885
0.2827305232413553
0.2852740828086813
0.2853651877519603
0.2879123353828818
0.28794001035289707
0.2899271261741981
0.2940457282770137
0.29412000454768245
0.2985994813231554
0.30013238250277635
0.30316873473928707
0.30337582474398883
0.30430844704099924
0.3055093131412049
0.30812118661607524
0.31030163811818645
0.3106979230360023
0.3116330717441309
0.31246165181775853
0.3130596110886028
0.31499666707549334
0.3161621901139955
0.3237212666855803
0.32506480057606674
0.3252141436814393
0.32561439744042586
0.32738199492174863
0.32864405898133325
0.3299915168812181
0.3300006278768822
0.3306285663989106
0.33140129915232047
0.33180126057774484
0.3321316819727089
0.3330588229678403
0.3365177239296223
0.3394886801065867
0.33963374611086816
0.34202149000195875
0.34334057776695004
0.3450978010922165
0.34599821238657313
0.348590394535108
0.34891184897735295
0.3496003326781659
0.3520034658191331
0.35249028366270585
0.3541728780763941
0.35597621038115235
0.35640104483545826
0.35730075966330066
0.3576911928719648
0.35785331023054656
0.35790672498981135
0.35845796145025866
0.3595312145472631
0.36180164275918825
0.36365692303684677
0.3657592405197143
0.36595398199212975
0.36712561656067666
0.36758378313285056
0.36901579083497227
0.36964895922233754
0.3703807203220157
0.3709685451198317
0.37582519500663525
0.3762600717436648
0.378226515227304
0.37846204110042986
0.38383566162834204
0.3852072016422081
0.3871768465358809
0.3884943808270801
0.38904122853733386
0.39097871132420703
0.3918791286949004
0.392203262098732
0.39430439610560963
0.3949721022379762
0.39503462333479933
0.3953519680084696
0.39538174068612425
0.3968844574641012
0.40303571829083984
0.4042764720181514
0.40474505375980274
0.40585254286461847
0.408459446843667
0.4086280342775518
0.41114306826380353
0.41132230322943475
0.4137817722781676
0.4152289654697833
0.4153989397777473
0.4165445508501894
0.41684438272075447
0.4177815687842238
0.4189032229802486
0.4190619844173473
0.4215629290443938
0.4216514929719516
0.4220094116775638
0.4232366220522899
0.42339345617868773
0.4238423339690895
0.42588396168602777
0.4265127533108051
0.42653109993306104
0.4268669968548411
0.42720974812043544
0.43162121078111626
0.4344680571298109
0.43641820342303084
0.43681397142935674
0.43809297779419387
0.439352140481013
0.4408214768261872
0.44095845778410697
0.4416961470811053
0.44317056689847967
0.44414582720085505
0.44421310825487825
0.4454204327484227
0.4458111380889548
0.4486176002780449
0.4535946875251028
0.4569963948301017
0.4571608632024449
0.45968287929907675
0.4643470495841335
0.4648124597880222
0.4654832986657923
0.46753914592419044
0.4682703595666551
0.46978897659714725
0.4708144559329491
0.4726255586598635
0.4729178677330775
0.4733010935528995
0.47365033272690304
0.47523723480419144
0.4774175520885301
0.47880130811114574
0.47952819206165287
0.4842143796778799
0.4849621447979663
0.4851493619585915
0.4873950614624359
0.487407065864865
0.48850050256780503
0.4908702735097811
0.4915807082079093
0.4951256253700333
0.497453476209435
0.5010604045425802
0.5011795268056696
0.5036913839965899
0.5084093683072408
0.5087057372349544
0.511475333825478
0.5119116153601933
0.5134085143950168
0.5198743284174112
0.5215241697054804
0.5257332859709494
0.5262752376276979
0.5276434347325505
0.5289639614403927
0.5290924240836824
0.529482626658146
0.5309717852908737
0.533149481017135
0.5335062174965636
0.5392668357182038
0.5417621104092356
0.5435986291424402
0.5451505773754308
0.5452296084754658
0.5461301651079398
0.55292944598633
0.5529931986729538
0.55311824851814
0.5557426452023357
0.5572039932985948
0.5580421053477668
0.5581309384844833
0.558306784608992
0.5613400406522908
0.5625776302539314
0.5630404421421711
0.5640022141888146
0.564434068919013
0.5648643752946606
0.5665274693547053
0.568194092072229
0.570146255087307
0.5728020330085541
0.5760972867775518
0.5763831636827237
0.5773824073014333
0.5791588842921014
0.579345961741419
0.5860922820636956
0.5868543937245895
0.5871166557407214
0.5873269178542297
0.5934669828177552
0.5951054304903772
0.6019787768261404
0.606592456871514
0.6068900170153168
0.6073377322023492
0.6084858689682614
0.6086241591409762
0.6095201963057888
0.609530475267136
0.6104203918989282
0.6104510037918895
0.6144080075940782
0.6178759935230845
0.6181608938826654
0.61922548963724
0.6207386224042899
0.6224042544673569
0.6235520230588087
0.6264323577616719
0.6281299509971177
0.6306639215283584
0.6322935792499997
0.6327640353245418
0.6329340631722604
0.6337038817023873
0.6351010824265927
0.6352759550793001
0.63764109585732
0.6400336256486702
0.6403784291300796
0.643316866623377
0.6434746130080838
0.6457142201611323
0.6461971698307544
0.6473057849604201
0.6488392542378771
0.6512382969875911
0.6522667598002899
0.652618534880322
0.6626939543163957
0.6629826530088734
0.6670690550919123
0.6673048833512492
0.6675229819641688
0.6682323238479613
0.6689416084566139
0.6709941936393469
0.6716721237903598
0.6756584934227943
0.6764708005066241
0.6768297744447775
0.679453403641102
0.6805581763539961
0.6814881447329242
0.6827010494438164
0.6834624661415576
0.6848589843094498
0.6866150644377145
0.6876638400294889
0.6883599173680937
0.6895984148634099
0.6915208206492062
0.6924863147082505
0.6935787572011259
0.694420927538612
0.6974045696959588
0.6997211453141875
0.701084055093385
0.7014535521576564
0.7015684870127973
0.7024262602774235
0.7049095901578896
0.7051960028837518
0.7058290978890898
0.7076144008285724
0.710827816873366
0.7111426153744318
0.7121641744219968
0.7139242604324681
0.7148345247016041
0.7162014205988219
0.7165253985516296
0.7174008249045737
0.7177099472621694
0.7189758742627863
0.7198940415474279
0.7275197088067167
0.7327924818382158
0.7329128846842388
0.7351475727574017
0.7372909881542558
0.737465404238357
0.7374943705425638
0.7381578030166545
0.7381963143359636
0.738966684276811
0.7394976797773354
0.743524192189968
0.7445720454832562
0.7449526422244097
0.7459921642446011
0.7499501784692346
0.7523023732976913
0.7547268867755097
0.7548241471194796
0.7576626072164425
0.7587382269335657
0.7608942453115585
0.7609765305127989
0.7653253249216905
0.7660397058221625
0.7662459930855113
0.7667887448078128
0.7674666339816836
0.7683548923052056
0.7694285021310074
0.7694826585350873
0.7694979028785359
0.7700593764152013
0.7709353227677063
0.7776732762522577
0.7781347066282716
0.7782581633444815
0.7790190365061194
0.7819246010598522
0.7834817696293918
0.7841613287676037
0.7878893730255532
0.7893288888231975
0.7893681949888647
0.790310460153636
0.7909778682459745
0.7917576657761443
0.7951252043314305
0.7964208855287815
0.7987169108512515
0.802150325417798
0.8026364554343661
0.8058614171768089
0.807153546051645
0.8077492379509295
0.8083332412491286
0.8094299971562604
0.8104483379035703
0.8126440649520528
0.8143084242413154
0.8157973889195451
0.8205179373888679
0.8206884583791784
0.8227334461372229
0.8248603614086191
0.8271731750306892
0.8303223730313588
0.8314149558433679
0.8320948560423719
0.8349950222106565
0.8351091895603973
0.8363711277849835
0.8391152515454318
0.8391451647053324
0.8460935734944677
0.8467622810144758
0.8508201704147502
0.851772487107695
0.8527420995500685
0.8531887231012851
0.8532864130991021
0.8553332344035781
0.8564881677804781
0.8582861231387569
0.8585493962746245
0.8605199343256449
0.865148251611855
0.8654116137967234
0.8668381165828525
0.8680593904317357
0.8682101968881937
0.8691868997343765
0.8719721756033929
0.8727966604810583
0.875092626985876
0.8753725914910173
0.8766951198463113
0.8768561495444127
0.8778310378965366
0.8796898143468598
0.8817768069109646
0.8847104001918045
0.8852018923520569
0.8870036620299206
0.8882569583244508
0.8923120421277557
0.8931829672748974
0.8937047120501902
0.8947356109576687
0.8957769027141151
0.8961225206554776
0.8993933743426015
0.8996072323522057
0.9002502806582195
0.9004613819983744
0.9006741001115158
0.901531082405314
0.9015629525578281
0.9025714032738409
0.9035292062362387
0.9047807809327404
0.9079533100035115
0.9081315624005064
0.9086662536996416
0.9105688749688494
0.9133038885353867
0.9135439454313379
0.916283148400233
0.9177481713961186
0.9177542715554033
0.9189466266002106
0.924795856829826
0.9254045524331598
0.9282738316490192
0.9323903963713565
0.9332768536540564
0.9333298726949726
0.9374998937169285
0.9380467586569128
0.9414143174529798
0.9444074280741934
0.9480841743305468
0.9485419684564403
0.9523553853794277
0.9532758366913991
0.9535273567814175
0.9584817269119719
0.9585970084529538
0.9591400711206818
0.9593813612552244
0.960198975516398
0.9647692962697212
0.9648843105030016
0.9649742445531337
0.965609817506998
0.965786336609344
0.9670125194989632
0.9675246042470779
0.9676419097571277
0.9723343912703074
0.9747887917022334
0.9768156880269853
0.9774056344802566
0.9788657193014784
0.9833839144129738
0.9837366950537753
0.9838692200256782
0.9851061440129458
0.9852310812565929
0.9852931824748047
0.9861640253727173
0.9896239077648598
0.9947497382523398
0.9956399835607499
0.9957431455085729
0.9960170015160339
0.998342919704902
0.9985166444869381
0.9986568334155297
0.9988473391657615
0.9997666431327755
1.000410632866432
1.0005105996749732
1.003686554147563
1.0055167163488816
1.0082495235980558
1.0090275436403395
1.0101962827479687
1.0115001870237386
1.0115780429889796
1.0131252502813866
1.0156147652447178
1.0161238528276724
1.0167633074211095
1.0179811627506028
1.0186848046251944
1.0197105306135352
1.0207413424962382
1.0210045476222
1.0214180970223419
1.024555523774629
1.0261050284927737
1.0265923090305877
1.02882007210633
1.029084794524446
1.029523654452423
1.0296460705093213
1.0307593661649743
1.032167965732931
1.0326312237081408
1.0331400457630382
1.0339937046561447
1.0354948040324912
1.037238514753951
1.037305436089829
1.0416003727620857
1.042641668975432
1.0432004598099773
1.043493950357464
1.0447185758604935
1.048393277044088
1.0484712901100208
1.0501871522927364
1.0502980683546623
1.0513425745140035
1.0513913498287566
1.0529610552583915
1.057879710976577
1.05959734468299
1.0621512159441926
1.062421251123546
1.0666885183973625
1.0671963426203426
1.0686657626633067
1.0687267755450676
1.0693288754027581
1.075528505988617
1.0765780153986781
1.0783526970184867
1.0785324407038432
1.0830068830995236
1.0840720831298707
1.0872947708012561
1.0890526978811652
1.0896812663210427
1.0922877449443784
1.0965314410833082
1.0973920849384364
1.0998909022297674
1.1028543855892685
1.1060611392468045
1.1082638451710856
1.1083342331891952
1.1095431462038887
1.110041453995362
1.111443576113301
1.113339953444233
1.1135275884713387
1.113835843728097
1.1151760683568415
1.1166236547922515
1.1170136700408746
1.1178991194821344
1.118949686023585
1.1199699742804556
1.120438244509895
1.1223447761332217
1.1248352458830466
1.1251556733727113
1.1271354761857135
1.1311916523558754
1.132159388532383
1.1354966328042262
1.1356866872529623
1.136273870712626
1.1363828262948727
1.136499554077573
1.1372328825989415
1.1392245935373122
1.1425364769450275
1.1469762703902853
1.1497107962237652
1.1500406013590714
1.1500416774680793
1.1552902448120144
1.1556208366875897
1.1568265994402744
1.1581665127946652
1.1609119131366374
1.1627897202093234
1.1657459443079812
1.167875873346503
1.1692276686866965
1.1756347241245995
1.178139493087715
1.1785631799861804
1.1812698645392594
1.1823332675201028
1.1823350894010516
1.1827302678645233
1.185580498293049
1.1862311850385676
1.187770536463747
1.1896409103017611
1.1901540850428318
1.1910039991327022
1.1913130667875143
1.196423387405813
1.1967761091615994
1.200289581417668
1.2037478545102467
1.2058758654405037
1.209048422339595
1.2097297658535335
1.20993994833935
1.2110477448671015
1.2234543603854646
1.2267743116140388
1.2281384597868572
1.2303737201800193
1.2312884315631907
1.2320155674706954
1.233317375467016
1.235112412795214
1.2411008741084448
1.2414865116601468
1.2418570879705677
1.2430751981309192
1.2457176586006216
1.2458113053792417
1.2470267337662677
1.2480093555326859
1.2483127883800176
1.2493264225591425
1.255519605414194
1.2559417241856048
1.2567754624307121
1.2575353743750803
1.257609547213507
1.2579206933956377
1.2598476952969557
1.2611130146622171
1.2634359936862174
1.2652338336616593
1.2660519598843907
1.270052263644956
1.2710447917033012
1.2739195279565658
1.2746413164793873
1.2777989190208179
1.2794184165224542
1.2811254793571183
1.2860923510149218
1.2942720640806407
1.2968821825277304
1.29733367268323
1.298150153804202
1.3014778642023437
1.3033693323119955
1.3060412507350758
1.3096406704237542
1.309794795693396
1.310032915870315
1.3102188573504048
1.3155689327008948
1.3210012364025294
1.322187032646879
1.3254418465261648
1.325704584236687
1.3258122583980456
1.326424428320741
1.3280293237721676
1.3299840396871039
1.333996809847899
1.3340505874808963
1.3341819779779207
1.337361492815499
1.33884076540255
1.3445256851210967
1.346842055315488
1.3546074200065206
1.3565642872869057
1.358489402564607
1.3593164934467246
1.3602583276665534
1.3622835081908593
1.3670724162700878
1.3683724108565576
1.368908477139152
1.369105767839458
1.3719483918898385
1.3730783621212952
1.381511156830042
1.3838450651096317
1.3911935046935424
1.3926389110331894
1.3936547877386531
1.3944629777555162
1.3950736230073186
1.3962302950923906
1.3998827534018938
1.4031637842068
1.4076545442781938
1.408532383782473
1.4089519026353439
1.4157180153710573
1.4176919930431466
1.4199006031899355
1.4219336240628304
1.4226289213166554
1.423398068655804
1.4257538731172261
1.4299341992693078
1.4308741709325332
1.4326343258096015
1.4370560667346592
1.4383381452969486
1.4384151911925274
1.4393351192556136
1.4399998171186692
1.4420110427891966
1.4420554958922178
1.4424304539606048
1.4430280535850986
1.4462236553632413
1.4493025855783856
1.4518305564414844
1.4544273391480869
1.456576790753866
1.466439253476013
1.4683973295036576
1.4736432104765305
1.4744133449545587
1.4750663309957739
1.4768125371211647
1.4770477161809268
1.4788120588424603
1.480277906648299
1.4868436515027128
1.4874024020201362
1.4880789717670901
1.488131336096443
1.4885740422364375
1.4892608951958084
1.50004668008957
1.5010171680994586
1.5033709694806205
1.5097739951883828
1.5120749533835318
1.5142806797729436
1.5144287866749142
1.5155936031652522
1.5188471401753683
1.5216449935656007
1.5223328978865216
1.5228260188636216
1.5239223620022186
1.5310195443473034
1.5344583765353874
1.5347679331064077
1.5389020115444438
1.5451722448757248
1.5488146451627276
1.5520123416849096
1.5555116034214707
1.5568933205839093
1.5597520776131526
1.559884346815965
1.5600530890289028
1.5609322523245175
1.5654003353574462
1.5654183665482844
1.5666223868448659
1.5668606660766946
1.567512090037213
1.568676056589156
1.5739086151744681
1.5783976236242152
1.582534822282427
1.5850462018983318
1.5863490044367712
1.5873646389789422
1.5915613591095608
1.591843175794594
1.5952768939466015
1.5955954399748342
1.5995683411608657
1.6043544784612513
1.6104949550435248
1.6142769362500244
1.6171111476185995
1.6179612045399343
1.6224801204704926
1.6267707733638344
1.6297577965413241
1.6345858130358624
1.6362236489867925
1.6410878371467996
1.646824740768075
1.6522285550035618
1.6550588664869466
1.6568545650357758
1.6616979044368514
1.6647894219642363
1.6659079771097618
1.6695501670440023
1.6697262327087656
1.6711983015990652
1.672980642999833
1.6743566264003795
1.674891939850918
1.6756664693013947
1.6798594040619135
1.6844361479285994
1.6871883590098342
1.6896236444676496
1.6903111331694918
1.694992352366326
1.70010600438864
1.7013958631490635
1.712003435191488
1.7136259278445125
1.716667866073162
1.7184887708450463
1.7197314040613145
1.7299755933500025
1.730099708172645
1.7315215076789594
1.7328624612392172
1.7392747118133802
1.7398537675547083
1.7430611335716257
1.745109331015803
1.7456794020322777
1.7468251086175863
1.7469578526194094
1.7475570667876679
1.751249468137535
1.7574170337448005
1.7641058539281556
1.7662546592684927
1.7673829899476836
1.7678089801448709
1.772885226614683
1.7831792270832125
1.7857592343840916
1.79465325936803
1.7998111007629236
1.8018578128907525
1.803408049592512
1.8044755424884642
1.8092995248873254
1.8108800010203971
1.811465474630359
1.8161310159427053
1.81694169427564
1.836398906304122
1.8382365064535215
1.8459053679275086
1.850500294926484
1.8507017409527124
1.8533846729380494
1.8613850121491284
1.8658587345026225
1.8715262020510117
1.8734618764037194
1.8740990073155603
1.8753420729609434
1.8850326147151666
1.8864314472191612
1.8869714581993078
1.8912478847896228
1.8917272394350229
1.8959990291597646
1.911501922142259
1.9121718621697736
1.92316301282093
1.924385384148122
1.9338640452294462
1.9445861978771206
1.9606334735856548
1.9697792558248919
1.9783088314934332
1.978414775835708
1.981324702302682
1.9846388039474676
1.9889671295289646
1.9907410708621243
2.000466784974761
2.0033744415276757
2.0050561023140823
2.005911294478608
2.0082576288832477
2.0232492212964583
2.024309223934799
2.026146340622902
2.027766327857548
2.0321418590515496
2.0431925036909067
2.0492903819401276
2.053540573793554
2.055622419490451
2.058813889381258
2.066205507917436
2.080628441093703
2.0966483232784072
2.0993903098338684
2.100846534143641
2.106468832229135
2.1145164709696296
2.1176709679787673
2.1220569027870537
2.1228498287366935
2.1264545033102467
2.1268745270459313
2.135571955839884
2.1524304740941935
2.1537240779460745
2.1558344941187206
2.166673846293336
2.170552749826095
2.1736699261652297
2.173832616250688
2.18137625546828
2.1887438454761994
2.201831221123149
2.2101933480648652
2.2205533879577364
2.2317831887492794
2.2408485318139473
2.241329430243283
2.246976439165169
2.2503361017503876
2.2713239225825923
2.2730906647405225
2.284885368526889
2.286575990471046
2.2926838571683303
2.295380864360835
2.297452351555731
2.3137527635450357
2.331964226449765
2.3324797955826826
2.3790828747512287
2.381326813912332
2.3891481059236157
2.4063009305694667
2.409109840885351
2.4157081513584453
2.4203406832490986
2.4350592689049404
2.566184529480077
2.5719679936427116
2.6241519534176305
2.642563997788518
2.6426438140749036
2.65699487480148
2.6995168802074616
2.728274659082226
2.75919883933836
2.7782296337647097
2.8477235906120386
2.8833833228200434
