-16392.123934548534
-4102.906915556949
-2054.0062536721603
-919.4930828423402
-447.66037689441134
-340.7788151791489
-208.54935925273264
-165.11471017216752
-135.5448502675468
-127.58156110516013
-119.21886796655454
-102.05289270809524
-94.86334560585776
-93.88899004367401
-85.85967055540038
-80.39730115699281
-80.25844631460488
-76.91050361216054
-74.82645362500512
-73.80417418308339
-68.78725710034232
-67.85905195683819
-58.69124927414871
-58.426109868007515
-54.188004824067505
-50.55350877746482
-45.74531787033232
-45.161301845297935
-44.58718528518267
-43.632623697221106
-41.31711588006595
-40.9231459310161
-39.63643351900487
-39.464904834942175
-39.2390643094749
-38.55725780161014
-38.54464504500918
-34.27642181454311
-33.63630543430466
-32.98236908311456
-31.594307842423277
-31.4119886638943
-31.082679944160596
-30.75055605408548
-30.587845851335018
-29.343616824044368
-29.08510045545392
-27.846774955237994
-26.78251904970476
-26.677731797193832
-26.36891699543413
-26.085143137885254
-25.788189571104297
-25.33996360998395
-25.26197742298615
-25.1084333033465
-24.40052148982987
-23.17682566533719
-23.01241696848267
-22.505458369428766
-21.89874260317539
-21.799821125318527
-21.21720662143412
-20.599217516817845
-20.19551801026702
-20.193919494344232
-19.525288522213067
-19.266351330438624
-19.061135823702053
-18.607952115150614
-18.307581746877414
-17.572079107375266
-17.344557741275747
-17.24578895772824
-16.81694359648911
-16.774000526260128
-16.523526091688936
-16.497786970031907
-16.15160858757482
-15.81510926220949
-15.330963174689051
-15.285915171785984
-15.15907056902851
-15.07178622300769
-14.868007488399508
-14.72371232822077
-14.542436750673255
-14.504333885512057
-14.393666515885757
-14.346000129128733
-14.341949848420668
-14.29618753558375
-14.024807212168858
-13.939189041410549
-13.924205161273141
-13.795235412952497
-13.526401411609964
-13.407560817990333
-13.258179002870913
-13.109892028821443
-13.006302620614091
-12.758721845746507
-12.496736474127655
-12.200053657775872
-12.06454986886997
-12.033154827481054
-12.007941482359733
-11.820203473653715
-11.781381864952987
-11.648847225447511
-11.59535313131999
-11.58566986672791
-11.530758447885395
-11.46385411569884
-11.279892302922942
-11.269590320446643
-11.263913043226198
-11.162804194018928
-11.096781980355638
-10.631490917956395
-10.623666752456678
-10.50459148055354
-10.47622707830081
-10.301332357329748
-10.178391419410076
-10.097504527801089
-9.900333308163773
-9.864089518259851
-9.849598864889328
-9.842407320888022
-9.814656189606298
-9.665824435343398
-9.413946916416618
-9.371565631084335
-9.34404831933549
-9.264730791153855
-9.109942342149237
-8.9989973926918
-8.916815535793463
-8.883907367584607
-8.882970857412406
-8.801447522977242
-8.789512182123412
-8.514263827630344
-8.503912609855801
-8.466651348289322
-8.437966968684254
-8.34118665443509
-8.147812856747521
-7.982494149560097
-7.9623946585860494
-7.9606391068762985
-7.89678772136549
-7.878354833438323
-7.832784326279038
-7.825023579179527
-7.76012624445523
-7.745077609421633
-7.6422218301671885
-7.622012862737348
-7.576211954281481
-7.521516237753368
-7.372747934085812
-7.327513907316708
-7.325845005191055
-7.320839226329875
-7.24702212758285
-7.187748858701903
-7.156443727755331
-6.9098388480670465
-6.884684764298813
-6.8406769340040645
-6.8165060812891465
-6.79339648170922
-6.773211892291122
-6.759734848617321
-6.750255706030416
-6.651514058850978
-6.637356376129851
-6.622729959579197
-6.597956517138166
-6.572311955421106
-6.565792054019262
-6.501955055652335
-6.422479184415376
-6.4202717404309055
-6.404840521440329
-6.394047528340986
-6.32654367595401
-6.24502091225633
-6.158166277344009
-6.1300128812482315
-6.113252461575404
-6.110339942634336
-6.093770621544103
-6.071807697599331
-6.066970858905337
-6.007014276700204
-5.9928894057453785
-5.960326402278607
-5.923104859648959
-5.920858062811689
-5.752677105924747
-5.749114132619875
-5.734644820394569
-5.707546649382763
-5.683575301531298
-5.630364056331214
-5.595451173236123
-5.540096793479587
-5.507756686036663
-5.466281423143506
-5.460575459873065
-5.429529319625507
-5.39963386036183
-5.313158494603287
-5.272508214171749
-5.261177221310362
-5.205378100785227
-5.153687471689663
-5.140821308291677
-5.1396994587314415
-5.126587797932284
-5.106662204153698
-5.06952806524864
-5.007889416110576
-4.9982225005168495
-4.989856672389307
-4.9569509895640715
-4.952775072825057
-4.885832033340174
-4.8810033844569904
-4.837464448160175
-4.829781115830637
-4.8266002434607715
-4.8225834718784615
-4.800504031213051
-4.77375861709873
-4.762595718967889
-4.691637504654267
-4.667714424544687
-4.633901236307939
-4.623379274576197
-4.573706778788167
-4.555529594179953
-4.541835941291515
-4.5361420905922625
-4.508634793480986
-4.494333736671395
-4.488040396332311
-4.4846106578852245
-4.4640693451791815
-4.452517424747283
-4.426661944596617
-4.35539926471472
-4.333929419676502
-4.318522916250759
-4.315792908097808
-4.311507080506958
-4.311448286261924
-4.310967086154708
-4.306329434146567
-4.297006884441975
-4.270464859921526
-4.269893807244923
-4.263295194058341
-4.2592776754352855
-4.257919266672088
-4.226131501919207
-4.221674138074633
-4.21082316089237
-4.1638703576214
-4.150300829433846
-4.148133193344622
-4.118980848424344
-4.068576720124135
-4.039792884771595
-4.0116961934876425
-4.002334972646759
-3.9979217221544188
-3.981039030177295
-3.934323423957691
-3.8938883315833817
-3.842022547698997
-3.8146827412976934
-3.7990458075729654
-3.7897983698288495
-3.774790688289473
-3.7396427583064815
-3.699052315283919
-3.6417439197977552
-3.6229203341359018
-3.59917569190692
-3.5947913622771352
-3.590432868359268
-3.5796240077803088
-3.557315161712669
-3.5446481153055025
-3.536113374356076
-3.5229597559846733
-3.512776880039293
-3.4983136169642375
-3.4833514883715564
-3.4760471593341538
-3.468957455652361
-3.468614731913645
-3.4497787690098667
-3.4444845685272787
-3.431098995110021
-3.410726357153848
-3.380037735021076
-3.367274408380129
-3.340174993403543
-3.319023088848543
-3.29950685637034
-3.2985518880968914
-3.2930631003875543
-3.273804606617789
-3.2541447076893437
-3.251355387727403
-3.242026239672382
-3.2114487542615944
-3.1845085784980203
-3.15768554831796
-3.1394309655675885
-3.135350739126671
-3.1137173752872638
-3.1123965572949386
-3.1122935180539724
-3.0960591125079486
-3.0825791487151966
-3.0482491504321656
-3.0365488598450847
-3.028207065439029
-3.0143320779631444
-3.0074480649197683
-3.005731703507759
-3.0041564474855647
-3.0040524018891244
-3.0036743084856172
-2.9882327442007517
-2.9872011495047444
-2.976814672353024
-2.973575413502574
-2.9711106596927666
-2.9654085664915213
-2.9646639500987906
-2.962130828179078
-2.9608204269033034
-2.953932410043187
-2.948184524867146
-2.894038033150764
-2.880547942237869
-2.8706007736393024
-2.851880050164162
-2.828193557209017
-2.8126055960312075
-2.7978406632194304
-2.780513377837511
-2.7457507078033165
-2.7386380832005686
-2.7234251699998464
-2.720170772870991
-2.7197090811270312
-2.711556140280511
-2.7011617925321865
-2.696899668512513
-2.685234024983506
-2.6845552464001474
-2.6512227110474598
-2.6434213753794715
-2.6433861180480993
-2.6372660129025047
-2.6322086406054677
-2.6291020425646523
-2.622631938996199
-2.6215278417647268
-2.611905196196968
-2.6081386312831074
-2.592579223928416
-2.5782189372053015
-2.5593506711017997
-2.5017291675548115
-2.494334680682683
-2.4851251113670125
-2.479914768468463
-2.435471725434869
-2.4231140628690238
-2.4211666752024987
-2.408088705357058
-2.3927481111951434
-2.390541140636402
-2.387156660357459
-2.371571626978325
-2.360547067708486
-2.3359603651490386
-2.329101520999911
-2.32517426989779
-2.3037947422506457
-2.3028834535665363
-2.293759198341156
-2.2865442554290305
-2.280150216412706
-2.278865461842541
-2.275272641680424
-2.2740003659201404
-2.2702682819966
-2.255961448835531
-2.254170689845712
-2.247838138150531
-2.235409489231253
-2.2304416589696254
-2.219887989860417
-2.216828801546156
-2.1965403143509095
-2.183182637559831
-2.17968550288276
-2.170528107210536
-2.1688474054944398
-2.168625055197239
-2.1669956285041447
-2.1460538539629628
-2.140787170923375
-2.131893898285069
-2.1253199683588733
-2.1240414031735235
-2.1227447784051927
-2.1222161309726086
-2.1154960277349755
-2.1122997180868603
-2.110416536495214
-2.0789333680364255
-2.067952176854952
-2.0408177428936405
-2.0363643451028524
-2.0335699285134465
-2.032688612073028
-2.004275457159758
-1.9910328896810678
-1.981858442830424
-1.976496328165899
-1.9605043463481495
-1.9593959984145606
-1.958339771332201
-1.95828803451774
-1.9579729455326849
-1.9557943464134555
-1.952689562205948
-1.951672180401209
-1.9406955024657693
-1.9401486026784185
-1.9336125649112335
-1.9295423161050924
-1.901310097029737
-1.8992830434196935
-1.897974003201425
-1.8934205427419961
-1.8622761694854084
-1.840170082570538
-1.8309637302748039
-1.8309560064518884
-1.8255170243983323
-1.7967204643808636
-1.7937601863408144
-1.789999653816733
-1.7855160610652496
-1.774101286513757
-1.7735241564070898
-1.7483382484845278
-1.7362501265147507
-1.731720848310057
-1.7297848952149368
-1.7254619756073175
-1.7197783355403828
-1.7193330244647087
-1.7041964111864276
-1.7012784010808149
-1.6973038209935059
-1.6728903018914676
-1.6704824648514165
-1.6528484865707136
-1.6525829318581482
-1.6451455372073118
-1.6228764892232448
-1.6088351404941763
-1.6083110490281127
-1.590305040030029
-1.5889469703908021
-1.5880302499808765
-1.5869157008215669
-1.5819875561154855
-1.5669340489463326
-1.5542320374182461
-1.5541441451383007
-1.5500615465051193
-1.5445256652504953
-1.540553634911898
-1.5380937077154109
-1.5227306565291112
-1.5184282104438294
-1.517620060346839
-1.510985790907266
-1.5039796651236417
-1.5029729540268557
-1.4855734417104158
-1.4854789904394679
-1.4767986721638122
-1.4751927060110614
-1.4723935458255308
-1.465613335027344
-1.4615656216029176
-1.4592369549755353
-1.4539908343295924
-1.4515889837288516
-1.4512006987396155
-1.4438021677996637
-1.4435035604739654
-1.4431791771271927
-1.4365592455827847
-1.4339191826405018
-1.4247936132279537
-1.4232182376733973
-1.4179777681910424
-1.4130925588247778
-1.4115758701956456
-1.4064777621722695
-1.3983468537764419
-1.3914642908652668
-1.3835342647682007
-1.3804963598597029
-1.3800356587955993
-1.3738791471919893
-1.3679013557532842
-1.3652612364210293
-1.3529083802031692
-1.3497728328264667
-1.3433392579224075
-1.3421970593926047
-1.3247037218212558
-1.3182619659371768
-1.3086603045433294
-1.3063374787304982
-1.3060805646172813
-1.305412090903778
-1.30120941771728
-1.282878652690545
-1.2795369911204122
-1.2746274417411017
-1.2689073058884766
-1.254192848465632
-1.246648003684682
-1.2465177754565868
-1.242595768644427
-1.2221560524689465
-1.2187931601364164
-1.2180416696208027
-1.216051021562337
-1.2104457401268438
-1.2029147388674686
-1.197688052701234
-1.1968979275556095
-1.1962818471273482
-1.1935240986401883
-1.1925651877709198
-1.191534444659272
-1.1852696824146376
-1.1763636980307777
-1.1683359687276706
-1.1510565900752814
-1.1384278317217988
-1.1282211884250009
-1.1280855128386302
-1.1275093755147307
-1.1263557912204227
-1.1198798576052362
-1.1186002555063648
-1.1147497120124232
-1.1095556863859
-1.0979945404098985
-1.0874451378735666
-1.0822428893754907
-1.0694827218944423
-1.0584843787946876
-1.051326805996218
-1.0438934680225211
-1.0383554340960268
-1.0281335486459025
-1.013394214230207
-1.0100805039204406
-0.9655425864741106
-0.9546074194051074
-0.9503123036790283
-0.9476177905971296
-0.94696804108109
-0.9437177086353516
-0.9419434852557662
-0.9366027466534615
-0.9256497850606262
-0.9133683614572321
-0.8981989490968363
-0.8853489659473902
-0.8825124640674707
-0.8702632556461198
-0.8658055331555358
-0.8640806012662646
-0.862359958785981
-0.8515378688558546
-0.8498876112897511
-0.8370246835346808
-0.8368832560738743
-0.8247596294633901
-0.8180466062824698
-0.80697696213819
-0.7975107705890387
-0.7925511572449573
-0.7889766027644918
-0.7870839310409288
-0.7798043082287
-0.7756680613097068
-0.7706354605508725
-0.7667205127880843
-0.7662714987005914
-0.7655795882444101
-0.7653990970951333
-0.7607589190494807
-0.7555096852382288
-0.7540676055480737
-0.7531697659538479
-0.7439181230631026
-0.7434238991884672
-0.73767946448241
-0.733458426021373
-0.7325680580397528
-0.732102502429768
-0.714260103995366
-0.7102346332151303
-0.708661280871564
-0.698364886019343
-0.6954713302385461
-0.6953927816092113
-0.6953424701725991
-0.6905046399846725
-0.6792352730162616
-0.6745163807366904
-0.658368144487161
-0.6436256793136311
-0.636458829344467
-0.6302232081809356
-0.6275602120038288
-0.6190465023982485
-0.6169568709540916
-0.6032525532489531
-0.6013661035824397
-0.5916893763667859
-0.5874489619800152
-0.5863716496933833
-0.5815523913387013
-0.5689152756178127
-0.558958349476337
-0.5517848866197571
-0.542670469869044
-0.536255831410361
-0.5308531976076084
-0.5244532282941835
-0.5237224789416605
-0.5220266511945229
-0.5201788559906798
-0.4970411283490087
-0.48006198911966635
-0.4755847505346107
-0.4662922156034024
-0.43689032698924546
-0.4367164337169195
-0.427938992003596
-0.4268189099811245
-0.4173254688702237
-0.40473093678507743
-0.3956851643681393
-0.3944667617244034
-0.3913329163429782
-0.3641811320618322
-0.3624159822617127
-0.35826621572001827
-0.35802181336239436
-0.3528041990776764
-0.35136872998307245
-0.34707511525054624
-0.3440704174994812
-0.3315966857343394
-0.321058554978208
-0.3038701883671066
-0.3005066880666687
-0.2947993118462627
-0.2944262920761314
-0.2926963034079603
-0.28768887722607295
-0.28622755073727857
-0.2820911972133213
-0.2795900558871033
-0.27765071052995216
-0.2719760444199496
-0.27119357386180454
-0.2688051530576951
-0.2656543972038883
-0.257003733976932
-0.2338910306845361
-0.22494675392717983
-0.22463123966223986
-0.2236321988548584
-0.21725457495801492
-0.2082537140605032
-0.2064554689730042
-0.20311084365596366
-0.2021063736365739
-0.1948593346965194
-0.19378797278458398
-0.1935034000720557
-0.17828690720937101
-0.17416070001620776
-0.16494940183060103
-0.16089746812312944
-0.11989401559729285
-0.11809614742585511
-0.1121093245612805
-0.10439635823790683
-0.10377966314642328
-0.10376075847415822
-0.0857820561255683
-0.08444659436877922
-0.06859259447694577
-0.06614960606527864
-0.06564586875482659
-0.058757910430347476
-0.0517636321464372
-0.05134744046609496
-0.05003113173963272
-0.04658511917770164
-0.04561384733855167
-0.04511433684648947
-0.04173197714194441
-0.039949747574754946
-0.03411650138747846
-0.025208197739086585
-0.015818316548435463
-0.005165868837128551
-0.004661478112265499
-0.0008856705617847904
0.011585216669900422
0.01216473728878098
0.01846278833430759
0.019299021000809602
0.02147734271701407
0.03395647892150955
0.03974850760510873
0.04000690127668727
0.04510856749583325
0.04712410463297678
0.04781480033239249
0.047822367742153815
0.05471731038681482
0.06977700565511835
0.07062940762441072
0.0755588397194129
0.08238515422405834
0.08457732182493855
0.08890115596400539
0.09847556411684699
0.1017512158973316
0.1153698652005575
0.12198814841353645
0.13396867723840944
0.13957994210091285
0.14466424481027168
0.1455105580005316
0.14905021275737418
0.14907602144423948
0.15128625877195034
0.16953716099431493
0.17298960123198126
0.1798470000301895
0.18979239518608065
0.19436393193480073
0.1985234683496283
0.20272983002903294
0.20308579429905138
0.2058337760189437
0.21386510441602316
0.21974370787985176
0.22216468210019108
0.22380691751340712
0.2328014384657512
0.2362962428404165
0.23716179540358617
0.2612675611132894
0.2618545836695693
0.2632841959114752
0.27606045862747763
0.27783438460150445
0.27993294520446643
0.2801714559366856
0.28169510166795514
0.28923585978688626
0.29376498710963894
0.29783191678586685
0.30138002071616177
0.30138918778461166
0.30951120683084843
0.3147147774466906
0.32289566543382764
0.32299456164763723
0.3266222355785211
0.3271413092198985
0.3273190415399583
0.3419423751346681
0.34858857070348237
0.3533311617630357
0.3632849097054143
0.3694306227732357
0.37599920719281954
0.3853630409444784
0.3874833180178833
0.4090338629994774
0.4094859601393439
0.41022262656402875
0.4218184355148414
0.4253966610568721
0.42911539021669104
0.4335365055676669
0.43641294971875444
0.44551070070124266
0.4520806011121606
0.46214967854369904
0.47131804314162734
0.4881696031468951
0.4978835140363329
0.5011901749416561
0.5172921909630848
0.5181727920520822
0.5240626501542044
0.5254646807406455
0.5335050726128745
0.5392792411351709
0.5557617889018049
0.5591464130033074
0.5624696224835424
0.564038003409477
0.5659230548303826
0.5677773141775633
0.5689396818738317
0.569102776152318
0.5713991035769406
0.5763016275222823
0.5906331035321879
0.5929380255167431
0.5995375735392299
0.6024759720209993
0.6041505529647668
0.6186770970052744
0.6198949259388047
0.6279478083070333
0.6339554191706219
0.6371186549374654
0.6395005826989897
0.6491623146763736
0.6510078187608628
0.6523968670324256
0.656782582908519
0.6580349290097572
0.6718997718756228
0.6843223707967457
0.6854340472659544
0.6892482565164164
0.691472810896834
0.6955752043467203
0.6971573811755647
0.6990553774565424
0.7110406754282758
0.7262242499818093
0.7267034172801872
0.7682087872757545
0.7768785771745248
0.7899861531468796
0.7957202637650668
0.8104362560618155
0.813427118228057
0.8146368943205236
0.8149373505860651
0.8183520941333288
0.8199675538815504
0.821141743573447
0.8237099121448022
0.8255782981011027
0.8257998065463668
0.8281537578990159
0.8325880256719099
0.8379063852547822
0.8468664057758053
0.8504887615322352
0.8614375169572609
0.863464539900095
0.8662355972719754
0.8708470238923486
0.8723825010149845
0.8725849163776125
0.8779402335169095
0.8862555818603558
0.8998605943422032
0.9029040622712744
0.9037568733637122
0.9074960651403468
0.910374000340854
0.9113903203280842
0.916473202646524
0.927261206031484
0.9306568634281618
0.9318119832032666
0.9333185583818082
0.9414305085352468
0.9433625088110004
0.9521310911497838
0.9629137032433275
0.9679971414231486
0.9775252281003006
1.0035419371165357
1.0067005507101374
1.0191774492219192
1.0296775032491543
1.0366197047779904
1.0554170073936748
1.062719610206567
1.0761716832202788
1.0766370333330737
1.0778987306555157
1.0787775198997869
1.0837051854696007
1.0911085621534282
1.0917713515435403
1.0948637722950518
1.103202465003834
1.1104158425866797
1.1332155914997986
1.1470587191721529
1.1509762346076131
1.1724774281167532
1.1807213134725973
1.1823479209015217
1.1888985560010048
1.1948006187149929
1.2170944567293522
1.224774095578469
1.234613028012834
1.2351045205976166
1.2397836456463165
1.2488506273336397
1.2495311443759773
1.2619720515980353
1.267523628373624
1.281779372365646
1.2833100465885543
1.2849944140673482
1.2890732130130373
1.2995597062162814
1.3037941728713014
1.3213441013338618
1.3404950391979802
1.3728453229440052
1.3886863520164772
1.3956634056409614
1.4144707628247128
1.4210601824719777
1.4325209964378738
1.4374269722435737
1.4480127624255377
1.4516090931355228
1.4658737622032336
1.48659863406654
1.4910801178374877
1.51899554389342
1.52265172416294
1.5261449731421441
1.5436269300791987
1.553763480040475
1.5691887863174347
1.5701312280646649
1.5792241580132567
1.6021399879095892
1.6049195157590646
1.6384421974100705
1.6539677856126607
1.6566792965527617
1.6696559859121258
1.674346994547908
1.6759519537785614
1.697639410736699
1.7083084620242646
1.7261599528188312
1.7335326097928587
1.7430419087716365
1.7462732784111399
1.7747334238519055
1.7748129511054034
1.7949666002655342
1.829240171518862
1.8340697299292752
1.8506671749355545
1.8583589975927237
1.9055078961292933
1.9231935642487636
1.9342254956879175
1.964391236641511
1.9903579325562355
2.132178763181434
2.1621194037913813
2.2221930551073137
2.222375175505454
2.2234628140516306
2.233832560737968
2.353704660039253
2.363185758124554
2.3734114607216132
2.5666434710531774
2.6742047916917673
2.7027875773014394
2.8500229985092096
