-242.32893257987183
-219.09965636278332
-152.60188653816303
-135.39556575513222
-130.403494191029
-128.74073191615722
-128.33859051732898
-114.07547843653582
-93.50068202088464
-89.81702548482322
-89.61124998188802
-75.9573726994513
-71.64796765300265
-69.70344861169113
-64.61449094322425
-61.091883353143686
-59.051178105430616
-55.60049787552207
-49.541782396926756
-47.836804879379415
-47.398430512894265
-46.51725108213037
-45.80065677541331
-45.111265003480135
-44.768765386173456
-39.27270733803503
-35.04382489679328
-34.759183801269195
-34.48601588066853
-28.54363132204779
-28.063049473362632
-27.59444986020999
-27.12544361730651
-27.08695281388176
-26.661811306284708
-26.406920147938244
-25.687066092851616
-25.542002878497243
-25.445416967529603
-25.285285468581684
-25.246084359847067
-24.795926470975576
-23.904128100609096
-23.47060479051427
-22.894936770205103
-22.770881452193713
-21.982159305776257
-21.881576521825483
-21.205329957505967
-21.016858327952317
-20.566612217315075
-20.371839390802148
-19.60813984536493
-18.39895391373399
-18.382068729890076
-18.305230155513563
-18.03639521100006
-17.70437193211609
-17.700539617111023
-17.409079924041354
-16.29864656413112
-16.210362648073577
-16.059485769838282
-16.04425108025415
-15.530980058897494
-15.50606863691636
-14.936638282000782
-14.841940718723052
-14.721360430396981
-14.531893077891706
-14.520841519165572
-14.496763503826958
-14.39384170437209
-14.381952712362391
-14.317795254402053
-14.291163338849556
-14.170070723800986
-14.143851734141387
-14.022594350496934
-13.609213714230625
-13.502297149472337
-13.234199092238772
-13.126029316869543
-13.092888273831704
-12.973988509099577
-12.96460463885396
-12.689430442275341
-12.689316721967288
-12.482338687700658
-12.34614839709512
-12.339552589236737
-12.05131927357753
-11.148218853151622
-11.12361598415321
-10.998760568891027
-10.978991688717766
-10.792850804483187
-10.550198929620612
-10.469899252147075
-10.466243236627315
-10.456435483053985
-10.322994460203464
-10.273911774277275
-10.246953536602685
-10.164783927130811
-10.018675471115746
-10.001855329913937
-9.746788243524941
-9.59325992069436
-9.541367722556794
-9.48811862205547
-9.446995317026285
-9.387223281535194
-9.384829667040092
-9.22295676561188
-9.2053077993972
-9.070224611357975
-8.994665673039947
-8.967289260632835
-8.855470762848341
-8.821879846291367
-8.780327443984511
-8.588657454020524
-8.57872106068217
-8.572109826773247
-8.528280883645934
-8.527729751016949
-8.477979574681564
-8.473669664358358
-8.47007488010668
-8.419149333657398
-8.384167047002483
-8.357251157680002
-8.316956018646659
-8.259650709265411
-8.24329641264423
-8.214255707152745
-8.18953085831384
-8.150063421072982
-8.035943173489224
-8.019999883338805
-7.926181535731312
-7.862875305344373
-7.795529058486058
-7.787951384560702
-7.770534875450414
-7.768622847993041
-7.720020007523439
-7.610184278303863
-7.602697269730087
-7.5425910700720475
-7.4139864875576915
-7.373944390662368
-7.372714730298262
-7.37110058769766
-7.3603223717975474
-7.35836926611051
-7.335454044084533
-7.172942609075729
-7.162531341781775
-7.14217451811305
-7.1328646861505645
-7.127847686417141
-7.12221294083028
-7.039042532720479
-7.031054167677892
-6.991996947046395
-6.922071419335668
-6.91008772913562
-6.8743005604709575
-6.848311906666287
-6.776954615109752
-6.758656619409488
-6.758219701749507
-6.733715771095156
-6.7137117733109415
-6.671828290254326
-6.664634418274662
-6.608870951312271
-6.6055238230105235
-6.579145473653007
-6.548305997768791
-6.538136237542272
-6.480333930224512
-6.467209120794622
-6.445610312286138
-6.423204698713596
-6.4128732789277265
-6.3750635054435385
-6.36683148608219
-6.362185791978728
-6.332142004818888
-6.292887694629716
-6.257997246975307
-6.154052890314139
-6.146473111547086
-6.092995036748903
-6.091935929909381
-6.009571629037004
-5.968500851118273
-5.940210472115906
-5.865896968589924
-5.8470387547613445
-5.812789917895129
-5.722529369060488
-5.689391717096613
-5.68711767768197
-5.679931945731997
-5.670378795035589
-5.573812701945543
-5.554071168553267
-5.5235084791933
-5.518482484358071
-5.36216526379787
-5.334066015808061
-5.2941520951081635
-5.267125221818016
-5.262209966487997
-5.234535005213089
-5.148811805066793
-5.13729224656926
-5.105802621162951
-4.996663324444619
-4.933816833183707
-4.895987584971662
-4.8763128267715405
-4.869553255126903
-4.866007108822356
-4.863482464270303
-4.8031059322122625
-4.778828143490234
-4.7572530393517205
-4.697728881856115
-4.677041552107134
-4.672609930170836
-4.65479553902481
-4.652737488928427
-4.651193418893303
-4.633467618828113
-4.629589140512979
-4.603382318166333
-4.60230127926164
-4.559826863857793
-4.550692348898869
-4.521694404756793
-4.512016137662524
-4.507559162822998
-4.474681221274002
-4.440968744237107
-4.430190985594556
-4.38118403821953
-4.366935748270381
-4.317588216519721
-4.316630967194483
-4.278399911574367
-4.273455283926072
-4.261017166581846
-4.248911955108367
-4.20418707785643
-4.17968758959838
-4.1374505940919954
-4.092440754645198
-4.089515608654977
-4.081223326894403
-4.0770185147955775
-4.069153741304564
-4.043972110888228
-4.038755613088602
-4.033641421885167
-4.025860162467009
-4.025859967370357
-3.987110397719325
-3.980013543393021
-3.952918129798925
-3.9483152613183816
-3.9437896842041824
-3.9358511942374204
-3.9323767120255537
-3.9321316061954406
-3.9211505885517797
-3.8977506808088163
-3.8893134822091424
-3.888571027960854
-3.845324345023971
-3.8220230422596124
-3.8010011921569626
-3.7938583303954476
-3.7894049835774974
-3.780251163385462
-3.7642542221904125
-3.749148135086485
-3.733943005841233
-3.699137205752312
-3.697641174347458
-3.6239268001343374
-3.6115909511454287
-3.560152076232228
-3.414930274757664
-3.4063911510578997
-3.4006583549783653
-3.3895467154980494
-3.358397232232962
-3.34380015097904
-3.3383088546438646
-3.285262756943447
-3.2832139229954134
-3.282080075504405
-3.2761178749362436
-3.2396515756252633
-3.232026087441451
-3.2098696614721685
-3.2089558200945785
-3.199539126494534
-3.1822859921177127
-3.1600621700751104
-3.1539846523725994
-3.153872797850786
-3.1245881948701717
-3.102733809257149
-3.0992429691051004
-3.0669817942016886
-3.051531481103867
-3.0449809319208643
-3.035276402209008
-3.025388286190961
-3.0150048136121645
-3.0073333870630083
-3.0028449362322807
-2.9962085368633495
-2.989995544941013
-2.9848141214488697
-2.9419702304117625
-2.919059117143888
-2.900782739107559
-2.8540053736148923
-2.8448335814485657
-2.8417129700060597
-2.8167997715944764
-2.8165298824560203
-2.807219211666309
-2.798384817623816
-2.789866531634396
-2.786800259828544
-2.785676856036344
-2.7821048483516213
-2.7454724207535595
-2.7401466071242706
-2.7204618859446543
-2.719616340349533
-2.7188528180019276
-2.705451003485558
-2.688923939238182
-2.681086042170751
-2.6580564766017623
-2.655881899326285
-2.649541489389301
-2.641127768162047
-2.639905165233059
-2.6386145727260804
-2.629396035386145
-2.628733675893964
-2.6209374773577006
-2.6198589201893645
-2.612696608818906
-2.6027186369592927
-2.602216239177945
-2.598852682317142
-2.5956075068567976
-2.5817661985674976
-2.5801635602780304
-2.5466459110292283
-2.538263424636076
-2.5309262173973957
-2.525552148396834
-2.4883934627214814
-2.485483771708699
-2.4818205560306366
-2.478998470963092
-2.4742817338859986
-2.4631434673317827
-2.447837759105446
-2.4442571222367935
-2.4412569101127026
-2.4209961416953396
-2.397369097454646
-2.3852679305545528
-2.3660385180560164
-2.3611586471472292
-2.3442371962648263
-2.3339204806016376
-2.33154020079248
-2.3066840598748772
-2.2996599118523013
-2.2971386314828144
-2.2954818488544317
-2.2900407003828187
-2.2790092254436223
-2.2726941389299924
-2.269036663227429
-2.2610224816873328
-2.251485174894997
-2.247634684934628
-2.210273612495967
-2.2039587359614767
-2.2013101647634405
-2.1958025598875754
-2.1773528280510916
-2.169568878917337
-2.1601673924305502
-2.143250763517765
-2.137062125451244
-2.135342798990239
-2.1315754955127386
-2.120103206510321
-2.081230877861605
-2.07753692033027
-2.076407670763158
-2.0727391596646974
-2.0670373238187914
-2.056920536149009
-2.0370558368931455
-2.0150495313039256
-2.0070279094932366
-1.9929218370780615
-1.9401634014095228
-1.9367394562201221
-1.9313969492406702
-1.9219551188145916
-1.9106723569188953
-1.9034184247977253
-1.8784705335308902
-1.8726351120974387
-1.836394862022034
-1.8263982819251854
-1.8189023423986117
-1.8152167108615107
-1.8071377513323437
-1.792115267888794
-1.7897539778695077
-1.7803924973290088
-1.7675441251847284
-1.7524362767874657
-1.7417978528679274
-1.7384598368385742
-1.7290463948923438
-1.7170065425360455
-1.7021522216250873
-1.6923990455496045
-1.6905129345304943
-1.6729469804673287
-1.6478052429360643
-1.6430263459740948
-1.642220299286739
-1.6346961208743755
-1.6314848966913007
-1.6151304652554903
-1.5917923659401179
-1.5899582161760581
-1.5894750755559344
-1.5844635701902505
-1.5561201457821583
-1.5467208274958206
-1.5418442978265747
-1.5400456166406546
-1.536554341002617
-1.5127477316251587
-1.508328458987865
-1.508209608052137
-1.4693441093710518
-1.4636224335771737
-1.4581801647403219
-1.4382194686490954
-1.4372108431911264
-1.435884304915548
-1.4290496105723745
-1.423719559950749
-1.4013347898998247
-1.382142907363936
-1.380072073807191
-1.3768509130167514
-1.3765020700270991
-1.3710233898447983
-1.3701054511451616
-1.3608839088458047
-1.3422933343007408
-1.3261778316648847
-1.3256125857235395
-1.3232360690924372
-1.311077521570958
-1.3011380519902689
-1.2864129394626003
-1.2856309458628432
-1.2854021740967618
-1.284108661975345
-1.2765403525213301
-1.2749700838112106
-1.2648930230296327
-1.2578505921441403
-1.2569734199134994
-1.2469773491421727
-1.2450196034885748
-1.235192603927014
-1.2182979645767604
-1.2164565018259728
-1.2030843186729987
-1.1883976603648154
-1.181827683202561
-1.1738054386554455
-1.1603410904230054
-1.157983910071656
-1.1561625481590152
-1.1547625757467896
-1.1546140136096323
-1.1541130724967668
-1.153066285296425
-1.1462054544018985
-1.1442639921170132
-1.1342403473327662
-1.1269299597829476
-1.1216097110574128
-1.1210126904589495
-1.1122470929682007
-1.0947052324826556
-1.093578722159987
-1.089378919878049
-1.0885587436605821
-1.0831110216597417
-1.0816675026513156
-1.0806819256545952
-1.078706995098648
-1.0770767878481846
-1.0701661687146293
-1.0688690961867189
-1.0513283052374802
-1.0420363493802083
-1.0340579845803668
-1.0251979297429699
-1.0215933024564832
-1.0136876678113387
-1.0126922694710034
-1.0009966762766873
-0.9867687506034816
-0.9818645808316374
-0.9656702365719848
-0.9637430114773836
-0.9599612946558025
-0.9509352852929452
-0.9462542100061796
-0.9404014647458403
-0.9330902968315495
-0.9291389934471298
-0.9287548867248719
-0.92387841301344
-0.9214988828174465
-0.9179968865569313
-0.910616068200095
-0.8883899829741293
-0.8866259418701539
-0.8866227576853704
-0.877149419096802
-0.874767288322595
-0.8671451513103334
-0.8632258522179754
-0.8606171432357392
-0.8531264635034285
-0.8451799368708177
-0.8342740208994575
-0.8266856752269724
-0.8126399621825282
-0.811488558209935
-0.8071636811723366
-0.8054530830724278
-0.8004955453734766
-0.7956462958771461
-0.7886870925335402
-0.7798845148321663
-0.7770983366440883
-0.7735120583933824
-0.7710988265037424
-0.7704646754159696
-0.7574029380207885
-0.753876266465191
-0.7530595949795942
-0.7494392755777186
-0.7417477794127719
-0.7365382433655633
-0.7217495013355705
-0.7189400695192125
-0.7181616814616262
-0.6969239283434449
-0.6950262791391344
-0.6901146599775896
-0.6821922556178805
-0.6770997013166873
-0.6478447509307005
-0.6464818841267139
-0.6451505674830476
-0.6104215384352377
-0.6095777275673743
-0.6071527450809686
-0.6068373719494873
-0.603492198573687
-0.6000798477772663
-0.5948066658356169
-0.5806604585881249
-0.5772724939172038
-0.5719525817001136
-0.567951392594494
-0.5667750867423114
-0.5640812173301184
-0.5289029810702238
-0.5204736904766272
-0.5195205472709432
-0.5175048169575848
-0.5168820626352734
-0.5086992790950164
-0.5075265709977211
-0.5007735622619334
-0.49695841596094575
-0.4962131851181201
-0.4818396560754726
-0.47368684688284723
-0.4687728084321112
-0.46794938891864285
-0.4628992990626719
-0.46096684401710314
-0.45865206948567894
-0.43764351552523195
-0.4345438433783322
-0.4174539013775429
-0.41558897107231907
-0.4131431362061114
-0.4089754188173227
-0.3941784854891949
-0.3901592457553999
-0.38350922963185347
-0.36741513124993785
-0.3652559522110921
-0.35229650532872175
-0.34682051783856693
-0.34386604920149
-0.3307719459442554
-0.32614396841635696
-0.32053246479426334
-0.3191596775873622
-0.3120774118610641
-0.30604152319003197
-0.29371671380561964
-0.29084249748584834
-0.2826920367189878
-0.2817710026401323
-0.2802842284545526
-0.2753140619505422
-0.26855754650624253
-0.2655907067994553
-0.26530707419103305
-0.2642866512964525
-0.2532212292959997
-0.2501847986056731
-0.24914963982244037
-0.24669004668599082
-0.24357066779825676
-0.2427130232922846
-0.23871185011069018
-0.2385421240426337
-0.22486649022176397
-0.21983732366457148
-0.21865256536281258
-0.21178430966290218
-0.20747608740417645
-0.20157618723419746
-0.20056076831106806
-0.19688319366909257
-0.1945654054441811
-0.193266032059864
-0.18494353240116285
-0.1845444702815126
-0.17035991696598962
-0.16942212045786775
-0.1533214548252273
-0.15025446463614756
-0.143797171102516
-0.14184390489306514
-0.13301167290874827
-0.12590914945204268
-0.12527996336220615
-0.12371829475763174
-0.12215068438784649
-0.12194153216107334
-0.1118802599524753
-0.10961860198130047
-0.10539761125514469
-0.10528720249330803
-0.09646150539592735
-0.09595602500741307
-0.0940466868867244
-0.0861058374895016
-0.08280863480894984
-0.07712241484537691
-0.07454059127101686
-0.06985376465508031
-0.059357493324933654
-0.054766687271276204
-0.05333533981962413
-0.039773726070401305
-0.031284925324176815
-0.027174315487089706
-0.021802043691604128
-0.0200707433737064
-0.019673600397774493
-0.015007794660807594
-0.010069637562105827
-0.009685043191468456
-0.008036597487820707
-0.007249689628625378
0.001841819897803354
0.0059139085237794875
0.013290620931743033
0.025909410154598356
0.02708915196440869
0.031100765578040923
0.038722673630639526
0.04378123604623946
0.046338789425553806
0.050435285004533315
0.05049027688723584
0.05105864136973415
0.056032202316573465
0.0700864102162474
0.08720962215793826
0.08803496354057527
0.09106371698458315
0.10025801742750096
0.1055414435769898
0.11408296659266742
0.11863829356991948
0.11875014444966474
0.1283874434766047
0.13642356241380738
0.14764841209466775
0.14815661821050796
0.15593158898727355
0.1572954613127484
0.1618385031549281
0.16806726044928033
0.17954615005261948
0.1816158638260602
0.1871087464011625
0.18848022789342778
0.20597131336258112
0.209777248615034
0.21215957568157873
0.21738692270476156
0.21825438632669245
0.2230793180046553
0.22448069367295148
0.22994056761342418
0.23585748344197
0.2432234264529314
0.25423597191608593
0.26689521741336253
0.268530149994078
0.27021106370606623
0.27420306311146514
0.2744715352927307
0.2769614617419362
0.2888246617062823
0.2901942938386123
0.29233616285051645
0.2975006102251052
0.2982483345881226
0.3020540891254196
0.3029037221119253
0.30807766967638206
0.3106222469462411
0.31255025701767714
0.31351099951420136
0.3241214595924939
0.33148651601973533
0.3456661076557462
0.34895533663853584
0.3492167225032449
0.36155302642398013
0.3653233485156948
0.3694199646944686
0.369978545771837
0.3768127702766847
0.37952448854783083
0.3816062601015002
0.3885861453340821
0.3911664764583651
0.3992351757668356
0.40652465595038306
0.40828322693649244
0.42262671364698345
0.4301931990892086
0.43222921979698303
0.4334035503064061
0.439421323068125
0.4483813848337721
0.47814902286648314
0.4803997006620023
0.4815098093063474
0.4874931965020624
0.4936188165287263
0.4942231235637958
0.4943448303950936
0.49742339476850617
0.49845254390931604
0.49862808035776107
0.5005381655731438
0.5060776047326352
0.5194701521354792
0.520652183233898
0.528699656783817
0.5292315423203564
0.5513291005597574
0.5537136532201149
0.5625586055737695
0.5691412113429679
0.5710106885263595
0.5731018658186398
0.5850631803779652
0.5910755949349229
0.5916805774591821
0.593449992835813
0.5958904084049179
0.5972855937211192
0.6050287851310565
0.6068719252083615
0.6094819255089221
0.6198643880597021
0.6217739924470779
0.6246178248239083
0.6256848812517191
0.6271273913005443
0.6290058157174104
0.6324000571961479
0.6351469612137417
0.6451652787301423
0.6552770733995875
0.6555518725702882
0.6595289252242612
0.6617033613662888
0.6698476509671911
0.6702161364010961
0.6707187705979245
0.6758194999656868
0.6777330180395238
0.680582226217275
0.68450890628585
0.6953210188163147
0.7073847072660363
0.7175947825052563
0.7194813379156592
0.7245217799762328
0.7282673102228161
0.7402817403577939
0.7587037147859125
0.7656385024691429
0.7697217305984403
0.7813511465274962
0.8087482805572197
0.8094140103942541
0.8115896657540647
0.8130759250810257
0.8154725333076505
0.8189644384800115
0.8194212260301499
0.8218429691993346
0.8258267635609876
0.8424733825107551
0.8469963408709362
0.8482909301259588
0.8609390468270424
0.8611865486854902
0.8625805478446852
0.8730699353319915
0.8836399509706027
0.8912103046030201
0.8958427081030845
0.9001818741719791
0.9091911862528714
0.9203758289725613
0.9383138903400974
0.9418889031357218
0.9494887784383002
0.9530440791035144
0.9560929073893557
0.969276023159667
0.9712963105289324
0.978288235822976
0.9820567425220905
0.9903545936343099
1.0015489047680606
1.0143103244562741
1.0144524208382375
1.0195909821614069
1.0252458694172093
1.0407497050540684
1.0527627255590117
1.0556404334831817
1.066301804340863
1.0666414963092894
1.0668270954854464
1.0759842441991059
1.0988301319064204
1.1183921044897858
1.1272588736463813
1.1297528421129142
1.1317630538409709
1.1373643576537618
1.1387946702633494
1.1393360491923177
1.159045519856796
1.166291025147873
1.1696310297098929
1.1761220573107103
1.1787098416399773
1.1805533077757424
1.1821405833311251
1.1864661454544747
1.1993805607216061
1.200247585353693
1.200333303558478
1.2068553942274378
1.230021175330414
1.2358359426420689
1.239264848653001
1.2434862277398462
1.2557513037944725
1.2628922153802538
1.2658847994869706
1.2755576459917883
1.2837770818340013
1.2968418098664936
1.306998094356038
1.3105526866887833
1.3166511051115062
1.3167809586039665
1.319854887607088
1.3379255195714528
1.3503981057522036
1.3511163045446914
1.3525773742802594
1.3552138369289628
1.3578015140900601
1.3606489931329695
1.3745168943760233
1.3828759245269322
1.3885807148621976
1.3921471790741915
1.4069189194347116
1.4097313142401662
1.4116403605300056
1.4126607743853425
1.413373883165828
1.426480284171185
1.436264128900004
1.4371390224202623
1.441771784092934
1.442246749388146
1.4506177686310386
1.4675626019749577
1.4756405748071986
1.4853053676824786
1.4965657354647162
1.501301380440367
1.5175306135907172
1.5244702044126348
1.527071499372529
1.5485323648556082
1.574412529957117
1.5749771780714843
1.586178091515698
1.593923660364836
1.5996692839152145
1.6173883253409371
1.6361270683818938
1.6887981740760467
1.7025109940503689
1.730746598909476
1.7367581336570512
1.7497700568124224
1.7528817245517891
1.7536682934172738
1.7581622154592493
1.761398505557489
1.7635304967586558
1.7832672628844781
1.7959153480640977
1.8282413078972084
1.8417476485195183
1.8492913315834771
1.8552445267064233
1.9084651087032678
1.91362078416868
1.9194656313981406
1.9498982730685896
1.95950943012663
1.95983973452724
1.981864303175556
1.9908597480110548
1.99166713882979
2.000616613570351
2.024674713416009
2.0429228162784048
2.0861985687450098
2.1278958546934597
2.158386469246096
2.1637322808755215
2.175322631147755
2.228180633836311
2.252317501007778
2.2984680332828322
2.299283471148205
2.345794857813476
2.3888795709167154
2.4411971190304964
2.4693592345638793
2.5598762826202703
2.608684639366296
2.6339874953060365
2.718468327963746
