-3285.8427149523854
-404.6645419064762
-319.60713062156805
-253.97649697787477
-165.19403183332898
-152.85213308052502
-100.31979011074324
-93.7177213740738
-87.89170661364096
-77.49329377838558
-77.02139924082411
-73.00383135022554
-65.04372023101809
-61.53390127612102
-61.5246546693822
-60.335539776042225
-60.22050107861322
-58.94530986726474
-57.3986323368851
-51.660082819963364
-49.876618400172454
-43.38125980152941
-41.81503312740211
-38.75715537508161
-36.77760118550601
-36.69508177345156
-32.69329377210554
-32.40665929383616
-31.326159697550157
-30.7741127243468
-30.6576026747935
-29.88581017334254
-29.086261400744363
-28.537313652126684
-28.4594868897495
-25.922272975167353
-25.61276908760146
-25.49494773499279
-24.6776574313081
-24.33343427817928
-24.202801817987496
-23.954708172929234
-23.550165540731275
-23.35339303547597
-22.326134858868997
-21.701210090782126
-21.17236201665885
-20.80845801806449
-20.7118277426457
-20.645962934768114
-20.38884876915077
-20.059489297242553
-19.925214101131555
-19.848822507549574
-19.466997128965982
-19.316969398666448
-19.281391266804686
-19.06732110687154
-18.985626937963893
-18.377462466750956
-18.33724893960971
-18.251428193335993
-18.03754517624228
-17.850498540366555
-17.19211035664485
-16.92285982887777
-16.428489460200176
-16.18836122451356
-15.973957858812135
-15.393706685823418
-15.04030726445084
-14.879041786587152
-14.77142294069127
-14.75156802946746
-14.562333724036426
-14.280399406027717
-14.073373215174183
-13.780043424735767
-13.760036741006676
-13.581514612648887
-13.52760454676313
-13.498791389155194
-13.424377250031979
-13.361268910731111
-13.163582331088232
-13.097860687786772
-13.016282309710116
-12.938263835467183
-12.811470751520844
-12.73018538248214
-12.68547779853538
-12.526528904071181
-12.467708698522696
-12.41895414426897
-12.410985341661066
-12.391143270674771
-12.321336349518573
-12.116192233241435
-12.038429462331104
-11.968327158122483
-11.663373661628164
-11.47597958240098
-11.435699229702639
-11.278537518167038
-11.091643615639555
-10.993322557485378
-10.98161838459306
-10.798646054108628
-10.753336392901069
-10.731374023154311
-10.461511841125775
-10.38457953452998
-10.368763569692337
-10.301380210950576
-10.30091177199903
-9.950411717784245
-9.686707055573365
-9.629676591020937
-9.606035965872575
-9.50801235927992
-9.400497065106688
-9.355185942725887
-9.342761303008604
-9.329848770614305
-9.219829129949103
-9.19444857364247
-9.169327020289096
-9.109329861987916
-9.020702656306215
-8.863148311721783
-8.853428342876525
-8.832803965025379
-8.82286635927234
-8.778533456482979
-8.706670098997213
-8.687895862261701
-8.67209468355459
-8.582540364641345
-8.566012475030522
-8.441090276869417
-8.334285300357259
-8.301775222081538
-8.20310434015699
-8.086999000141162
-8.06621448466897
-7.989662050660545
-7.9112811337867175
-7.906985885176843
-7.795349201163677
-7.777000101389757
-7.776069000551595
-7.706803259954137
-7.678462696834179
-7.635733971540338
-7.502374866041621
-7.446806504922215
-7.42778395712039
-7.2883489989427215
-7.230241363177944
-7.217121924881486
-7.189904991194598
-7.154441048431749
-7.088325226304117
-7.0407362688962145
-6.8954999053539625
-6.8772539176409015
-6.82281954117793
-6.816816410965213
-6.757363337324248
-6.711378931569125
-6.565760293246041
-6.551761399829122
-6.4211850345869
-6.419940545482111
-6.414996150696654
-6.411889429421515
-6.4107709170749025
-6.410385935593933
-6.405630841051158
-6.356339988778142
-6.31652360508544
-6.300257042540152
-6.2508939879743695
-6.189914561527031
-6.189900218361881
-6.108967410660366
-6.105990882900629
-6.105650834628731
-6.054121691547966
-6.024388749414628
-5.979838155465847
-5.970354822855178
-5.921580103071955
-5.835932353676876
-5.802608369276964
-5.801618167279017
-5.745415621430675
-5.717624985589819
-5.646981583845077
-5.622570120056675
-5.526773462249496
-5.521771353179886
-5.515791058080303
-5.487255126079467
-5.452762754175045
-5.411946779707967
-5.378171609175351
-5.354020999509953
-5.308886393146626
-5.298786534671755
-5.246899482617335
-5.234315267719485
-5.205291274648718
-5.14081486929448
-5.139473197858433
-5.12406099768784
-5.094561062007845
-5.065936632361581
-5.016827163223519
-4.973367333468282
-4.964917439536611
-4.947273012382009
-4.925759851898986
-4.8393741208934005
-4.826434998241604
-4.8148076094122425
-4.769343409947116
-4.768854775036159
-4.747895745827985
-4.723582747262535
-4.704081821972648
-4.683943615496175
-4.67306253659912
-4.661746475725016
-4.652830097931836
-4.630959519045824
-4.60076610771652
-4.59052089330145
-4.576082844431775
-4.550256043913203
-4.532508090491586
-4.501749975465076
-4.501221096375532
-4.487387269140799
-4.46870082066893
-4.458449384539404
-4.452731103121737
-4.43407325119077
-4.411024522613966
-4.407810589006513
-4.401371035893746
-4.39319158269769
-4.379275462842995
-4.375057386413078
-4.365627091269731
-4.363129945854045
-4.305863608909608
-4.300783125332805
-4.237256322383882
-4.2274890637455504
-4.204086903555489
-4.182139522427722
-4.149796562217286
-4.143906262292425
-4.130736887561138
-4.120799491751301
-4.086143633581639
-4.047616682267268
-4.014496342945446
-4.005224816667344
-4.00123400342177
-3.994676328691553
-3.964982551879424
-3.953649757338399
-3.8942359897372274
-3.8921049111023773
-3.88840611856811
-3.8321326195102947
-3.830645810615354
-3.822294681878273
-3.8010189477225524
-3.8001849111387394
-3.7961126916747183
-3.7613870067045925
-3.7515202431830748
-3.7481057179889787
-3.7457191659470923
-3.743573498517711
-3.7297470431439863
-3.6692198791156843
-3.651494327118759
-3.631759662411952
-3.6050733481581925
-3.5564242380947713
-3.5408206418032773
-3.5218729347312117
-3.514108684303885
-3.472240496779766
-3.4546331962209456
-3.451638169641678
-3.4147959992015906
-3.3938941755119547
-3.379105340235292
-3.3750938116351756
-3.3498824906840348
-3.3375858143441715
-3.336745730249931
-3.325549374287629
-3.3240028121909218
-3.2957439293626094
-3.2484901334345206
-3.241676428595698
-3.2346717518476105
-3.2240361033420575
-3.1787270472012477
-3.163135888909114
-3.159545393454237
-3.15404433212634
-3.135554897520229
-3.0957869018437134
-3.0905235405426126
-3.076535494282255
-3.065039476023441
-3.063259941734506
-3.0600048586626283
-3.04617153993759
-3.036712048084863
-3.029429069072169
-3.023535559532931
-3.0030879812793208
-3.0002996890711384
-2.996856625128586
-2.9793599295384916
-2.9755584181105585
-2.900849095432154
-2.893790245810895
-2.886795592105492
-2.8840087977327764
-2.865415856352713
-2.8457390983809967
-2.8435735324307942
-2.8332509357077598
-2.8132853973413567
-2.8122795808131302
-2.8032288259586484
-2.7999703067291124
-2.7978081595773117
-2.7601070596796102
-2.753461676799276
-2.7246270333190807
-2.7231946519906414
-2.710234436716328
-2.6574483001793463
-2.6494984368236203
-2.6432134171531176
-2.6382985244184782
-2.618176503625435
-2.616153773036636
-2.6036845271334927
-2.595626144517397
-2.5692445999931106
-2.53053446316933
-2.504129569048526
-2.5035023134082794
-2.5013558508519727
-2.489094837283327
-2.4629359100439085
-2.457964688976978
-2.4519649486696764
-2.4475433667042092
-2.4468239733705133
-2.423834359001863
-2.358914452156303
-2.3565319367043065
-2.3525000976200374
-2.3395422617078863
-2.3357694970612903
-2.331513074645934
-2.2933279870661876
-2.2874978501737
-2.280555614571748
-2.259194759667572
-2.2548214209941957
-2.247827509067294
-2.247476291986571
-2.2458565953085055
-2.237402705232567
-2.223511599613456
-2.2089302332542164
-2.194311305169124
-2.189671018378729
-2.186056683180592
-2.153249725310984
-2.149744483133788
-2.1496453074851254
-2.1267255121638935
-2.1263870604255306
-2.106016393037946
-2.0811666709086323
-2.080757372923204
-2.073961046475706
-2.0693209074062517
-2.0624322634360555
-2.0498689101273913
-2.0433391317839633
-2.016522045996082
-2.015810844917107
-2.0123274769126187
-2.0035389411996163
-1.9987593924855966
-1.9984525130053545
-1.9920457217076746
-1.989736326267323
-1.9892784871558846
-1.9768495017692678
-1.9750977136235162
-1.9732441461333918
-1.9567542274306202
-1.9545763382736636
-1.9402718533082695
-1.922860778859493
-1.9169932917094814
-1.9149132385610272
-1.9113349941073055
-1.9065433874343132
-1.8887362423734595
-1.8882735816710088
-1.873037827254858
-1.8685863781546659
-1.8560043820301377
-1.8435014212406604
-1.842626763817524
-1.84156655827925
-1.8399963708927398
-1.8206767056923203
-1.7997723422259408
-1.7888798904609562
-1.7789979500051045
-1.771900768710009
-1.7672977624749022
-1.7489908455703562
-1.744968335778562
-1.7325912499925578
-1.7177156024589495
-1.7119935681520615
-1.7051779089956076
-1.7028957506644353
-1.6823470800769842
-1.676233031381805
-1.6681407837135174
-1.6627514162076658
-1.6433924761303547
-1.6409685758525998
-1.6310473314977454
-1.6261352607668709
-1.610755234928799
-1.6102850284964
-1.6025591110653998
-1.5928794565815154
-1.5909687811313713
-1.5871230909033955
-1.5748723212747704
-1.5649344256458755
-1.5640315769973399
-1.559755564611345
-1.5391620821169782
-1.536250613558598
-1.5310213272015067
-1.4999370718256273
-1.4925656661663658
-1.4650153601293623
-1.4589799061539885
-1.4422489864765637
-1.4293639675291874
-1.4250776145503643
-1.417505385999693
-1.4015143530843326
-1.3757330083979582
-1.3737622008611603
-1.3631425930078906
-1.3583395846477484
-1.3493458434059389
-1.346746448305942
-1.346229336322704
-1.3434900477517506
-1.3387390004995998
-1.305832430490549
-1.3026465609136233
-1.294869373798135
-1.2914374942026443
-1.2807709698369218
-1.275544040454532
-1.2749582282028602
-1.2689242900164168
-1.262228865710667
-1.2548264096969726
-1.2339539281961984
-1.2292772508647247
-1.2254754908898675
-1.223614044142684
-1.2146626308288866
-1.1914061765504234
-1.1884086099787528
-1.1851711903924556
-1.184546244349059
-1.1808756364773612
-1.175218797143951
-1.1690974711226776
-1.160097905883469
-1.1586555881831382
-1.1459106036782174
-1.1286040374974895
-1.1271571580117945
-1.1233715430230635
-1.0914222375252316
-1.0718138805588255
-1.0618320447452714
-1.052083703567852
-1.0510507408345688
-1.0471041322445962
-1.0460018113236669
-1.0356762894069942
-1.0316791529782463
-1.0277411649735972
-1.0243288251960898
-1.0009813360458482
-0.998132979288516
-0.9972085028520712
-0.9953312335837017
-0.9899634802796302
-0.9831810547527127
-0.979190617336476
-0.976329081813019
-0.9751735636747656
-0.9696379222627862
-0.9690706415160419
-0.9496972270106865
-0.9464615443471376
-0.9449118828627412
-0.9367726440507631
-0.9288710937800099
-0.921734331422277
-0.9204316578676879
-0.9153725426908873
-0.901777055828126
-0.9008793390353381
-0.8954628328895947
-0.8949585514347511
-0.8945855954491839
-0.8924404676323041
-0.8901665848630279
-0.8874857029309675
-0.8825584908136722
-0.8805874872036201
-0.8793180687518038
-0.8784321108450401
-0.8779801019134384
-0.8680099695432335
-0.8635892183851996
-0.8627495325900145
-0.859862532110227
-0.8593938951927216
-0.854089505067198
-0.8420100852254027
-0.8394954825887769
-0.8375351481122324
-0.8315476738334233
-0.8217747672096247
-0.8194363335047415
-0.8181767831569998
-0.8155231874213007
-0.8084225717393985
-0.8047249720775538
-0.7904394566886002
-0.7806043274681134
-0.7790423852754538
-0.7774172383601564
-0.7721703382909306
-0.7432249477446744
-0.7404222366680239
-0.7281740013531649
-0.7260169413562929
-0.7050533096215644
-0.6955834740115705
-0.6800134044925116
-0.6794212282121246
-0.6757154448477536
-0.6566270212950895
-0.6547813868352614
-0.6535142179613992
-0.6314150964857209
-0.6181797039358913
-0.609692868935015
-0.6092665464790894
-0.6007822147318495
-0.5791439992146714
-0.5754476505329318
-0.5719729574523644
-0.5625349854938057
-0.5555402433603763
-0.5461338081931462
-0.5439392736748541
-0.5356269376062974
-0.5305648807918792
-0.5293341199869211
-0.5175546026425322
-0.5032228877605034
-0.5016811457399999
-0.5002574470719588
-0.49432079525373573
-0.48819320119891635
-0.48512486397582844
-0.4825079458257827
-0.4783222059663965
-0.47824630956019987
-0.4773545209129113
-0.46612700005357754
-0.46021126861673023
-0.4526210169955906
-0.45112657320945504
-0.44962973531953415
-0.4470166788764728
-0.4440766373729621
-0.44352653681680865
-0.44204771188263153
-0.4341529883606364
-0.43403199399711334
-0.4258839580371687
-0.4247122232939493
-0.41953578867572877
-0.40268537906373036
-0.4000484824565884
-0.399976798607518
-0.399059963277274
-0.3939145755646287
-0.3918298616126757
-0.386983991144555
-0.3854427543932777
-0.3825301595651418
-0.3726103014822426
-0.36988002529966907
-0.36090324346756036
-0.35441410011766383
-0.3497862434297604
-0.3493856942514153
-0.3487241595606714
-0.3302136447109846
-0.3244767998032235
-0.32370513511542715
-0.3159558863261457
-0.31058604697531733
-0.3064494104332285
-0.3040239791490019
-0.28960948559017385
-0.2769524111070165
-0.2712528149803309
-0.2704634029063736
-0.267930641567113
-0.2623120038318215
-0.2619265689506357
-0.2497235504423717
-0.23681373400288996
-0.23416114852025993
-0.2334020508851462
-0.23106378930915772
-0.2273353277358493
-0.22720952158931448
-0.2226322019357384
-0.2215372519783388
-0.2188907952221606
-0.21767531428974107
-0.2052585583195077
-0.19693453888225487
-0.1886553336114668
-0.1806704907821161
-0.18051224129096755
-0.17500307818587102
-0.16808738368710952
-0.15305465464114515
-0.15149510425066437
-0.1465166122255451
-0.1405557145986972
-0.13072835189170448
-0.12707381291362185
-0.11453309690486202
-0.10953519993692468
-0.10637491295653068
-0.10290187708847665
-0.09131462556958625
-0.08276076698477008
-0.07999719128770691
-0.07897970347680884
-0.06718600867542723
-0.06536633857713475
-0.0629273090242568
-0.0555831941771569
-0.053637533003141336
-0.05052747244968697
-0.04983575796263162
-0.04819503706744932
-0.04531446977480613
-0.043363586706895996
-0.03742959036701721
-0.03648857279360651
-0.03493807512654923
-0.032796163091710406
-0.028869750638085168
-0.02757697768659484
-0.027398442780150134
-0.026253222261738096
-0.025130474818042314
-0.023948358011613657
-0.01312172923008248
-0.011189957984843707
0.003462159963795508
0.008321628880376242
0.010165367127930813
0.022126896921877623
0.02522357940408554
0.026925999845869963
0.02778973340854113
0.030033670154027692
0.031914260230333946
0.032926469685558235
0.0349148634969767
0.036570633667611555
0.040121332647759245
0.044827740771279045
0.04841732584998193
0.04859966885578476
0.05052555627173194
0.05410184008950969
0.058145542553956986
0.06360536157275576
0.0641627592954438
0.06437501564018733
0.06725545068384264
0.07226625679419496
0.07876360752973777
0.09001663033367246
0.0910081731278949
0.09412094146012961
0.10628579154173201
0.1148531489084319
0.12124131158326108
0.12893525563538105
0.13511113362222438
0.14490366674167898
0.15263146549876916
0.15333885061883068
0.15367321973345005
0.15795591523911845
0.16242357214345848
0.16573020147602624
0.1724903705597548
0.1729687889383706
0.17775658841145592
0.17892295419922413
0.18586298944673552
0.19568375057823018
0.1965884538245941
0.20966912667793847
0.21149115400252858
0.21173783320890138
0.21822376644262187
0.22073008585435966
0.22155527105077033
0.22689552055422268
0.232070179090349
0.2340691557124428
0.23552768812884317
0.23603659000530453
0.24622776459085738
0.2574702957556313
0.26677600481759967
0.28235629618941777
0.28768947346401863
0.2889439330497395
0.30057253717032445
0.30165511529773525
0.30428815900612916
0.30590332670361253
0.31677131355186694
0.32169946266861893
0.32668808740584787
0.3289560094366274
0.333630530393892
0.3427030267964484
0.3516435222682368
0.3673491790823971
0.3685135884328593
0.37107845906769177
0.3711805624290788
0.3722165696938842
0.39804994224681356
0.4066664698844865
0.42160414639653704
0.423005499218082
0.4303254671245575
0.43975538207701137
0.4398080866979517
0.4409222386777708
0.44709493946903234
0.44928772180952625
0.4506227921196819
0.45252217642957404
0.4603881011456765
0.4608811947504614
0.46224049258021116
0.4624272732245549
0.4658008326469707
0.4683576873843581
0.46854292107588286
0.47493406957580947
0.4769809546197599
0.48181545751883903
0.4862070839887485
0.4873060509033201
0.4909327513657626
0.49623365413540127
0.5051011388161657
0.5128020914954826
0.5165375494066572
0.5442884204937178
0.555833142019843
0.5579372155486142
0.5590934763222299
0.5705591897609588
0.5729315995667525
0.5760055156583339
0.5873485508937584
0.5977702867649364
0.6008751362674375
0.6018226104271691
0.6065308553508009
0.608502895325283
0.610758111687012
0.6147354661294009
0.6165315084784089
0.6294476164197468
0.6371169827330855
0.6414451960773775
0.6419681712820763
0.6452011084672102
0.646715071383584
0.6475407740094388
0.6476187597234531
0.6508337909595585
0.6523594482579625
0.6570723415437826
0.6618919895548416
0.6850735091719032
0.6900016585634686
0.691075126770948
0.6940375881143916
0.694258394085128
0.7038233655699802
0.7038684894973181
0.7076964258188484
0.7080117971607969
0.7223914318512441
0.7244683221175163
0.7315012196022457
0.735385412630001
0.7585709960785655
0.7601760374365093
0.7879858118833727
0.7908153253866202
0.7909293043666763
0.8047511011316663
0.8107361294237938
0.8227217054741423
0.8248664493384429
0.8318539267485673
0.8700655647826125
0.8796705557040347
0.884985765403845
0.8940116930081713
0.8949348315517107
0.9005749548280468
0.9024146103937538
0.9028790610219075
0.9028807716964761
0.907444890424348
0.9080416487561414
0.9082553682330279
0.9276257394790913
0.9345879898912339
0.9425069212092932
0.9437520640081283
0.9682963246709457
0.9686250147444252
0.9703446511255309
0.9746566781164085
0.9843785870927243
0.988007200819364
0.9893934878200702
1.0000443571452806
1.00181711788586
1.0079313642731893
1.0098463250882572
1.0112221993534958
1.012721923911593
1.0155794863447332
1.017443879486793
1.0187502877231083
1.0190939536794725
1.0208037905447511
1.0217105928802241
1.031787363040579
1.035468623335309
1.0373462444865875
1.043925064029011
1.0482954988268531
1.0580818402060572
1.0711307180861338
1.0729296138048374
1.0738198913545802
1.0770241462996775
1.0771616633423005
1.0796374197092882
1.0860453894506703
1.0944362696131784
1.1043827625575064
1.1059774380365528
1.1067179214320586
1.1107523935498722
1.1179373643302708
1.1240390316336097
1.125253271328846
1.1263266793693592
1.1307298138755741
1.13721798477617
1.1402909731306572
1.1439361977019034
1.1524786919552112
1.1574326804337605
1.1603402055091547
1.1626116288993553
1.1739557298177412
1.1785396972959856
1.185393286364967
1.1859992524864564
1.187469659248226
1.1876081651498518
1.1921392382417324
1.1924586704347746
1.193784817321247
1.1952523167639657
1.2098128055290944
1.2169278385458804
1.217863755184167
1.2471294161812352
1.2588574908168184
1.2593821085114545
1.264197510475351
1.2846518061063472
1.3090005637346747
1.3142270490486727
1.3174769738298608
1.3225454395903993
1.3284565116267042
1.3337113651253332
1.339385832408832
1.3466854367896688
1.352233414377627
1.3554148722493258
1.3571485114636788
1.3593483589970792
1.3827331670632976
1.390420557634037
1.3945782533332634
1.4004077669442774
1.4165896983648445
1.4251721719146584
1.432136594726364
1.4364720486199913
1.4625002221095704
1.4633785458264932
1.4638803412465633
1.4639966414727008
1.4654866694621993
1.4688134715873842
1.4750815461519617
1.478441733725481
1.485640224098494
1.490546641774975
1.5089164247708384
1.517902226960223
1.5530085745717115
1.554522924758237
1.5746589004867313
1.6233694751421122
1.6464119947207951
1.6518001279770682
1.655605818553723
1.6569567500660547
1.679225596935904
1.690998953327881
1.6913225746695113
1.7124600890424961
1.7184122657036545
1.7831875908243626
1.7875996186312149
1.7887989941804212
1.814237063429712
1.8209617037441395
1.8251469702873233
1.825368171092331
1.8530140053726156
1.8577073329593579
1.9043043424177442
1.916630041843987
1.9876221622347399
1.9925707018182757
2.0808196823972027
2.1674459262380137
2.231842868552336
2.2625808689012104
2.2871302762254544
2.3746654257642836
2.475150379013071
2.5988961547138327
2.7598678101475795
