-8199.572232991839
-5469.949298210658
-487.37168035490777
-302.3153697011866
-184.7423548064186
-172.00976608994307
-158.5876614439529
-150.78292818347668
-136.24744240259045
-119.51556979380064
-98.78021841201665
-85.73402168028012
-80.48988704792446
-76.27779860253472
-73.88089634415283
-71.61476987183572
-71.44576643347631
-64.90336550124029
-64.32767990801938
-64.17237786544393
-55.466932035859735
-48.27651960134062
-47.950929672854905
-47.4889129747261
-45.68802345280563
-44.888258475906824
-41.433591251823664
-41.36398279015404
-40.86737029835185
-40.60586399598672
-40.162884242304294
-32.60172269808053
-32.0161658923664
-29.68263082503453
-28.54508226590138
-28.38385231632183
-27.11302227613062
-24.386194928017584
-23.417908396214433
-23.018992275367278
-21.624213106021898
-21.133032233343187
-20.79843617052329
-20.377316568619158
-19.528332388158226
-19.5067697777351
-18.672984575132386
-18.623058624107358
-18.486273229381013
-17.979386584636117
-17.63009044413319
-17.61434518499666
-17.521770860126534
-17.427045954123226
-17.296667179366604
-17.19118553403828
-16.752347456289435
-16.467568440695615
-16.290385374328537
-16.200618393043964
-16.027153404690495
-15.369560777402354
-15.344980168710515
-15.273274111153313
-15.259280498293869
-15.157952150067768
-14.957975706223387
-14.921742869217983
-14.911220795185686
-14.722028940266581
-14.558012448514454
-14.421178180735671
-14.298339506611883
-14.274617004392184
-14.021162137513901
-14.002378263392853
-13.880666706562112
-13.859580975834621
-13.806045355717451
-13.760677792999966
-13.649395112611924
-13.502642948333703
-13.148443793447793
-13.025484986414822
-12.804906122699343
-12.766245291092403
-12.760473331427683
-12.666802557873531
-12.500276967212308
-12.402862958621666
-12.345410117190308
-12.250592212737429
-12.239585353823374
-12.216764461542187
-12.14697079542856
-12.090335338148815
-11.959123636021765
-11.939403038018785
-11.847460486401083
-11.592755433985987
-11.461835032869278
-11.40508729278423
-11.182266399031757
-11.064445052129704
-11.029252562581432
-10.928898908011647
-10.913258883977479
-10.847076649835714
-10.665890612392982
-10.65606035251495
-10.604468455460573
-10.47179560898562
-10.434150163054108
-10.289350651540348
-10.259445825220379
-10.158223338193828
-10.150338914472872
-10.11147939874241
-10.027557326044754
-9.99555939308668
-9.932291218006437
-9.893368546049219
-9.89038886047458
-9.848978953771192
-9.751872251451301
-9.702790973465495
-9.539584781173417
-9.527921735308189
-9.439440204833017
-9.400897828562169
-9.333934890594964
-9.298015359277297
-9.200308765668996
-9.053127914819498
-8.979357647787527
-8.85204042278529
-8.811059296574246
-8.803112942609935
-8.696859098798791
-8.654037085118906
-8.594953979216728
-8.58606357365058
-8.394473770104511
-8.371200905472481
-8.346932397007413
-8.247577628940371
-8.227967650591445
-8.10821124450532
-8.047601263086092
-8.039922830011884
-8.033442404851662
-8.027361148786408
-7.978270057015625
-7.90082529563031
-7.8419069077869095
-7.83115061588383
-7.767800993316945
-7.760580929674152
-7.752439642584466
-7.656137537959921
-7.631983908730206
-7.60708764924713
-7.535151231601603
-7.520140731081734
-7.463189388727217
-7.430097744487256
-7.348125510652201
-7.328233525909888
-7.131307924314976
-7.12887988289166
-7.103870475524311
-7.101071814140232
-7.0207054198174
-6.983597787007471
-6.9799285858703515
-6.971799464300833
-6.945693746324509
-6.9352636664867795
-6.9077174832751425
-6.888459408196843
-6.876913906650785
-6.809154004027064
-6.773064894247348
-6.7710903965080815
-6.717858083094389
-6.666252870782539
-6.656090303546916
-6.604905066383493
-6.584962174285324
-6.549606975061569
-6.516811742854868
-6.501755201164338
-6.490338368030331
-6.468276968208348
-6.459566960574422
-6.448033521758335
-6.446908442125228
-6.3584175059407855
-6.341883031903738
-6.318564467337304
-6.244640308102177
-6.201273510870148
-6.16331390355451
-6.132758579465117
-6.065206978145032
-6.027282038826577
-5.988456451744854
-5.97298095870954
-5.9617659572605195
-5.95793857657144
-5.884075633686035
-5.808803127830777
-5.7997532689660725
-5.76795485462446
-5.699635742872087
-5.678073927108036
-5.666511828317901
-5.6065982807650165
-5.602483566129196
-5.601244470924476
-5.549730080495996
-5.513268721272636
-5.478304940178998
-5.375960873216863
-5.375047125977302
-5.346502061822775
-5.333482270059934
-5.298108268535323
-5.297597372330675
-5.275313905728284
-5.271952012953522
-5.231828439272423
-5.223179307911846
-5.1501204673185725
-5.1444048221780925
-5.143174349071952
-5.0684117810723155
-5.044446133313825
-5.0169161621358285
-4.993681340001317
-4.967516564610369
-4.9258551195814535
-4.89011800485615
-4.866133130391476
-4.859147764185629
-4.838587618189089
-4.8375362343888515
-4.80926237964704
-4.804334228089092
-4.801449745182212
-4.7895729173431025
-4.745945542668734
-4.740038665208765
-4.724346619513987
-4.716649388521066
-4.687160342677579
-4.668705571700147
-4.64039624106104
-4.633885811254118
-4.633735594374233
-4.612822793763449
-4.590452545454869
-4.590448222820928
-4.566999380632924
-4.5633025606983475
-4.560417438133453
-4.466961777437521
-4.451541320034004
-4.43368480219236
-4.433110204994538
-4.4247439399797655
-4.377817481086594
-4.325108585672894
-4.306184905055661
-4.295500230382566
-4.293410570759441
-4.291148821890783
-4.261033732340866
-4.253969052947838
-4.221060389104119
-4.198026414193896
-4.197922936007489
-4.168776525732034
-4.15529885286375
-4.145405080688669
-4.117630912845004
-4.083736272782312
-4.0605533993154435
-4.05288847556082
-4.050164952499543
-4.012143948845085
-4.011193005907241
-4.009341360925982
-3.9981437661893415
-3.99699547848759
-3.9542397621275343
-3.9443798546394593
-3.938324682537327
-3.928952382056324
-3.927764888654384
-3.923664475059316
-3.921842508085055
-3.8748496731141002
-3.8715576820676403
-3.868749867880751
-3.8386586922884622
-3.8089510961039785
-3.8055776981466236
-3.8050685858972937
-3.778269917132805
-3.7571943215809145
-3.744969534637518
-3.6899992845923006
-3.6833463721622746
-3.6752532342978785
-3.6683905076438066
-3.6599561772622984
-3.642185705997312
-3.637063561550627
-3.6326760841328976
-3.6076228604135743
-3.5963070645297224
-3.5691399760876297
-3.5552109824109803
-3.5536542959648965
-3.5450430944212035
-3.4901512087436406
-3.4643023023400286
-3.4536297742993205
-3.4524323905028576
-3.4192825086367877
-3.4186854711163646
-3.406452173601022
-3.4014829559156707
-3.3944109289106557
-3.389395723894861
-3.3848502623731465
-3.3562667529758925
-3.3305827623962307
-3.3242176728581074
-3.322723288274185
-3.317328645177936
-3.3056583391077208
-3.2818009440547167
-3.247714508694602
-3.2284059856299923
-3.191485214864567
-3.16174016856655
-3.131737424702013
-3.116968699760694
-3.110231487085401
-3.1023113119036676
-3.0950655442270505
-3.09159837490544
-3.088056135280883
-3.0551717923040695
-3.0210028853479765
-3.015835587683315
-3.0149749647384247
-3.007756248438146
-3.007548749296456
-3.003099506008052
-2.980625283525118
-2.9798706572538323
-2.922247793728827
-2.910509122035222
-2.881127819715599
-2.878800127879254
-2.86888566901315
-2.8527348274352473
-2.850399392493973
-2.8455846999302783
-2.8373713328462777
-2.836152099289823
-2.8037211968153564
-2.7873450192291624
-2.781621519479756
-2.7790774840354677
-2.7777403178776225
-2.765109032712846
-2.7598226828839563
-2.7588336549727215
-2.738206457704049
-2.7308651211764365
-2.7268011255571127
-2.7220146229975253
-2.7081177633856237
-2.691231093666474
-2.6876125217093114
-2.686937638870843
-2.6689330814569114
-2.650858271009314
-2.647003325215781
-2.6091084850460557
-2.603899951597286
-2.594096766377966
-2.580211593217099
-2.574374567417654
-2.5590032001070027
-2.5563712301790957
-2.5541534738699117
-2.5480911628291087
-2.546353485704852
-2.5184990901378606
-2.517543911615256
-2.50879026941703
-2.4979185257765426
-2.495514064668275
-2.481054007177084
-2.466632306362849
-2.4564573977646322
-2.4459610629076383
-2.44258860920055
-2.43851398959206
-2.4230619512415448
-2.417708272288282
-2.4155999405358077
-2.415245842136771
-2.41342064157992
-2.4110015781690066
-2.394766396739354
-2.3858309143643193
-2.376302265808871
-2.367081837325024
-2.3171732554610784
-2.3023391483122944
-2.298103617680959
-2.280887524637644
-2.2567594918582925
-2.248594690368796
-2.2399767817046747
-2.2285977051278087
-2.2161128722770256
-2.1993679034969342
-2.1971293954254336
-2.1858052043997667
-2.1697451967811023
-2.16962254646399
-2.1651234687526077
-2.162852605026624
-2.1600367315114672
-2.151559476691578
-2.1266396858855945
-2.1160575098486487
-2.1138483429461576
-2.112886617768816
-2.0963935966639706
-2.0955695645774868
-2.0918017703445178
-2.086169723933212
-2.085909858812386
-2.0838567575708686
-2.0768887335356796
-2.054667125119111
-2.0476126946049154
-2.0380084420173556
-2.0369069256895664
-2.0329295584605154
-2.0313352829245046
-2.0251705195262835
-2.0104377868746
-2.005860629414436
-2.000323293904476
-1.9910957327964391
-1.988363129761229
-1.987931837615746
-1.975784693725978
-1.964026385477132
-1.952390999706993
-1.9332043585570884
-1.9135587026545298
-1.907656128485511
-1.9059809636669702
-1.9013719632561328
-1.8992542664549177
-1.8941976790324233
-1.8846170992252258
-1.8830097898192792
-1.8388452343260036
-1.8221441496267117
-1.8062754066867042
-1.8008567168244674
-1.7889365095058953
-1.784726260034589
-1.77858314882893
-1.7656635181374294
-1.710901482538531
-1.7004606226859424
-1.6951464976379849
-1.6938877879251277
-1.6931442012090714
-1.6759289236835797
-1.6493626016646978
-1.6246018271855238
-1.618727748864999
-1.6177224121036087
-1.6062066595468352
-1.6030520023142678
-1.5918938013444046
-1.590309494237169
-1.5712679531507332
-1.5701967539599804
-1.5613613047214803
-1.5553129717560836
-1.5512744410519193
-1.536072467753539
-1.5351796297934397
-1.5347905621642746
-1.5332716336690821
-1.5096160838348687
-1.503474016980808
-1.5004467341202679
-1.499344044999659
-1.4947949072624984
-1.4930693227396137
-1.4853550580580943
-1.4775297788245898
-1.47170970201403
-1.4687227506694054
-1.467521918339312
-1.4511799577710924
-1.4473939667077262
-1.4464733753791024
-1.4438392607181856
-1.4376856145391743
-1.4346807782831874
-1.4273202444102702
-1.4246987877125612
-1.4142608794291072
-1.4035511578385031
-1.3940318103590839
-1.380686077628623
-1.3674850363565574
-1.36508503956405
-1.365029377004469
-1.3632992134964304
-1.3337855104616492
-1.3230686085283871
-1.3078353264172207
-1.3073912032415755
-1.3020209830087253
-1.2982047319127563
-1.2768341791422197
-1.2582541735251838
-1.249888561245063
-1.240622633587504
-1.2390826613671444
-1.2344866252251374
-1.2329980761070427
-1.2295928961857694
-1.2253243310303552
-1.224838558844787
-1.2223522051505036
-1.2191921479088876
-1.2161601334505678
-1.2065191124930705
-1.1756759601264302
-1.1661413879143359
-1.1547698575277443
-1.1424857238559158
-1.1387540038703667
-1.1151141737061958
-1.1141264990796196
-1.1139364304413961
-1.091824999510636
-1.0905881496215868
-1.0860086672775615
-1.0845105056056867
-1.0759355365815926
-1.0625493113574151
-1.0568732662683804
-1.0450019154061057
-1.0385234403512342
-1.019171006366412
-1.0111486079220569
-1.007353233512932
-1.0064407997511098
-1.0061310276018858
-1.0028947080085835
-0.9987440047216826
-0.9973404212155591
-0.9972952231499157
-0.9929146473530931
-0.9927488079649359
-0.9924457171903436
-0.9878861578312177
-0.9775407237185268
-0.9768644974941042
-0.9742877704464861
-0.970846696773251
-0.9650262286933489
-0.9554692763027869
-0.9500289891307638
-0.9468809817035063
-0.9461182225441349
-0.9443662238900378
-0.9359654725506421
-0.9297289119334358
-0.9267845344584389
-0.9146880298666253
-0.902117152242311
-0.9017930921859104
-0.9002111318991147
-0.9001199202932398
-0.8987511321945184
-0.8954659722661384
-0.886661681424221
-0.885559597212686
-0.878442838878507
-0.87319313142984
-0.8730888966762664
-0.8713332545354806
-0.8659410846675717
-0.8654144695779603
-0.8616547285799862
-0.8604631220267243
-0.8597591105386194
-0.8432137930448873
-0.8202872858363719
-0.8118448414070724
-0.8000354290189785
-0.7967756014084969
-0.7859804040956595
-0.7856519966091889
-0.7764920756092764
-0.7681831188495016
-0.7588987731029813
-0.7571218579263708
-0.7513755387390002
-0.734443652082279
-0.7343756974320509
-0.714661917570966
-0.6942105629415157
-0.6900466571963403
-0.6884795339766113
-0.687987283423094
-0.6872026318925448
-0.6792333220657529
-0.6647649959798543
-0.650217822917829
-0.6415220663149002
-0.6402422310743615
-0.6359488673238224
-0.6299975564667342
-0.6280786862689133
-0.6087375955077241
-0.5969087040866029
-0.5934888020774944
-0.5825765731536248
-0.5806363553592024
-0.5790394807305825
-0.5770145929646757
-0.5636686617637082
-0.540622226771241
-0.5394784465924503
-0.5269267476300509
-0.5268790570601889
-0.5254160403518267
-0.5017150783494604
-0.5016502722114495
-0.4898430261507295
-0.48762468065273284
-0.48598397073991373
-0.4825331998044686
-0.47700540565351907
-0.46379937430342155
-0.46121313333893665
-0.45887210723367566
-0.4578673505051877
-0.4570815871949526
-0.4526362540300685
-0.44076591767326045
-0.42761872799863354
-0.4275665860265474
-0.41945386800497597
-0.4184171532721841
-0.415507940155883
-0.41169458629572775
-0.4082592091488887
-0.40433464067513347
-0.40383893696927975
-0.4030487296511013
-0.4004650620347555
-0.39768487311705913
-0.39459802704367464
-0.39157372466499296
-0.38749009860161865
-0.3855363433679568
-0.3837687544152257
-0.3558300587731309
-0.34534190049155766
-0.3307249872931296
-0.3305168295749661
-0.3289558603460623
-0.32078476271251805
-0.3198906556321227
-0.3194481259833023
-0.30769069946436345
-0.30698642340354443
-0.30442095466575425
-0.301786652312376
-0.2960514005996649
-0.2860693716991012
-0.2816106455813904
-0.26434371122370826
-0.25921140839840734
-0.2567205274068495
-0.2535437422665181
-0.2516058295642969
-0.24563713172205928
-0.24380465725608075
-0.24364633302433203
-0.23766650199400485
-0.23647457556383666
-0.21796317341336843
-0.2176621968020339
-0.21634766807142425
-0.20738949629505488
-0.19692265177169904
-0.19267252503069576
-0.1911042261135989
-0.1852260528095082
-0.18023613491875545
-0.17761917382209938
-0.16551508826010233
-0.16550707719239832
-0.16322566889562254
-0.16250895577300206
-0.15604679725021475
-0.1525112630833303
-0.14310139752970719
-0.13398747239083764
-0.1258566467914789
-0.12323661015445575
-0.1204207650227953
-0.11826438618724666
-0.11768565121017505
-0.11406134358932107
-0.11203998405402638
-0.10895796688259352
-0.09656897724772329
-0.09633402812476977
-0.08847754287173146
-0.08427358003522989
-0.07432424313341722
-0.07302055568270385
-0.055914654481547366
-0.0476738480964381
-0.04736942081479323
-0.04668964618560034
-0.041653413264236994
-0.03406120285069747
-0.033617043608801356
-0.02293664707939147
-0.0153968690825802
-0.01479140168598403
-0.0023008321851666347
0.005117845052897585
0.014598849738851172
0.017447504796990088
0.03400341500951176
0.04393509186937772
0.044047389607468124
0.05238168216652103
0.059908151331951154
0.06081835318031936
0.06606806657843656
0.07186813551370452
0.07816017288514546
0.09609279218330702
0.10410386343725028
0.10547673394201296
0.10987650128940532
0.11338949275865973
0.11499520034352495
0.12026769709679135
0.12588652027394043
0.1262445934836951
0.13082919196192455
0.13852724146599454
0.15001020159875622
0.15252208317022614
0.15593442049523973
0.16471643344677384
0.16904657657223354
0.19133940068916344
0.1977491670922188
0.2221509747809619
0.23034439313535382
0.23077003278765051
0.23283983090565857
0.244256908469479
0.2516010918838255
0.25462633270307666
0.27542653960313745
0.28450127224214183
0.2853659416010608
0.28682809836282097
0.287211321628828
0.29197579552516006
0.293059508285183
0.298808888390394
0.3018967642192247
0.30329027677321696
0.30496158311035415
0.309925541339765
0.31023484995052497
0.311702658123609
0.32547719897197647
0.33764132582813366
0.3423153214610759
0.3457877207901112
0.3557263013711145
0.356272746013165
0.3597783521096461
0.3803013931871614
0.383197783935872
0.3843382203615513
0.39354235044774666
0.39517686105968375
0.3972991634818247
0.42338068988021155
0.42551062342204593
0.43039178760439056
0.43278717304453035
0.43409204789096417
0.4451769777807847
0.44748742091080174
0.4545293829232066
0.456417785545678
0.46816282006459065
0.47346732832363186
0.4841726481570866
0.49508239119029845
0.5148803044426873
0.5166088879126078
0.5199869309330521
0.5224273652444154
0.5241768553686033
0.5328805792827351
0.5418998469226093
0.5419302913585006
0.5474606763211292
0.5478983601587872
0.5637595062718438
0.5709062046713547
0.5726285233638178
0.5742267450507388
0.5789733044505858
0.5909216544148941
0.5956400150986714
0.596645361465885
0.5970759225998883
0.6057655931491044
0.6085331782298419
0.6214777246463985
0.6309137887561778
0.6626228683587445
0.6651729904810764
0.6753614872278111
0.6762015292565398
0.678387237170702
0.6805536363282618
0.6831001129818626
0.6860530899668683
0.6896484103209884
0.692640144840541
0.6956103453016025
0.7057693712223242
0.7092783660502632
0.7109579728799806
0.7148146140682202
0.7152865013655387
0.7188283566405148
0.7224496320718423
0.7280736757696595
0.73008180538364
0.7366117309113765
0.7414222737619696
0.741969421233194
0.7454317122955813
0.7522653640523658
0.758815543395752
0.7638371154871935
0.7673919877133749
0.7680803398498073
0.7693980482380747
0.7709026202508945
0.7821677575745948
0.7844550275514194
0.7883167017774209
0.7907449005366124
0.7920641251301126
0.7931472047913815
0.8005128146804454
0.8049350637305106
0.8088833326385372
0.8125263260003246
0.8137840643510725
0.8150606990849126
0.8158822416345175
0.8167102336174725
0.8259426430962601
0.8315983087217176
0.835836939203543
0.8490241580637881
0.8531996498417241
0.853916287723777
0.8833180189890139
0.8845213465406453
0.899421886914264
0.9116164951603384
0.9126328081865922
0.9242043276420885
0.9328142849801777
0.9500400587774385
0.9731953293460949
0.9801686591351316
0.9806681598560252
0.998786606463314
1.0007798413335662
1.0014934728068912
1.0024991230305431
1.0084903481388314
1.0093867105275367
1.0101233516166588
1.0109200718512588
1.0417383931447994
1.044429592817655
1.0499698615554562
1.0598439746358792
1.0610891786287873
1.0626897085059608
1.0690955113283862
1.0757695354613395
1.0829173899230282
1.0836975980313528
1.0931336306259118
1.094737785007331
1.0968968856091477
1.1190742286734168
1.141599093210351
1.1485519119536907
1.149678932930725
1.1589829895681294
1.1604559998546276
1.1626892411807912
1.165269833402259
1.166220760385421
1.182485362713404
1.2003431667462992
1.201803997654776
1.2049121560494793
1.2088972606982296
1.2120074690149294
1.2174767315302997
1.23168962401739
1.232547949357866
1.2412948240525283
1.2544808150157238
1.2580203348932604
1.2604527476243796
1.2708492061127594
1.283303292232399
1.2909430665132047
1.2961674958359264
1.2976144651964212
1.3093349298479358
1.3198062595169564
1.330416166216397
1.3542902138739035
1.3676075896181412
1.3699022612529128
1.3723503875048058
1.3791872288449627
1.3871798793632888
1.3928726646613179
1.393287383168594
1.4293264524470093
1.4300612305919191
1.4385206577346956
1.4458464378483753
1.4489536028625285
1.4722930499351192
1.4773511543929843
1.492222673008555
1.4949643014980334
1.5013672589771812
1.5092822090054874
1.5482183762656117
1.5670980939073178
1.581053859589718
1.586313271553
1.591643162533895
1.5933473360079562
1.5948029665765435
1.5976678858083702
1.6432503588731817
1.6449978585942588
1.680821183332573
1.6897446680806891
1.6916675057750057
1.7336670292897818
1.7435294136757036
1.7440608059876703
1.7941812585776256
1.835383611267
1.8742282882467123
1.8804109354826342
1.8855841036506535
1.8888245454526018
1.9949769373410184
2.0441724261125023
2.0890580989873997
2.1130584183980243
2.117928660439961
2.148993192337877
2.1511655320519965
2.197753570900496
2.2747655906563384
2.2906099906297905
2.362364348248444
2.707617689876512
2.8184411893462684
