-4104.520536546457
-971.067596094887
-868.7815017540324
-661.4928472172163
-535.4596348052029
-429.04934568667795
-326.3821007799263
-260.3146907174263
-158.56128058340227
-142.54588095985056
-131.4001894733324
-129.97609595846083
-115.22019144338444
-114.24442661806401
-105.14645822279154
-104.03799172832035
-85.24736577725221
-83.89428273933325
-73.26483770271184
-69.67664333722733
-55.47236896443389
-51.48548548465985
-51.22311658922027
-50.86071764293342
-48.448903914539414
-48.400542338325366
-46.98865972935463
-45.819486511621236
-43.618506772856946
-42.906105532607135
-41.628058432281314
-39.89867606979833
-39.18245938859014
-37.49398110773394
-36.33440717852502
-36.314125335146066
-35.898977847836385
-33.755985277146124
-31.57071120464701
-31.068342098691637
-30.78182939319449
-30.645621295295328
-30.30689209072692
-30.29533646384091
-30.00959164616515
-29.416918552515536
-28.093421345176264
-28.048892821681658
-27.56647111719352
-26.579190254115264
-26.451848598969615
-26.435420081748813
-26.371467001991828
-26.139415947124455
-25.984437067554804
-25.589920262490544
-25.52600331216021
-25.39850154925092
-25.36061039231176
-25.070002724586388
-24.583694077147136
-24.27012874773792
-24.202841992497408
-24.188656890683713
-23.963085421834048
-23.68680925576471
-22.933251876083
-22.66951859505325
-22.64496522373686
-22.485732743535653
-22.38300320270171
-22.28685619717015
-20.39032942062386
-20.258942728880427
-18.921918309202326
-18.771952236021484
-18.614273947217583
-18.3747632402434
-18.18514504630601
-18.08321293054059
-18.029427506763195
-18.004655273987918
-17.94537988892771
-17.666320130896207
-17.47575464857859
-17.46932517839177
-17.034449362296385
-16.97908425122103
-16.20365272686042
-15.823735366564893
-15.28498449924647
-15.113149987622972
-14.919431963674167
-14.860424627309785
-14.837022211436048
-14.2707455262791
-14.136419160908124
-13.921922853528839
-13.651309982272178
-13.607295927804817
-13.363533667578132
-13.189203657541688
-13.136950644248756
-13.10637888031447
-13.073879542196474
-12.71511461370631
-12.679223437828542
-12.672144748928215
-12.626292699522931
-12.46688986448692
-12.457553118065736
-12.251481302279267
-12.18847933896955
-12.13786023643576
-12.1349822578909
-11.917464518436937
-11.836873244131857
-11.610649456721433
-11.528788789145247
-11.369084606664726
-11.346727140052671
-11.187744615287587
-11.131196011322928
-11.091630297775056
-10.797636478092272
-10.792006466502574
-10.660162325473904
-10.505781073220025
-10.473922815424686
-10.284539472739642
-10.282883525699093
-10.129200983850236
-9.97974641989563
-9.950760476661229
-9.820179822655314
-9.784536612992728
-9.78335014690774
-9.442280722321954
-9.110872583585493
-9.070629408909996
-9.035542087668585
-8.998689726052211
-8.901090181565671
-8.89850043752675
-8.86568879208226
-8.764558544218275
-8.661068943781679
-8.494975287388522
-8.47210689491651
-8.442635054480744
-8.250593350563157
-8.158572922700092
-8.11167196925191
-8.091222223278853
-8.073295036071894
-8.066368512838755
-7.97057149057342
-7.907663322657433
-7.8478111609644605
-7.729364720823902
-7.6618814117592215
-7.655535667414079
-7.524842056497187
-7.513391360504066
-7.399826537920988
-7.304640328888672
-7.2345080577249545
-7.219744701620541
-7.216320340958827
-7.089343441567472
-7.062496935152231
-7.032750267620386
-6.957193346158224
-6.906529921435262
-6.902618384784885
-6.839859865513701
-6.827823346475111
-6.798073288310382
-6.791985422417271
-6.714252711138377
-6.7006479594783075
-6.690048224068648
-6.603488870574209
-6.590546177010813
-6.581727020332847
-6.549486518894116
-6.543064264197946
-6.522579354389263
-6.478602321427628
-6.4003325794038926
-6.330028703576312
-6.313776734353383
-6.197665586992869
-6.183497725654299
-6.125762617982895
-6.121431399314441
-6.065232527387195
-6.017258924959144
-5.990618325201288
-5.978200879861884
-5.963451864382274
-5.948165493106325
-5.904699472960042
-5.883992253053415
-5.835075216300124
-5.778179389376215
-5.7372060398099975
-5.730589434600897
-5.7229909378933925
-5.675121867551654
-5.631905666272755
-5.59936010482437
-5.575279226612881
-5.521597638704781
-5.491614434350356
-5.463885376525104
-5.455780878899378
-5.391928988038683
-5.3726530424919225
-5.360407414825977
-5.343633357304295
-5.343209959930006
-5.339186950312536
-5.297082604576384
-5.285705037301849
-5.233188301320063
-5.23171685819604
-5.226884732631751
-5.173193526252277
-5.117006484112943
-5.091334356767563
-5.033533758923866
-4.919278462161429
-4.867341652926384
-4.8554487290541735
-4.837433912918195
-4.803304474112437
-4.800193675976827
-4.7923592027622295
-4.720342282523558
-4.7154452641028515
-4.6833969663523725
-4.660260705447982
-4.634461780007931
-4.628036565505099
-4.593519642122259
-4.587492507343462
-4.535279034334832
-4.5027197638974785
-4.4743398028169254
-4.3951728547818805
-4.376192984118498
-4.372276459141469
-4.361605688065538
-4.353974730489736
-4.315140851802396
-4.3056168584232895
-4.297455583193546
-4.281924977719521
-4.27224578280873
-4.261812356565743
-4.23930357051742
-4.215273579969122
-4.145011061088093
-4.135904993307205
-4.124898797243567
-4.1241260730786475
-4.101949030857177
-4.088897022920545
-4.05996070626405
-4.039047385984202
-4.036863205564131
-4.0356106975146115
-4.032447582263179
-4.008637777464765
-3.97286029929271
-3.9625393081214053
-3.9503799767323526
-3.9476943867500776
-3.936032771094889
-3.933543329391495
-3.9194490180950554
-3.905266861593536
-3.873240785975855
-3.8683056997048375
-3.8615695285694276
-3.781095750353765
-3.771378577636309
-3.768512091934135
-3.732927071163897
-3.729660738901436
-3.725766995173651
-3.708179579966129
-3.673728946048297
-3.640977944077026
-3.622752362043629
-3.579478924824699
-3.5523694340793632
-3.5523201817830374
-3.5285205257761953
-3.49837206058362
-3.463426407610144
-3.463361645707242
-3.4604437988210726
-3.4585924288518006
-3.452163651321734
-3.4488940608473504
-3.437418885683865
-3.429056157299302
-3.423376460252241
-3.414165225930308
-3.3998675003898713
-3.3674248399784257
-3.3642887380353503
-3.3615715002765674
-3.3585394888906253
-3.331647812609764
-3.3283849971090627
-3.321821391111115
-3.316805845090938
-3.3030271865437935
-3.294316511972648
-3.2756203308674516
-3.2587968006300945
-3.252598825798168
-3.2524877727237946
-3.252388898269518
-3.252192348435856
-3.211091872740671
-3.166681601406256
-3.1198262977515983
-3.116245921237099
-3.095115163245483
-3.0698866557996807
-3.0689919264090637
-3.0587257129560275
-3.0511354112287314
-3.047922888032886
-3.0467615521668856
-3.002841892589248
-2.9807695583226015
-2.9707614154634414
-2.969085662143815
-2.952196139332317
-2.9520316600080876
-2.931844050429131
-2.912268292809229
-2.9096872579641726
-2.8830870466613394
-2.8807501851996187
-2.8798109648866452
-2.873647943970118
-2.8586723654391046
-2.845578589207012
-2.826221288218914
-2.817215795784754
-2.8095828314376403
-2.801025963556917
-2.7927058291065805
-2.781125422095092
-2.781013515302084
-2.761706438705964
-2.7570118998033895
-2.751545321326532
-2.736096770622531
-2.735584380040925
-2.721337832508295
-2.712718945813169
-2.7064708275806013
-2.6739972477662883
-2.6612682036575386
-2.658446247025688
-2.655049438516557
-2.62454688282369
-2.5987983307610296
-2.5976855182152336
-2.5906222240531145
-2.5837465923523433
-2.5757799823478287
-2.5609478352968167
-2.552617641001304
-2.546509279026854
-2.53903529471653
-2.5260260394411915
-2.5248387211149033
-2.5229331156620205
-2.516103853233459
-2.483902448464101
-2.4765202691439483
-2.474912923711332
-2.470935706933891
-2.469014071611258
-2.4683392613011934
-2.4670385244426387
-2.4338662349027844
-2.431593547953128
-2.430245345397906
-2.4225383849449806
-2.4068240164629797
-2.4040570295682007
-2.3954677085618954
-2.394157255652322
-2.389195994822702
-2.380822087660402
-2.376520448003321
-2.371521748781345
-2.3659298177861285
-2.363864320422261
-2.3411343113907006
-2.3115825480102044
-2.307125860740449
-2.3035692812067934
-2.3004092642417633
-2.2800798907682376
-2.2618199803620627
-2.2370102839599433
-2.236945270882132
-2.2352024630627794
-2.2219453051419835
-2.2194259863159136
-2.2193471800932008
-2.1804561579040542
-2.174286769608085
-2.165888936777003
-2.164339628212625
-2.1410389528563916
-2.1183824519171637
-2.112510036018761
-2.1043771542956633
-2.0968998954454503
-2.094507543381406
-2.0763464907546463
-2.0686915240588792
-2.0519000857582057
-2.0475597334187596
-2.04625162884651
-2.042785782307003
-2.0412612376703008
-2.0395941334977317
-2.037419987424015
-2.0346080138884037
-2.0177609541374655
-2.0082823576669995
-1.9916295275862144
-1.9718757821791892
-1.9681526728637777
-1.9491865015195864
-1.9363175089015314
-1.9280496333844055
-1.9183375092833335
-1.9161057477513497
-1.9131021800929167
-1.8971085735690156
-1.894682405585803
-1.8875092445604778
-1.8705080547426407
-1.8653761195583567
-1.8616940520430074
-1.847847521470979
-1.842966229795355
-1.842465652967964
-1.8411656467801856
-1.840357684831323
-1.8358845756977034
-1.817111814403237
-1.8165223324665463
-1.7972111246074292
-1.7870701668170523
-1.7747426928770142
-1.7721971119518014
-1.7682999468107392
-1.7645934352322756
-1.7274891560387082
-1.6878450270527428
-1.6865839252098884
-1.6650513435992003
-1.6585527976683236
-1.6567637926151635
-1.6562830086348725
-1.6445531908059783
-1.641922266297999
-1.6278531004911363
-1.627834079366549
-1.627191492423338
-1.6264277659177553
-1.6221977822710847
-1.6165952936567969
-1.6155348193150694
-1.5946633632348384
-1.585130962278672
-1.5838514872498686
-1.577189786398545
-1.5751590535417033
-1.570541895750996
-1.5681171771248328
-1.561986230791804
-1.5509481961670493
-1.5455297429996657
-1.5427174237599532
-1.5210169934270097
-1.5157483418044808
-1.5131560535951867
-1.5083910852352473
-1.5061959640892888
-1.495415710974164
-1.4853832399263271
-1.471955671932232
-1.4508699176111604
-1.4486294326380105
-1.4338045757223887
-1.4246064885753627
-1.4212554722413753
-1.4141162115015504
-1.4125427173094296
-1.4092407934762927
-1.406155161586437
-1.4013032727146724
-1.4003779771257614
-1.3768535917846552
-1.3713013884425882
-1.3541226954383376
-1.3508136407989413
-1.3174123012779095
-1.3097490601910464
-1.2812501141893493
-1.279153589556863
-1.263556516205738
-1.2594869770313344
-1.2505344025328968
-1.2438802810766685
-1.241650587092704
-1.230010982398836
-1.2297603922802298
-1.217275026013966
-1.203754686939116
-1.1999738591466134
-1.1994104025578027
-1.1980994460020977
-1.1826116223489214
-1.1779974980887922
-1.1731871028695577
-1.167601039490017
-1.1663011324255366
-1.1628036162268662
-1.1586386704810248
-1.155987479494051
-1.1532731306166477
-1.1362036923172767
-1.112878702822561
-1.0963858171000216
-1.0909691315267158
-1.0692796637685087
-1.0625953502085501
-1.0397457146672626
-1.037272891997148
-1.0349642450325272
-1.0333612171868174
-1.03276462041805
-1.0093638225598773
-1.0091792842342437
-1.008411272536679
-1.0038114138961058
-1.0018919588729305
-0.9915343301192814
-0.9904824272472051
-0.9813739090456278
-0.9781167508431574
-0.9763369811560753
-0.9637506929284425
-0.9557350406577937
-0.9546341043535953
-0.9542250118765471
-0.9444572657141341
-0.9437739115159915
-0.9356756079914239
-0.930962293150991
-0.916359519519411
-0.9098661707909717
-0.9072593759854171
-0.8889046253877372
-0.8876354772953299
-0.8715270868536158
-0.868320532911287
-0.8644673329195668
-0.8578215170553232
-0.8565760157602659
-0.8534846678853004
-0.8316520059175366
-0.830197075244085
-0.8285672583341334
-0.8225849762938229
-0.8184788127996757
-0.8178861914344894
-0.8178384306874278
-0.7972498585453267
-0.78893918704894
-0.7870160576444729
-0.777896160840425
-0.7565616120270541
-0.7546343592143185
-0.7434458288404268
-0.7311544822458116
-0.7291116609775545
-0.7250943902216895
-0.7243782478919546
-0.7225086575936146
-0.7198228953905169
-0.7150967150028338
-0.7142386068718372
-0.7113924309785663
-0.7056890470776579
-0.7011338987410983
-0.6998923830653258
-0.6993784249398258
-0.6939720720825093
-0.6809782377249922
-0.6728440672665112
-0.6697654930491884
-0.6648520954197606
-0.6535055965245578
-0.6524286732372464
-0.6422158887886408
-0.6331897963064969
-0.627111793929962
-0.6247625542740995
-0.6190857514065804
-0.6180061549872748
-0.6161670956371434
-0.6150165684624346
-0.61393205212875
-0.6040090536776824
-0.594339091477981
-0.585557840665215
-0.574011851098507
-0.5729558059243544
-0.5638178040436913
-0.5566593935820283
-0.5419629126125665
-0.5410944459515671
-0.5164778832395251
-0.513192550582905
-0.5032456917530447
-0.49929444853467575
-0.4971625699196719
-0.494662615642782
-0.48811531035823685
-0.4710241902945239
-0.46727617867120186
-0.4563021580266243
-0.4469147121782473
-0.43544330971400613
-0.43490504649459355
-0.4211667200356016
-0.4207938665743959
-0.4198022001960614
-0.409952493177081
-0.39746612403198534
-0.38351895012178483
-0.3813871081730754
-0.37507742048306525
-0.36098175829190476
-0.3528960600249422
-0.3415587885927458
-0.3356181832290862
-0.3344799862501059
-0.33447977949471286
-0.31689087293602436
-0.3125571465421488
-0.3115482268401417
-0.3063112311444937
-0.3036954527468526
-0.29174073853708277
-0.26478989833204125
-0.26357669843181697
-0.2606964313641521
-0.2523595797596758
-0.24957350832102887
-0.23929937792395262
-0.23872145788775295
-0.23070385333225019
-0.22871909889111433
-0.20839249678787586
-0.20761106132671597
-0.2031953021596299
-0.19991787437527686
-0.19953680493642578
-0.19465102506664778
-0.19241529574619376
-0.18937328909939682
-0.16482591700757038
-0.16216090521028947
-0.1605323720600053
-0.1601866240216192
-0.1595212214424997
-0.14996100829545894
-0.14211187993747965
-0.13337685909142816
-0.12387677498852728
-0.11024396840527732
-0.10730047520633054
-0.10675307726779176
-0.09960977660599779
-0.09456374669876189
-0.08515337582088428
-0.07973304584430874
-0.07290907272923364
-0.05436492721407393
-0.053696401290505374
-0.05336202123756484
-0.04971436463955348
-0.041427248516526294
-0.03938224762419318
-0.03885138841482416
-0.03408502733832497
-0.03202591406160005
-0.030164531984130494
-0.013156703676179882
-0.00666681231225319
-0.005557791730629202
-0.0040995533349541535
-0.003009267098795787
-0.001600144060792008
0.020639099836485597
0.02320145408968788
0.023253289024317836
0.0234269285212354
0.028645052272252225
0.02887083623341513
0.029939208117436
0.039072954215587985
0.05424044698384489
0.057820769622638324
0.05810405783712341
0.06447643299581696
0.07078253918054545
0.0784977381416404
0.0828489497003227
0.08618323483880175
0.08716040170498318
0.0914731749997012
0.09217991939541736
0.09728788658516296
0.099706617100494
0.10326958733734626
0.10831639286224404
0.1110775770660235
0.11178126997238547
0.11917710057420539
0.12515514696233637
0.13275857579042227
0.13967699374355058
0.14065399266180456
0.14333154107858004
0.14759038309886802
0.15363037218717135
0.16519356490462322
0.17088816709003507
0.17520961952001812
0.1876611812918313
0.19822107611532602
0.20633471148813257
0.2095225368776674
0.2286522206596231
0.24620932737023674
0.2485201578359587
0.2593973435089883
0.2678892945716002
0.27433468085727464
0.2766763837317765
0.2783931538691261
0.2827854253450345
0.28866702718541604
0.29563913971026323
0.296609902433571
0.30637928932200176
0.307032872896144
0.3113901467805884
0.31209140733556334
0.3139446902765468
0.3228167959113772
0.33271931965875007
0.33886676397885834
0.33983464878545533
0.3478058571529753
0.34945034514258894
0.35218700493918786
0.35263479430611877
0.35612434091465067
0.35652586978520395
0.36154102068595556
0.3732955384747041
0.3733705179981226
0.3774672584944454
0.37963478601726214
0.3798250929668704
0.3853515171359404
0.38653538162009615
0.38963639776386905
0.39162306649922163
0.40234901741739454
0.40330673793555327
0.41301448104073957
0.41670064350706143
0.42758926656264407
0.43704507600010295
0.4445207716616628
0.4519045203944263
0.4580527448533266
0.4671081343192871
0.4685507277546792
0.47228769988502317
0.4776947266313284
0.4808644136978046
0.4838336016011293
0.49714761258197127
0.4976225462614786
0.4976283583977372
0.505739830721911
0.5102931203031568
0.511420493360671
0.5127013114438299
0.5203609642643545
0.5293612243472285
0.5301356454227961
0.5350814817215384
0.5457473238127937
0.5547584392236348
0.559954197139422
0.5620631705256754
0.5654535602388757
0.567830564493019
0.5709315068521983
0.578477878783743
0.5803187521640882
0.5929350898839356
0.6060413185374826
0.6090289258273303
0.6092415280369624
0.6094098425920601
0.6098868288430612
0.626846927914674
0.6418655900264929
0.6459685444219194
0.649738479254251
0.6554816954857168
0.6571204769520596
0.6607377050772074
0.6635129062728076
0.6667555448950491
0.6740915564937041
0.6745649398475292
0.6937849788803663
0.6940726972526395
0.6956152334491391
0.6986418151991376
0.7038796485391119
0.7374145254972149
0.7390891910534914
0.7611967378812949
0.7659254682570629
0.7752320576000535
0.7779019278403038
0.7779302042404349
0.7814196032317164
0.7867876565698659
0.7893025143071684
0.8000458515112107
0.8070377699842619
0.8125342275727876
0.8230335725218707
0.8275046019347997
0.8290972731679357
0.8317850773685203
0.8409286580098587
0.8453275913604443
0.8469463019460017
0.8487502768444118
0.8565344264147765
0.8732756291872206
0.8737526440522344
0.884061033955819
0.8957685262728229
0.9022028755563705
0.9075589546496001
0.9138766093067636
0.9204182570440571
0.9221318566636172
0.9230450724532391
0.9279270091590371
0.9317030061900622
0.9356260304864777
0.9376530295829739
0.942838525513729
0.9457278602048613
0.9470927385249353
0.9562325442613273
0.9593019243081498
0.9599502826238282
0.9752854468897627
0.9805620882733473
0.985739332397088
0.9884152579932179
0.9995914265970846
1.0071060016526223
1.0085665240591943
1.0181849699385732
1.0216586195462167
1.0308477898602764
1.0401817253838148
1.0470438480720838
1.0520835569841507
1.056081403640034
1.0615103126091654
1.0726467840563665
1.083153865260197
1.0846245892061352
1.0916972537658334
1.0994347876648791
1.1111083753724755
1.1189841429168745
1.1612490527482837
1.1691701617615393
1.1746691203732045
1.190140618051621
1.1928226682228624
1.1942749063696088
1.197457997431425
1.2034642177170312
1.204264489954331
1.209787397154154
1.2120290511324086
1.2135205067344816
1.2197152859182556
1.2684266691323212
1.271798633306176
1.2762876436345119
1.283979193752367
1.286310790210735
1.2887060381413056
1.2947541731012848
1.3075026266264433
1.316063326748326
1.3196838618943871
1.320458211649536
1.3208061241522566
1.3229295379220947
1.3313077719048665
1.3374160780588091
1.3469241604685322
1.3508974321940799
1.357157361849153
1.3590334874469503
1.3776805065560729
1.3802311989901694
1.3812613573281665
1.3836601831829185
1.3858884785556362
1.3896715664749024
1.4021571990712551
1.4123850660757362
1.422372671201248
1.424388692839829
1.4288492152706702
1.4448642573425485
1.4452922734754123
1.446997633721661
1.4523801893493076
1.4775498322450304
1.4795329038324843
1.505128066844183
1.509435651275076
1.529743346085605
1.5429688691236625
1.546741864653149
1.5502768767945074
1.5516365171842772
1.55245851505365
1.5641464866022385
1.5651197343458296
1.566258431848894
1.5702297727135854
1.5711659836901295
1.5794324363895451
1.5824867825050446
1.5883381744881593
1.588610744418665
1.5990887586672815
1.6035977149667304
1.6077699296063224
1.661767350102648
1.6699204880519583
1.7107969987628717
1.7165753413649119
1.7651765367209702
1.7930808379467773
1.8010712220617018
1.8163431322407009
1.8167782991833241
1.8276722465194029
1.8310088160303297
1.8315522737225514
1.8511211779440444
1.8773841436506915
1.9192798705005703
1.9222872122049628
1.9334188318383232
1.944072189025511
1.9454166474024082
1.96323866704551
1.966208131199577
1.999483133836796
2.005504352615432
2.1103361047874953
2.1473943089133667
2.150225532814813
2.1517918541054515
2.155865297862128
2.207376557079702
2.239106812269233
2.2448604559730287
2.3421194354659463
2.437828864666723
2.5173005103241937
2.8932076038703824
