-4102.221076439771
-1645.3084372793035
-1371.3626730325914
-346.6663928580476
-233.5307208633638
-211.19184951367433
-124.50505699115068
-108.67783061867789
-100.84607468968082
-100.5744541059646
-86.55603800195999
-82.65162005947575
-76.89764747071513
-76.28880706229506
-71.5428059607571
-67.4863827904383
-64.93487642920682
-63.31568365585276
-62.1894463715948
-57.755402498156954
-56.703119162062315
-55.2258598251215
-52.813350956113
-51.623487270317035
-50.47642205591168
-45.24894763381842
-44.31245031080368
-41.32632242821375
-38.127896435009454
-38.03380960576167
-37.748856466385654
-37.64615465763733
-37.64502766203717
-37.55345021080859
-36.221898415079245
-35.35898501721621
-34.54928693486297
-33.75937287822714
-31.937514142114342
-31.73098620205948
-30.458772469344037
-29.840769266133172
-28.923572170585242
-27.741212266934408
-27.080726157601376
-27.030101835825747
-26.30818572981453
-25.44830953906399
-25.226139563776403
-24.21840850150086
-24.06987096658645
-22.898021033676816
-22.796601589453203
-22.614826483157458
-22.544744680215572
-22.357820323421336
-22.30625371729444
-21.609322407115823
-19.47427562470478
-19.37550580184017
-18.6516567708063
-18.26526611686065
-18.1091409478217
-17.78457953724644
-17.680922800150878
-17.67217528858326
-17.42179790493187
-17.063208478542773
-16.978220859489394
-16.7561995824238
-16.67648145247871
-16.07693941295764
-15.987113854758157
-15.420125106769824
-15.325142646757913
-15.01884469088085
-14.924215605135537
-14.512862097962826
-14.09289704156672
-14.063162864294295
-13.861749474745254
-13.808378833784134
-13.78179212999435
-13.729126580753155
-13.520973931030344
-13.364219045387305
-13.351462040354189
-12.911963652288296
-12.77705624148909
-12.636061496871658
-12.392318445637958
-12.370460860067283
-12.331016365236394
-12.289509034726265
-12.02506902744089
-11.988436942598295
-11.986218963734107
-11.92856793955802
-11.91963295544818
-11.836427984365875
-11.697238719400637
-11.661989175027822
-11.643810398534075
-11.502323430209007
-11.470479200058904
-11.335958541487184
-11.213803111700228
-10.906789024253545
-10.806224686376703
-10.780262855725296
-10.736161337345186
-10.721973348144
-10.520360135411586
-10.495095509833074
-10.431953337009823
-10.41793902922463
-10.40835968610937
-10.33299963472094
-10.30241452669176
-10.298318544535771
-10.24909946826211
-10.144349849512626
-10.105183530252319
-10.090832403102516
-10.085917991262589
-10.011388360905391
-9.927456337050902
-9.894037278210497
-9.87694588545131
-9.842119705302068
-9.727895947161688
-9.544486156601037
-9.496556801993895
-9.474200124234516
-9.437666432512756
-9.412305455162223
-9.203913003548575
-9.182750320964042
-9.070184662184952
-9.012018262678447
-8.932389728720256
-8.841673114857679
-8.791288223657084
-8.778949634146137
-8.752969808471178
-8.735310553147343
-8.66819571812266
-8.587969436825338
-8.533000475476781
-8.401789732056429
-8.372232710039896
-8.364822907913284
-8.237726475097531
-8.229868870188014
-8.183499434299016
-8.160488767836194
-8.155770542957171
-8.131432836241576
-8.107702893145733
-8.04721505554827
-7.933074339536537
-7.725595432828978
-7.7157775339116075
-7.674114465372896
-7.661691339647858
-7.6009813300499145
-7.588239932187587
-7.547558500309468
-7.511892757740874
-7.463230414209075
-7.398963648809128
-7.354507029194522
-7.324544641333284
-7.281683831948262
-7.256837153877695
-7.245698999662963
-7.205169719854273
-7.107201805557147
-7.060610807304704
-7.0571760929183975
-7.024134640510441
-6.9519800121827515
-6.949646805902491
-6.840879401794742
-6.799476276372309
-6.647373512157504
-6.645809682301042
-6.621023268127695
-6.615841816765043
-6.5934524817170175
-6.502576181570208
-6.497702351372714
-6.425924190446447
-6.418672055132867
-6.396009929423399
-6.384977356705544
-6.346700248351121
-6.341444866740211
-6.329194149230345
-6.224559760316058
-6.224532302054472
-6.197338179653045
-6.168176203968434
-6.137453476640689
-6.107903471349079
-5.964750866205064
-5.940681802611264
-5.916345697978645
-5.817687195655557
-5.798800687068201
-5.79842477438268
-5.790580933768785
-5.777890709898851
-5.73119187224783
-5.729697290856874
-5.700762642585754
-5.6089664812426125
-5.451515640357622
-5.429732541593843
-5.4292315133858144
-5.420662035656071
-5.383569682588682
-5.371469664028746
-5.308734371913802
-5.268164222421275
-5.263147936611779
-5.226597565225029
-5.225637526009258
-5.215615443895503
-5.185748099412303
-5.165171469773332
-5.143902879837871
-5.092305356298036
-5.088482158539321
-5.071497421693013
-5.052125014547357
-5.03642072286379
-5.003762213649935
-4.987577074715659
-4.979744138944186
-4.90306573056024
-4.852150258184778
-4.849925057225379
-4.8418838010025045
-4.826360738256463
-4.817241820398895
-4.783926199699108
-4.752666461358579
-4.715663533001701
-4.681850121110038
-4.669113071850486
-4.656722894820246
-4.653628274044019
-4.6500924425068355
-4.592507225939738
-4.576808557920701
-4.556328854935171
-4.493522841622468
-4.488778591702964
-4.456681561014411
-4.440314194796044
-4.438567113030475
-4.378922306340751
-4.3526142887071355
-4.330142777286222
-4.303040313196659
-4.298615414465461
-4.296230829541319
-4.289685597438551
-4.256564606050707
-4.250296355077915
-4.245573723277669
-4.221425361502725
-4.214011612485393
-4.1815519102700245
-4.179804169884742
-4.17179433339516
-4.166458337538151
-4.153115338954587
-4.1446615759361345
-4.127426846382232
-4.117074864452847
-4.105676608948535
-4.099420797934434
-4.0172985972422435
-4.016456751290825
-3.989924219871965
-3.977636520382716
-3.9639831662257303
-3.9585635385980797
-3.9287787974239405
-3.890380056054238
-3.8631356152856013
-3.844938958295005
-3.8222943431108884
-3.819980024194762
-3.8142334332942944
-3.782529463557484
-3.7813385385570566
-3.777347976652031
-3.73930647229388
-3.71391704454843
-3.712511183626779
-3.699061223049328
-3.6978308771498893
-3.6819714867389126
-3.6733871768442845
-3.6571394259491745
-3.652123715243401
-3.6345738389922646
-3.623596181726488
-3.611311567857636
-3.5797053382947466
-3.578112763319108
-3.547214196183969
-3.5098554366506254
-3.5047697460293756
-3.503420620239993
-3.481949708237142
-3.4755011732248544
-3.459800139522083
-3.4569410071408235
-3.4023243264722156
-3.3979425215671606
-3.379310867289674
-3.3738369595905433
-3.370832957129776
-3.3657499653308096
-3.363775966267276
-3.36256775084706
-3.361087037261525
-3.354849686814765
-3.3444998810025552
-3.338317581069052
-3.331034468347384
-3.329913026301645
-3.314230606182101
-3.3127624658090293
-3.275717953289617
-3.260395714818969
-3.2561579602848614
-3.2531676440784403
-3.241214696680053
-3.2359269688993075
-3.221890415313177
-3.2207325858614673
-3.209255491707047
-3.1777472127852358
-3.1433643320769757
-3.1395790898332456
-3.138494612744079
-3.1193781225997474
-3.1093899196188435
-3.100901607811834
-3.057689298813787
-3.0572385451699553
-3.0401069618943635
-3.0342790094131225
-3.014391726285151
-3.0041946213727577
-3.0032366798257915
-2.994832499277374
-2.9849153527177146
-2.9727195200827485
-2.972217350541521
-2.963157211895066
-2.902592710854386
-2.869728398086924
-2.84634105403279
-2.8295944503115855
-2.8195049149986344
-2.7845660224117808
-2.783152038370361
-2.7625637503925664
-2.757570662819557
-2.7483864056393763
-2.748295117131841
-2.73359925432694
-2.732017340682201
-2.7165121695834085
-2.7130925226484233
-2.7110588985834974
-2.706891861958999
-2.6997022523623544
-2.675390433614428
-2.6696559972984617
-2.6432051633519182
-2.621553034097617
-2.61958774518335
-2.6124370394701417
-2.583168968880151
-2.5808846924362694
-2.578104079461603
-2.5714232437780615
-2.554715851027707
-2.544939524596215
-2.526959167345179
-2.523763458059425
-2.511369503749
-2.497858942670637
-2.4892447815210366
-2.4671431171819904
-2.448891964409596
-2.42627040059063
-2.4255159755697338
-2.423383642190898
-2.41437457344386
-2.4055287491952138
-2.384287775928258
-2.374434295317732
-2.3656507100395006
-2.3531426830591107
-2.3531368047727304
-2.338165676345602
-2.3239437647020154
-2.318281696758639
-2.274586565529794
-2.2635467445624577
-2.260647025590659
-2.2277759491437905
-2.2073163891895966
-2.176892174611029
-2.1644193886929664
-2.1582023057766087
-2.1542727597802362
-2.146540443130306
-2.1423508307382244
-2.128976196312634
-2.1282285551031803
-2.120677342105629
-2.1045173715105774
-2.0954257737566095
-2.0825311872573598
-2.0758569340238555
-2.069476032426562
-2.0559823585620145
-2.0396289860830517
-2.0345080839590235
-2.026311818321392
-2.023256631287152
-2.0185319630964886
-2.004669768436978
-1.98727540571282
-1.983793401894081
-1.9809236305225915
-1.9685870274984494
-1.9600027215985707
-1.9300394097709748
-1.9263712090002993
-1.9211382212662595
-1.9102556462776077
-1.907232816276077
-1.8886677496379625
-1.881977951353154
-1.8817933754250682
-1.8782901700080128
-1.8770131058185329
-1.8723502832634098
-1.8628691407438118
-1.861733016330902
-1.8559796478153747
-1.8543633383548161
-1.8490248227986
-1.8486948128173908
-1.8450987428809547
-1.8448686681752666
-1.830337301878395
-1.817556496804094
-1.8156740042026285
-1.7982867580401813
-1.7941619153367032
-1.7869431169962864
-1.7852790556840952
-1.7662121804798943
-1.7653238931283355
-1.7496303227013543
-1.7433201827406275
-1.7390385362963008
-1.7263349834227777
-1.7178063270916664
-1.7074745652193164
-1.704427564122963
-1.698329118278278
-1.693167750441134
-1.6897296122966896
-1.6693347258658247
-1.6630540443791495
-1.6599792512020128
-1.651767257740676
-1.6447182085867071
-1.6255020336989188
-1.6242060856214025
-1.6207656186757156
-1.615666079036386
-1.6048143700160502
-1.600002049340536
-1.593071287101204
-1.590590647238917
-1.5864398172731864
-1.5835252218698392
-1.5810351396559217
-1.5630806987005719
-1.5552073268538067
-1.5516163925576336
-1.516710133152042
-1.5148995326425756
-1.5114477055261695
-1.5068668695785075
-1.5044271676335739
-1.4942626114485593
-1.4849253320943139
-1.4814316338864388
-1.4786961181548293
-1.4766702510268939
-1.4636701312856053
-1.4542808566991978
-1.4385070742524364
-1.4348949880142103
-1.430682461794306
-1.4210522409233368
-1.4167999836365872
-1.4138175763186789
-1.409540684516335
-1.4066623695838278
-1.4010080738519872
-1.3955374618004657
-1.3868120611847348
-1.3852497071386018
-1.383895434094691
-1.3799948872002568
-1.3746189644875861
-1.374417112211649
-1.3720876809488867
-1.3595017919271628
-1.336708514508344
-1.3366424527350975
-1.3327983975948023
-1.328133316213735
-1.3179904221681604
-1.3145638135295956
-1.2820123769324026
-1.2678330263680142
-1.2654705219644564
-1.2608435714621322
-1.2498214098201146
-1.2439617508989822
-1.241376198722267
-1.2337314915875799
-1.2336354934555094
-1.2202889930497096
-1.220032323133074
-1.218654495113297
-1.2128386841197547
-1.2113932170504782
-1.2012943058652976
-1.1954380953137427
-1.1935351308859303
-1.1913366846443534
-1.1873728762410194
-1.1857865160766177
-1.1791660654717122
-1.178187158901711
-1.1676514798887814
-1.162582918897816
-1.1567049927015327
-1.151480221015462
-1.1508107965596102
-1.1369813909726822
-1.12783855050924
-1.1251441897495846
-1.123477195188988
-1.123187698427698
-1.1138415708761684
-1.112892079654439
-1.0963212059539156
-1.0947801816905205
-1.0946799227288246
-1.0873902736824488
-1.0857365285229683
-1.0842523428559034
-1.0805072316427873
-1.079933699778803
-1.0665349217388373
-1.0538181719682456
-1.0474437982916962
-1.0429108092905566
-1.0417237561829564
-1.0385019398073805
-1.0249621766532975
-1.0240132844218253
-1.0239007394171846
-1.0131288891258365
-1.0128964628959256
-0.9968635736053868
-0.98865417849264
-0.9877151976762445
-0.9705556800159896
-0.9703320504175792
-0.9678933245320968
-0.9597721368727186
-0.9585250848498028
-0.9584754515728373
-0.9454038493631931
-0.9416774977576976
-0.9403390095417472
-0.9329833683199716
-0.9269844348090188
-0.9239393916202131
-0.9163567090278666
-0.91519136435041
-0.9073055906665267
-0.9059249549548327
-0.8914884033506216
-0.8855469788852108
-0.8668786815652854
-0.8664697445662856
-0.8566508877323302
-0.8522109506741763
-0.8439394843082154
-0.8427825499717116
-0.8314154022165504
-0.8241009979341035
-0.8145317874807942
-0.8143099788465491
-0.8115769241732338
-0.8048971205072748
-0.7887284549260182
-0.7836731359939126
-0.7810522576338507
-0.7682552025391332
-0.7646696269730457
-0.7495717570966598
-0.7481579861026227
-0.7359299746974087
-0.7297496814475307
-0.7296324365532787
-0.7287456732413622
-0.7241142757822788
-0.7217769267219044
-0.7186119028226688
-0.7184920168438864
-0.7167818763452249
-0.7107913604989187
-0.7098312284290231
-0.7080524117249758
-0.6952592037701821
-0.6951255034072843
-0.6949075545350591
-0.6852486813968314
-0.6837867540065965
-0.6814938686979087
-0.6675940579211035
-0.6600646140348387
-0.6570172668061782
-0.6519696556591624
-0.6398005331113895
-0.6306221193483889
-0.6090214572257088
-0.6048360277192822
-0.5911739134503431
-0.579985321948153
-0.5668459797166889
-0.5609020977133519
-0.5496949134610986
-0.5494105268512847
-0.546280388196009
-0.5424860067941573
-0.5421593008478692
-0.5319168441992975
-0.5304566706122743
-0.5261094796498493
-0.5260130605586623
-0.5236329948392926
-0.5197201314463733
-0.5160428212461284
-0.5151683773331027
-0.5091920938739499
-0.5051602479409344
-0.4951302764938702
-0.49431964015060764
-0.4802527821005145
-0.4779383754984401
-0.4750468818971003
-0.47061882518620013
-0.4620808231533249
-0.45331521600518004
-0.4511538215928198
-0.44644033465024513
-0.44296267129761635
-0.43695628881758486
-0.4333512087618347
-0.42975781203873686
-0.4237909395876944
-0.41504360276809227
-0.4129042238049148
-0.4073367280762406
-0.399245421716109
-0.39769136089839374
-0.3873445760958104
-0.3794529677592383
-0.3772988216306319
-0.3485172437368429
-0.34835059576774074
-0.34679164450630323
-0.3421696057981106
-0.3363951064039152
-0.32522787343183196
-0.3161300755900871
-0.31563133352072226
-0.3085402971005171
-0.30624621300778043
-0.2941400961444025
-0.2849901693699911
-0.28257066975365314
-0.27593275032626563
-0.2737323481346352
-0.27342622984838644
-0.26619391845608653
-0.26591720396170815
-0.258976309242809
-0.2463516642716821
-0.2353436150357462
-0.234395428941235
-0.23131170614523555
-0.2277608499444484
-0.21643443588174427
-0.20545287468969142
-0.20260859159438
-0.19862576458123404
-0.19688361635782242
-0.1925427785890848
-0.1895957386106546
-0.1826716979630203
-0.17652233828756744
-0.17125282732375346
-0.16735628363750588
-0.1553285763432899
-0.1549010588948505
-0.14732359494839964
-0.14648800617412283
-0.14126323712435407
-0.13980194545114477
-0.13491580519602378
-0.1345541822360502
-0.1305801374157396
-0.13031602904969364
-0.12566079288195334
-0.1243672397539296
-0.12060402039441276
-0.10772025261846374
-0.10511681194801187
-0.10081722362883269
-0.09949172087598801
-0.09680673791290262
-0.09304332776035751
-0.08758208579258686
-0.08757601749989863
-0.0874569345337622
-0.08483582961097103
-0.06183056191285696
-0.05674257799157789
-0.05169278256973969
-0.049821673399618294
-0.04968278479822702
-0.035946918529379646
-0.0314585231985855
-0.02754794119838888
-0.026372407076776294
-0.026110435484915484
-0.01424257012988489
-0.009163198467110473
0.01926987175143735
0.021985939823937373
0.025349904521000943
0.025764250049402637
0.026253014157324395
0.026294138813093282
0.027220101597294155
0.032594415021520384
0.039564101969170984
0.04262365056384276
0.04775829598053505
0.047861437518346664
0.049729202429105834
0.05240374811502613
0.05506741259937087
0.06327555363906978
0.0637256384730526
0.07088147470294737
0.07501754641092584
0.07689200283000386
0.0822814720666219
0.0835028602585961
0.08740668880264996
0.08742609251336808
0.09619961945330635
0.09925322054044905
0.10936808593319958
0.10948770566672072
0.12272893562808262
0.1367830859092941
0.13856246777759562
0.14374364239696336
0.14633169138352564
0.15185304860691362
0.1525893394964548
0.15502177524482197
0.1591214175842009
0.1692401633451448
0.18255998277954816
0.18712940233721742
0.2033923307505941
0.22840360347900734
0.23880749784828498
0.24872739873483574
0.2640438922216838
0.26440442448677026
0.2698835755976666
0.27130405342259284
0.2832156287332016
0.28365817935448406
0.2879794664382491
0.29280397997564994
0.2930399894566378
0.3119905765348988
0.31414708283493264
0.3208987503075933
0.32166043052054216
0.3345521483512679
0.34155655362301296
0.3701894595505073
0.37385143555231076
0.3795080261901308
0.3818096407595082
0.40330890896700244
0.40564031470867656
0.4077656006026585
0.4251965809385857
0.4285787559879442
0.4393158462147848
0.44433101630397187
0.4450260765287577
0.4604857948286062
0.4635717740514563
0.46658660520005146
0.46863723996694184
0.47900042544427907
0.4835423025286637
0.4860873523508803
0.48773594147317334
0.49428547952679447
0.4989391342751601
0.5003879344561929
0.5145349238333484
0.5197356033675162
0.5240301284396138
0.5342362015562574
0.5361878051880745
0.5392042293626236
0.5512237776483717
0.5671298684267447
0.568637678707903
0.5718911817704531
0.5786043319788223
0.5812859832832772
0.5826118036256881
0.5837712685134993
0.5938292435679466
0.601136475287367
0.6091620350526374
0.6101789446269712
0.6154842870316692
0.6162323558411411
0.617728858435292
0.6194090522594411
0.6213192180215947
0.6218923445616453
0.6234696435791734
0.627058872188277
0.6394907064306931
0.6464785630828632
0.6538639123565657
0.6564051836576401
0.6567414780895521
0.6581677309239127
0.6588758469231657
0.6678523969293296
0.6682370757878631
0.6875149445707248
0.6908992387856502
0.6976672116450051
0.7007775215290021
0.7069135922304924
0.7072447564146414
0.7158751429040207
0.71956777837352
0.7227714370261751
0.7319746346994019
0.7705467036666251
0.7725834795756475
0.7779906502164393
0.7944137673668686
0.7976482922511373
0.8004682668372515
0.8101213226565364
0.8219225822033485
0.8352973128283229
0.8581495067632975
0.8819563355705781
0.8833675907227689
0.9141642028731087
0.9335626597240971
0.9372183060879685
0.9386812036968255
0.9469141312965013
0.9582978717645142
0.9595041193864791
0.970334822341663
0.9716904727578268
0.9775324736842338
0.9796128414690306
0.9800021326473664
0.9903720441169744
1.0005315886877983
1.0077333513985722
1.0242306024338745
1.0320510386200028
1.0376219346576914
1.03866673834675
1.0544983780717878
1.0600473419849024
1.0636235702674754
1.0709888284575144
1.0733671758030605
1.0827734999553893
1.0942608158136213
1.0987725891160551
1.1160596106668974
1.1165784927171694
1.1264477662119545
1.1310402971569367
1.1380539145829176
1.1444468517784145
1.1599129645951896
1.1604918120748942
1.1634414502008195
1.1690264035330016
1.1770904371203859
1.1846260482951705
1.1855314696946244
1.1948167476848137
1.2002941756857308
1.2027104335511412
1.2029525314891838
1.2091215433033482
1.2112339462230506
1.2116316374112246
1.217734471688447
1.2200046345223827
1.2270599136054012
1.239122322026841
1.240229401792158
1.2530366546947038
1.253538986661368
1.2593722574849298
1.2612937110252336
1.2653142082416622
1.265819888418682
1.279100069345306
1.2814169078700681
1.3109878649620796
1.3174168005507731
1.3178729690082385
1.3352004101269133
1.3352674061465328
1.3540495827094647
1.358189672432201
1.3594982304088008
1.3675915719880298
1.376886419661036
1.4208640926309815
1.4300847593661212
1.4371014791302401
1.4400684231029721
1.4553049775972138
1.4668523967660967
1.4734549954226583
1.4843079128575594
1.5024463427397563
1.5230609733990965
1.5385768688519375
1.5457366775351047
1.559708603567774
1.571441924811582
1.572861953416042
1.5925324108012628
1.5955869021989955
1.6006556052210288
1.6019427155371062
1.6114815260723225
1.6334336699846055
1.652400084282692
1.6762628806701905
1.688557498035756
1.7027341847315338
1.736431603187923
1.7425760764591545
1.7686131866837287
1.8533797661461011
1.8839059796442155
1.887831000770467
1.8972060383518545
1.9209874257839674
1.9727066256473784
1.9898060980983416
2.008792991568038
2.0163260948756525
2.0207861128770617
2.0648183771821538
2.2718476672405914
2.3022586380390178
2.306780690010202
2.5804034181022257
3.0669771416684997
