-2348.120965764981
-2053.966723472272
-823.8882264771773
-785.4082205350871
-634.565429428542
-386.21813521203876
-320.3869062600443
-308.5537471807462
-191.7785622971479
-184.18636400080015
-165.43107424341923
-158.49101065250719
-141.34128556037774
-136.4220623226917
-120.42816634948855
-109.60314059252484
-104.62417468272248
-89.28050625249855
-88.7101378608362
-85.42653099024254
-82.34579973573466
-78.27609053222511
-76.64158945443587
-72.19134475607622
-71.96553899492281
-70.03043581464132
-67.07981783277789
-62.34658572908942
-61.99313118153255
-61.57730312279813
-59.805174040866106
-57.43569926751626
-50.85798905779999
-48.84482074863916
-47.660256698751915
-46.111004156357026
-46.066573541284704
-44.809748899071124
-40.11753606427301
-38.38431201645819
-38.13294699201299
-36.48215796859985
-36.24825340178257
-36.24670824750579
-36.13036023366878
-35.56295702155882
-34.93651573823572
-34.72618613807531
-34.609745332871384
-34.04755909643775
-32.776561185394385
-32.296770619972854
-30.921332677731247
-30.263973869422813
-27.3959095516691
-27.36610860116623
-27.162236262728793
-25.904193860278014
-24.612829533993022
-24.274631540554793
-24.11010813450992
-23.937266666535642
-22.783376153980004
-22.739314676408014
-22.17611487073886
-22.125106908272443
-21.461254291888288
-21.006644017809208
-20.047246101487175
-19.75735394394273
-19.561323729371214
-18.880635777103265
-18.6048342469385
-18.52030701767939
-17.997086635216256
-17.93058657488008
-17.830047038184546
-16.86723369885535
-16.43508398083718
-16.418654990560228
-16.346356635551164
-16.344223282472964
-16.320543574252024
-16.12194937308808
-16.04162671990454
-16.02624283449592
-15.874059986241441
-15.633741694909464
-15.50874947379842
-15.194600932458524
-14.925751200480178
-14.780645452091381
-14.74070380081919
-14.237985564391124
-13.91054644961351
-13.867445077333027
-13.734653923490086
-13.62558270238552
-13.515057465979535
-13.465801234233524
-13.460047319943023
-13.386374391576616
-12.93307375429708
-12.894834451693423
-12.882942483984007
-12.672368581535919
-12.572811289690026
-12.51917643881919
-12.46230856593947
-12.311842914343131
-12.299558847050106
-12.252826487317535
-12.139706736820642
-11.9600967053746
-11.912023633372304
-11.88332847055663
-11.826890182326768
-11.780178820044945
-11.748802619582122
-11.731802519090163
-11.501016605191975
-11.46442395191158
-11.355230034372557
-11.03881056707372
-10.99516763943276
-10.967277918377539
-10.944570477378129
-10.9060991799627
-10.892336590141397
-10.799756896914815
-10.732120866192545
-10.726721190400259
-10.70627871041236
-10.652707907391639
-10.63398471622527
-10.597164357644463
-10.566976253811966
-10.457663332762719
-10.298732860585107
-10.20793896927301
-9.956513340337109
-9.867423612325517
-9.845885700503608
-9.80009652510162
-9.724177445971643
-9.610186785364997
-9.58858962769137
-9.415771563561444
-9.415159582416683
-9.378301083659014
-9.195358470213996
-9.185480630490515
-9.183566263202598
-9.162883832206257
-9.124352483568812
-9.107662580659508
-9.103616020882527
-8.996173112659694
-8.84092426327914
-8.677023896271995
-8.59793209663535
-8.574292478541674
-8.539279986884091
-8.436312669957463
-8.426481416543428
-8.396335848484904
-8.370969256844345
-8.368954889870395
-8.359025959523104
-8.289006966627912
-8.24749701743216
-8.245528934564117
-8.186252437852447
-8.16990865602411
-8.154916777880132
-8.12682256423416
-7.9725377444081325
-7.960900533761414
-7.8590039387509885
-7.822387568380491
-7.8061702670767
-7.696886146529965
-7.628792850219662
-7.602784211572561
-7.511765775607326
-7.477997918342421
-7.437771236998177
-7.40762406719413
-7.36406531209789
-7.3520871438009845
-7.343258679122291
-7.297168838773587
-7.295531758562074
-7.282487726116337
-7.166249657169413
-7.098572390234219
-6.97939349962676
-6.966729442255332
-6.8599755498743855
-6.742876810695988
-6.690813768699847
-6.654608898223083
-6.614748418385921
-6.551457289042302
-6.548942875385065
-6.520383249405761
-6.4747880621068
-6.467613744947517
-6.457423181472347
-6.452074024085433
-6.447792413147157
-6.434493471351068
-6.417209106438678
-6.3756532865222795
-6.307837280547449
-6.268869598181604
-6.1945267886342945
-6.180414773106335
-6.178055206647304
-6.146266217611653
-6.05649317643722
-6.039035421256825
-6.016705527178809
-5.820563546568256
-5.814463198210394
-5.804581433199754
-5.80097328842931
-5.799023939177894
-5.762299944047554
-5.736802644371111
-5.734029431039621
-5.70607417124673
-5.704616146166574
-5.551505696578842
-5.529475406582369
-5.52911867546309
-5.52611802756957
-5.47535399556748
-5.467272412308102
-5.445846262666754
-5.435708297061645
-5.407356716304054
-5.390971708154346
-5.388666338152929
-5.346465414350035
-5.277383345939613
-5.2229994099596
-5.209130878086663
-5.197884470846514
-5.193426649417332
-5.179128635572608
-5.158685408105342
-5.110706106001489
-5.107220557548506
-5.0955092512339615
-5.074022825311438
-5.070252277385394
-5.06450372356352
-5.031725372982381
-4.991614310954119
-4.976562026950489
-4.970422853246935
-4.9516313990402026
-4.948065554280658
-4.8623534071086185
-4.860275336078491
-4.841568693732005
-4.83070820263431
-4.80418693018338
-4.745799138207205
-4.709999833096902
-4.687487581190556
-4.6359603031004095
-4.604226996964407
-4.582902530157438
-4.565998665963137
-4.54216792072552
-4.534573814331144
-4.403564279735628
-4.38508289919231
-4.357307604570893
-4.3499025425652995
-4.341606053677525
-4.331519232954055
-4.320469521700709
-4.319316664207229
-4.312750652779702
-4.2860900638755135
-4.244042529633931
-4.236394999132174
-4.232459297743875
-4.1983346265119055
-4.191058395165477
-4.162789129516583
-4.146900068111858
-4.145361357356351
-4.144084217311438
-4.121424746103063
-4.116945179658078
-4.111955091403625
-4.059569226524751
-4.058527911995554
-4.033959363265886
-4.0298292678078385
-4.029114515059391
-4.021095549357088
-4.010987682015122
-4.0001427600610855
-3.9776505090091714
-3.958082133912277
-3.9578324579166884
-3.9349188739201963
-3.9339510812015477
-3.9119742082545597
-3.9110309460948542
-3.8964917963467185
-3.8939889537124586
-3.8602365654289854
-3.8261448378104372
-3.816608145744189
-3.7949049017446015
-3.776234739965954
-3.773530119513433
-3.7691785118216634
-3.756872841696903
-3.6714471605923067
-3.611187758284496
-3.605619634030897
-3.589266611317178
-3.571976558189656
-3.56980412704299
-3.5666643818073664
-3.5244763536834345
-3.5098095588606775
-3.507718666480088
-3.5071957720518117
-3.4954613107977055
-3.4832808427716433
-3.4753797956898094
-3.450865873200577
-3.4211511944657604
-3.4030012698408494
-3.388610781743652
-3.386826539119599
-3.3376888767288557
-3.317295314962444
-3.3005529800429394
-3.2980601393308158
-3.292180209732722
-3.289447698590175
-3.2799923213258313
-3.248864097607738
-3.232659900663096
-3.231249405614643
-3.217557224896364
-3.2115267673511934
-3.1994958780610374
-3.194544524476303
-3.1664619276393173
-3.1574219767417366
-3.110426353673401
-3.102759314080623
-3.071430177647854
-3.04174474738641
-3.0352908661676756
-3.0318084705801667
-3.0115814736227726
-2.965263719493492
-2.964248083854854
-2.95708559829542
-2.929382422219252
-2.9272409654225626
-2.924957358630205
-2.924468889724361
-2.920450721365608
-2.914084569876257
-2.9003909673278234
-2.889062076917595
-2.874928983250252
-2.858020033757749
-2.8179394765228087
-2.816529547921353
-2.8133101577998256
-2.8090806434419546
-2.805957327920889
-2.7354641731348748
-2.7143497316538454
-2.709550764210989
-2.7016553799761422
-2.6974301994186494
-2.6972279971478885
-2.6932809474290753
-2.6915268962834933
-2.6832786803197455
-2.6829719752950956
-2.675255928227654
-2.6643505074101714
-2.6547254855262743
-2.635959047722071
-2.6265465055547037
-2.6154268999404056
-2.606150619676034
-2.600369633392397
-2.5738435241828723
-2.5734569806711867
-2.5635699312250346
-2.5393482403171017
-2.534220278199432
-2.5322590614882112
-2.515984191240475
-2.509922684813439
-2.4976526688165017
-2.471813281788114
-2.4684470157086738
-2.452007578182528
-2.4393134035990336
-2.4291232187951004
-2.4159717694357417
-2.3882412108177173
-2.382982971675234
-2.3760931241924013
-2.346080223444397
-2.3102372487893184
-2.3098646291667713
-2.303424443986054
-2.286672263113149
-2.284975050293144
-2.2838370097127876
-2.2694290593735804
-2.258715989108633
-2.2471083148947795
-2.2357481558341674
-2.2298072547670227
-2.223938542992605
-2.2192815507768597
-2.2151146647132705
-2.20631714570474
-2.1855272496520177
-2.174688704712982
-2.1668864474491185
-2.1633345569004576
-2.1213450772881917
-2.1179874217884445
-2.114171478705638
-2.104128372073073
-2.102161070553311
-2.096005346303507
-2.0923894188353223
-2.0786918711129316
-2.0751524630676963
-2.068049755818276
-2.054838393871208
-2.023918928858788
-2.0231321762427568
-2.021735467233081
-2.018532673823582
-1.9878748286219108
-1.9860734431969531
-1.967182670930372
-1.9638040794347253
-1.947724022929672
-1.945658446398069
-1.941748554485617
-1.938743784289986
-1.931908491338823
-1.9312350764864075
-1.902615513094999
-1.902481224526002
-1.8972045968385929
-1.895780108333684
-1.880727032887266
-1.862162903408187
-1.8593086144698223
-1.8490350437173033
-1.84784642901678
-1.8408796612689315
-1.826763682311252
-1.808399629113155
-1.8044903181335474
-1.7758035530155287
-1.7599945414188887
-1.749597058756305
-1.7394964655013099
-1.7365001161227087
-1.7276223403402313
-1.724462373313791
-1.7208803636909917
-1.7042748050646512
-1.7025788867996874
-1.689505580320054
-1.6807150639405406
-1.6694442428867844
-1.6635443422430962
-1.6566900456341045
-1.6562508198232808
-1.6534237543248886
-1.6482686890302154
-1.6417506123205445
-1.6257062712639612
-1.6204209499993811
-1.6140145251388915
-1.6084758481857642
-1.578786720142383
-1.5778304481336167
-1.560652734806984
-1.559207052245303
-1.5509697285868862
-1.5474622274240444
-1.5158345804269129
-1.514481383697311
-1.500147732081234
-1.4696424633749754
-1.4646047106308369
-1.4615209409524619
-1.4594854594065125
-1.4560339901952302
-1.4541941616870417
-1.451773867233642
-1.45126531292451
-1.450994870472121
-1.4470518999070663
-1.4457260629078175
-1.441595854924195
-1.440142781307892
-1.4381908865402875
-1.4325247908073881
-1.430700048848035
-1.425712989876919
-1.4242334474937377
-1.4073832745828065
-1.4026549718092203
-1.3991751181477745
-1.3984620348839973
-1.398244208808308
-1.3973159696469053
-1.3863451735104777
-1.373570246641966
-1.3727331966678753
-1.3713725708263067
-1.3713128929502023
-1.3695616953350633
-1.3682361059483004
-1.3469186419664996
-1.3400352652558394
-1.33467629038683
-1.3047169028993095
-1.3042795777399856
-1.294342726494057
-1.2868287235777203
-1.2832520728218353
-1.2793400819151786
-1.2731511125525559
-1.245037778059586
-1.22584464922778
-1.2173838376790265
-1.2163436834436427
-1.2097985397670046
-1.2059239093603056
-1.2022127095251942
-1.1939898375489437
-1.1923057330674618
-1.1914916114787018
-1.1816722880790753
-1.161095354379178
-1.151310880229948
-1.148661209591222
-1.1467433003528575
-1.1443198508816521
-1.1427671094291045
-1.133898824950284
-1.1228223075820405
-1.1124515783287672
-1.1107877655170157
-1.101394331851744
-1.091831145401426
-1.0745100765771798
-1.0715724865194438
-1.0630685373429611
-1.0540138052427959
-1.0458602495742095
-1.0453408024111184
-1.0309836781058648
-1.030640443032901
-1.021676820310667
-1.019680753670401
-1.019275064521456
-1.0188260431877394
-1.0143672064131468
-1.0043435273826327
-0.9919011955715296
-0.9904704776009854
-0.9897009447613468
-0.9895162873616674
-0.983454871623429
-0.9802085858776028
-0.9799131408693846
-0.9698871102668253
-0.9499171771036266
-0.949673905417223
-0.9469057926420927
-0.9344547765804163
-0.9339187146238361
-0.9314467049470448
-0.9192859440503395
-0.8980450416553174
-0.8858836528218442
-0.885239708028954
-0.8837936517959457
-0.8828138490366864
-0.8612480844562737
-0.8484224768714185
-0.8380821585699668
-0.8359488774244487
-0.8359128382670995
-0.8331150818931901
-0.8294087564614208
-0.822853673722443
-0.8172664094126789
-0.8151651853848626
-0.8073783499356793
-0.8013592369485455
-0.7977733495037861
-0.7955600943189598
-0.784117992761705
-0.7782347373043392
-0.7729866141643663
-0.7684087477148542
-0.7665194246970826
-0.7598502476475194
-0.7552822258905126
-0.754985282939333
-0.7491785868030723
-0.7468177233333083
-0.7435305895342061
-0.7410061431188089
-0.720940350956135
-0.7206203855862494
-0.7186624419620645
-0.7154930029740472
-0.710895544482324
-0.7084625777036095
-0.7006064285687985
-0.6986960510097404
-0.685715723497809
-0.6852921227316495
-0.6806913476402516
-0.6765760701848433
-0.6756289247071575
-0.6749256663871446
-0.6557371916366244
-0.6530708959888976
-0.6501880841217718
-0.6496116928067317
-0.6493074533128544
-0.6485337134166866
-0.6412443671574845
-0.640969037988556
-0.636847711010533
-0.6073188798594213
-0.6066437817100632
-0.6026485420515256
-0.6007164397544265
-0.5954563632281139
-0.5646473265405842
-0.5618819197598379
-0.5578729986279138
-0.544380169210442
-0.5352131723044066
-0.5345498807572244
-0.5341868024898648
-0.5325627371323528
-0.5096363332569674
-0.5094787654246048
-0.5051708750708102
-0.5031564301311848
-0.5024060924421194
-0.49897383053018063
-0.4883187478688993
-0.485064430132625
-0.4756477726578789
-0.4717208693787198
-0.46799366825233646
-0.46704383869631316
-0.45714154301449816
-0.4569449103640329
-0.4563356832956448
-0.42773654276780226
-0.41311708614627274
-0.4045566529921044
-0.39949027846847
-0.39439444723313155
-0.39160823019698454
-0.39130838145612934
-0.3860945012924696
-0.38242366171148084
-0.3771674319887358
-0.3644949810810832
-0.3428477511017157
-0.3399224594744757
-0.3200187694394353
-0.3178182089241456
-0.31469906950223436
-0.3115515712653817
-0.3097207498366348
-0.30759997809845563
-0.3041450468357365
-0.3011975475976423
-0.3005689780272426
-0.28960496172190103
-0.2826059497246025
-0.2797974480511648
-0.26070470021307823
-0.2598973136354741
-0.25748204808618513
-0.24944083583622864
-0.24818212050948607
-0.24796838633078455
-0.23941492121127647
-0.22794225185803096
-0.20676401192319904
-0.19994329517631593
-0.19919330512533553
-0.1957889738564193
-0.19503858205849067
-0.18594839034805866
-0.1742050393321939
-0.16554733865185156
-0.1611136299832661
-0.15820584173704488
-0.13752815980096583
-0.13652263169214163
-0.11634782569826135
-0.10767563376304623
-0.09523718660016928
-0.09362087012072756
-0.07996213032285698
-0.07215570350978456
-0.06779459578273728
-0.06746645341864316
-0.06049484298480501
-0.058993307437653186
-0.052332737799040574
-0.05195759339471584
-0.05164925395111597
-0.050280365160937535
-0.03779220993828214
-0.03315761558439301
-0.032452307733878416
-0.030885007993610714
-0.030575203157883812
-0.02945025314871008
-0.02246864469007881
-0.021578395974570896
-0.020363509829332216
-0.019129407265044973
-0.017990471351959858
-0.00220161527843743
0.017847081827759292
0.021038278439144187
0.02425819414308572
0.025215576027034003
0.028123378211822203
0.02893783470008815
0.029846390138917822
0.03447371167951219
0.03839630922461646
0.04368472033131621
0.05330355477594906
0.05620066295762882
0.06064632315169333
0.07349944997394764
0.08259252523753302
0.08571372616550217
0.08591064870802312
0.08725575534822333
0.09039308948402214
0.09347579245061599
0.09514286548149498
0.09994073652998912
0.10011284272687071
0.10633624278359949
0.10836416228520873
0.10845892653049383
0.11854923955719428
0.13022021047779575
0.13184215905616148
0.14179718869935154
0.14345764465385968
0.15923611707620888
0.16416756395682908
0.16740850796128182
0.16789802072636686
0.19426863866640895
0.19463565040851966
0.19560542475589815
0.19613676427106497
0.20286345431869973
0.21717046054566425
0.22355910332031492
0.22473282810622064
0.2345184207604416
0.24442521295985548
0.25418391959571207
0.25469554975410535
0.2577657962539146
0.260134148814297
0.26152252164814604
0.271200480060369
0.27568041495182327
0.2764587890582769
0.28078493059253096
0.28392751091558377
0.28596146184232113
0.2924603650444084
0.29630416927910774
0.30029762154371675
0.3013137018032396
0.31524130277332874
0.3265683513111516
0.3298477535731087
0.33040050794752573
0.3356371384662883
0.34356289443569776
0.3502727053372221
0.35647262354978493
0.35890328989699083
0.37834365356108823
0.38583795851956815
0.4037533411036134
0.414828697269249
0.41927217075114115
0.4208127497887522
0.42446032026870406
0.4258950422678479
0.4321201051675583
0.4372751945146395
0.44116992724328463
0.46656177621985295
0.5268298247676974
0.534436570409679
0.5369359385761995
0.5405641173499938
0.5432023577247695
0.5551770861928993
0.558389240418492
0.5777216417175604
0.5813049817556246
0.5826508663095241
0.5933182658943215
0.5947869217109811
0.5964079113688712
0.6157204011009582
0.6219818748148325
0.6237971949693567
0.632618687225215
0.6436701403349345
0.6512246982951279
0.6550218239109871
0.6629110028324634
0.6634539805567603
0.6657351963625457
0.6714693376238352
0.6752623415834877
0.6753155482059722
0.6803839725371776
0.6824295489331553
0.6840589414149082
0.7044959725858893
0.7081853042940041
0.719968826280388
0.7231128047524227
0.7235720502849513
0.7250113766063575
0.7296101760800353
0.7296630961316366
0.7635247879909082
0.773037057956945
0.7806144293318412
0.7957504178189705
0.7974095702060617
0.8074472960813539
0.8204102922931885
0.8241749324245778
0.8294204104184374
0.8336831225015575
0.8542264006392081
0.8568014527528276
0.8571272655515912
0.8839446063014197
0.8841818639957431
0.8940126717888989
0.9134857757178144
0.9220214395529505
0.9368686409845612
0.9427192348912707
0.9428498400006327
0.9438933116663637
0.9584653851964824
0.9602824289753652
0.9635849876409077
0.9732114706769255
0.9818063183347638
0.9919625105118339
0.9927249421876361
0.9989770893793662
0.9995908054607959
1.0069586031247997
1.0096318192480802
1.0139449562929856
1.0286197951670437
1.0416987542442928
1.047665971747521
1.0492713619976093
1.0509967323715894
1.0519920230389233
1.060725179103207
1.075336842391855
1.0869795591031965
1.0928223676188513
1.0952888533741363
1.0973665183156593
1.101511004516273
1.106459524619429
1.1071775848610934
1.127290245102154
1.1331493749175072
1.1395202524821793
1.1497711961726074
1.1500771194933979
1.1526101874168753
1.1552322455979604
1.1713247180982431
1.1731947326318664
1.1797243349657074
1.1870692187093346
1.1933641376953203
1.2442589578241143
1.2578864588849483
1.266216586777327
1.2683054553979052
1.2838436731355984
1.2932180313768376
1.2956981128373815
1.3089095098264922
1.3248774503766059
1.3270228868102774
1.3303052205902737
1.3415679188388967
1.3596107247122928
1.3669268714664948
1.3711256133652743
1.3962346060330335
1.4240639952546574
1.4255399424800144
1.427012208802262
1.427374053097488
1.429174666880418
1.4350178311438941
1.4549375775793942
1.4600159589831243
1.4768241958588573
1.4951045736321444
1.5007331863418092
1.5059574327817296
1.509617337268284
1.5157534360033553
1.5183170317097467
1.5239574092242067
1.5422228280520978
1.5448771809768997
1.558003306830519
1.5753541409431304
1.5920767778655127
1.6034173733858148
1.606421859936777
1.6307541145112119
1.6386902143348843
1.661631587357424
1.6638206831483064
1.6671626088934677
1.6891883132862575
1.7010607614693987
1.7177091367644177
1.7196216493623853
1.7284916862292103
1.730233736251195
1.7322146982841788
1.7342731159931082
1.7424590258440091
1.743291791720475
1.7513794007682495
1.7634115380943267
1.7642112332704114
1.8080899760461357
1.8141114858964626
1.8383605182311094
1.8601189665400302
1.8714764425095844
1.877315541615923
1.8807733419879862
1.9116339249625394
1.9235201390362575
1.9284389449102255
1.933253573694274
1.9486022713479016
1.9494632054431769
2.0065720635041617
2.007999912074954
2.05199014304977
2.071791932108637
2.084422848377932
2.0862734028644403
2.1149926489480144
2.165721935580625
2.2014002998254907
2.219087836313775
2.304039259724652
2.30619549634646
2.4078551711109446
2.4332093180206997
2.599562042503457
2.7330646047045333
2.7451501175438384
3.0798435332732534
