-1826.5146601682336
-1644.6025404008526
-1371.5585828566302
-1032.5000220987658
-917.7028993781519
-717.4479400789592
-472.9828372073796
-406.6504126187242
-395.6240604797764
-313.7955172737365
-310.21820757739073
-286.7814391091087
-283.7638746261271
-244.4585516386458
-195.03072059904713
-183.88639503805277
-182.5384344164875
-155.62618858330276
-146.14381946863176
-144.12073915585447
-143.35708371327763
-136.56671529017825
-136.1883453056127
-135.7856332572612
-115.14648454961826
-113.43671979026679
-109.41049404408932
-100.88391299102682
-100.62963177511298
-99.791898982824
-97.31663037436884
-97.00666844694877
-96.19074012480789
-95.47335847928358
-95.30460123514526
-91.51647835614267
-91.40534504780443
-86.64934093736179
-85.96833186087368
-85.30893354256
-84.03773875387878
-79.20525018375983
-76.33391589713597
-75.79583764557299
-72.24838518766842
-71.91570173417065
-71.42838578147095
-69.72199101851001
-69.00742581146446
-68.32094549399831
-67.74406121408968
-66.34760923488187
-63.56779171494908
-62.54678901473598
-62.28125914562812
-59.761756675796995
-58.96751505190378
-58.407036925559055
-58.03970983820565
-57.94885909995111
-57.44882904538969
-57.04503224542677
-56.50786737260413
-55.8626741252664
-54.44636760447663
-53.016688160031535
-51.38222540329817
-51.29752330758083
-50.880518080942544
-50.57295623128076
-50.371632785959285
-50.02138998936327
-48.90391373799377
-48.29443724529558
-48.075844440577534
-47.69583148850816
-47.18735614931226
-46.62334749388432
-46.57426585811288
-46.19286957840538
-45.719457553582025
-45.55420993624419
-45.28742708909089
-44.75460522741289
-44.593870691289766
-44.28676735905308
-44.22913678117892
-43.88890132202253
-43.670501858134685
-43.366332973039675
-43.09216329911287
-42.69565140624631
-42.62313870248884
-42.610748670233946
-41.88090593142131
-41.4587451226174
-41.27663505708062
-41.112550642167925
-41.094310219794316
-40.402698823372546
-40.055754255864436
-39.79304907220337
-39.4160395803271
-38.9847026669424
-38.95598088474495
-38.84317040790034
-38.47808586746991
-37.546148368871066
-37.49708824792728
-37.424533079358675
-37.18030959354227
-36.99457332899378
-36.35808826826682
-36.15870287772361
-35.73531161607883
-35.72636494287675
-35.18226985113791
-34.63940956281264
-33.832529784131395
-33.780697922467674
-33.61211057682211
-33.31401011303123
-33.237774260978576
-33.23131868829371
-33.16256455394563
-32.933743324866796
-32.90601909849156
-32.73266127847341
-32.65070162312024
-32.576214359417776
-32.41908711927379
-32.33585345394285
-31.927888302404725
-31.490379176625865
-31.460000479894962
-30.8951998093071
-30.381869390403622
-30.239998527462564
-30.116213106457106
-30.02556152261262
-29.8449763490841
-29.672672868010764
-29.61994878988504
-29.5024882056714
-28.747882404202993
-28.4020122925504
-28.296091566920747
-28.29473426843929
-28.117927832274248
-27.574076190589984
-27.275049957861487
-27.17690523936375
-27.16063143752514
-27.051768059208428
-27.013707724076344
-26.625230309145536
-26.609438570802844
-26.50504902832415
-26.311642425086227
-26.130697369067384
-26.006200733034667
-25.816910538282155
-25.688969178871588
-25.671003054831644
-25.644671614363507
-25.09809068565733
-25.064960192832253
-24.98422568540873
-24.86440330483829
-24.814541927103534
-24.77758280108919
-24.68245136476459
-24.342567061423157
-24.10358933227994
-23.984832452954034
-23.87151762302377
-23.840203639845953
-23.66472709359032
-23.649045551968573
-23.512486574189396
-23.31578762503664
-23.303393659673418
-22.9746270925811
-22.930512031726376
-22.89161383724999
-22.828472017147355
-22.76053578558631
-22.74511809859069
-22.614025577452193
-22.480992788991248
-22.41207329675542
-22.374162588734734
-22.357634114180964
-22.332963390907246
-22.292896197122694
-21.961106002781055
-21.958255787555274
-21.82752883936969
-21.798781926664482
-21.739780390820435
-21.67185743586946
-21.645313851594786
-21.493791456596316
-21.478771850897946
-21.314842418954335
-21.272395736133465
-21.221702966423504
-21.169618398832394
-20.92088976602312
-20.766262762866823
-20.76467064449242
-20.632342287530932
-20.57571047444366
-20.351695807560432
-20.24120343062506
-20.138358794691413
-20.07334885889252
-20.01722021473812
-20.009414828694158
-19.875320556467333
-19.86861967271809
-19.7779617117748
-19.773620147587494
-19.704037821283546
-19.57889669926719
-19.346504972788935
-19.321509723144818
-19.321123210589978
-19.291496680737943
-19.261353599842767
-19.224578738416465
-19.21302232589749
-19.182600680648456
-19.103217611466135
-18.835794157627074
-18.81563353663919
-18.745133471225213
-18.593259551184403
-18.57731984226426
-18.5401134924764
-18.537041785692494
-18.527297704853943
-18.523936384715125
-18.499765768537408
-18.181703994467732
-18.108542764657503
-18.080756123411412
-17.94917942594458
-17.945046723535672
-17.88180332141549
-17.757392535657782
-17.707711273410595
-17.67032831798841
-17.605323262587067
-17.557817843687097
-17.41106663757017
-17.260755751367714
-17.1634657538738
-17.130862641045404
-17.100556543163638
-17.061093253863465
-17.05975778817786
-17.028182142640514
-16.977604371548416
-16.97415982715692
-16.872846362261097
-16.72931937083387
-16.467415642449637
-16.400666587208917
-16.399685253444652
-16.378566490748238
-16.36449913373704
-16.35518805649735
-16.270403937248613
-16.256145809790915
-16.231771630370126
-16.227419644904952
-16.190507978024417
-16.164787860507314
-16.09564054664815
-15.930892590134803
-15.878345133079996
-15.858229702752535
-15.82808931959531
-15.746338275329556
-15.73724319161919
-15.697550239348042
-15.678590894947718
-15.58172025255849
-15.57786194482653
-15.46478523396755
-15.46423129692187
-15.419253595126033
-15.416402726276996
-15.361853737883663
-15.290491253096073
-15.21287938051629
-15.09348102745947
-15.088242861570347
-15.066399746250845
-15.030031161837663
-15.01742265808511
-14.957995820707445
-14.939663329589346
-14.938696382377797
-14.936313541147273
-14.923772402681756
-14.911733876240094
-14.902100605020731
-14.885675121127655
-14.79796939260709
-14.74649976204248
-14.707022507272384
-14.705219876017612
-14.615143100344435
-14.45880376557139
-14.4296877130766
-14.41657086784074
-14.40744608647859
-14.395645638767357
-14.36784753196757
-14.3398280683206
-14.254941258153908
-14.175835138466155
-14.13801469452088
-14.098776503803835
-14.059587944240498
-14.018276024846358
-14.017643811004577
-13.983611095786518
-13.94714582838082
-13.831881113592361
-13.792783315395223
-13.677862605560108
-13.672211899408964
-13.666389341800521
-13.620004150729383
-13.565441984512841
-13.533916682414421
-13.503641581850504
-13.429947534284317
-13.392490958666658
-13.374387824721191
-13.363220788281264
-13.355441766765981
-13.337175024702647
-13.303054370325862
-13.26865676842218
-13.26712973014989
-13.266141033395352
-13.254025811153722
-13.222155396620622
-13.219993905028005
-13.215900710720296
-13.169520566204586
-13.15902394662022
-13.131556904388457
-13.122587042837262
-13.092097451501347
-13.050872837625409
-13.018941990048395
-12.968107695423837
-12.943790544009964
-12.896281404213457
-12.890676511038825
-12.881076625455115
-12.837865254294327
-12.789774766243681
-12.789286678198563
-12.775453862810096
-12.706781983219111
-12.678911580556523
-12.59701053789314
-12.5770184319565
-12.556601844320616
-12.554446768275444
-12.551768130436415
-12.539029846288878
-12.533587087276008
-12.480258856271874
-12.45683286659311
-12.438502033728422
-12.42418937881014
-12.422417108698255
-12.417029390413445
-12.348694596022192
-12.323803780294948
-12.3086803686205
-12.278083461407688
-12.218452856595539
-12.176946282551663
-12.110167186005205
-12.086617477432918
-12.083321254080127
-12.046955570100696
-12.035698384895955
-12.03118394656136
-11.994518719593763
-11.975620435784567
-11.972438930872405
-11.82981159404954
-11.820962587549783
-11.808535944849126
-11.716004118942065
-11.702757651026303
-11.697732638488718
-11.644855703369839
-11.634788135663399
-11.604734111581486
-11.52543680931635
-11.518968815326861
-11.503653754764628
-11.495115972793844
-11.473535628442784
-11.47024988392824
-11.443262063434842
-11.42706872760673
-11.39675220990312
-11.388890584476377
-11.351934421229533
-11.32957777853104
-11.314661070676467
-11.225744515848268
-11.208012337677369
-11.200174955281632
-11.18755264559996
-11.130921856910133
-11.107921275250419
-11.063526896772554
-11.032966415690199
-11.013025245321582
-10.98584262821623
-10.956099360231367
-10.928667858057212
-10.901425653930467
-10.900505615812758
-10.875835851875324
-10.857008955908322
-10.845206441986091
-10.824977585798905
-10.813261594096224
-10.792238050150837
-10.78424280447715
-10.776110367575136
-10.77444644165649
-10.772979227785934
-10.766251551529168
-10.747432689859828
-10.685353996998332
-10.635052799953534
-10.61615683222804
-10.60727050628045
-10.597655393274378
-10.580322605358697
-10.565672692119941
-10.556247129472807
-10.453949870861285
-10.44074707790754
-10.433822185377347
-10.426924648819776
-10.3211770528198
-10.310170508456507
-10.233747747882525
-10.197114060641912
-10.194462587964907
-10.187076378077327
-10.15372502154144
-10.142860383195288
-10.12192956133514
-10.11368814660096
-10.087642928322511
-10.037254201157186
-10.027433790149335
-10.011338469237476
-10.006758726746
-9.97136268955304
-9.957618598884636
-9.927684038895503
-9.893570237814181
-9.740343850622073
-9.724111657764176
-9.717097250381048
-9.712976234402936
-9.694904229466527
-9.666833916957604
-9.638237994758013
-9.627762855613947
-9.614669211200258
-9.583699983706017
-9.579709546559059
-9.56618456522355
-9.559289688271866
-9.52254307380063
-9.521151590379587
-9.518380907448694
-9.461302741056128
-9.459080606396178
-9.44212161513055
-9.440166661790537
-9.432552950329793
-9.397475852799658
-9.389861481067722
-9.386148614930605
-9.37624675565206
-9.362563539700007
-9.360236222994141
-9.342637555867894
-9.341844815979707
-9.338759846806731
-9.333438984420715
-9.318497960286946
-9.290836624484273
-9.28844454205963
-9.280076313260327
-9.256081370427584
-9.231660224188627
-9.224331330284357
-9.209320114932385
-9.202390608144922
-9.156109973402977
-9.149917410634618
-9.12663691932455
-9.087439874329958
-9.084367925616231
-9.078523393881106
-9.029089641909383
-9.015132217202666
-8.937829440157945
-8.931793312695191
-8.91418010276939
-8.909049975190397
-8.881222084569519
-8.853114361339962
-8.815975032324072
-8.79147256721131
-8.745429479735634
-8.742929990073687
-8.70570444667768
-8.68584164337551
-8.655157498717761
-8.646619373299774
-8.61819547691518
-8.581604749842983
-8.576223156843103
-8.549021896413565
-8.53689351220433
-8.528536701971149
-8.497012512811406
-8.483760026941393
-8.475585325361502
-8.475445570230619
-8.464302178639677
-8.423625005819952
-8.422994278021656
-8.421479093317132
-8.414615495929977
-8.383917832611047
-8.382103409965438
-8.381035118979788
-8.335318955947141
-8.33105217816648
-8.316675244003552
-8.316118877209016
-8.302930330423868
-8.298253135002557
-8.298055592723559
-8.28031533456395
-8.278189912666605
-8.272219061712576
-8.27100006234263
-8.25390772264333
-8.20503988714804
-8.190824903666702
-8.171062755361312
-8.16907880242366
-8.168819612426816
-8.167393697761428
-8.15943076041215
-8.122681413859018
-8.1166204936859
-8.110291594393708
-8.106434258255694
-8.080295653611792
-8.070125001956267
-8.063653592685517
-8.058616942730616
-8.056872218450057
-8.038929270608254
-8.003988535022756
-7.996590042239461
-7.995972802823973
-7.978033999280814
-7.971327084446441
-7.964901363793356
-7.959227997449718
-7.947592425387113
-7.939791378738569
-7.896145490869232
-7.881404492870864
-7.856509427005593
-7.848961265668935
-7.844135166904881
-7.841191367686683
-7.834819218511274
-7.826017006771822
-7.823916873896708
-7.820364529262564
-7.816519818698458
-7.766635701434312
-7.731515865144947
-7.711114667701111
-7.708427411790993
-7.707700046470893
-7.669177756253176
-7.664829119966327
-7.655038717487637
-7.6465934251999945
-7.645540298713263
-7.639856534978543
-7.631833350158987
-7.6123773918520445
-7.557167322613099
-7.551511524841578
-7.5318830520665125
-7.5073258437142965
-7.506112189322148
-7.479245897102138
-7.477918387699031
-7.469259557397626
-7.435955579647747
-7.425430163607789
-7.4039398016828235
-7.4012341846724485
-7.38683022495591
-7.381961724701749
-7.372278542069024
-7.370860206548031
-7.370671430793237
-7.36204863368919
-7.35337947792142
-7.33860731628485
-7.326044038748474
-7.324919988649977
-7.322938319527636
-7.307541359596295
-7.305139228323782
-7.2989771526589315
-7.287337191989229
-7.286929814125301
-7.273189335850197
-7.2659739980469285
-7.25971989013311
-7.248871685461593
-7.2459777611674365
-7.239873999294577
-7.185371143927864
-7.181803526184516
-7.170633312424403
-7.169102982660038
-7.164563947069534
-7.152715143066877
-7.142111179169496
-7.130308317214268
-7.121239675684116
-7.120525926778472
-7.113410271012737
-7.110192290554042
-7.07077219756876
-7.05384001595451
-7.052138375197538
-7.046426252446159
-7.044356126336353
-7.031877921928929
-7.004414462576656
-7.000076949566563
-6.993634751055334
-6.992854984129048
-6.97144568809223
-6.9630418730177155
-6.959761504315322
-6.951481135683963
-6.9464230513662475
-6.9252716993434715
-6.922095942600828
-6.920033292657123
-6.900085954215642
-6.899640004768202
-6.88224857386446
-6.878761034975291
-6.876007392057219
-6.868945095070599
-6.865657655274598
-6.856712422591476
-6.838321181981071
-6.836850713280114
-6.836690877091531
-6.832713256694275
-6.81720772651397
-6.811477707062784
-6.805566331309139
-6.788657106713786
-6.787835606180998
-6.779102410669482
-6.769528020964096
-6.761696990244612
-6.7593573558598745
-6.756704513143367
-6.750317707554826
-6.747549986459003
-6.721141005078236
-6.719918912358601
-6.704009550034388
-6.70307593895498
-6.696451986386972
-6.6942450234221305
-6.6919090539645225
-6.6804944254688365
-6.647569032528425
-6.636233712150261
-6.627230737941275
-6.619857861735478
-6.601877423579733
-6.597207243057286
-6.572961507342743
-6.572846009204433
-6.570860917593295
-6.566683665202244
-6.5512805084033765
-6.54260095146347
-6.527380703335377
-6.526549936473769
-6.521089766530264
-6.517903331836056
-6.509610126902112
-6.503237457797155
-6.500118350231961
-6.468932069052516
-6.4678214941923375
-6.4607063983682576
-6.455439498306525
-6.431112192968733
-6.420502663702556
-6.411870400739255
-6.396117855303366
-6.391865204961497
-6.38172270446222
-6.355959105010529
-6.35578369425604
-6.327162346362448
-6.315446424617841
-6.281296489813263
-6.280014184639937
-6.2746500390683995
-6.264235518654441
-6.262601371418727
-6.247589028320293
-6.217585910893218
-6.2139865700587755
-6.204391972442927
-6.199722264121823
-6.199668548421147
-6.195367690768251
-6.190380868795138
-6.172297070093796
-6.166068776029198
-6.162620763153566
-6.150179940591989
-6.139867026831817
-6.125617504352781
-6.1227402868821255
-6.110366506134188
-6.0987828189684885
-6.095682851209338
-6.094671987667611
-6.078789042489298
-6.029208307962492
-6.0254408576798975
-6.023098784030298
-6.0193334004068895
-6.01744490533441
-6.0068348898238035
-6.005162679388983
-6.002425961122268
-5.97010216026986
-5.9466140074935865
-5.9447473440937095
-5.936087129008661
-5.915819796824602
-5.912170399747905
-5.910176552671171
-5.897711153106098
-5.868415180240658
-5.843757147623835
-5.8424738554126465
-5.841510472883243
-5.838442560315017
-5.837489881526851
-5.831266292803622
-5.828780672363617
-5.818490248927428
-5.816534421270513
-5.807664888687817
-5.800985127811022
-5.798616484943487
-5.794413432254657
-5.789516650173416
-5.787893339953525
-5.78443035173544
-5.768867617722428
-5.762987467551188
-5.746736006222507
-5.74290864202242
-5.737779846918245
-5.716985744931811
-5.7039486941278374
-5.698077256455424
-5.693931626865407
-5.688886953537255
-5.687393292239286
-5.685304641205716
-5.681436491607238
-5.67928493321651
-5.67566769962174
-5.669095195403987
-5.665423918674965
-5.664923508188068
-5.644241471746891
-5.635236411016905
-5.632625767777407
-5.624170528608639
-5.619162565176946
-5.60081211717133
-5.592943350381311
-5.590453464374818
-5.5821689366690705
-5.572762821909215
-5.554005669558226
-5.553418687452583
-5.5430660266328715
-5.510774955925667
-5.500638770295733
-5.489233877055682
-5.4811085941161055
-5.473989732900426
-5.472463119245988
-5.457327031418686
-5.455832610326712
-5.453249535664648
-5.451584818330442
-5.444326278931561
-5.443993373927164
-5.430628219591281
-5.42954295381673
-5.416635759390937
-5.404367155837966
-5.392625586779242
-5.379123019727956
-5.371963201646075
-5.366828172325307
-5.36680913331146
-5.354648595401457
-5.343835193154562
-5.343275009341776
-5.333281178362418
-5.32812090764129
-5.311969838740791
-5.310087370463077
-5.307197270998024
-5.298079772800451
-5.297979040727942
-5.272952357681367
-5.268117902440758
-5.254428994144016
-5.250026386544717
-5.248925451094762
-5.244345291450773
-5.2432730215678145
-5.243038917928364
-5.228608391091033
-5.219324492322942
-5.2033614473766825
-5.199783959406184
-5.193830657044169
-5.190682478904108
-5.186097225214274
-5.1830058863371455
-5.176010832058761
-5.175057889573861
-5.167865407938484
-5.157333624824854
-5.1512778147008635
-5.146863905515204
-5.135116306540881
-5.134979850182407
-5.130742272556567
-5.125839158731223
-5.117708490817012
-5.117672772199997
-5.103796957405452
-5.099374230678948
-5.068561580704065
-5.064865902443457
-5.055358131264992
-5.046167382049398
-5.028618342667686
-5.027486830345611
-5.015690890782208
-5.010527052282465
-5.007995367476024
-4.997797577728386
-4.9944872972338885
-4.979654046597021
-4.97300947493939
-4.970856613269641
-4.966104656044382
-4.965035765924277
-4.964742199057667
-4.964318352728091
-4.954011893666601
-4.940643021507008
-4.937476108703888
-4.932326200480105
-4.930196000714354
-4.921281671753221
-4.921268507214329
-4.918837159815841
-4.914756962195594
-4.913504345266792
-4.9022394294694465
-4.8977778063485715
-4.89590744039633
-4.892812123971028
-4.891145837759323
-4.885097828544661
-4.884176344102072
-4.881889330425368
-4.872845328433746
-4.866163227561592
-4.864840825728883
-4.862454517751848
-4.857352927092666
-4.8495512099411755
-4.846436046300772
-4.845760880878867
-4.828934925205526
-4.828650059026326
-4.82820557008246
-4.823170927482032
-4.81467475459633
-4.810439651977943
-4.808432024850961
-4.796700895800862
-4.7857921254886175
-4.784636351127617
-4.781067890174287
-4.778927672894147
-4.76906984172175
-4.75713105675981
-4.75608611250349
-4.7549131548788175
-4.749965175490402
-4.743308843840799
-4.741834484472282
-4.740270069251082
-4.7367319226653954
-4.728320749749252
-4.727402415821759
-4.722184266601622
-4.71999620952007
-4.719310184166734
-4.716023695161752
-4.712555368043934
-4.707008050887982
-4.702980031102864
-4.700895968064549
-4.697641410243208
-4.692151994172987
-4.682559335736746
-4.682294112735654
-4.681247295015563
-4.680677590960466
-4.670193904357892
-4.66762555317589
-4.654350408840741
-4.651535932906423
-4.650157903843738
-4.649724712663666
-4.636010622503342
-4.634215772324932
-4.630879090800706
-4.626252226929384
-4.625077696718313
-4.6215078198951
-4.620763695660867
-4.620392677670235
-4.6135106077082
-4.604139683292026
-4.603026969091242
-4.599831623434165
-4.593428607359527
-4.589786262079551
-4.579435289585065
-4.577249588108403
-4.576532162025909
-4.57564982087803
-4.571415290472472
-4.565393667849831
-4.562992054471146
-4.559743052895317
-4.554544993324576
-4.543681317841357
-4.5416454482117015
-4.527817712227838
-4.519212203975697
-4.518763572269237
-4.515514948952294
-4.509881958229136
-4.50745674663791
-4.502191977959266
-4.496703826630443
-4.494885957393547
-4.488906017992731
-4.4877618955370835
-4.482974364155929
-4.482624028092581
-4.478777498617533
-4.478002624594608
-4.477854514395766
-4.475230346006588
-4.467716569238191
-4.464684460788854
-4.4636393951718105
-4.456266610639741
-4.453326081538606
-4.453199874805671
-4.451926882702796
-4.442971078986257
-4.439931351334292
-4.429669264815309
-4.426473745249816
-4.4241510493881115
-4.416138523378354
-4.405262747412525
-4.401759320006313
-4.391889671597996
-4.388173181196585
-4.386904388600195
-4.374695789818252
-4.366708095280469
-4.361913340287352
-4.351680036934509
-4.32732953964606
-4.320677006054288
-4.319824227815956
-4.315126325438394
-4.312267467370196
-4.310405604697154
-4.3090316777986555
-4.2984895371608784
-4.296426281239523
-4.295867487789608
-4.293559018091737
-4.273734400346721
-4.273031834385479
-4.2695087807248395
-4.264777398266193
-4.256654258590093
-4.25538632631139
-4.254204160440777
-4.248901518772872
-4.236706028116155
-4.236237807428315
-4.232701693229014
-4.222334756591236
-4.221079585618442
-4.218084619106731
-4.204649700038448
-4.189332992147845
-4.1877352315832095
-4.17814469042556
-4.1747141245170125
-4.1668856763057684
-4.165271167021082
-4.156430291331799
-4.154680144870936
-4.154121729309557
-4.152636661044107
-4.152273274979004
-4.150609894601785
-4.142968128216896
-4.141439830590105
-4.139516235349822
-4.13912079081987
-4.134926599704041
-4.132676865770113
-4.130270252713435
-4.129297080092713
-4.107375044365286
-4.105856003631053
-4.1036759754105585
-4.098311337948889
-4.085167741366235
-4.077707609866023
-4.067449766426218
-4.062556183080975
-4.060355341914347
-4.060231916475457
-4.059702333437955
-4.05027112118208
-4.044167784026536
-4.043776375653361
-4.0375334792187445
-4.018685653162341
-3.9959860918123686
-3.994697114238642
-3.992586782240469
-3.9923744392072464
-3.991265121683617
-3.9858022433282514
-3.985757819401246
-3.9853750964568033
-3.984023352695817
-3.9833718508277864
-3.973933574198365
-3.9638867043345645
-3.9614395023447617
-3.9599233001297045
-3.9560201916036553
-3.9467631416526143
-3.942834486644914
-3.928140089162844
-3.9226744920365917
-3.9167929113150493
-3.915700061360646
-3.9049062647462947
-3.8949310139930864
-3.8921933766179087
-3.8904859744392963
-3.889013144023002
-3.8885422120669695
-3.8879657963708363
-3.885059660954348
-3.874395373867261
-3.8686743009125197
-3.8610746766451367
-3.847060902759338
-3.8453170457363006
-3.842653737204594
-3.836216867675413
-3.835812180248949
-3.828837264878645
-3.818597225119664
-3.815924592829405
-3.813269325509969
-3.8056108216449083
-3.7992028580198642
-3.7925828154165817
-3.7761135368825847
-3.77417276708924
-3.774017484007657
-3.7729703680880684
-3.770243780841741
-3.767349394726363
-3.764360491091259
-3.763204912716346
-3.7537555620062935
-3.7537314415996823
-3.751497252082893
-3.7480723990841875
-3.745108195270981
-3.726358371545033
-3.7255327398998253
-3.721322339783514
-3.717416310777023
-3.7157479221894123
-3.715676641223365
-3.7134014209542623
-3.711665356553882
-3.709281726199525
-3.702151488088804
-3.6979925996248557
-3.6948152522870736
-3.6922027901306915
-3.6909986008216418
-3.677548746063009
-3.6733435905802803
-3.6645702531735673
-3.6597078224455277
-3.655365899368403
-3.654156802434438
-3.649095100992719
-3.647724309045371
-3.6419243119554436
-3.6389305440078417
-3.6381097814871164
-3.6339160857680723
-3.631410383046437
-3.6240351021711374
-3.62135611356961
-3.6213128720542977
-3.6202139642270312
-3.620032240234362
-3.6195036368511877
-3.616502052696703
-3.6150455382805933
-3.614798409089014
-3.612836696069092
-3.6127760203154846
-3.606612600850401
-3.6019448740556785
-3.6010132767755483
-3.598056291627337
-3.5914245614960674
-3.581025062392034
-3.5767711382105523
-3.57303504247068
-3.5720634352904646
-3.5702955271498413
-3.5668842245647587
-3.5595827361836365
-3.5560680687799957
-3.5551793994407292
-3.5536952634606607
-3.5508827132061764
-3.5504929229811135
-3.5461098905685104
-3.5453711641173253
-3.5452197807685044
-3.537575003861789
-3.536536880038849
-3.525453301208226
-3.5236021629856573
-3.5219496669899746
-3.521828421457668
-3.5186247890006044
-3.511268876872961
-3.5103039928710946
-3.509340811819217
-3.508130147052407
-3.5078997708548423
-3.5039979460429467
-3.487667556418681
-3.4697923234302666
-3.4668151739264643
-3.464291392573208
-3.4640992830569193
-3.4545127989590108
-3.452985175381652
-3.4510502310748716
-3.450472745508471
-3.448005076460329
-3.4431611277031853
-3.4391822494314233
-3.438088318135375
-3.436110649674718
-3.430977664911218
-3.4249904568416256
-3.422067184025958
-3.4211241001203865
-3.418794442566534
-3.418604616713578
-3.4101632278070455
-3.4074794502596255
-3.40712513624724
-3.4038053991377364
-3.4032770241582018
-3.3988641462660376
-3.3984633607571775
-3.3984037828991402
-3.3948439827385224
-3.3930960689109018
-3.3920970635115193
-3.3851993792361603
-3.381847405304188
-3.374033873546198
-3.373052963098646
-3.3698691250293256
-3.36796018507473
-3.3632882152354293
-3.3624785994258204
-3.3615193227872977
-3.357952046917094
-3.3442820826898205
-3.342346286670116
-3.3410182776122337
-3.3364195325389527
-3.332879885405265
-3.331771659917771
-3.3301034860777765
-3.322708368010453
-3.3223835154937813
-3.3215867231158898
-3.3209633379594456
-3.312059133098628
-3.3109338277658993
-3.310374372531948
-3.308487217657664
-3.3076891474883166
-3.30746172703658
-3.3064995839752216
-3.305311843923137
-3.2973604399152494
-3.2970498206934717
-3.293911782445792
-3.290734470497166
-3.2859062398734613
-3.282193126547385
-3.2816467243901024
-3.2751532908337073
-3.273392321848907
-3.2696621489729614
-3.2665363235118114
-3.264850903886805
-3.2624374429408998
-3.2594580214891966
-3.250595179776511
-3.239297067477203
-3.2355955384436372
-3.235385996747932
-3.234146342440028
-3.2291782798656463
-3.226099883760537
-3.205803761997127
-3.2011495079528443
-3.1934589308618264
-3.186427615103676
-3.1827033421590887
-3.181887259488152
-3.177440744901598
-3.176270233334528
-3.1745417284828004
-3.171974698923414
-3.1701601162184074
-3.1655355396673848
-3.164262286725182
-3.161560872810216
-3.156607867593202
-3.148245041757547
-3.141904754411344
-3.136096752238329
-3.1356040675574275
-3.1330139033899043
-3.1201775369413483
-3.1165082372399002
-3.115802274276493
-3.1157061582747625
-3.1122442592706028
-3.1114823126000255
-3.103338800051552
-3.102797249980288
-3.097543863373172
-3.087771079893451
-3.0844704982908455
-3.0800885233124236
-3.0759610585743187
-3.068403323558356
-3.058376194020539
-3.04702729609821
-3.045181934878146
-3.0386294143317603
-3.0370248014006025
-3.034296260395307
-3.0336307370729614
-3.0292074135195968
-3.027393923655448
-3.0262234557245176
-3.022752165988465
-3.022115823432698
-3.0207864536136118
-3.0196857640952066
-3.016695736104351
-3.0139770166617486
-3.0103413632786364
-3.0061168986356437
-3.002884707436854
-3.002048053530893
-3.0014966615072254
-2.9990860799711645
-2.983241195172507
-2.9823747286765503
-2.9746060643933037
-2.9722857962165588
-2.9676106700971614
-2.9641730296528306
-2.9625596903902176
-2.9586021669679585
-2.945303851336402
-2.935952936810607
-2.9350902528982257
-2.9298814644518707
-2.9230691710912504
-2.91585453042243
-2.912508965221196
-2.907833302181187
-2.9065152660233826
-2.906322297569426
-2.9052674942332235
-2.9044477539442792
-2.8966051540445417
-2.8899425345797822
-2.8865488419970387
-2.880597762910289
-2.87289945753491
-2.860943892569618
-2.8592447302069477
-2.8557689829166097
-2.854573906644246
-2.854410888129952
-2.8522609567217208
-2.8422675179012824
-2.8402507580673904
-2.832786805713997
-2.830351643091096
-2.8294304978238562
-2.82644032518185
-2.820589140324701
-2.8205462936849575
-2.8204204847514776
-2.8193656052161824
-2.817495203223024
-2.8169677484944255
-2.8131532031515434
-2.8119620511585173
-2.810126543199832
-2.8101148162941754
-2.806571481160793
-2.80440558030891
-2.80249921182869
-2.799370900709011
-2.7964895591562713
-2.7945915183139363
-2.793910643250337
-2.793586265162479
-2.788146234763739
-2.7856423292283945
-2.7820607753950943
-2.7773699345132705
-2.773913882543011
-2.767447055091004
-2.767389589534892
-2.7621108242789827
-2.7501057122076826
-2.7471390883348623
-2.7440865561403864
-2.739782441356149
-2.7382316225680516
-2.7321770187979686
-2.730337724448109
-2.729809732216245
-2.729157262121227
-2.7222618713078175
-2.7216094680482086
-2.716769296001221
-2.716409995207612
-2.709075063238674
-2.698222056853783
-2.6974581466326426
-2.694492633226845
-2.6938340033018116
-2.69133690652287
-2.6900838184526936
-2.688256058054086
-2.6833123127296066
-2.6769586854643337
-2.67486965146842
-2.6715822997791454
-2.6676127720985674
-2.660262671961607
-2.6575546383666513
-2.657545784512082
-2.6527014126786383
-2.6518781999455805
-2.650646056713387
-2.6490340978980624
-2.6484163345183322
-2.645634096619256
-2.644845935618635
-2.6441066339501713
-2.6432412035789374
-2.6398315946057407
-2.6398164848117416
-2.6393992519172937
-2.6389205618808553
-2.632529689823735
-2.6290496940334873
-2.6251624486401157
-2.624617311800599
-2.6219874367581224
-2.6218052527492706
-2.621443651482752
-2.6210857497153466
-2.6084780496491926
-2.608075554672336
-2.605224727682633
-2.601856787948296
-2.601246172569379
-2.6004090196320515
-2.5993337112900625
-2.5967318979363876
-2.5935142551868533
-2.5892070353665404
-2.5877367522302177
-2.5850115369301805
-2.580858647428283
-2.577521506893172
-2.575421890161421
-2.5752116601186654
-2.5717871302605233
-2.5601560007252555
-2.557077775305377
-2.555188959888703
-2.55264723300944
-2.5519770299103293
-2.5513522197436136
-2.549970190773638
-2.5489710080074204
-2.548154493611526
-2.547469470987279
-2.545796272779611
-2.544999778049501
-2.542273927947839
-2.541221174669464
-2.5410581091319298
-2.5377483640117697
-2.5337362335602367
-2.530148117447889
-2.5293688072982228
-2.528991113312447
-2.526799008322177
-2.525690110035305
-2.520286539411245
-2.518423637700239
-2.518373826652189
-2.517740595211962
-2.51726290720355
-2.5123067089221185
-2.5116813681868915
-2.511556380522094
-2.5091377366039147
-2.5062610992198904
-2.5053137118119997
-2.5042923601583635
-2.5016271250527224
-2.4981556313654956
-2.49211704553489
-2.4912128162600107
-2.4911494920052526
-2.4897933506001637
-2.487683875594097
-2.4807006248450203
-2.479862826115375
-2.4786141036911093
-2.4763547160408823
-2.475522936749673
-2.4741212689490832
-2.468890887290951
-2.468497310720827
-2.4679913511204123
-2.4615607752160753
-2.454401998257887
-2.4530248777958574
-2.4526319605711455
-2.4523791285582734
-2.4495502819196835
-2.4495264010073314
-2.448732589315127
-2.4470931279062302
-2.446166297602865
-2.4431043450566685
-2.4430880376866435
-2.442379287523962
-2.4411385369588987
-2.432692101705405
-2.4303882398417915
-2.426226381805964
-2.4234708269827667
-2.420287911735568
-2.417647678808706
-2.4104988054690253
-2.4085442088588227
-2.408083381929953
-2.406946880334795
-2.4010598712837314
-2.387466449121073
-2.3856775216857526
-2.3840209887501103
-2.382446216073856
-2.381389745902086
-2.3785613196578503
-2.3599695819342887
-2.353488604208272
-2.3519322089439654
-2.350636408418816
-2.3481658012511235
-2.3464448457504155
-2.3452487314716706
-2.3414834672007347
-2.3407979692179652
-2.3319814119877575
-2.331339092800458
-2.3261660160270052
-2.3234483493727227
-2.3191924560634174
-2.3188858467305327
-2.3124457023697205
-2.312210943617701
-2.3068663235182707
-2.3058599019241766
-2.3036474270874328
-2.3025526377419374
-2.3016802787141426
-2.3013811138050433
-2.298394720060728
-2.2933721816130612
-2.2930928374687847
-2.2925990954490336
-2.2911936757822335
-2.2882845225275488
-2.287156158073188
-2.285987431387523
-2.2855468604724383
-2.2848232862439057
-2.282733097624562
-2.280305395734188
-2.2788260592208878
-2.2763368673365343
-2.2726193269161827
-2.2717718811962393
-2.2706333111186425
-2.269259188393427
-2.2666517387149514
-2.2634693434592594
-2.259441874987867
-2.252248739374643
-2.2506819223723737
-2.246973460794183
-2.246766178887436
-2.2466995282967597
-2.243086803719121
-2.239136651682987
-2.236053903907644
-2.234270223596044
-2.2264338222921665
-2.2252608024343203
-2.2204874480747905
-2.21851410402051
-2.215139920553238
-2.214335912444873
-2.2104639555102983
-2.202099966757357
-2.2012000547696644
-2.2009161061717473
-2.1999026843026557
-2.1997520605028105
-2.193070640809144
-2.1879376976526896
-2.1873041715715047
-2.186866925698256
-2.1855186547837837
-2.1838437329989935
-2.1799388919025793
-2.1757728737641973
-2.1757204722428667
-2.1728222592636293
-2.16810420554637
-2.165469675746147
-2.162172369914415
-2.157921351824628
-2.148259497988497
-2.143595023961269
-2.1340413218362895
-2.132614379286933
-2.1322149780416013
-2.131729359143084
-2.1209342169662957
-2.119393270126843
-2.1192082222994366
-2.116966040568416
-2.1120412934861488
-2.111225800431786
-2.1064913635322364
-2.105275234098457
-2.1015429688594063
-2.0959580514933673
-2.095537849834491
-2.095043470420503
-2.0947019944597276
-2.092394556918123
-2.0872170050357806
-2.0854146174335044
-2.0852403680152394
-2.0850982619337253
-2.0828582213531415
-2.0817885064410913
-2.0801291806655344
-2.07940444967146
-2.078593277312707
-2.077073367504989
-2.074175875428145
-2.060949042391467
-2.0607737334894756
-2.0569586663287005
-2.0544231305750342
-2.0506139675141255
-2.0504829267166067
-2.048390480678318
-2.047246296661535
-2.045691780171975
-2.0434077665296133
-2.0416343916092092
-2.0411772008300306
-2.0385243973937386
-2.0361683824583703
-2.034521937975625
-2.0331076446765657
-2.032919790111257
-2.0328634364964446
-2.030086027847249
-2.029243077873064
-2.029007093020314
-2.02821199613193
-2.027819309582085
-2.020988123787886
-2.0204772072553503
-2.017440598372883
-2.013665704616837
-2.011948458527195
-2.007459786294128
-2.003718222623312
-1.9988753823880578
-1.9933247396837874
-1.990460061511027
-1.9887316928597571
-1.9873007951217432
-1.9850428644474545
-1.980844073467546
-1.9802855498805523
-1.9797081714149198
-1.9781550751247035
-1.9776222523310367
-1.9754974364552074
-1.9668048830643747
-1.966400428257635
-1.964618737035063
-1.9645990047324278
-1.9641281296994046
-1.9623230547977206
-1.956702814211964
-1.9566199400967612
-1.9467483574458861
-1.944996020392432
-1.937239559111048
-1.9363366975606766
-1.935997001803306
-1.9336291697368766
-1.9281647830780693
-1.926748375794462
-1.9241940931827184
-1.9232437489277379
-1.9154957981292176
-1.913643234970209
-1.9092851300077909
-1.9084354829180952
-1.9083749127974057
-1.9049350453088607
-1.9030288216602136
-1.9003047905246575
-1.900028999093433
-1.898324740047089
-1.8973145365117432
-1.8907015140810555
-1.8894045516675138
-1.88695953894553
-1.8856765761799836
-1.8842566261334528
-1.8835511910268945
-1.8824016237104506
-1.8821683090814483
-1.8803221905317204
-1.8796861455265508
-1.8792968162662103
-1.877734486024354
-1.8767855000214966
-1.874919408892424
-1.8745911418620544
-1.8725283724251542
-1.8708633495884945
-1.8665419292300527
-1.863030877946945
-1.8543527790436003
-1.8541628744170993
-1.853870488969311
-1.853691778333842
-1.8512323916280828
-1.8500288625989556
-1.845793465480412
-1.8423369032123602
-1.8374477339328452
-1.8355573223468236
-1.8345148200797792
-1.8326724454735213
-1.8317860746257373
-1.829554397254713
-1.8292052896913948
-1.8255314831105887
-1.8254416088248635
-1.8242043118613689
-1.8239779350105598
-1.8227737048587285
-1.8207913722254756
-1.8151982981438664
-1.8143172110048442
-1.809482052204141
-1.8059549441984042
-1.804901932601582
-1.803803791334062
-1.8029420858389278
-1.7969595501515039
-1.7966831855190717
-1.794690643349584
-1.789500324531823
-1.7869211806170668
-1.786357315530449
-1.786319088953386
-1.7856280277271313
-1.7839573480706705
-1.7837681891436625
-1.7832072325513235
-1.7831958852055236
-1.7789234051742995
-1.7740848285774113
-1.774077661130789
-1.7735599173761627
-1.7727566560755488
-1.7699197849949075
-1.767729415528446
-1.7635866393875983
-1.7630442927792571
-1.7618492667151016
-1.758086780850514
-1.755201616890043
-1.752843598677193
-1.7515672258445072
-1.7509760248168826
-1.7462769007353922
-1.7426661201150988
-1.7404338852497645
-1.7366594068608538
-1.736318680103986
-1.7358038389541812
-1.7348446765053467
-1.7321410603555918
-1.7277442017582927
-1.7273399159839737
-1.72616923014749
-1.7225953789290718
-1.7213087044720545
-1.7212221636218752
-1.7204960532076745
-1.7164999853378635
-1.7161922263947926
-1.7140384203397163
-1.7115474544187759
-1.7107347567385862
-1.7077115339542634
-1.7053844997553478
-1.7018307859825441
-1.6953271735158535
-1.6916401789917541
-1.6899487231823818
-1.6897601741549364
-1.6881862066534736
-1.6861854832176133
-1.6807991338766655
-1.6790966618115468
-1.6778431019821163
-1.6777106549787142
-1.6776132671947683
-1.6746222232458077
-1.6741466457242054
-1.674114209956998
-1.6720413077539507
-1.6679703117413405
-1.666229380949372
-1.6647839996392184
-1.6640044990596747
-1.6611442899759292
-1.6609226550467726
-1.6605326381753116
-1.660404551671128
-1.6579764348523096
-1.6554240082986929
-1.6519586343214931
-1.6517763730628414
-1.6490848260673459
-1.6487971015058889
-1.648688933548534
-1.6464220916004566
-1.6446077093568006
-1.6439521636121923
-1.6434227586979757
-1.6397405707146238
-1.6394225373493438
-1.6380616595252058
-1.6373755897160178
-1.6369954255597121
-1.6318968450179607
-1.6301505631539057
-1.6280745842891189
-1.6280443352556644
-1.6230080307297428
-1.620543230588
-1.6203269293329332
-1.6180508090076873
-1.6173352939144758
-1.6158032230370885
-1.6144622938648647
-1.613036407467168
-1.6120110552864317
-1.6092086515934572
-1.6080551265832854
-1.6079459963125196
-1.603804087947052
-1.6007918124269471
-1.6001220338547346
-1.598796764474569
-1.5982971217774724
-1.5979449256647866
-1.5974674217991782
-1.596868374876045
-1.5967375585902817
-1.5933473167156242
-1.591936888525756
-1.5918167134692482
-1.5885241279489657
-1.5802567674718775
-1.5786708862701344
-1.5769788580264046
-1.5769776754157339
-1.5749466180474843
-1.5695111425502313
-1.5665104576483655
-1.565621834026318
-1.5618787397099703
-1.5588685591275708
-1.5561643971405168
-1.5478207940330355
-1.547649581594564
-1.5417124159582754
-1.5394391606652198
-1.5393277541032027
-1.5361511437498807
-1.5358790281044428
-1.5347101696248213
-1.5343124905031507
-1.533950665138252
-1.5297698116779457
-1.528835912257942
-1.5284025741941432
-1.5277161294886303
-1.527669516677051
-1.5273500377203904
-1.5259286612459135
-1.5241694757653321
-1.519310669843339
-1.516065797422475
-1.514971796076269
-1.5109438231035763
-1.5096249173216552
-1.5085432316982357
-1.5048480640722879
-1.5035958880183609
-1.5004666047862958
-1.500450209639636
-1.5000598004614503
-1.4984611914222992
-1.4977751669449744
-1.4959991756608955
-1.4953757909236174
-1.4953389145609526
-1.4951484958445538
-1.4936510929309277
-1.4762517470224237
-1.4740841734034724
-1.4740722309985765
-1.473194292963099
-1.4717582094161688
-1.4704286988721564
-1.466417304821624
-1.4643137430311635
-1.4620502205966235
-1.4619485454653796
-1.4588324611643035
-1.4586966120449338
-1.454526612199857
-1.4532311237893065
-1.4524561068341617
-1.4516285881294193
-1.4512559210744196
-1.450591133721239
-1.4495073340970908
-1.447565691570105
-1.4449688568594214
-1.4434023335453836
-1.44098085108526
-1.4404426831764696
-1.4395526069224536
-1.4392730479166618
-1.4380315506062493
-1.4340711337915655
-1.4309568278299631
-1.429030935906451
-1.4284663738026007
-1.422026233103732
-1.421784930591632
-1.4187970658451494
-1.4184856430450434
-1.417633431009913
-1.415555505121316
-1.413563958774121
-1.4116478259304068
-1.4058053630499971
-1.4049289112495447
-1.4049250740320782
-1.404361261842978
-1.4036632743704613
-1.399406029781359
-1.3982918592690092
-1.3966028929092047
-1.3946462582149413
-1.3903998115971312
-1.3884782810354965
-1.3853583744644107
-1.3853535638232768
-1.3815608542156337
-1.3804880916444255
-1.3782016515528737
-1.3753582618196287
-1.3704690188079252
-1.3670664441203293
-1.366601299478582
-1.3593774532144094
-1.357490581592207
-1.3549023378840008
-1.3509919253031646
-1.3499744221628016
-1.3480446432046111
-1.3465452449539304
-1.3454501281099005
-1.3423900756508798
-1.341228360663651
-1.3393077667548785
-1.3387299970538593
-1.3377934702768157
-1.3371374319931122
-1.3356415213676645
-1.334691180174974
-1.333812577543369
-1.3202982004379915
-1.3175639599760682
-1.316081639580251
-1.3129159813568785
-1.3108747037548727
-1.3088543371127395
-1.307206535460951
-1.306555551224108
-1.3046893089075278
-1.3019235184571956
-1.299111611384179
-1.2967877828202408
-1.2956182901816962
-1.291916794047826
-1.2904647704943346
-1.2898431832479622
-1.2861139478735804
-1.2849956764400812
-1.2847543272278288
-1.2846242569044009
-1.2846125303848297
-1.2794918019984216
-1.2779415216519798
-1.273527158241187
-1.2733202039119431
-1.2716968292562365
-1.271365645305764
-1.2707479050504036
-1.2631749638258258
-1.257300588821678
-1.25663817359238
-1.2539514236797435
-1.2521074531505012
-1.2507824680203972
-1.2467591189091825
-1.2456329730668547
-1.2437244758760202
-1.2425796760795769
-1.2389867481433385
-1.23839386525504
-1.238282641190362
-1.238202202971952
-1.2365563156359642
-1.2343750401461884
-1.233670087637921
-1.2296819909307257
-1.2292273089370207
-1.2250448456826266
-1.2239855697654995
-1.2237602698503358
-1.2222934349643455
-1.2220602360580546
-1.219944210066062
-1.2191896515015341
-1.2186661349369219
-1.2180938222336173
-1.2162310800076086
-1.2161507355395371
-1.21395513710154
-1.2104838165250025
-1.2103672014927271
-1.2102765304947776
-1.2100038925737886
-1.2083990122955324
-1.2078513947635083
-1.2062389890507919
-1.2053658656533528
-1.2018607755524977
-1.2012957232421457
-1.2005606239389917
-1.1999455451609022
-1.1998477242844543
-1.1983751490531667
-1.1970251243834376
-1.1954677731762242
-1.1945950826870915
-1.1937693203264232
-1.1913030548331123
-1.1908989443055569
-1.1903959562715607
-1.1898416223561492
-1.1895036354511819
-1.1889935939515226
-1.1863840023134282
-1.1863661131894365
-1.1814675035838924
-1.1809760399964098
-1.1769396815045452
-1.176922935714181
-1.1739205131395969
-1.1722774814562211
-1.1719344053020566
-1.1706188379863458
-1.1704743125633066
-1.1642770793138113
-1.161429077976441
-1.15870902700438
-1.1572622372454724
-1.1546045868404844
-1.1533109063493288
-1.1526695207373614
-1.145994728862072
-1.1434585344159518
-1.1425088881822654
-1.1402454774633641
-1.1383282279734592
-1.1381644195717042
-1.1377985307427465
-1.1364823706432658
-1.1348461687929792
-1.1340107868934137
-1.1324500132970352
-1.1302096259881886
-1.1302053216171672
-1.1298938071388807
-1.129494522418672
-1.1294240774479902
-1.1255879783644342
-1.1237049342961454
-1.1232492945217247
-1.1171659627577069
-1.1121130716614411
-1.1118319716636698
-1.1099130882273678
-1.1093072827295574
-1.1077466064053576
-1.1064881018840969
-1.100684007409538
-1.0988317871686415
-1.0981274833041537
-1.0969976469154399
-1.0956307769056668
-1.0953783962187937
-1.093620920400041
-1.0929883566444913
-1.0922177633607173
-1.092086370578143
-1.088380575015833
-1.0873596041096936
-1.086563203418662
-1.0813348776261529
-1.0781291131775852
-1.0779463973137238
-1.0766371247761108
-1.076599204540194
-1.073779292603325
-1.0724747271647206
-1.071048259254505
-1.0674658385556803
-1.063174315501503
-1.0620774991824862
-1.0612682489845975
-1.0609802184965165
-1.0584357619065832
-1.0565560814363557
-1.052186702484022
-1.0509572199212978
-1.0498897007620105
-1.0466681805854732
-1.045283487704777
-1.0440259894024737
-1.042673143665549
-1.0403630877547616
-1.0362245684011313
-1.0345893780471431
-1.032239445610153
-1.0314874968801302
-1.0296965986968667
-1.0282966524055868
-1.0272615895314299
-1.0268505202102145
-1.0252879389066818
-1.0176011536432736
-1.0169314387805521
-1.0148715346643384
-1.0139037163287932
-1.012786335324339
-1.011744868771707
-1.0103519184542362
-1.0091186678348505
-1.0050882110327786
-1.0026601427662083
-1.0010695587916407
-0.9957121378732232
-0.9953619548429155
-0.9936980772318558
-0.9934701239582772
-0.9927136249752879
-0.9907766421065188
-0.9898029288630352
-0.9895641735532744
-0.9878770509276059
-0.9856283258948478
-0.9847417266899687
-0.9833404217886925
-0.9826753129782023
-0.9825586745920941
-0.9811137984522396
-0.9770923829240088
-0.9767782986718108
-0.9758055323179534
-0.9729373665013696
-0.9680074126152186
-0.9664623272006092
-0.9655517537190403
-0.9653379733438674
-0.9626828351813359
-0.9617907427025818
-0.9605988539660528
-0.95894184273015
-0.9581113230452163
-0.9536929837907915
-0.952583452602306
-0.9489132793200153
-0.9485606303476815
-0.948244921608743
-0.9469231420856793
-0.9435596967005347
-0.9391638240863913
-0.9362801051790144
-0.9354845989569349
-0.9342743286530041
-0.9340716246068869
-0.9329371512644746
-0.9311035739943009
-0.9292441303888735
-0.9253067675070843
-0.9222761376526366
-0.9204379551189884
-0.9190791458635104
-0.9112894699651148
-0.9099145969591529
-0.9097495650203538
-0.9093511034973888
-0.9057321512240457
-0.9051098617065361
-0.9019524545676227
-0.8996719647507886
-0.8990893467729814
-0.8940458957061597
-0.8935122539930878
-0.8895656713407275
-0.889338632347751
-0.8888975239202671
-0.8860718141618886
-0.8812443731050356
-0.878265910233312
-0.8778144910870732
-0.8776689135323018
-0.8745386946245151
-0.8710205940667779
-0.8704829063190203
-0.864235433982094
-0.8606034921399336
-0.8584157560623378
-0.8551285974616598
-0.8542966235578322
-0.8536166333808197
-0.8477042483327449
-0.8475655910136566
-0.8418301382689871
-0.8408622438507611
-0.8402738366520309
-0.8383197021627504
-0.836213397069712
-0.8354756610992919
-0.8346434398186489
-0.8300292649391432
-0.8292030733970054
-0.8280364546499173
-0.8224040345995435
-0.8180339684014397
-0.8166594614319663
-0.8134232326486286
-0.8121730899629018
-0.8116021541765317
-0.810655504321665
-0.809333896071301
-0.8026324992935124
-0.801598345907262
-0.8014109959762836
-0.8011922711413788
-0.8011033384600954
-0.8005020310851229
-0.7997447817126844
-0.7994625065389799
-0.7988789995481353
-0.7985293830344538
-0.7964710053517432
-0.7929003468271179
-0.7925671817395098
-0.7913211901295772
-0.7912734541644673
-0.7900467726350153
-0.7890789834946133
-0.7890030571288131
-0.7884424357839793
-0.7861988582500988
-0.7854441520653501
-0.783424424709205
-0.7800306020904919
-0.7785775342795017
-0.7784437474252008
-0.7782367314745992
-0.7774107613619053
-0.7773601531976195
-0.7753767035451301
-0.7717690481112149
-0.7679048248962919
-0.7667955560261079
-0.7638604977490603
-0.7622902403251106
-0.7613876765374411
-0.7596828689383297
-0.7584866622800134
-0.7576335304438832
-0.7559843603110883
-0.7510230927266537
-0.7503433707561232
-0.7453898247623673
-0.7444489485091634
-0.7429576952536361
-0.7394479709809453
-0.739059995655233
-0.7381034170490314
-0.7379714454008368
-0.7333429181562349
-0.7323056270257187
-0.7296293506738738
-0.7252480455723347
-0.7226282803673459
-0.7224567152118412
-0.722222879947222
-0.7212313773728974
-0.7182306187993563
-0.7179960246845847
-0.7160307429389324
-0.7154635643396927
-0.7153882323961976
-0.7128469974152742
-0.7125721686616778
-0.7116619282947307
-0.7114587265966392
-0.710621647353445
-0.7102564414967923
-0.709041886324957
-0.7084624189342624
-0.7075529456983376
-0.7027970375124761
-0.7027933707785512
-0.6974574386837346
-0.6933463626118821
-0.6921307511514129
-0.6898115763690948
-0.6895646537474173
-0.6873098730377568
-0.6858132701357216
-0.6844378441951069
-0.6827320004524051
-0.6824774731582788
-0.6818737535924357
-0.6816883425216124
-0.6807171042358395
-0.6796780216451516
-0.6789983857692892
-0.6758851575551013
-0.6719747029260302
-0.6700466425669143
-0.6699036446152693
-0.6696986237711896
-0.6688555031545508
-0.6688116726275218
-0.6677210735676453
-0.6660671195930759
-0.6648574520688519
-0.6648075535281048
-0.6643873567585189
-0.6630122225012032
-0.6626166627915341
-0.6625546222597016
-0.6622004384599797
-0.6596060920249238
-0.6594429518853853
-0.6591945477386101
-0.6565225127368892
-0.6535692221417122
-0.6532635594927055
-0.652866811735054
-0.6522757895660782
-0.6508372402743865
-0.6485728523784992
-0.6476982683326897
-0.6452774109076546
-0.642963369887147
-0.6427128557603907
-0.6424233052489954
-0.6417057820791836
-0.641418612250076
-0.6396321738697134
-0.638899892277404
-0.6360624112878603
-0.6360528567050691
-0.631945093925754
-0.6313610480223294
-0.6309144446438008
-0.6299595668790434
-0.6265985680080602
-0.6262315969225375
-0.6245140682642456
-0.6240979315347479
-0.6232929893819322
-0.6228861106414887
-0.622085745066276
-0.619856195509928
-0.6191608932473237
-0.6174064837437598
-0.6163507060810358
-0.6158561901300738
-0.6142838551228925
-0.613034735888477
-0.6109363613254255
-0.6104005521706486
-0.6100986662509446
-0.6086872441856456
-0.6080132537868193
-0.6073568391936242
-0.6058991283922631
-0.6055733122316458
-0.6046101638759995
-0.6045972698927905
-0.603229858909156
-0.6019644907618821
-0.601148428801585
-0.6003996612986524
-0.5995635919601788
-0.5992077425881995
-0.5981790011127017
-0.5979824171940138
-0.5969721723611435
-0.5961819015748863
-0.5942537563600319
-0.5924302257526596
-0.5924194322000921
-0.5918625002852269
-0.5843830659539337
-0.5831714341131353
-0.5820019775848287
-0.5809131273793434
-0.5778128305949142
-0.5777106630136108
-0.5737754706856528
-0.570494359161412
-0.5704095068846378
-0.5688253322988882
-0.5615580614184149
-0.5566434677659043
-0.555600877545089
-0.554400305172269
-0.5525209330948115
-0.5508062614626679
-0.5504501326946691
-0.5488786866381906
-0.5482649774570759
-0.5473991441772912
-0.5461480406774026
-0.5430460058836132
-0.5429419333603656
-0.5424870913143326
-0.54193233181659
-0.5413511504289634
-0.5401650206815111
-0.5396618003865012
-0.5384714322608989
-0.5349606705945145
-0.5294249988064391
-0.5288656620202279
-0.5281408846936402
-0.523619398154145
-0.5126099930625934
-0.5117209021395985
-0.511439422602655
-0.5098209897494923
-0.5096790912949191
-0.5084162243970823
-0.5077260057244467
-0.5033170236291619
-0.5024380284247605
-0.5001620092830076
-0.5001000526717837
-0.496790397100057
-0.49629057976651514
-0.4956731834048498
-0.4941627248620133
-0.49277936135316214
-0.49125253641405897
-0.4880268297490934
-0.4872309351241193
-0.48605513800409494
-0.48598770205258524
-0.4851906507816808
-0.4822402960483162
-0.4818012881225162
-0.4802420262406666
-0.4780818268376878
-0.4774500007475363
-0.4761806750203494
-0.47577094918159235
-0.47142326880306434
-0.47043367026412125
-0.46848002612961126
-0.46793330241723874
-0.46748430405537783
-0.46643768366067895
-0.4644285355641591
-0.4638850721737211
-0.46100827192930405
-0.4585114228393914
-0.4583540473466513
-0.45719488137862674
-0.4555169662409949
-0.4551158433626852
-0.4543008273477497
-0.45427455855818655
-0.4517750794500819
-0.4515079869881071
-0.4510978142062428
-0.45003208405090156
-0.44909589264079797
-0.4478763462353167
-0.447636574939967
-0.445621599444446
-0.4452518941529856
-0.445203533324454
-0.4441032490644887
-0.4435014624380212
-0.44335839265541466
-0.44305388001884316
-0.44169080400137783
-0.4401149241943111
-0.4400446453821335
-0.43782046275536757
-0.43648899031545174
-0.4353369007720849
-0.43080752552058216
-0.4298141482296407
-0.42945937231203335
-0.4293368246609574
-0.4273352922098582
-0.4263470891046764
-0.4258573198018868
-0.42263135362808857
-0.4208969757068053
-0.4196931621695672
-0.4192751804937636
-0.41880970891145186
-0.41774688825367856
-0.415218841494429
-0.4121168826044507
-0.4101308260522777
-0.4085247596299495
-0.4074396525511511
-0.4073601668398943
-0.40605341086959
-0.40577068439754044
-0.40555049831215545
-0.4051002160961189
-0.3969808492949737
-0.3965024422177936
-0.39521757825693526
-0.39386617051635375
-0.39313289084587466
-0.38474580428934013
-0.38145507364241005
-0.3803430462423467
-0.37733007711082645
-0.37571770599924503
-0.3740381340573117
-0.37180686762772686
-0.3715055547372122
-0.37044393227624917
-0.3699692497110584
-0.36856566221155995
-0.3669730086673012
-0.3664228485546517
-0.36250045820877674
-0.36199224194597257
-0.36158272426212296
-0.35827438141595236
-0.35471570652783235
-0.35318841686107405
-0.34717429444699255
-0.34598699127839194
-0.34383341555520697
-0.3427641183290449
-0.34261778440512586
-0.34223178623998474
-0.3409688482374852
-0.34069331945545833
-0.3402597355418991
-0.3400241030448986
-0.3383249006898643
-0.33745057050834104
-0.3362386661399638
-0.3358738772014876
-0.33293578321841655
-0.3328293315801521
-0.33272651647937646
-0.33056258082512213
-0.32744187400368385
-0.3267122571334331
-0.3256141058078416
-0.3237479188694704
-0.3228015357082521
-0.32266725666863005
-0.32228964530374205
-0.32074910743880114
-0.31823939408081503
-0.3178478158791063
-0.31706274647055366
-0.3170621790515533
-0.3129034493374404
-0.3126024247078886
-0.31221551200042763
-0.3116437883650678
-0.3113030527617513
-0.3066656609362372
-0.30545677000579513
-0.3043696020141433
-0.30402217897265116
-0.2992461147715999
-0.29684830747353635
-0.2941065187152079
-0.29191193618464306
-0.28991943929128483
-0.2893575414200907
-0.28929025482836634
-0.28898277281212886
-0.28748612804729023
-0.2873136266581654
-0.2869129994170728
-0.28667210893921835
-0.28538531941641915
-0.2848319139065699
-0.2841589766278111
-0.28332757351604565
-0.28112702648691756
-0.2798899051992475
-0.27876846535511035
-0.2773142430106731
-0.2771911109670344
-0.27689224542460167
-0.2756128430747341
-0.27542570130788
-0.273808807503233
-0.27323885181732555
-0.2718785208750626
-0.2695298508425322
-0.266959387128086
-0.266480474723485
-0.26645342412342954
-0.2664378546885815
-0.2653694070714472
-0.2615812849514567
-0.2612837970617665
-0.25593359809475796
-0.2547206054018286
-0.2537573384962609
-0.24918845188020267
-0.24902737637082561
-0.24724698227072855
-0.23976421798452308
-0.23819832235701188
-0.23508933794121567
-0.23407443529664496
-0.23245725502880976
-0.23049101591689458
-0.2299770821939774
-0.22981447382272124
-0.22939986262393108
-0.228068166607986
-0.22804539623604864
-0.22676281064105394
-0.22652283796557637
-0.22548966061542963
-0.2254077640907527
-0.2226354682620323
-0.218808950534931
-0.21721821878587966
-0.21684194706892085
-0.21563984826646365
-0.21525176418037614
-0.21444444655764278
-0.2137961719865088
-0.21296186763925284
-0.21188942549319079
-0.20985169833572526
-0.20970726141353022
-0.2065784351534691
-0.20573268366291464
-0.20369002531346092
-0.2014211082037971
-0.20116633208114898
-0.19956808863854458
-0.1987203544020415
-0.19427736348429014
-0.19402075372539318
-0.19389330603628674
-0.1932470789454548
-0.19301966294563944
-0.19101559298777493
-0.1903123923338516
-0.18938943695742783
-0.18896390252155443
-0.1823320300786695
-0.1811259034470458
-0.18053801130618113
-0.17750434839861598
-0.17642193343974222
-0.17631632438433598
-0.17580970447442723
-0.17413326648609118
-0.1733109825755894
-0.1720744018188255
-0.17035981658491922
-0.16907354560539556
-0.16855017843936937
-0.16644014108348126
-0.16535208089389042
-0.16471666067568871
-0.16092576039337303
-0.1604655710261994
-0.15870058520907815
-0.15865169221849762
-0.1573130457649181
-0.15692899440598537
-0.14959591371674374
-0.14951698299560434
-0.14880081822379965
-0.14809671001966496
-0.1462516791146211
-0.14625049526966538
-0.14603516148338125
-0.14523629450724465
-0.14268214865928952
-0.1417605084738555
-0.14130744229870568
-0.13893468588334845
-0.13856794444741716
-0.136338557286239
-0.13569437998133993
-0.13367010150245234
-0.12949670467552912
-0.1289204015734151
-0.1286560667761037
-0.12745262539392554
-0.12726553499566184
-0.12692279338064572
-0.12614946910853264
-0.12382977012192842
-0.12306584188386893
-0.11713157655843126
-0.11707310486292621
-0.11436068568404557
-0.1133688368320468
-0.11211039596678896
-0.1095852604395886
-0.10794733799942058
-0.10646470490237357
-0.1027376000900484
-0.10187546701954059
-0.10082082580163321
-0.09996859839311523
-0.09792265595337157
-0.09740617447345257
-0.09736301897999611
-0.09730392787300585
-0.09694917238950373
-0.09460714244429125
-0.09425332049176005
-0.08857534639158582
-0.08821564995351461
-0.08648309129885756
-0.08572031970815236
-0.08286312671596363
-0.08246561641335878
-0.08159071633412851
-0.07879748927662023
-0.07745614091974107
-0.07674007886344014
-0.07630422342635057
-0.07615793506524937
-0.07533172369463992
-0.07453211836937101
-0.07391230307789606
-0.07357800411691506
-0.07297241223513384
-0.07118830160802253
-0.07105531874220164
-0.07016955640856248
-0.06898536757655327
-0.06659211249254718
-0.06483259253011353
-0.06376854127255205
-0.06183124491139856
-0.06157808732795231
-0.060156632860069115
-0.05942385987128507
-0.058734810791806036
-0.057960789077666774
-0.057763595007303936
-0.057704294731502154
-0.05396337389759023
-0.05109331918777899
-0.04930974203309524
-0.049041712120301506
-0.04881117239514876
-0.04858811095226134
-0.04747480216857644
-0.04196252875738571
-0.04168325322729238
-0.04140180265598803
-0.04064537114768463
-0.040098821021012865
-0.03954441954304222
-0.038246867592023004
-0.0366876761007946
-0.0363458655635116
-0.035705328129273406
-0.034776430560306104
-0.03124727712810227
-0.03104337237935839
-0.030916506305602404
-0.029792856675569843
-0.029305676448771578
-0.02596102558487995
-0.025873003583060106
-0.025803060239286302
-0.024108920767484027
-0.021494416337551725
-0.01951447812441154
-0.016961117491167188
-0.013203384952716779
-0.012038500137388164
-0.008573451539696686
-0.00847838777895299
-0.006003031994197383
-0.004848093546889309
-0.00468898952567233
-0.0005935833301812243
0.002175319205751758
0.0038471329028275103
0.004318428905452754
0.004665339323211226
0.004868773788975711
0.008248454414972572
0.008928893291768714
0.009642236465508047
0.010269643627170089
0.011323817175497602
0.0122762261881076
0.01279440251980557
0.014964970926420684
0.0159393905300097
0.016735798062364665
0.017171157684580884
0.01720087493263711
0.01761108216245577
0.021058462036779524
0.02126708928894927
0.02553465626011059
0.026557481912781306
0.027421963865265186
0.027858253916483222
0.029094357569746876
0.02912162089923781
0.03170074707273218
0.03190263117382397
0.034933292610133226
0.03531872041476902
0.03593999135402737
0.04343417633584434
0.04486465482739088
0.045875872504324566
0.04736538920295352
0.04807959964101649
0.04870553556650313
0.05086141546957692
0.05357488049915515
0.053769178886942104
0.054392845756934094
0.0547873336367527
0.05564912692567092
0.05882484791416387
0.058970756669976865
0.05902656153126806
0.059363112259327555
0.06043292832467717
0.0611302185778973
0.06258883648367763
0.06324476162245884
0.0669386917881647
0.07170880226495913
0.07207313955166295
0.07551610923131707
0.07553262847746556
0.07647518149586291
0.0781978593522582
0.08174773049836259
0.08447961489547759
0.08623758579128493
0.08668967756426343
0.08922472258730829
0.09156871024967655
0.09186047869657354
0.09191179646315872
0.0919247958352567
0.0924166535419575
0.100873328283753
0.10111581816848436
0.10296762191329656
0.10411248813009022
0.10701300176302284
0.10729215870222497
0.107758151419383
0.11038690609783341
0.11243544756095197
0.1198906766048003
0.12088824491345201
0.12325187813288585
0.12363444028014159
0.1263156157986432
0.12693583830889588
0.12993498178719548
0.13081354149984348
0.13106921246194492
0.13301161003060513
0.13376163086208576
0.1354014801884664
0.1364789757101077
0.13675436375368188
0.13743354235135263
0.13746224201189772
0.13820739963546716
0.1423757371076011
0.14403636206339743
0.14524032445663848
0.14619875629304596
0.14643984202155377
0.14664147467426533
0.1476697013546111
0.14879392999337027
0.1488290411127075
0.1497099044656042
0.15026263785800903
0.15051371233121047
0.15215739344534318
0.1538324046897499
0.15511926860753877
0.15514915344360536
0.15567361408809122
0.1557262468698708
0.15693015581688918
0.15794824541398733
0.1582639270781353
0.1593508278821552
0.16019012542753108
0.16033948127186226
0.160742922103582
0.1621556980731712
0.16276125481250991
0.1637632825625589
0.16665121047122045
0.16690269151366632
0.16964678189832333
0.17104176764323997
0.17222684845184766
0.17520058632653257
0.17725337103441408
0.17801962396104423
0.17820868051724592
0.1790914127281973
0.1831898457894966
0.18530453208451048
0.1855773522353913
0.1863608317623997
0.18708141371244497
0.1891784128965449
0.19137830766328923
0.19174535269420745
0.19204645242932383
0.19414005185444813
0.1969125323175469
0.19721617033840613
0.19744786374340173
0.1983282827837265
0.1983292163321635
0.20132672455951117
0.20152261058645826
0.20212503349422137
0.20439476925167516
0.20559283644991827
0.20613920930278629
0.20889460161855722
0.209562622475978
0.21045489862977562
0.211039214240693
0.2135731181833942
0.213915286777267
0.21576301723520197
0.21592932468058412
0.21950911416957258
0.2212928848240613
0.22263587142138708
0.22280834985792086
0.22282578304484324
0.2287159346690179
0.22991073100270096
0.23038105773192902
0.23051068270296823
0.2313462356202869
0.23303036920152786
0.2339194775351895
0.23419482361186
0.23893993953517823
0.23974829661522729
0.23998754089919536
0.24088525605200342
0.2417530178111168
0.24181873215987548
0.24289590817801354
0.24381430130875575
0.24400196129334006
0.24401908457318233
0.24403261578992408
0.24558791889333895
0.246569784291939
0.24819928145698877
0.2499207120539444
0.2501073300327098
0.2591424994389193
0.2608940442160882
0.26336296316397634
0.26502950958037713
0.26549942810430927
0.2678468713742772
0.2684633135686384
0.2691895331787631
0.26991473081986794
0.2705235346925028
0.27200709033909165
0.27214988854372324
0.2722269654081593
0.27289609423419814
0.27322507467593904
0.2742605796794117
0.274848403494127
0.27576952546814537
0.2776011346195012
0.27793643370855803
0.2791031273843667
0.2801003567946972
0.2807072056105052
0.2812894284195505
0.2829013059969926
0.2841260991462716
0.2854066501098803
0.2867813616233867
0.2882947655415091
0.29082149972164656
0.2920176891454753
0.2929691103040003
0.2953519881630589
0.29583696001388116
0.2986011775124217
0.3005421220437142
0.300655144290267
0.30310783859076484
0.3035206595978688
0.3044552927426067
0.306481330421402
0.30964578544729915
0.31428976298456723
0.31617199068521107
0.3195073091331434
0.32034720140515116
0.3220407279615255
0.32233714939899205
0.3274111634546129
0.32805774491007345
0.3288994055464711
0.3291125424725208
0.3296222633099548
0.3305728916633851
0.33066645255012717
0.33068185683485996
0.33099231933568973
0.33197897442059043
0.33255018324922897
0.3357031556613644
0.3364044983788467
0.337628611315249
0.33772374873117067
0.33795697358246074
0.33850169358208226
0.3388445150050002
0.3432518040146948
0.3447191763803297
0.3458857848638992
0.34827473858577684
0.3492718356310953
0.3494691181761932
0.349658991145768
0.34972491839019154
0.3501044395181778
0.35027967791425973
0.35226236445285125
0.35544321358683606
0.35745082477290646
0.3605247642158884
0.3611285574561587
0.36192708369171406
0.3627521332196155
0.36438179722030284
0.3652548032188311
0.3659880658233699
0.36601571281123124
0.36673203802254895
0.3676228188223549
0.37082728372442775
0.3710113157257745
0.37290783539189154
0.3751735579357779
0.3765410644481632
0.376554379960392
0.3780337590788919
0.3782032670990758
0.37850479626565064
0.37856436475159627
0.38042776483558904
0.38121155821482544
0.38197523887934764
0.38305160872226623
0.3879928967629403
0.38804736061459666
0.38852103721437736
0.3908141669644283
0.3914131369101728
0.3930620098654951
0.3934247183892984
0.3964179527104581
0.39856115917653095
0.39890068204686413
0.40003014112694313
0.4020661188765786
0.40369186905456955
0.40411647795696704
0.40649840409391125
0.4070806336537979
0.4076647043082613
0.4082813715914224
0.4086073809938485
0.4115512174000625
0.41370909077667184
0.42267805650970564
0.42558019870101316
0.428604855892512
0.42967031015071977
0.43059397085523
0.43340145636261485
0.4370501092861915
0.43711004697178457
0.4385624303762065
0.4397190511281097
0.44049926785439664
0.4410787478104878
0.4411979945138585
0.44155845302546437
0.4422321338213072
0.4473889372373586
0.4484887232841497
0.44931514913108506
0.4508160573278087
0.4523919336396172
0.4534043652065979
0.45523986559537233
0.45543714666853563
0.4559591261262843
0.45822119433433334
0.45933158628615334
0.45978032834051896
0.4605956125599475
0.46266336523746004
0.46313454753380845
0.46447689610100346
0.4656830710060797
0.4657937524564114
0.46640093839428676
0.46766229235645496
0.4733772243652249
0.47848469871297983
0.47935061425398606
0.4798468999151785
0.48106853949697137
0.4816723282260975
0.48233306970631207
0.4840667633388556
0.4856738437732946
0.4871188904890384
0.48730592095419867
0.48856871611571057
0.4933636082704285
0.49476532441296
0.4964473431647416
0.49659640101788316
0.4986594472343017
0.5000541625878652
0.5004945626649202
0.5020566288386188
0.5028512189041536
0.5073698989541153
0.5075254054458096
0.5083022202144671
0.509179243958497
0.5092388182382674
0.5094178888795028
0.5103600381928777
0.510546220972035
0.5121767465414481
0.5139788199589523
0.5146382010561794
0.519602122597792
0.5248022755719907
0.5251326431775484
0.5268046689437542
0.5289024998344736
0.5309245016744514
0.5314943882889567
0.5319420961383472
0.5347219788937163
0.5353380803752483
0.5354976243643705
0.5357991373325233
0.536617058349379
0.5371835656770013
0.5377473882885261
0.537757168642416
0.5397048466364525
0.5407966536491039
0.5442900822358487
0.5454838911287327
0.545813933629727
0.5477891891923143
0.5480140652355914
0.5489525089057787
0.549673741126099
0.5500576901834044
0.5503913591611278
0.5531179001492275
0.5532951521384957
0.5534765278633983
0.5558837014074895
0.556151585712654
0.558870372444128
0.5591563731513196
0.5606473387650901
0.5646142949945454
0.5650957335648211
0.5658431516779225
0.5667012943998413
0.5678828901306692
0.5693878560618529
0.5702653191641026
0.5737185076513214
0.5749557460552073
0.5751427175225712
0.5756564599061242
0.5764809883244181
0.5767011166455878
0.5809615320472877
0.5826872380056093
0.5853485594973749
0.5856872122639052
0.5889233966781191
0.5896495191110219
0.5903559177396595
0.591134010580916
0.5931533350790483
0.5938194722376406
0.59467114959631
0.5948690960660499
0.5958306760043914
0.5962777603734548
0.5986109777785491
0.5987099112010438
0.600697145473793
0.6009263176928037
0.601353983745078
0.6050128879483287
0.605068121459684
0.6053978520998383
0.6070369785092001
0.6073145752867242
0.6112999909527124
0.6144630267328324
0.6144795051736802
0.6158688731836108
0.6163281536947369
0.6166672228961219
0.6195423802342044
0.6205556924301949
0.6207796414303343
0.6239781241963112
0.6243528760569563
0.625371072735887
0.6277329528881512
0.6283884324536821
0.6284501283842457
0.6319583436417655
0.6323623848449842
0.6326088859135364
0.6343408712494064
0.6359446478088921
0.6363954831040195
0.6386977395747688
0.6403481700239371
0.64053476380776
0.6412558584954129
0.6413852969011273
0.643806669938846
0.6446877114078496
0.6451208631158805
0.6454822671786377
0.6472985306823758
0.6489417241683182
0.6498916144096125
0.6507373408029803
0.6521395727184862
0.654635747659034
0.6571382739054625
0.6621634832132519
0.6626953241472676
0.6644962528126548
0.666930511518082
0.6680108045501808
0.6684040986519323
0.6709702194677098
0.6724295821154153
0.672555829691922
0.6725613221528997
0.6739648269552287
0.6761295344056709
0.6778623188706954
0.6822156772931696
0.6835051209557823
0.6840814784716355
0.6843362687166917
0.686293194364979
0.6875818265206706
0.6882862664964078
0.6926459771132153
0.6929164553121688
0.6938621740656351
0.6958328175884165
0.6958760958010378
0.6973061686117714
0.6992963071734534
0.700762198985941
0.7012036610184711
0.7020737727563657
0.7042265959361986
0.7052270911161407
0.7053318454095431
0.7068017623599536
0.7133415901628612
0.7144906555403779
0.7149101503781452
0.7169422336152569
0.718174376469654
0.720195630797063
0.7222814521428493
0.7224970791964651
0.7231241476704036
0.7234015227982453
0.7243397025280636
0.7263174764493033
0.7277232444812867
0.7312535218335623
0.7363088945310843
0.7368345948099446
0.73695287151726
0.737055248752181
0.7370632581704697
0.7371445404498922
0.7394264624630547
0.7401543396859604
0.7413456591966737
0.7415587356784199
0.7425434601998353
0.7447580753170274
0.7466113004450747
0.746955803374811
0.7474458651028533
0.7479012766344335
0.7483243086140009
0.7489182290710744
0.7492034109274517
0.750926246612682
0.7512522003013368
0.7533143221867992
0.7537138468517823
0.7542451293733643
0.7543058728708535
0.7566225497392471
0.7597097704114754
0.7605005541735331
0.7613599836967657
0.7629191112007525
0.7633093659947774
0.7634845489246275
0.7638879777030836
0.7657770993109663
0.7666132943303625
0.7679730060152808
0.7703377827663738
0.7709791334150611
0.7719869823917113
0.7720666002358949
0.7795689798171521
0.7814154270401775
0.7826376462122017
0.7832308862156507
0.7856024314723501
0.7868822151433027
0.7872585040436829
0.7887701837162169
0.7911604043230014
0.7927842590826517
0.7930345495204636
0.7944483684548301
0.7962755052410039
0.7978461771827376
0.7983128471512608
0.7994882020065706
0.7996917753630405
0.8012924864704598
0.8014352656406095
0.8018393636659824
0.8019426634936568
0.803102981989596
0.8042733502719005
0.8069493168514752
0.807623478565739
0.8087062740480325
0.8100409956128635
0.810859113654021
0.810896513177117
0.8131442554555659
0.8133680881804977
0.8179519072763113
0.8226047747260157
0.8229118617870264
0.8241047533494287
0.8245599032978289
0.8272996512701212
0.8273300869061124
0.8291264278446251
0.8326579583607276
0.8346034425872015
0.8347506689806199
0.8378161890499983
0.8401579257476931
0.8403339527148466
0.8418901069597382
0.8422030913998482
0.8423995040742424
0.8445219541932548
0.8506073174229558
0.8514930930656146
0.852435896012827
0.8543555158351502
0.8613866881770673
0.8617090828357591
0.8617097629810232
0.863664570691617
0.8645032896304397
0.864522770891896
0.8655579842677078
0.8719104070114858
0.8721804721278016
0.8724443471741206
0.8742786526261744
0.8745397659970942
0.8767368174177123
0.8786392399750806
0.878666945149197
0.8795538021219367
0.8843483079633827
0.8873292724674305
0.8885542130238615
0.8895329821020014
0.893207598951229
0.8933720467932218
0.8944018836343963
0.8944989999345465
0.8955063063650679
0.8965234060309062
0.8986164522905133
0.8996401056289574
0.8997295644826331
0.9001045697475123
0.901844782201108
0.9030259598708942
0.906389856671423
0.9075497786944497
0.9095800533447872
0.911065962566858
0.9129694685263942
0.9176790725566351
0.9185699645045355
0.9206517886258563
0.9214416881025445
0.921541277168193
0.9216913346028858
0.9218810568136636
0.9220085928645253
0.9229420121432542
0.9233265288794584
0.9271250770131113
0.9280734903773553
0.9283574040892617
0.9323562673989271
0.9374028205884706
0.9396079951190398
0.9424759330354211
0.9434408659940094
0.9437860534156455
0.9461054514234253
0.9532394900128784
0.9553174907599773
0.9588778963952419
0.9613503166465314
0.9613802634273437
0.9623967360565351
0.9629858709025483
0.9630505051667002
0.9660049616023646
0.9665256132538863
0.9691013622410285
0.9694886295789353
0.9773887932244766
0.9785200440497709
0.9801330148376655
0.9802265918081421
0.9814159909663579
0.9883082939674941
0.9891256310821731
0.9946077351162284
0.9991331081773048
0.9997123029766297
1.000601558869457
1.000829084525409
1.0016390425477115
1.0018278579646105
1.0026764083176076
1.0048428056225291
1.0104754921718033
1.0113535194706873
1.012873810114471
1.0142591169826802
1.017189669426318
1.019360421753281
1.024924079690067
1.0251749426652188
1.0256655228980125
1.02843711423041
1.0293579746289065
1.0332793138523475
1.0342275130766003
1.0355299570271894
1.0364007609966253
1.0382010692269785
1.0415913694531533
1.0421416587155012
1.0465104430628356
1.0470895574900096
1.047619609573964
1.049022186280978
1.0495100259466092
1.050145210649075
1.0516264798491022
1.0519512287471482
1.0528097796357745
1.0529905242309567
1.0561756513486114
1.056459334046432
1.0566440894426865
1.0567286173410086
1.0632584903909235
1.0652454260244626
1.071650361499577
1.0720518439611877
1.0727956465601818
1.0736567558982089
1.075881709622231
1.0769109590277242
1.0769353139990772
1.0770452134749293
1.0793208815751196
1.080558009282322
1.081661926013529
1.0829215691980512
1.0847289312656556
1.0847369377561267
1.0872859848825425
1.0899822282978135
1.0916857754208296
1.0918906769644747
1.0931128267382881
1.0943227800644153
1.0943468540012116
1.0959422305519888
1.0963704417207527
1.0969251553393138
1.0979050043483753
1.098567777714843
1.1006567770798137
1.103185324167617
1.103967917157898
1.104542730762348
1.1046200408059517
1.106294456169418
1.1082385385929217
1.1102788341619703
1.1114144283415583
1.111967131879314
1.1125959170363329
1.1166675482770567
1.1171262634582302
1.1172715634023387
1.1201395488453187
1.1240921436068199
1.1244750077142744
1.1251411075216535
1.1255630527155218
1.1256438884773083
1.1268296221339715
1.127998635058237
1.128010258519331
1.128502788526776
1.1291709545978719
1.1292864000310918
1.1340957123408704
1.1342309629372145
1.1360095887599237
1.1378564611792117
1.1389741419002453
1.1411354143920014
1.1424238678276355
1.1430594083998618
1.1498239279708307
1.151814014471235
1.1520818220689675
1.1530830331429152
1.1558398729137214
1.1576905434844953
1.1588254300264382
1.159384641136514
1.162585707194421
1.1652131983735936
1.1686348241079836
1.1706079434815573
1.170734612565774
1.1714780697716312
1.1722446067885137
1.1725054655337657
1.1783278199312093
1.1786163653158959
1.178694302019233
1.179007085589587
1.18239067992288
1.1833043894700765
1.1837527067069225
1.1846040662504442
1.1848827431128237
1.1853918755600574
1.1926190331461686
1.1964170571448027
1.196711516848859
1.1970911668166442
1.1993472798479832
1.1997472182426039
1.2018630566684185
1.2040067499070566
1.2063242144877662
1.2064365886881019
1.209139343271263
1.2096395410317682
1.2107094519773822
1.2115603101292582
1.2122508842671909
1.216389842703926
1.2182774134104557
1.220582283290648
1.2205936568614653
1.225399312559476
1.2285943697397168
1.2292076164514327
1.2320854124940506
1.23224382383637
1.2325149732861134
1.2359074820523719
1.2363290591396907
1.2378580002832913
1.2399238243625004
1.2402357227380167
1.2436886720544686
1.2456361943183965
1.2477114608993385
1.2492926124722203
1.2494650479345897
1.2536276995384312
1.25471044428164
1.2559201951382422
1.2574730713736673
1.2588586680467395
1.2589131871706583
1.265815220889798
1.2667077750289042
1.269583188542565
1.2766048844423978
1.2768838442151225
1.282198212678703
1.2827665662712977
1.2832516989957283
1.2844332850908178
1.284496768661854
1.288035664409493
1.288141506243163
1.2890700281773473
1.289306467793983
1.2897502019549905
1.2930693168917293
1.2933582899410767
1.300888110022123
1.3027410684499232
1.304839027472694
1.3049790486137502
1.3055410105012362
1.3064929224282116
1.3078190218030574
1.3090092153470467
1.3091284987594967
1.309128694429103
1.309192646188665
1.3094338545474642
1.311627380870016
1.3145560628033501
1.3150766561161455
1.318645292625984
1.319578988133561
1.3215045294296588
1.321544376305822
1.324997732654336
1.3260345634266009
1.3261418487588552
1.3268177881440046
1.3270741211419883
1.3296393399956234
1.3375261544859933
1.340326268254396
1.3454651322516087
1.3482451814737924
1.3536414955007474
1.3544699227179358
1.3553588800740308
1.359386942226688
1.3594700093657153
1.360365078265776
1.3609730733792371
1.3661552509496122
1.3665779060455452
1.366871264940418
1.3679205196456465
1.3705158799233943
1.3708421331026992
1.3721959675755155
1.3733779102501908
1.3742031216919557
1.375091027404929
1.3796474295968726
1.3797767262366953
1.3826808950692513
1.3865885383090446
1.3879119267616358
1.3884553016796461
1.388967604461055
1.389992907560604
1.3933644266535032
1.3941406758172514
1.3966942823379416
1.3976251155323487
1.3989261153304928
1.4004417294882936
1.4036398235952223
1.4036682722564295
1.403733184293257
1.4079048873655522
1.4088040519489482
1.4145154022732918
1.4211072069086117
1.4217868587501854
1.4223922542541398
1.4236937440401358
1.424166877498568
1.4289158844702716
1.4335139990418855
1.4384623807574344
1.4422562082111972
1.4440672813419537
1.4472683482207533
1.4530902765231533
1.4532632478274765
1.4534600692072632
1.454392909294382
1.4557124109122601
1.455942783957507
1.4559822473067423
1.457909954441658
1.4598288814539908
1.4629135082530935
1.4666425716129092
1.4717086114676738
1.4735418167504797
1.4751101788623406
1.4764282816580292
1.476662756830494
1.4810539269266108
1.4839235629539624
1.4845830752041913
1.4857941715925485
1.4886130751177566
1.4915716544785165
1.4927987999333068
1.493877016571082
1.4950472282406246
1.4956881713339951
1.4991340231310528
1.5005404503392317
1.5021680904205486
1.5025030573197227
1.5086657008867124
1.510792653623899
1.5219839933257409
1.5221516757016196
1.5222471120104077
1.523093149439922
1.5243402215632507
1.5253984190641892
1.5347186703736189
1.5395181401627736
1.5404923315685473
1.5413800710810506
1.5515446803714554
1.5526976728936543
1.5535914584217356
1.5573897410991804
1.5601542923395029
1.560626861129899
1.5628194024297093
1.5665545695207936
1.5678884562738298
1.574357684828963
1.5785759668711496
1.5805620562966678
1.5848404774920932
1.586610456433281
1.5890699481019817
1.5908949085828203
1.5914857962661273
1.5946746072409046
1.5960642821654718
1.5985872529795069
1.5987445326019136
1.604324115758394
1.609201546538129
1.6094134550581891
1.6146910988762193
1.6177255008962588
1.618848583829458
1.6228409000272974
1.6242990047011912
1.6269960422040723
1.627066626279303
1.6279587683278178
1.634457737212374
1.634931778507144
1.6409335582282938
1.6443348420233193
1.648226459606017
1.652631667624384
1.6563957516774883
1.6595156170009768
1.6672606172446782
1.668912343827175
1.6694100925903521
1.6798336402408722
1.6826123334531062
1.6832517054863838
1.6834507523014561
1.6849172428347203
1.6869011977734671
1.6871788301366806
1.6892101078146053
1.6943099127808532
1.6949931116194192
1.697651398209199
1.7019047904398301
1.711654677053519
1.717287173808776
1.7255226349304584
1.7270914927298233
1.7278050395547073
1.7338858162829038
1.7437153735776536
1.7491779255020963
1.7623673271598896
1.7650947752567592
1.7665198475974093
1.7673670700141213
1.7688816008928707
1.7692698491711956
1.776998900263497
1.7804382588305665
1.7829231474103129
1.7848337151339528
1.7849685821288408
1.8005964233930403
1.8028944447043591
1.807092930111942
1.8190103248817324
1.8285200664379486
1.8298512316558797
1.8340250616476452
1.8353475165713489
1.8388519842702873
1.8463480133122894
1.8536873600988653
1.8583538569845963
1.8590136323993411
1.859856869995061
1.8796708746049162
1.8859861176921888
1.8867039102885772
1.8892765531453768
1.8934361946592557
1.9034912179725647
1.9050924697513305
1.9139757156322985
1.9180748841970514
1.9219442494980328
1.9223282195224847
1.9255676122494791
1.9279803210837008
1.9389349652688632
1.943714395075641
1.9504715760745914
1.953992468647772
1.9573154520987521
1.9578584524037896
1.9650318692316602
1.9826751725592278
1.983147681908494
1.987413441718797
1.9885094527927691
1.989214347169608
1.994481507696177
1.9946676190945367
1.9976289937430471
2.0002439714415687
2.00619232637826
2.0068529669666204
2.0089149756151317
2.012980773145717
2.0302245474552176
2.0377991399317503
2.0408103913536335
2.0417192436184837
2.0460112436202973
2.049043281461717
2.0501564478427383
2.0515890486825628
2.0526980291476535
2.0586589312800543
2.0603824055264615
2.070090965641199
2.0869623279494043
2.087787964753791
2.089024377931527
2.0981639823527765
2.1186142088207536
2.134312338198476
2.1401696834060955
2.144660007855476
2.1519975641931843
2.1531462119575226
2.1598201652159865
2.162989607443082
2.1812193719895347
2.187338762502098
2.206066150909546
2.214932571153852
2.21522778944943
2.216343496643119
2.255561979229586
2.259389749217065
2.2683299520239855
2.272000760894969
2.2860565255994403
2.3026434970999134
2.3074973283809306
2.3162438675344372
2.320555401849867
2.3290940857200555
2.341061212099791
2.3474372699418984
2.348826779009583
2.361095648433465
2.397422679869116
2.415248534912504
2.5212702624119054
2.523787606946068
2.5539507608159715
2.561504119468834
2.568168609138343
2.605769471881121
2.69654093956869
2.7304081272000698
2.8497571516288676
