-3284.933856878469
-1644.740534673186
-1499.1220837282162
-1176.0772469053152
-1097.7863156267858
-1097.28888624682
-785.6512522521343
-534.6480243994176
-532.5924770697097
-396.0835974360529
-387.9793291285008
-377.2141930552631
-369.1475204769374
-307.66707973337134
-280.75890234122386
-272.1877900352196
-220.3996069691577
-214.445166152308
-205.05848401865808
-204.5745557651435
-197.95267680894045
-190.12618025838444
-183.08077279175455
-179.19823300132947
-167.74711236774738
-165.4263113051005
-160.7459015966646
-157.99084023860584
-151.97808886241617
-137.88635438687453
-132.07741059273485
-130.30267704503416
-124.78919436876657
-116.52915830745293
-110.00445224065776
-108.92698396771084
-99.7942171124318
-99.087223632276
-99.03942684502705
-98.01721784132276
-93.9847376870493
-90.02491790054216
-84.06875455087128
-80.29984448285599
-80.18731167198337
-79.5348193236132
-79.39567148465358
-78.80208052512212
-76.05729713116372
-74.59527487968859
-74.4983017796385
-73.44598556891204
-69.32057584107824
-68.64851614129832
-67.32104251551266
-64.8725681058914
-62.89899761751616
-60.18987969817012
-59.70779192776067
-59.692149380602096
-58.78567435740996
-58.2675989395882
-57.78744327100667
-57.74885456087445
-56.692911922283244
-56.339739298154136
-55.340525519626794
-55.21925729226172
-53.97450071715554
-53.58767877286801
-53.14609617904383
-52.90533590822593
-52.61225948297159
-51.23254116869823
-50.95612848038597
-50.59130509802462
-50.46282467809001
-49.85839658180965
-49.17374303593452
-49.0238412306122
-48.64606808630233
-47.027961852379676
-46.877303828865294
-46.46676886653764
-46.412511146756756
-45.44516072521703
-45.38530854276048
-45.098177778041155
-44.66763362266833
-44.165523987699224
-43.740666058790076
-43.59935554583947
-41.73153283619052
-41.15064557154686
-40.9906343534676
-40.63870510982419
-40.54055076393785
-40.4995276047951
-40.23604906869685
-39.43004352619019
-39.28448765716571
-39.13010486279592
-38.807835656654674
-38.52692487499894
-38.51997132842975
-38.299422805027284
-38.187799078855
-37.828016574038976
-37.663241816361136
-37.262028901824
-37.17900896824464
-36.71903684621248
-36.52546538055604
-36.51997782675741
-36.344142085886034
-36.297882358560656
-36.23244025886176
-36.01978571209697
-35.91601600280987
-35.70750042846001
-35.64111147299876
-35.38310692255407
-34.41335345845026
-34.37631325197512
-34.13144042071491
-33.04462387159161
-32.694969471243056
-32.60605238468434
-32.469827686320656
-32.45029611656003
-32.1125381472874
-31.619714461232505
-31.5050507620859
-31.13532037632313
-31.038203384255084
-30.917393762830475
-30.790481175219114
-30.716644644843257
-30.61769058551882
-30.14919868736186
-30.074412964884857
-29.86825787063024
-29.668269831074088
-29.413251135651567
-29.255058491978627
-29.16432473764804
-28.809846197959974
-28.34642503150604
-28.257644944318187
-28.129645809393505
-28.117571005050422
-28.01028115925183
-27.964451349555446
-27.96416362768069
-27.92526978764917
-27.19512759055586
-27.101780267284553
-27.084609227931878
-26.985440903213203
-26.87364615507318
-26.86866564862042
-26.428364339289978
-26.223558627323726
-25.416139760335607
-25.284044541111946
-25.178016345405
-24.73690640509938
-24.72917520035267
-24.685350456489036
-24.482059872762942
-24.445647230653964
-24.313836475836453
-24.24250115404928
-24.150248981310302
-24.0509109507763
-24.01476681021325
-23.91180235332811
-23.76270052738743
-23.729413155746048
-23.700140519790057
-23.401965536587355
-23.33787258991748
-23.248957576549444
-22.977473980728128
-22.888202421505557
-22.787449871135856
-22.680444367389708
-22.678727655557935
-22.583531875761093
-22.563139159835718
-22.519540144766474
-22.402200172053487
-22.32697665238163
-22.197185956048624
-22.039457173318546
-21.8861127366424
-21.85598645577409
-21.78559814025413
-21.67342626997716
-21.65388811670875
-21.618107629206694
-21.427503843794426
-21.360876881472198
-21.256389629614922
-21.225166767077894
-21.15932479103829
-21.073718044867316
-20.94228191807802
-20.883303984931075
-20.875913171287863
-20.859510533175342
-20.797918173881097
-20.478205610086235
-20.392031523899643
-20.30643414411381
-20.283575125108133
-20.26621116398027
-20.06673352271464
-20.066241391341833
-20.06536779461458
-20.062270315600045
-19.965968432911676
-19.943534173541178
-19.910002508882705
-19.81732996399192
-19.812796018864137
-19.790102697741847
-19.507677404887247
-19.465756892130234
-19.457354567986815
-19.391296634518433
-19.34133888112268
-19.275006658664815
-19.17890552778156
-19.17094290503065
-19.110515890524958
-19.091242163388745
-19.061024279124894
-18.89070321549206
-18.876995661596983
-18.824077793030707
-18.75174994682222
-18.662587011619856
-18.635458470355633
-18.590759660778524
-18.45047960692307
-18.41329838541798
-18.188731460455116
-18.188012229830292
-18.14821773955186
-18.127003834899607
-17.942421890999125
-17.926923066101157
-17.90530379670055
-17.89443068324969
-17.835528589108748
-17.778659543231683
-17.76764465286438
-17.767452349843268
-17.653610877616387
-17.63893617661486
-17.518709134706604
-17.51121033135341
-17.40151107090564
-17.31907950509271
-17.138265594763624
-17.04538878663599
-17.019198314087042
-17.00236107757831
-16.98959251636996
-16.936658309886475
-16.919933752368177
-16.831773440443655
-16.79225307760371
-16.782588412259884
-16.660790028980138
-16.631522129608342
-16.624446414361728
-16.600418331197233
-16.58723666325212
-16.429329133945757
-16.352971116755
-16.35136910301365
-16.30352207570107
-16.247304892285932
-16.24363503973474
-16.188897427428593
-16.12184416321114
-16.069668241372597
-16.068538768916895
-15.867537496305292
-15.851292712997788
-15.77329455005448
-15.68250973389708
-15.620907526793024
-15.493095109967195
-15.40487070365737
-15.384488546197417
-15.366746887973726
-15.329422761802451
-15.293633786187282
-15.285594495780538
-15.238887255332362
-15.200606317604873
-15.150805791976692
-15.127504033305566
-15.121282584618458
-15.1087091462821
-15.066468075087293
-14.973757231604967
-14.909115768927586
-14.850038857034278
-14.8090991004053
-14.799033355541487
-14.795132494431272
-14.782473570248134
-14.74078880883837
-14.696465907829108
-14.681094227193803
-14.632662232884314
-14.630702432812537
-14.618820067706492
-14.573712669575226
-14.498976859320445
-14.47993550250049
-14.414886701940812
-14.401095911336512
-14.376875179590263
-14.376005459700966
-14.369927656879051
-14.330334925145262
-14.27908555885663
-14.234033114304413
-14.210388728745754
-14.171084317633284
-14.159074000053728
-14.130756596873143
-14.108817548172397
-13.984779441194119
-13.96830204023296
-13.958125083239048
-13.948145916231093
-13.941374139874656
-13.919913266559284
-13.838674136079637
-13.806602241789204
-13.79022412137049
-13.764348178541226
-13.724173900523754
-13.713193112000187
-13.516429182947656
-13.441804163092584
-13.412110442157628
-13.39312292429277
-13.354701808766697
-13.289075474935384
-13.252880106995207
-13.15803123529064
-13.079069995767231
-13.067021018143743
-13.026865167299375
-13.020761161532503
-12.968806474771572
-12.942046351594268
-12.911219361980498
-12.910177518741422
-12.900079114642935
-12.892873879471733
-12.850741568848807
-12.827234537309902
-12.827107809535672
-12.826391585352901
-12.808394259571859
-12.80426011260624
-12.800343115830183
-12.780187695145708
-12.608187501697472
-12.597877112399438
-12.544888739366865
-12.522975328469046
-12.498622129040022
-12.481154657534969
-12.469567221818561
-12.454240651568192
-12.447067652260367
-12.422933769511072
-12.330083509726506
-12.270819215893143
-12.270204496607162
-12.261362898822497
-12.24637218485609
-12.23405750561743
-12.20552149373118
-12.178687838031337
-12.149971526424725
-12.134550616889948
-12.10309448965812
-12.080953733189956
-12.077755480756467
-11.987983689218563
-11.960980382650328
-11.953753895571708
-11.950693499879373
-11.941004813641042
-11.938090375455872
-11.925142146826035
-11.896328993614306
-11.894766703834481
-11.776303411394775
-11.770927970884252
-11.7565724819335
-11.752453832691101
-11.741626498649733
-11.680427963129034
-11.601696624034807
-11.594018207227197
-11.57469266022693
-11.485522568895833
-11.457735421621567
-11.448429193655134
-11.423260174508417
-11.377836967808168
-11.341364194482265
-11.340741165074704
-11.334804966145809
-11.314063067944511
-11.218986713251564
-11.203548901300444
-11.159732039622842
-11.091003266301794
-11.07561222170649
-11.066563856343786
-10.993802000831883
-10.987579747979334
-10.956015638661277
-10.919005289065467
-10.883385678224224
-10.847180488828652
-10.843757944511749
-10.838303503964294
-10.83667105699675
-10.830834545718094
-10.818701544885586
-10.760226912177096
-10.758919811073339
-10.758159725100542
-10.683141666607828
-10.666053736240372
-10.629327826470082
-10.619838021445625
-10.595362050995416
-10.580042990384475
-10.565722599549026
-10.551062432861261
-10.55003303831835
-10.547447643805755
-10.540265503985177
-10.53883095387659
-10.537152502001383
-10.526706088196484
-10.519900516809464
-10.509443975263466
-10.508658209319606
-10.4642163258174
-10.45552350140891
-10.446828213634957
-10.444837499279867
-10.438592349624368
-10.418289555268204
-10.397718925221259
-10.377373594176438
-10.37154031805262
-10.365122402644008
-10.335686745311186
-10.328281065198707
-10.325467702912695
-10.322089334611691
-10.322030178427827
-10.308791926388245
-10.2656605081953
-10.264080001418286
-10.22115693748687
-10.197122185436623
-10.122744634304894
-10.116857227723221
-10.11203160198293
-10.078923893538095
-10.03877687024334
-10.003572121738998
-10.002925549758327
-9.957377406702472
-9.956347266742334
-9.952416631480698
-9.926868710841724
-9.916953647791972
-9.841260201233979
-9.814974629405302
-9.810163233525216
-9.808023651053704
-9.807993574511988
-9.802799197983113
-9.797611466610599
-9.78566964555055
-9.756666059090128
-9.75244493796242
-9.736113740945417
-9.72433618937999
-9.715830862599859
-9.65142492337467
-9.632129193437212
-9.619342624174863
-9.60879982241791
-9.6039052020397
-9.572867488672262
-9.56179592218812
-9.559845513519216
-9.546207230507518
-9.511791539258743
-9.452924654412612
-9.417548632259457
-9.41087924844577
-9.38178848263296
-9.34910118828417
-9.324984691225483
-9.32297479210694
-9.269931100467419
-9.234374373994111
-9.216773161406232
-9.209850095938563
-9.19567975189727
-9.182217520483299
-9.135717632208593
-9.135439178176124
-9.128634755805482
-9.115917158047383
-9.095564051075236
-9.080825628956596
-9.070332723575348
-9.037744364871585
-9.032207279839115
-8.9848598336101
-8.977112692691474
-8.948665017432843
-8.914148153693326
-8.8729672451488
-8.859624837365438
-8.850946728596488
-8.790813315368517
-8.785313082269322
-8.76239532406461
-8.738266553102557
-8.735642746500188
-8.692533227181979
-8.686967795088963
-8.674839052365801
-8.662185858995265
-8.660679365118348
-8.640500102367994
-8.63618779013928
-8.61777939818957
-8.615737630580686
-8.603437001343304
-8.592626740792614
-8.585012331183702
-8.54060169861703
-8.53016683619633
-8.51801098602182
-8.496196091825606
-8.494468174292052
-8.477565521379454
-8.473012615565063
-8.469871556559097
-8.455681016738309
-8.444681939858393
-8.437980775857326
-8.41150516529232
-8.405236367053348
-8.40061288313955
-8.382873651540589
-8.357667077695387
-8.351670218833112
-8.328361119625475
-8.327047307121397
-8.303412841640464
-8.28653745114268
-8.27889939802034
-8.264542709749199
-8.236858266935677
-8.2056351250484
-8.197757240594461
-8.186893762594178
-8.180217469683662
-8.176916196373368
-8.158850507382265
-8.142370387847158
-8.119523768581749
-8.114243285048994
-8.10402004964248
-8.093429147959823
-8.08831511321288
-8.086889219944727
-8.056062983027974
-8.050808070352659
-8.048058306284425
-8.036298340905951
-7.998609519253318
-7.9756710962755495
-7.908387667365903
-7.902690134609891
-7.8972927847342165
-7.884820074686768
-7.874016227382555
-7.861011926790873
-7.851082293362197
-7.849768009360414
-7.846599038167383
-7.820966500935542
-7.806653471325559
-7.80375330458858
-7.792691363136223
-7.791591030423655
-7.762867139502813
-7.757411893769289
-7.75647787594962
-7.739558166455632
-7.7276772582427125
-7.724589366883633
-7.721541850707808
-7.715055354878958
-7.706571928350582
-7.7023696604611995
-7.688263782872609
-7.686653899499404
-7.678638805020369
-7.671774763223772
-7.655840794835029
-7.6465086289715325
-7.639525372346537
-7.6034681132499955
-7.5947255042362025
-7.588936572281341
-7.5887364313882255
-7.588710715899257
-7.585379674489436
-7.57430713349424
-7.557071993991145
-7.552859334208164
-7.552041908941305
-7.550818875712365
-7.542876452310892
-7.541827768271592
-7.540107504200449
-7.5348283033209835
-7.5326151994564405
-7.5252177426764195
-7.513712056184218
-7.51238740356187
-7.484079515694415
-7.448454193315532
-7.448028007937193
-7.4268915360066075
-7.406427256943886
-7.398056498756308
-7.397301240725093
-7.392208564601658
-7.368099391800568
-7.342224774349025
-7.312637799370337
-7.310427973420872
-7.302834691557145
-7.298025287993202
-7.289508285060046
-7.26816922181519
-7.252259299163097
-7.24652744403601
-7.243438193464852
-7.241291430690719
-7.24120184274792
-7.237107765917543
-7.233335782563531
-7.2256925468842095
-7.219780410897252
-7.219153930137317
-7.1941631272585695
-7.192191771219148
-7.176528216450855
-7.16998426537323
-7.156531136978236
-7.144847694206149
-7.133289505606915
-7.094712279023044
-7.074801906792148
-7.074740865602633
-7.067601926144484
-7.054597190395231
-7.0489582664261805
-7.043678931195256
-7.037103333025428
-7.02719744812286
-6.999556367476172
-6.989566032201762
-6.9871796762883225
-6.961258070982144
-6.960058160468349
-6.958316869687442
-6.954979996739487
-6.952615329641311
-6.948095349714281
-6.942305570285182
-6.935507685346436
-6.887148257247196
-6.862662325340837
-6.831991049162852
-6.829095669056047
-6.822773312458003
-6.822641023688179
-6.817937564619041
-6.778506244100704
-6.761432948985296
-6.757469950154061
-6.756870275842526
-6.73713870632875
-6.7285648322101785
-6.7254231907198365
-6.704383534240572
-6.688399542599521
-6.680053164422378
-6.67484467881958
-6.659190686564551
-6.653051253491023
-6.6410840164484455
-6.630696672407378
-6.621854032431582
-6.620890357834835
-6.614128734385623
-6.613498571135276
-6.610815597417761
-6.605578249814835
-6.5960577147425825
-6.590237573264592
-6.58724440542221
-6.581926692544168
-6.567985760861747
-6.565763157107474
-6.556938859084377
-6.547193544177835
-6.536065627126828
-6.5268591353034315
-6.505419589874132
-6.503148916668778
-6.486394011464061
-6.481430149448204
-6.471146291942949
-6.4668698192557255
-6.4625555807450965
-6.461039709281488
-6.448959843990026
-6.447010176938647
-6.443251669314673
-6.439454547254048
-6.4298720425153295
-6.424662196069722
-6.413444572882481
-6.397733661983175
-6.394219232190498
-6.386924487002303
-6.377550900361445
-6.361609390310112
-6.359108982792745
-6.344750578774367
-6.342277316336928
-6.3265473436541955
-6.315343906696359
-6.315188164753139
-6.25984930683925
-6.259394539316027
-6.247329151269019
-6.2326474369292715
-6.227107710404304
-6.2139701380714865
-6.202556822014923
-6.196960117012678
-6.166558130520252
-6.146401056045788
-6.133203831871555
-6.1167821193583665
-6.107371599925051
-6.104601288289462
-6.096800730984279
-6.089702292360786
-6.082457599024856
-6.060885655613124
-6.059477068850569
-6.052199445636905
-6.042187454522919
-6.010283222377804
-5.990684820603283
-5.989649277598184
-5.985919708727481
-5.979731301049731
-5.979482018365216
-5.977802670144479
-5.972562378956689
-5.969727640564876
-5.94994887499855
-5.9462495721387105
-5.941721327706618
-5.931531913057222
-5.924580775075525
-5.907232828799222
-5.89700848220424
-5.869920543721301
-5.869916593996671
-5.855596252390207
-5.854828622172146
-5.846388517332025
-5.837739031912802
-5.83730646301176
-5.827340190720859
-5.8231125828247565
-5.821400909700641
-5.787887432057025
-5.779562532395213
-5.772087294538936
-5.754520255157937
-5.7531934369554225
-5.738165300475757
-5.737367070417447
-5.73423911323631
-5.719056611386371
-5.6897960948418165
-5.688634552580824
-5.682605843413851
-5.6779351157828
-5.676423960513217
-5.671264619988458
-5.660984541688933
-5.628497407240548
-5.625698717668133
-5.614478530936565
-5.613980269201372
-5.603832634304267
-5.594996779059363
-5.594863040287137
-5.575238785429332
-5.563732809530966
-5.549601673054268
-5.549489120531976
-5.538921158428637
-5.538367051455989
-5.537710444360238
-5.5376507649705715
-5.532962452848523
-5.532462254823154
-5.51619120430377
-5.514449467757432
-5.500343254774512
-5.498423237285945
-5.4960036280204765
-5.49578853456322
-5.495345503655782
-5.483859187868438
-5.482782403826753
-5.479018334095323
-5.46072322801181
-5.460344783553877
-5.457019833932099
-5.450934803198313
-5.448629382134673
-5.445051293061667
-5.43936071205777
-5.43540713379928
-5.431637266517735
-5.428406957527308
-5.40707643123208
-5.4032211957997625
-5.394219882222437
-5.388266646962327
-5.387296034989702
-5.382893288731208
-5.381977423437971
-5.367613490111615
-5.364937629030523
-5.363250862239821
-5.361418717286465
-5.356733656495343
-5.337380942934573
-5.33488029821369
-5.319869520806542
-5.302697540419481
-5.273971235616029
-5.264596901104452
-5.263477243987662
-5.256472805115234
-5.253106904290458
-5.244374524061903
-5.240609154402824
-5.238648966241236
-5.236283519247729
-5.233902612637358
-5.233410357718078
-5.229569257718279
-5.216703859785483
-5.212007875116974
-5.192481588458946
-5.184900319428936
-5.180532143679392
-5.180177496477803
-5.177370655152059
-5.175888634988002
-5.160740048874069
-5.159972531893446
-5.151655423087341
-5.1446841543857555
-5.143635365181269
-5.142695621838185
-5.127229697191068
-5.1261155861006005
-5.122200147661977
-5.121882394877797
-5.116316077080087
-5.112656303864635
-5.103317885879294
-5.090859437573931
-5.089741861069066
-5.066285007441307
-5.057344093321344
-5.057204041546411
-5.055474439060898
-5.050415272951869
-5.048335921732836
-5.045120576675512
-5.029374408176341
-5.026389058867746
-5.025103891107705
-5.018859623642347
-5.0160610102807945
-5.004021237431146
-4.997236194466021
-4.996621314393242
-4.982123426760992
-4.976577625828335
-4.974081334841284
-4.962780968321483
-4.952839061295544
-4.948573129947841
-4.946349846424058
-4.9389317288885355
-4.923338388703488
-4.92256448593348
-4.905687428522948
-4.9039946896578215
-4.902825936781619
-4.9020507770227715
-4.900459962680776
-4.898588381993332
-4.891608088108032
-4.88625310883921
-4.88106902477197
-4.865170021550784
-4.862690369807394
-4.852209905640677
-4.848988404194698
-4.843416639208046
-4.842134447814146
-4.83421775741524
-4.831541937730366
-4.826718939225004
-4.82393672723205
-4.823534566546483
-4.8187259042378505
-4.817403576271202
-4.815770157791336
-4.8122622006066
-4.804058296770418
-4.800756837832393
-4.792338336269779
-4.782362766669424
-4.774767409411439
-4.767618387331488
-4.76594651691277
-4.765449492263099
-4.759782670519042
-4.735097860839524
-4.730072453756471
-4.724091888381475
-4.72193665007899
-4.720008613447318
-4.700872295924526
-4.693108886919868
-4.689208093400176
-4.688349450429284
-4.6852061702351895
-4.681129004833704
-4.679753025129231
-4.674610486097355
-4.6659522470252535
-4.64680233896142
-4.6445380748647995
-4.639202910844742
-4.636507816535915
-4.631470142828177
-4.626915409904276
-4.620018135726864
-4.619349295683328
-4.613167636558095
-4.601492798479358
-4.600300788575978
-4.59968605240076
-4.595785848304571
-4.591362696791462
-4.583340291956178
-4.575926305559114
-4.564597106014153
-4.56454182902993
-4.556403410426809
-4.55506344761253
-4.55126691941984
-4.548714011548459
-4.547745963436571
-4.546908650876908
-4.542599196134874
-4.53751075344988
-4.531527406767742
-4.531084410112944
-4.530235863523711
-4.5300086605770975
-4.529337814028807
-4.5269065641034665
-4.526060285699252
-4.526016114160924
-4.52452324543168
-4.5229865519725605
-4.504047525556881
-4.493251325389803
-4.492024017596535
-4.485795144232076
-4.483641851321942
-4.471813430506936
-4.468750713088099
-4.467618421392839
-4.4601290967998
-4.4584596880345755
-4.454607142116195
-4.4507099170290525
-4.449631039395747
-4.445765933878295
-4.439055025091307
-4.4379241851345
-4.433705805001327
-4.429454945551155
-4.426285287195294
-4.425575193442204
-4.424546075340546
-4.4199146507263345
-4.413466323678334
-4.4007388219724755
-4.398307361497152
-4.390799427395782
-4.389617099770218
-4.387124937367132
-4.3825908005127
-4.371916911275521
-4.369331345673807
-4.360904923945828
-4.358317823654184
-4.354007597979311
-4.348186203719573
-4.344347034528863
-4.331931446235819
-4.329736024922193
-4.318333633074896
-4.316644680476488
-4.308598505174473
-4.304710450578036
-4.303869790596034
-4.301975388541624
-4.295227866284211
-4.2950795150772665
-4.289574581052831
-4.287003002016456
-4.280203563037633
-4.275582223928638
-4.275239043970836
-4.270216837793257
-4.265145706139034
-4.2604831501181
-4.257073440096673
-4.256834278360631
-4.25497299988495
-4.253949970109766
-4.245886113963316
-4.244901381514354
-4.241145266064692
-4.209155989569674
-4.19335148009226
-4.185886634646045
-4.175498901761686
-4.164227397790757
-4.1433290442781585
-4.137820993917705
-4.136478214037143
-4.135448323876526
-4.133419081013525
-4.12779966914424
-4.118999814663078
-4.116612721878219
-4.1157987207280256
-4.114531424375232
-4.10863739733135
-4.099932146914802
-4.099226577529077
-4.096620057468591
-4.095082318823201
-4.088143241905343
-4.074784155392797
-4.073059115231667
-4.06439457680963
-4.063870409022059
-4.062372230290023
-4.061161745910654
-4.058886215165911
-4.048083762353839
-4.046309075213995
-4.045437267057159
-4.039165304475288
-4.035732932353528
-4.031503606769978
-4.020145801641317
-4.016932934298766
-4.0098597414049
-4.009386975462403
-4.000543047125071
-3.9997307709873553
-3.997937257912518
-3.9902690613258187
-3.987135021286244
-3.969876273712411
-3.96905201549767
-3.9674618840417737
-3.9608335697034898
-3.957089690372206
-3.9441788658752452
-3.9433829140841237
-3.941239050427016
-3.940986020963054
-3.925086364223425
-3.92471385039373
-3.9213984256411205
-3.9194503111192556
-3.8923562103951923
-3.8907071341840873
-3.884073615827715
-3.883640896692402
-3.88117433489688
-3.877431479134403
-3.876775078723198
-3.8752772387399066
-3.8674816617072483
-3.8633502949266685
-3.854765464278247
-3.8486824848608654
-3.847655969918535
-3.8455136893095063
-3.8447515528372573
-3.8395055486468586
-3.8354890569243936
-3.8239354841320354
-3.823648786013906
-3.8220236371619496
-3.821980791391531
-3.8214178809757686
-3.811752305517167
-3.8062125795568953
-3.804985946549537
-3.803911017494976
-3.8027783068569585
-3.792772576860406
-3.7923446800128353
-3.7872577415826356
-3.7870434328034293
-3.7852610128490873
-3.7819180470209153
-3.7806492552863533
-3.7806374970494607
-3.774235253288512
-3.7728268745034352
-3.7593141228186235
-3.7587938211774605
-3.7584931721669954
-3.754435723645526
-3.747833090020398
-3.747392270888884
-3.745971624843632
-3.741348011508272
-3.7372299608763955
-3.7323375581063525
-3.7306215088223853
-3.7287600403234458
-3.7247569857583556
-3.7228803116568177
-3.7151764379964645
-3.714712231854988
-3.7108125154723597
-3.709907192369501
-3.7098390939270325
-3.705637641879742
-3.702432818368997
-3.6759368611606638
-3.6749474742729893
-3.6684072084930497
-3.668282602474856
-3.6650422127440527
-3.655956034317922
-3.6529072550288495
-3.65255514626975
-3.644986528409439
-3.643347834192676
-3.6385229170491256
-3.6331908816461005
-3.6322931963501244
-3.6314210811711973
-3.6295404057439624
-3.6290437145018952
-3.6247534463824165
-3.620224114549165
-3.6069668998348554
-3.6069105820477514
-3.6044573666580857
-3.593971083661916
-3.5908232694037903
-3.589875875076221
-3.587227530001415
-3.577696098597689
-3.5726204565140365
-3.572600358311841
-3.5719454820765186
-3.5703336850794782
-3.5655735756414746
-3.5652059889611567
-3.565116922463747
-3.564717410723532
-3.556230239940466
-3.5542209095872748
-3.537067772800626
-3.531258426960496
-3.5310824509858403
-3.5303359952645668
-3.5227719924451506
-3.520866684071882
-3.5150563771530194
-3.513116822566129
-3.507208739863546
-3.5070516345206646
-3.5042031903867144
-3.502651550891231
-3.494824117515762
-3.4944695821208676
-3.4915778002835465
-3.4881605910858657
-3.4828893037088875
-3.4805039090855576
-3.479202706540887
-3.4539106665606427
-3.4538494886554085
-3.4510347498760092
-3.450649549044156
-3.4421963684439647
-3.438465356824829
-3.4288562762732973
-3.4270475428136966
-3.424727653669221
-3.4245517040661206
-3.4165738206308767
-3.4160551348006876
-3.408560868559463
-3.4037081190562257
-3.4011293730543093
-3.400778333531706
-3.399262625782667
-3.3969648743077334
-3.3957640248471996
-3.387121400918651
-3.3848022453896958
-3.3846388625824853
-3.3836862834032386
-3.3807273852159776
-3.377988639692366
-3.3697868770979587
-3.3640213664406398
-3.3612977503625983
-3.354679671696717
-3.3529156331225876
-3.3496242729921657
-3.347069777618655
-3.342563652600454
-3.339928023105328
-3.3366973749162008
-3.328398579206449
-3.317249869883436
-3.312664624380443
-3.3031793348574103
-3.30247522539569
-3.3008381174997794
-3.300138842267209
-3.2949418238515564
-3.28552320780408
-3.2784459604780536
-3.2737442002310644
-3.2722878974924243
-3.261568451917328
-3.2606547126791074
-3.2560809896920686
-3.2538285407993786
-3.249892065263581
-3.2445998233526234
-3.244384583518565
-3.244086627789885
-3.2343850808635746
-3.2335871396434577
-3.2306147765160484
-3.2276207865966757
-3.226498522557291
-3.2235924742393705
-3.2181258857226505
-3.2147915043844852
-3.213661587888138
-3.213234254921976
-3.205098291865869
-3.201329404544745
-3.2002569111326373
-3.199360091192194
-3.1980118742122987
-3.1934387540418614
-3.189099512888567
-3.1854838083862713
-3.1847299301250436
-3.1767326198909673
-3.1747402225455503
-3.170718495158126
-3.170587200044628
-3.1670891570617563
-3.167067236023097
-3.1645382833234903
-3.1618540094870022
-3.159510950093402
-3.155135980738081
-3.1539244391753103
-3.151549195451298
-3.1495873274367963
-3.1486650342929767
-3.1459254349511316
-3.145729973232089
-3.1353292250686398
-3.124924088613365
-3.1185791854796836
-3.1112294335375066
-3.107004060718962
-3.1058139125405835
-3.0998532555219662
-3.095634118137273
-3.093990572281626
-3.093815815766847
-3.093373577889923
-3.0931254953210328
-3.0895247996098587
-3.084150663054865
-3.084150607565934
-3.0707305692951072
-3.06508856234597
-3.063143612630948
-3.062446772304986
-3.061432944579571
-3.0610533389854724
-3.054363974919747
-3.0280520427203834
-3.0128175126268517
-3.0076720185999504
-3.006978528182012
-3.0061025939991195
-3.0007799370088
-2.9955126722167984
-2.9953508307488113
-2.993740731464204
-2.985507927072933
-2.984713279903055
-2.981668965382614
-2.9807556911294535
-2.977076981819773
-2.9729934643744924
-2.9710150055186997
-2.969827650029765
-2.9614804316762657
-2.961090567153303
-2.957875222749447
-2.957455566693202
-2.956691710765053
-2.9536484910412817
-2.952314194489939
-2.9459398090937032
-2.933668498425266
-2.9336638268700748
-2.92383007641068
-2.918669186317987
-2.91142921996498
-2.910776475970266
-2.9104401690755175
-2.9083210771503905
-2.9067177413359633
-2.9062546564201117
-2.9057133334388943
-2.9051952041339333
-2.9041199170240772
-2.903640918785877
-2.9018418388196783
-2.9015375851384637
-2.8997853778287017
-2.8971827532367125
-2.895585973908506
-2.892088469512626
-2.8829619968061952
-2.8821554156520497
-2.8793829121496
-2.8769197963917517
-2.8760806751634855
-2.8738063526672653
-2.8696750863820943
-2.869116076633933
-2.867786802685634
-2.866119792483845
-2.864321591072538
-2.863277870701749
-2.8574523110611914
-2.8557156281658074
-2.8500325884535345
-2.8494641570075636
-2.8474491641337885
-2.8430757532799493
-2.842418207548872
-2.83622819240365
-2.8330909210488926
-2.8328756862051723
-2.8293434449486137
-2.8291622017377875
-2.825073495533493
-2.8231902901443235
-2.8230119814435426
-2.819529576350831
-2.8139493322144764
-2.813699862456563
-2.8098163152443263
-2.809448114043206
-2.8087403106863778
-2.805387246988791
-2.8036929219409616
-2.803595052127206
-2.8018128689826383
-2.801548774368857
-2.800845725376326
-2.7976701658819882
-2.7885455511191704
-2.7868833976408034
-2.784190137796018
-2.783468561926695
-2.78101713506769
-2.778073587100807
-2.771949522939333
-2.7706841731792373
-2.7640867152558055
-2.7625075654999325
-2.7610192641718574
-2.7564859389324634
-2.7526405321208043
-2.744319795185189
-2.7328039299706584
-2.728592970235395
-2.726518409594641
-2.7241918640435903
-2.722121812901351
-2.719290755252294
-2.7168550775082556
-2.7138758514343038
-2.71135864700702
-2.7113395973955114
-2.709273603546535
-2.7080784853433255
-2.7056736551632787
-2.7018032982573756
-2.696112803152661
-2.6879455082965356
-2.6842753155781494
-2.6798979029606103
-2.6751305362945312
-2.663978280944186
-2.6625303433917056
-2.659646707071435
-2.6586232393128957
-2.6559438472044077
-2.6554867148264325
-2.6545667671731703
-2.653661129444511
-2.65300353319639
-2.6509180447943943
-2.6485944854832706
-2.6451860011052375
-2.6442186085606316
-2.641904099548555
-2.6397877339484173
-2.6394080915618203
-2.6392136328667455
-2.636892967559438
-2.6358353410514086
-2.634876221850306
-2.632592763848444
-2.631132774193104
-2.630695299685721
-2.6304016348044925
-2.6293308800932955
-2.627753986890229
-2.627170602826569
-2.626375752695992
-2.6232034767913044
-2.622038144065498
-2.6143115982953753
-2.6141738861523645
-2.6119521558135688
-2.610120512619942
-2.6097572555170823
-2.60568919976819
-2.605101303575471
-2.6039540041990636
-2.6006526034973723
-2.59678136501063
-2.594109297451943
-2.5922663348288224
-2.5903540989501566
-2.5903038940052285
-2.5900556330642486
-2.588311894432281
-2.577867225877244
-2.577182416022665
-2.576190979952876
-2.5728718952588303
-2.5702891507347174
-2.560730633610293
-2.5606997473659323
-2.5579816102958133
-2.555125797084525
-2.5479731928932585
-2.5347886604850673
-2.5337518917754425
-2.5334325826763786
-2.519933557162546
-2.5188351244284104
-2.518478935533815
-2.5177255981336226
-2.5170775442780786
-2.5126047147318027
-2.5123219102778696
-2.5102580401463532
-2.509702439245569
-2.5064613526381336
-2.5054815144345635
-2.501309206745283
-2.497969477454143
-2.497102911294027
-2.494009224812028
-2.490165542242372
-2.49009112873408
-2.486612208828167
-2.485953836416583
-2.4849185287181332
-2.4834601003218504
-2.4811441198134956
-2.4781066352830035
-2.476194016780651
-2.4742178376174646
-2.4742015634882337
-2.471595409717623
-2.468773065400727
-2.4619671960751623
-2.4590996855623986
-2.454869432727356
-2.454572681138443
-2.4540757311484684
-2.453796455003359
-2.4533251508387464
-2.450725638604632
-2.444876584831151
-2.4440584314297236
-2.441894325722278
-2.440958169588419
-2.4364879775018817
-2.4343781289643953
-2.433073276955642
-2.4315925424570595
-2.4303492049102626
-2.4297861587433363
-2.4235023044432484
-2.4173664838862443
-2.409981707595171
-2.4088337582478285
-2.403846431322412
-2.4032393336816726
-2.4031760872675596
-2.4009865888745927
-2.4009292847766424
-2.398089264496749
-2.3974609480052465
-2.3963041383845183
-2.3934220803463027
-2.392088576368684
-2.391875763776323
-2.385698698211208
-2.3826750163945984
-2.382390331362606
-2.3738843271785504
-2.373322098367383
-2.3729916966677416
-2.3620902515458155
-2.3526198962654887
-2.351110750101105
-2.3493293626071248
-2.348572257071851
-2.3454975532062705
-2.3447718513616564
-2.3405907048643266
-2.340096826280852
-2.338513666422424
-2.3345580511583606
-2.334000196017791
-2.333956264355343
-2.3308502824063746
-2.3222107848739357
-2.319615176326174
-2.3129662790782497
-2.306889434812763
-2.305899104017076
-2.3036057094190343
-2.3006282579649
-2.3003450407636574
-2.2995426587836145
-2.2985355418833757
-2.297460789107638
-2.2917193500504776
-2.289243119820705
-2.289209483714912
-2.288067190687204
-2.2832344918109007
-2.28096417266324
-2.2519961966162927
-2.249510412576274
-2.2392832196186503
-2.2392649697937523
-2.2340197710946907
-2.227352040717616
-2.227091438084792
-2.2262715115867646
-2.225605602514179
-2.2243312585695905
-2.2236245256795417
-2.2214413058152296
-2.22129404461461
-2.2161905155276767
-2.2154952044700664
-2.199500791612643
-2.197468216713703
-2.197229515193739
-2.1967547663206806
-2.1949875176026934
-2.1922678206633472
-2.1870331587342693
-2.1843670060156817
-2.1819282077439235
-2.1813528596828826
-2.181342585050802
-2.1808882415916204
-2.178199918698111
-2.173499937983295
-2.173282448463377
-2.170735529256093
-2.1707081169369737
-2.170560650013866
-2.170050245466515
-2.1680352265542346
-2.167612038404942
-2.1665263900352474
-2.165754551002309
-2.1610284026006403
-2.1601461488035696
-2.1597453573632794
-2.1592097201737435
-2.159165789079667
-2.1581664718664193
-2.1571540184304454
-2.1553446921481214
-2.1539321035110466
-2.152443046403408
-2.151878811419671
-2.147090174102449
-2.1467836156745856
-2.1395456564232007
-2.139306207617746
-2.134546255986578
-2.1272994329078405
-2.126926263775955
-2.12592430597192
-2.11917583936753
-2.1188989523897757
-2.116378432243609
-2.1064619076843534
-2.1048724644381043
-2.10005717184271
-2.096979029721927
-2.0968547307895786
-2.094876063613386
-2.094497052615602
-2.0913982134250926
-2.089562795430423
-2.0834945003945875
-2.082302121494336
-2.0789860093462846
-2.078421982623207
-2.0765376210904867
-2.074953231127936
-2.072548303538122
-2.0696952466841183
-2.067199549676322
-2.064557147097115
-2.063858967467946
-2.058456903294309
-2.056127692655874
-2.0561061201573105
-2.0505251971852805
-2.0463523024381924
-2.040029729535297
-2.039977092259689
-2.035811540229075
-2.0274826248717344
-2.026908200176336
-2.0266947183803037
-2.021335076498532
-2.0110758525531747
-2.010132486387885
-2.009025352221035
-2.007992734044036
-2.0068437001993473
-2.0065643103254924
-2.004910588826614
-2.0045375675755617
-2.0029131675155876
-1.9959927905296069
-1.99595011554334
-1.9929713382242238
-1.9909720030571323
-1.9894154554404049
-1.9821536650718272
-1.9804440087252204
-1.9799608049741113
-1.9776592789220162
-1.9735852533848157
-1.9726442275886187
-1.96687410494444
-1.9668286910505848
-1.9630051562487851
-1.9590657220805596
-1.9530870818487807
-1.949010788644066
-1.9466705589752331
-1.9457543213223414
-1.9392011091133439
-1.9369587434756452
-1.9358083097426904
-1.9357922113975532
-1.9342992090221243
-1.930758358094901
-1.9270727000509023
-1.9248674520317395
-1.924465308251087
-1.924177341247992
-1.9239550385641984
-1.9230605647723025
-1.9228295478327133
-1.9186439216104771
-1.9186092819519152
-1.9183184210975317
-1.9135929896747892
-1.912346748313753
-1.9100142655414332
-1.9100054704878962
-1.9071221037854302
-1.906380965381146
-1.8984258381226105
-1.8953545120584412
-1.8941055995681828
-1.8895594023028632
-1.8886800875419623
-1.8870579902374223
-1.886948107627843
-1.886160274678342
-1.8803139505822797
-1.879390565244461
-1.8743125692522167
-1.8731342273355627
-1.8724215883510071
-1.8712397353362067
-1.867922981544015
-1.8663314258558774
-1.8653596253903593
-1.8636121689570166
-1.86308820960567
-1.8605701380889466
-1.8604264160448292
-1.8596892764548052
-1.8546327038945183
-1.8542101950760874
-1.8542049533665244
-1.8540647887609125
-1.8537024512224713
-1.8526206645541692
-1.851160941579721
-1.849019671672225
-1.8482735178169059
-1.8474537485827165
-1.845996438655635
-1.8438309096860839
-1.8410446554940345
-1.8406652415217755
-1.8374108961021747
-1.8374012562036974
-1.8257853295072066
-1.82372675616643
-1.8230809232473493
-1.8223406019654058
-1.8214066430655578
-1.8189698751167838
-1.8186310344694698
-1.815156627506939
-1.8143262926255337
-1.8135979320313487
-1.8123039023096619
-1.804691319236559
-1.8041680701456384
-1.792806893415627
-1.7922022182025965
-1.791247827199267
-1.7906782059533273
-1.7905867979656431
-1.7902176687631264
-1.7883617254547781
-1.7865768232730697
-1.7854787022543817
-1.7839651105741718
-1.782835755269109
-1.7826049795233119
-1.7814498585250258
-1.7801628873888888
-1.7759800479448309
-1.775093848389407
-1.7730099044976209
-1.7708389472591841
-1.7706860353289422
-1.7704356869448956
-1.7680778429485338
-1.7646162379511798
-1.7641395319471938
-1.7635215494202579
-1.7599013523120988
-1.7582628854267348
-1.7582093316343153
-1.754003036856695
-1.7449894001363067
-1.743856805981371
-1.7432414538680971
-1.7406100139262213
-1.7385284526048994
-1.7384121632546528
-1.7375310076869697
-1.737371770031365
-1.7358362587340448
-1.7297893310329797
-1.727650970159351
-1.7266084648962177
-1.7264340914932779
-1.7257698248290652
-1.7250360962979103
-1.7247014200147717
-1.7230825893131392
-1.7202974723782756
-1.717985083542882
-1.7175291454324402
-1.7156473707864675
-1.7122748968339094
-1.7092512476033113
-1.7058526591917405
-1.7017502124975925
-1.7000429127421506
-1.6990823422083765
-1.6982516144895479
-1.6966493833306286
-1.6962509669899604
-1.69615617853523
-1.691243637020607
-1.6866971704729194
-1.682654826135224
-1.6805995805228047
-1.6800525831508923
-1.678729413936172
-1.6785934093170227
-1.6784963855320176
-1.6752127760961488
-1.6706295764362935
-1.667968231459804
-1.6679108845854809
-1.6664071141383467
-1.6654593832838203
-1.6653401023561283
-1.6627027704323978
-1.6622280023897291
-1.6604329593150555
-1.660044395603194
-1.659420233276307
-1.6584934806361074
-1.6579031537213784
-1.6564669335387556
-1.6542443315128925
-1.6540225909150807
-1.652883893160809
-1.6515612063888532
-1.6490559298450633
-1.6485821584491887
-1.6442625194315958
-1.643848922687131
-1.6427987917970546
-1.6421865831212215
-1.6326998588150465
-1.6316078800661633
-1.6310074678315951
-1.6292893204592824
-1.6291231558674997
-1.6284723121552778
-1.6206991484709676
-1.6200397511450475
-1.618824347539849
-1.6184724224507085
-1.6165281597022259
-1.6161293982186717
-1.6148788536811798
-1.614682792192719
-1.6131236162187195
-1.61135031949399
-1.6110429437808673
-1.6108437445691723
-1.6082926430440885
-1.6072031062041618
-1.607184181909732
-1.6057557132859532
-1.6023345120311552
-1.60165349589628
-1.5989390362344844
-1.5958988368657843
-1.5937332288882489
-1.593537966222507
-1.5901745304208659
-1.5893504296182601
-1.5871200446616394
-1.5852014890933825
-1.5814441057066655
-1.578910465790437
-1.5745204914197997
-1.5745193015618921
-1.5706540324591192
-1.569117235361894
-1.5655952214680164
-1.564982386313393
-1.5644849789678341
-1.5623676124055086
-1.55749233532912
-1.5571284751823828
-1.548586329595155
-1.5470760042808211
-1.5428659323523364
-1.5425109425858863
-1.542437901542531
-1.5413988671155114
-1.5395887219083506
-1.5392802117328324
-1.5386014193342554
-1.533304351281323
-1.5331333074884137
-1.531997580232486
-1.5315454428198252
-1.530835524165488
-1.5248515198440553
-1.5234727879644168
-1.5215052254752708
-1.5206447184393999
-1.5160164363151079
-1.514658409101025
-1.5135297744955873
-1.511680943997642
-1.5105721409959498
-1.5094200482592959
-1.5049681943654944
-1.502189880996342
-1.5018246963494646
-1.5012683518918695
-1.4978224600567602
-1.4938424703952484
-1.4884413626621686
-1.4883181486234647
-1.4865864997960005
-1.4819764857715785
-1.4775713588992974
-1.4775209177904716
-1.47708134345826
-1.47535638469717
-1.470997690547838
-1.4672040522364507
-1.4661846948133672
-1.466015894830703
-1.4611654290416463
-1.4598889245846904
-1.4595622258865637
-1.4577836608302213
-1.4564265826618443
-1.4557531574192017
-1.455441007557174
-1.4489596419657864
-1.448065806208166
-1.4468577022482116
-1.4418821251760057
-1.4382551960994245
-1.4372996334473789
-1.4335353353020075
-1.4310954530594742
-1.4299921579852581
-1.4294104421313771
-1.429002748591543
-1.4289938931144066
-1.4287552402544073
-1.427045212315532
-1.4265080108269927
-1.4263557534946778
-1.4260524301847965
-1.425180992600687
-1.4248289184129463
-1.422862903945091
-1.4208570145900545
-1.4192576123418104
-1.4189733332267997
-1.4188171940975765
-1.4184498217001855
-1.417504611757124
-1.4166381043778062
-1.4147664231850783
-1.4147210250145652
-1.41146630725855
-1.4112707276536596
-1.4107700921676245
-1.4036028833947787
-1.4032287519183624
-1.3998366306814005
-1.3966107743805005
-1.3960824265842113
-1.3956743646858842
-1.3902174398520273
-1.3892884230956812
-1.3847362015049194
-1.379664881385103
-1.378926920421526
-1.3763965503337232
-1.3757566390062799
-1.371495970352341
-1.3706255781663716
-1.3691335668410631
-1.3688734558570952
-1.366384122040551
-1.3632851607063774
-1.3631421683574887
-1.3627607347319532
-1.3627409920538467
-1.3557621499441268
-1.3550006986674523
-1.3541166092246857
-1.353560069722583
-1.3494908850861598
-1.3472212454474453
-1.3469164745845363
-1.343011881156193
-1.3425948759568522
-1.338945147812879
-1.338925752091297
-1.3386162593614659
-1.338368347349405
-1.337067841401574
-1.3316384656810178
-1.3311977906249368
-1.3288940761801848
-1.3271475162651583
-1.3261189594903446
-1.323680201208676
-1.3189297160934683
-1.3167474263268946
-1.3166051803021843
-1.3162836544288992
-1.3152250303316257
-1.3142270825636482
-1.3124751938243142
-1.31213744519645
-1.3117196427440287
-1.3096708761279052
-1.3095715552095837
-1.308297125545708
-1.305307185796273
-1.3052119250859
-1.3047039772504199
-1.3006912923341991
-1.2997204416549537
-1.2996802684553828
-1.2993758603090932
-1.2983073102208644
-1.2966223792938107
-1.2952712778803739
-1.2949302656325696
-1.2946411857073858
-1.292467252468148
-1.2917614149876484
-1.2898177807045994
-1.289815528628731
-1.2887281600091194
-1.287684108717634
-1.2858969470337747
-1.2834819014314016
-1.2824970951576626
-1.2820389159373216
-1.280619529945274
-1.2797650504922413
-1.2775174281030188
-1.2774091031381276
-1.2766610195526105
-1.2721296761926741
-1.2702258847201215
-1.2694572583606663
-1.2685570251790341
-1.2674179717468022
-1.2668756529688285
-1.2639615486829048
-1.2638908913966145
-1.262989783769607
-1.2590678481257798
-1.2543875559947355
-1.2516165457436115
-1.2484446273554952
-1.247224907204744
-1.2452310093072305
-1.2431841400884842
-1.2424109726572299
-1.2411042346898693
-1.240538624611709
-1.2402727622570557
-1.2382368880696981
-1.237053707958863
-1.236329602907304
-1.2357651300990273
-1.2352860772427199
-1.2352569363631067
-1.234040678181236
-1.2328932854135082
-1.2324465213440914
-1.232425587881023
-1.2300655346552172
-1.2298500777780252
-1.2263407501129433
-1.224782131507695
-1.2234970424900737
-1.218975752309165
-1.216688858594818
-1.2140591193176005
-1.2124859998076785
-1.2084627839385176
-1.2051409349853048
-1.204567751349087
-1.1970692090984558
-1.1949851811560486
-1.1949661217310177
-1.194284066929113
-1.1895000903108928
-1.1881542710035715
-1.1881022712806961
-1.1880829686999546
-1.1872213020408142
-1.1868244188932517
-1.1855705085253914
-1.1836566315340356
-1.1834821250103769
-1.1832810498627482
-1.1831521451090077
-1.178930608579571
-1.1774227627300378
-1.1767178142900516
-1.175003053661211
-1.1701596792002338
-1.1623546248564909
-1.147383994763637
-1.143905556689616
-1.1413292733473226
-1.140269985075883
-1.1400103385634681
-1.139161801761749
-1.1362701049025399
-1.1343220377835805
-1.1335563958009565
-1.133077868935744
-1.1315499328230634
-1.1315074570281525
-1.1287660715161767
-1.122161396078738
-1.1186999890557332
-1.1179781217189828
-1.1177170909973326
-1.1165147154077215
-1.116406433868683
-1.1153727413990775
-1.1150772070204422
-1.1145702900127272
-1.1138083450966878
-1.112343738282982
-1.108694203437505
-1.1025194383758978
-1.0939377383955118
-1.0899552446093923
-1.0898034208975904
-1.0896668486760048
-1.0878877383878596
-1.0813208916918975
-1.0811609716872501
-1.0778894920860371
-1.0778832734204729
-1.0734569546695991
-1.0733979657475219
-1.070630990609398
-1.065198743711466
-1.063793700873641
-1.061563995599724
-1.0613354308421483
-1.0613045649324186
-1.0609712450322584
-1.0608776827139286
-1.0544583430282755
-1.0513398781818821
-1.0504421190270783
-1.0503766514040551
-1.0493806573818356
-1.0490029919315293
-1.0461390805944122
-1.0435295027933433
-1.043471557391919
-1.0390732164496077
-1.03845931710885
-1.0377744908368391
-1.034995890349822
-1.033994046695243
-1.0249039739122014
-1.022323542826315
-1.0218408924520932
-1.0185558628415543
-1.0131847508564982
-1.0097391462052316
-1.0091926555203616
-1.0089739831637385
-1.0075835057278038
-1.0043647746763122
-1.002842139707847
-1.0016842081834834
-0.9987314314089363
-0.9985848065696198
-0.9982361962090431
-0.9980110823318467
-0.9955974742176792
-0.993789388558327
-0.9925284503549563
-0.9886978683319914
-0.9885720134065821
-0.9882078348167901
-0.9868177436469315
-0.9864602335000368
-0.9859806793469403
-0.9854794047382027
-0.9831940003568922
-0.9823089608967059
-0.9793047844873088
-0.9788157833967264
-0.9762597526730028
-0.9754694243353775
-0.9747977781412684
-0.9727455976180212
-0.9699125440252702
-0.9696770621759546
-0.9655509161104867
-0.9647375635994914
-0.9624340013130589
-0.9609394255121257
-0.959032576895541
-0.9583421344195503
-0.9577752809415698
-0.956355783930043
-0.9554563214670643
-0.9530882155761033
-0.9523449585422628
-0.9517556897929584
-0.9508038459027879
-0.9483591945566384
-0.9456717969878679
-0.9416290603589857
-0.9412242679861662
-0.9382764745853465
-0.9357442528360665
-0.9357233031818097
-0.9318305823544271
-0.9293110347468561
-0.9247382236972559
-0.9239102846502227
-0.9235140132133193
-0.923483899921991
-0.9209715075044201
-0.9200740178693827
-0.91930552079481
-0.9185123057523578
-0.9149842722961499
-0.9143347335245886
-0.9140719305163282
-0.9121154954349568
-0.910397307218717
-0.90792133498593
-0.9077571414200972
-0.9046204386433572
-0.9039293422334612
-0.9022935574949543
-0.8994475320362999
-0.8982475854668039
-0.8974952883760889
-0.8870558866736807
-0.8867571528126226
-0.8860552100473374
-0.8826387802451083
-0.880598665041395
-0.8801318795403169
-0.8797883156057574
-0.8781475259862683
-0.8741146931759175
-0.8728875299742297
-0.8719826795224346
-0.8719358332020594
-0.8703098763457718
-0.8678374557970764
-0.8673864373367001
-0.8665869632780265
-0.8664247955892769
-0.8636994221025105
-0.8631163038066124
-0.8628296807154928
-0.860432058973664
-0.855517681460253
-0.8538869638227162
-0.8517376047483426
-0.8503636175924721
-0.8444402603482661
-0.8434148207584262
-0.8419175936260637
-0.8416655557039413
-0.8368653496667973
-0.8350373128500828
-0.8343920839614835
-0.8309887452453103
-0.8302315481332936
-0.8294789714247928
-0.8285105551185403
-0.8271801295303051
-0.8255238765731346
-0.8251199423738667
-0.8251138637935644
-0.8244770737856042
-0.8243154390564272
-0.82378949644794
-0.8209246087166326
-0.8193242902040485
-0.8162241748940858
-0.8154872888052841
-0.8129176304719951
-0.8127505338658547
-0.8110008267523796
-0.8097182468503799
-0.8073846779348961
-0.8067921191766566
-0.8060789860655487
-0.8050902667404914
-0.8036490953602691
-0.8024333153004833
-0.7993606825676217
-0.7983084448548133
-0.7955793295241169
-0.7951477378566616
-0.7944766988672193
-0.7939996151252744
-0.7932133510592903
-0.79309595145701
-0.7930679396441503
-0.7930666040390502
-0.792189233527561
-0.791554131699299
-0.7876170964116993
-0.7862338225353518
-0.784884287489908
-0.7848762935826588
-0.7840289133925437
-0.7828474973047967
-0.7783923714597576
-0.7776629411233211
-0.7768343071145334
-0.7733894546233101
-0.7731611951515911
-0.7729274778716054
-0.7725005271406059
-0.7710709221700357
-0.7684761610423289
-0.7683986314935033
-0.767650655179227
-0.7676309754056772
-0.7674569351197814
-0.7667698478732169
-0.7657681413402491
-0.7648377352946885
-0.7627569930674613
-0.7616872177504834
-0.7616637070838554
-0.7616171346987938
-0.7608823568687872
-0.76081458771738
-0.7595245760551641
-0.7546153123706346
-0.7522455660920843
-0.750703466713333
-0.7489463906188147
-0.7478539240199401
-0.7420866297493995
-0.7401463900249139
-0.7349391815254482
-0.7348254064973683
-0.7346009865749221
-0.7344498297326959
-0.7330429466898157
-0.7301854229491269
-0.7278556727415646
-0.727484740601917
-0.7249565113721259
-0.711520129197972
-0.7075741781549186
-0.7054028023275213
-0.701305936127623
-0.7007739665747766
-0.6996845128287532
-0.6952075886787527
-0.6950727522512692
-0.6942606995878059
-0.6932552725085166
-0.6924489148427653
-0.6915910727711899
-0.6905746423304635
-0.687165501047888
-0.6813204313774393
-0.6798489034830231
-0.6785662274576683
-0.6775929347053161
-0.6759759350632655
-0.6755120164615284
-0.674818769095187
-0.673805603313429
-0.6734572234669661
-0.6734492617328275
-0.6677370791275773
-0.6671291634838292
-0.6656265646501519
-0.6625779386676974
-0.6622969295270952
-0.6622879473417611
-0.6581827188210704
-0.6565558808627503
-0.6550976610395037
-0.6517501318170574
-0.6516967169632091
-0.649978857193322
-0.6489759395397492
-0.6485607784565706
-0.6446052845211169
-0.641679462413945
-0.6401467226872259
-0.6399068500755273
-0.6359016173226145
-0.6342949087267582
-0.6299447928883896
-0.6286880971253259
-0.6269266438259335
-0.626414587255087
-0.6257064907820908
-0.6252440729507818
-0.6246946595363906
-0.6238989770420368
-0.623076866523312
-0.619735003959709
-0.6169234340467062
-0.6168781904844128
-0.6136489043923514
-0.6135960386895617
-0.6123368299207196
-0.6111447122126759
-0.6109200035550836
-0.6101866129926692
-0.6099266377837108
-0.6039886656698397
-0.598901029885526
-0.5981876893091673
-0.5964078501148656
-0.5944496605284864
-0.5940086582488643
-0.5924851465974995
-0.5888639317397653
-0.5853978920590119
-0.5852328935826876
-0.5846207178479641
-0.5844992244772476
-0.5803687126184802
-0.5793355640009452
-0.5790370460772252
-0.5766176495531242
-0.5753036669625767
-0.5728447609706389
-0.5712052041167618
-0.5696608923471183
-0.5688340195132474
-0.5682020135700642
-0.5674566288593994
-0.566964567297171
-0.5666173904823656
-0.5665583503627001
-0.5655875694162278
-0.5636244421232746
-0.5617765801053412
-0.5601589961936
-0.5587650207666328
-0.5576959933281294
-0.5564198159455537
-0.5539000777645727
-0.5524946591373515
-0.5500167824936787
-0.546181008943266
-0.5447549786450618
-0.5441840423194243
-0.5432823833086562
-0.5432189688210337
-0.541177904726593
-0.5385374589448774
-0.5353128309074608
-0.5347837336412772
-0.5342048496875762
-0.5314388493350001
-0.5310448942088482
-0.5284581875202349
-0.5276601893624504
-0.5252213216783728
-0.5227542040112597
-0.5221804464005901
-0.5205695643676522
-0.519401767521073
-0.5181633664052955
-0.5180225255752908
-0.5175997249036187
-0.5163043209189594
-0.5121284152916297
-0.5115277492232884
-0.5070780897090179
-0.5069152281469855
-0.5063672556408648
-0.5059554031154867
-0.5046805056536969
-0.4992412874550157
-0.497727590576346
-0.4977035959537264
-0.4975857799018474
-0.4966471968591598
-0.4959689643448282
-0.4921846685070499
-0.4920164024491719
-0.4903689237636252
-0.48988182605962105
-0.4878801865224326
-0.4854774776538253
-0.48469964007084043
-0.48036910910001596
-0.4793677191036828
-0.478773682108221
-0.47717358913929286
-0.4746964609354968
-0.47354643199322766
-0.47333740221510057
-0.4727223592880464
-0.47194698097088844
-0.47146344204563095
-0.4662665077511871
-0.46615854977217497
-0.4656232033088994
-0.4652705915668277
-0.4647381846221419
-0.4596571443029639
-0.45845777440997604
-0.45799701307912133
-0.457710133041346
-0.45638164598747877
-0.4558746002217521
-0.4542260194244897
-0.4530229571247455
-0.4509230997609466
-0.4505059089872374
-0.45020929077259564
-0.44962493701010386
-0.44876036486192306
-0.44718080043002867
-0.4460389161522468
-0.4460345309716567
-0.44333392419819645
-0.4421954834796864
-0.44145806685007005
-0.4411081249231178
-0.43932861033082093
-0.43647389561811867
-0.4363068454196085
-0.4350178110277484
-0.43384110149662514
-0.43383062222296265
-0.43305408063524864
-0.4314146711355899
-0.4258639971410967
-0.4256794957896609
-0.42522668667010916
-0.4252085726137792
-0.42296686380762294
-0.4210934641306391
-0.4196110012360357
-0.41917262046148873
-0.4178664931547039
-0.417197428862921
-0.4154154821518783
-0.4147652843462124
-0.41439194608992413
-0.4123903591250268
-0.41120294655334255
-0.41100302566109165
-0.4089158489662741
-0.40669930140026245
-0.40585432940676125
-0.40553885420206703
-0.4052388863312071
-0.40243388249320466
-0.4021706609358582
-0.4020289643060749
-0.39993695836154564
-0.3975689812667098
-0.3974192989536427
-0.39718560812176346
-0.3902777801193307
-0.3893217254820085
-0.3878165114719533
-0.387242503750582
-0.38377877799218885
-0.3821670656375115
-0.37847796436463405
-0.3781751539535799
-0.37737718376167273
-0.3763349483649027
-0.3763022949203845
-0.37454301381758126
-0.3736795452007645
-0.373562842927832
-0.37230445303915516
-0.3717443657803299
-0.3713647116524875
-0.3705127353517874
-0.37008119013698126
-0.3660865023008636
-0.36428398458053113
-0.3592256780869765
-0.3558994782185616
-0.3550250831667964
-0.352526535509316
-0.35160887468686075
-0.3505714958936452
-0.3500181291059038
-0.34780351547974275
-0.3477773873665052
-0.3467291838336304
-0.34638863108294987
-0.34366989417038507
-0.3424568508428853
-0.34129320038271993
-0.3399894508754755
-0.33611874146784715
-0.33290549980257866
-0.33177766368166306
-0.3317524562070379
-0.32872188996279506
-0.3269961237776914
-0.3239505937506485
-0.323819449510798
-0.32353057016975983
-0.32344118327492355
-0.3226539070796962
-0.3183530901678735
-0.3178802168718759
-0.31737789841854525
-0.3159234433070494
-0.3149221193364592
-0.31470621540289284
-0.3137523623034796
-0.3136849688311868
-0.31280086867934487
-0.3127529657170446
-0.3121070452566903
-0.30896490486027695
-0.3064805529618685
-0.306282441842748
-0.3057189906680401
-0.30539974476437903
-0.30391048871905235
-0.3034576680206219
-0.30199136013553496
-0.30048683982634733
-0.29931111073284034
-0.29919348332014517
-0.29895397538257074
-0.29569791774788734
-0.29553223408046475
-0.2952464971440877
-0.2944497073103973
-0.29339714595257826
-0.29325407039618856
-0.28581829587509033
-0.28430993264182325
-0.2821566611086147
-0.28202244169128293
-0.2819211695522629
-0.28183291071429406
-0.27992964388833064
-0.27988934603318305
-0.2792778689489511
-0.2773426550910183
-0.2772803495163967
-0.2752327001811101
-0.27503680401620056
-0.27446367537603145
-0.27440724413772705
-0.2743659480651999
-0.27416425214387374
-0.2730007509219271
-0.2728340426369572
-0.27267846841799603
-0.2718755207637209
-0.27159324259535655
-0.27139306693456156
-0.2704122236916054
-0.26841674490020967
-0.2664416268439679
-0.2656413209713948
-0.2621096403288504
-0.2611851020885394
-0.25866709699703544
-0.257820422357381
-0.25545550064142164
-0.2539396148849146
-0.2534314847923508
-0.2533146598066297
-0.25221231482045325
-0.2464179379107605
-0.2458850703298926
-0.24530406819398476
-0.24223040666386542
-0.23927511592759876
-0.23697428889082173
-0.23446401554895865
-0.23268365372833844
-0.23158056875431343
-0.23115264240115518
-0.2292136888347357
-0.22632635092044792
-0.22560273789919763
-0.22505871883955775
-0.22407462806274778
-0.2239800400232514
-0.22045510117133804
-0.21823844480826654
-0.21745397257176446
-0.2166317895911879
-0.21605582789434497
-0.20560497196489735
-0.20488707620789903
-0.2046360162513704
-0.20403266199039127
-0.2033212159644009
-0.2026043761407058
-0.20074420883455119
-0.19441957944807386
-0.1931373017047333
-0.19312193286170365
-0.19292737852295083
-0.1928485001323427
-0.19021027205810082
-0.18932325501498115
-0.18891247236783795
-0.18862748029452847
-0.18576828474300888
-0.18302260288010608
-0.1819969007134563
-0.18037876884608708
-0.17797840747436422
-0.1774726034472225
-0.17693900510198962
-0.17620347366418598
-0.1749794249855145
-0.17439386093300657
-0.17120733983505043
-0.16987033760388298
-0.16492482064321545
-0.1648792163969424
-0.16380263094463865
-0.16315908348943164
-0.16112128437831397
-0.15751245825754345
-0.15740139649602836
-0.15657775708238497
-0.15623317031053474
-0.15597498704084461
-0.1503869411408667
-0.1475270525924906
-0.14582824044600518
-0.14502046013582082
-0.1443429000307127
-0.14397577643816228
-0.14183098603340585
-0.141739974004371
-0.13982195487194976
-0.1397862368756696
-0.13759039956023633
-0.13538833775145798
-0.13425588368609354
-0.13407192581360747
-0.13359740328022396
-0.1334264783405611
-0.13285037831070978
-0.1313195900155809
-0.12952908786422834
-0.12485491472145552
-0.12415911376746862
-0.12228695142844231
-0.11630064055137312
-0.1127429401400023
-0.11045489558892874
-0.1092645800316594
-0.10913407895486027
-0.10567890687071368
-0.1054463777407717
-0.10496891219821913
-0.10439566637768605
-0.10382012871008617
-0.10119218556283441
-0.10109899398693467
-0.0988168785619914
-0.09851263287911727
-0.09744796068638961
-0.09397601622380397
-0.09312675272852233
-0.09155834539428664
-0.0899598168689827
-0.08991868134999761
-0.08861838165530422
-0.0874106560537885
-0.0871594450450005
-0.08684875051334845
-0.0852799732581605
-0.08455281797307046
-0.08422215808385797
-0.08315677810533895
-0.08158930983106633
-0.08075048450692265
-0.08003528416710581
-0.07990549323606036
-0.07889450453522318
-0.07671679922964758
-0.07546672247900021
-0.07400028271867432
-0.07200717412315127
-0.07023849815286921
-0.06950258690400467
-0.06935997009402184
-0.06826761948495885
-0.06450223183316312
-0.06442706341516213
-0.06266979762451319
-0.061551533622152044
-0.06057264852993652
-0.05606946216518238
-0.055090740153643125
-0.05425534951528466
-0.05413867741334566
-0.05365149673582881
-0.053501311756586234
-0.05343139306231304
-0.05253686234899091
-0.05008003174616915
-0.04488127026154298
-0.044049201350139566
-0.040048035826517725
-0.039149920391560296
-0.03894538611941056
-0.03891609973062926
-0.03733839355932839
-0.03307985074527836
-0.03254741959512544
-0.030376442406695292
-0.029743516106224388
-0.02827174289799883
-0.025590120884115386
-0.024054981647094992
-0.021959100888151784
-0.02194345307690959
-0.02105207310836299
-0.01881812569645125
-0.018123374736260245
-0.014275462569681707
-0.010031403895174429
-0.008589936579296409
-0.0070469640458329375
-0.003795654284861727
0.0008182768266659923
0.002669020427748303
0.0027489738451638157
0.003017342901236064
0.0031082637067738617
0.003310415408937173
0.010268773784894103
0.0125286301923061
0.012832369476620531
0.013014207649107212
0.013708683123641263
0.01412766892040529
0.01505098770239377
0.015323413382687195
0.015528621922462127
0.016402546418685604
0.016918268115195922
0.01806261050230136
0.01946802210171039
0.021749247191809623
0.021935521547616244
0.02310497083241686
0.02541254398752646
0.025726309021842093
0.02762222118551383
0.029550243951612584
0.03213342133510716
0.032597856830783714
0.0363271500674327
0.03664449770580758
0.03671672196213771
0.038516870750321286
0.039772216304734126
0.04096965478933673
0.04105631274840327
0.04267904841782111
0.043880789248564867
0.048179979351207186
0.04863535901945221
0.04939654815951178
0.050231484025604387
0.053081133214574805
0.058260229268118136
0.060966858948963476
0.06219988049984715
0.06234939389022387
0.06774253141447772
0.06872659281200033
0.06926022223620604
0.0702399979763868
0.0705317888400655
0.07053830489519253
0.07113969160941935
0.07124017362797042
0.07508980556805722
0.07654476063804905
0.07779690368230413
0.08079760369086686
0.08364968720077637
0.08461585473588684
0.08570616753047311
0.08628890240016818
0.08771467496341556
0.09277381619074104
0.09701834662948497
0.09714441510283356
0.0984205732047444
0.09917564645213359
0.09979038380210253
0.10077261605112642
0.10273776312923177
0.1037084387197037
0.10458234846666148
0.10479954425337124
0.10529363348800747
0.10662765901362581
0.10921237033402605
0.10957745373686406
0.10962297760518991
0.11460286962497823
0.1160928221763029
0.11670612513753631
0.11837312344789264
0.11907763092906765
0.12260379460699716
0.12287460001024586
0.12521448359415366
0.1261683316142398
0.12690112263014106
0.12942146811577654
0.12976164048225536
0.12991839858579213
0.1299463075059507
0.13334348451269706
0.13394789999732612
0.13501546631354971
0.14093078458124542
0.14171429570830907
0.14223418327111237
0.14453551676430965
0.14477521490498924
0.15162857356377402
0.15308253294806526
0.1546301241475384
0.1560102984823537
0.1595325545687833
0.1614565855023544
0.16195708445513157
0.16251231862299265
0.16279291786447792
0.16456279350740466
0.1645876036764663
0.16492646387571996
0.16789281653007437
0.1691488591225211
0.17003319966370767
0.1713211163859062
0.17298124234997125
0.1744542306122947
0.17479337628840624
0.1764665122215096
0.17662790273509588
0.17763249005506454
0.1781106412818631
0.17848408239683677
0.18109041687842986
0.18293569519213038
0.18749994886227395
0.18916126929040494
0.19078408210918774
0.1949786290892489
0.1956998601559723
0.19569986338595705
0.19639080495628625
0.19639292026286753
0.19737934415986524
0.19799545761669146
0.19841717993058927
0.2010281742464672
0.20226637262879676
0.20372588092936705
0.20547260483657404
0.20582139673864308
0.206521692718593
0.20694928477988347
0.20715783108956531
0.20943297760832846
0.2122034780200267
0.21275048519837514
0.21431362711095447
0.21689919513960454
0.2173684770838645
0.2209601578848988
0.22261199666356166
0.2250434821491828
0.22505908768796384
0.22592633925707198
0.22671897817243225
0.22785251993710087
0.22798430101264444
0.22845246157300353
0.23052474772886533
0.23386851165391664
0.23576821379012644
0.23592980271036962
0.23860160837365985
0.23968538825229124
0.24059440395071183
0.24225310375263714
0.2457284477739206
0.24686528786313738
0.2486562309805821
0.25318741916959187
0.2548408249640889
0.25739774962953554
0.259060657483552
0.25944787806311026
0.2612750233723571
0.26421096808730377
0.26640247832231356
0.26836040324205573
0.2684653185514412
0.26852762881194014
0.271987118927407
0.2747545551602356
0.2753876394404411
0.2763191744930783
0.2772537400135512
0.27738123597130826
0.28400578132493837
0.2863375600615087
0.2867249990027384
0.2876125837302603
0.2887031328401747
0.28889277803025326
0.29147210546863633
0.2936483136255555
0.2950015981093578
0.29518268281496823
0.29709839265812543
0.29860528818899146
0.2988249337021871
0.30060967101915326
0.3009485098284145
0.30256868684218086
0.3033933355510774
0.30456275315620585
0.3046403285625794
0.3070926100953214
0.3092479786449793
0.30929311781443347
0.3145939316431893
0.3162939448120552
0.31685969662470526
0.3186702186947923
0.3197485026978022
0.3225933373569858
0.32369305087440725
0.32416372222198975
0.32439396423272115
0.3304800983247509
0.3329095502700299
0.3330787004867664
0.3332295231498066
0.3333588719751955
0.335695814288819
0.33744620426699123
0.33879902157283875
0.3393645363727261
0.3393957620621762
0.342001943634485
0.342943603970834
0.34320411060814543
0.3447155464754934
0.3455625049332946
0.34629740696318717
0.3467663572652098
0.34911886696322336
0.3514483780426639
0.35206505692382817
0.35507724113352024
0.3559580340911105
0.35634277190986513
0.35648114418699367
0.3568022221059609
0.3580831533133118
0.36111219789370996
0.36189105353742557
0.3630949914923263
0.3632131918650705
0.3646512554312885
0.364785264347326
0.36558976920818975
0.36866063188469445
0.3709996081739072
0.3712010776721776
0.37360831068933675
0.3736564305677658
0.3736896875900936
0.3746399858331271
0.3757509184195881
0.3790167937867609
0.3790956387141945
0.3807900646484329
0.38143119114212953
0.3823634904788473
0.38291372800830553
0.3835975516076905
0.38547412160282035
0.3866762783381093
0.3868389076603332
0.38791464204903847
0.3894607933807265
0.3900904627297854
0.39020046207804837
0.3910823490598112
0.39122901199208693
0.39181312807749463
0.39258736029252705
0.39369940148331123
0.4004735649975222
0.40080818345805036
0.40149064661570905
0.4025956701737976
0.4027464331953993
0.4028673962490784
0.40625876518614035
0.4074040331271459
0.40770289753365696
0.4101491957225748
0.4102099035989256
0.41381025305366925
0.41558173194802805
0.416540293894734
0.4171742393896545
0.4196092638385237
0.42093920708897054
0.42337059243353325
0.42426113064528126
0.4245467447940993
0.43131512264491917
0.43179324226827287
0.43344479074223463
0.4346507455817582
0.434781903724079
0.43682757495504254
0.437169688815763
0.43764109400174406
0.4388223439171246
0.4390595279243258
0.4391802976407972
0.44281472413634
0.44322503775817923
0.4434571152255494
0.44442853360410867
0.44724091124717763
0.4482423373269241
0.44883486768737735
0.4549903432179955
0.45649552373837093
0.4575545627731057
0.4583829199026319
0.4585467843627658
0.46188285661516504
0.4630965408220543
0.4636137120099886
0.4637710875669183
0.46455715940836134
0.46580706659624393
0.46799011922119804
0.4702829313437655
0.47125823934009103
0.47297760411568956
0.4740515270097888
0.47603735626212135
0.4784882515114628
0.4799444180236131
0.4801213962278027
0.4807182056557451
0.48262030186325366
0.4829451008720304
0.48592763019657603
0.48660524274971995
0.48667749713654085
0.48814621270336955
0.4938382834207689
0.4938515308643808
0.49547808812957583
0.4969759358547088
0.49898772274182446
0.5000969324142098
0.5018062591270588
0.5028154940654218
0.5059060563134528
0.5074731605393707
0.5082478524794337
0.511626884479889
0.5120968495274053
0.5136169412697856
0.5148738098721828
0.518472129822434
0.5186137313891934
0.5191699244136065
0.5206897632783528
0.5212461551623225
0.526644236192285
0.5272124951101614
0.5279553255966825
0.5279952178051128
0.5304574047302868
0.5312589127277156
0.5324021791928351
0.5330712080247741
0.5364095889122094
0.537590270219371
0.5393717599542278
0.5428215793918396
0.5445805545365099
0.5452344282721627
0.5467324375351773
0.5473881316003113
0.5476105375385419
0.5488703651344311
0.5502126678565032
0.5506000941737716
0.5530170970897633
0.5530765849223386
0.5543726012766648
0.5548940181727361
0.5559231349959093
0.5568105843814245
0.5580703784386918
0.5582765302320803
0.558909498618253
0.5601576214533778
0.560483106032878
0.5612921412498195
0.5628288239985231
0.5651941266811781
0.5655369148999622
0.5656667479899447
0.5658825518881103
0.5662175009897646
0.5677334437055659
0.5695284262325806
0.5697927268024944
0.5704993217503099
0.5705537903223614
0.5713376230056407
0.5734390902590185
0.5746398136856454
0.5754511076848494
0.5779916307454266
0.5781723346204993
0.5802050312132974
0.5805426074287764
0.5808300790398183
0.5810557563329705
0.5854071956876213
0.5859832015766935
0.586927674893729
0.5886112181474814
0.589834350466913
0.5932532143024236
0.5952009821883298
0.5962484982937764
0.5968257896177659
0.6023951263536833
0.6043485470922632
0.6044268770970271
0.6046393779663519
0.605406850375309
0.6059152930987965
0.6060531182096227
0.6075882469261533
0.6094288447072569
0.6095099157495691
0.6098422310519728
0.6115525383093622
0.6156534459324798
0.6183990629402865
0.6243450895652767
0.6260527881545985
0.6273502441667385
0.629594326744728
0.630518890390487
0.6331506689201344
0.6344089597210516
0.6344268499491204
0.6361324594220494
0.637759120671098
0.6396745308972727
0.6429797717575392
0.6432065328493516
0.6436745989509987
0.6462304142671051
0.6476835447657163
0.6488144458500303
0.6489780958197275
0.6492787016545483
0.6498424065243498
0.6542824754832665
0.6571803925351585
0.6572866919362779
0.6573663390060807
0.6623885694719235
0.6636262728070245
0.6636398230759402
0.6640947121199923
0.6653306371836671
0.6654511743673723
0.6664662058624584
0.6675754103624452
0.6677044770955247
0.6715841636432459
0.671757234721394
0.6719886080091545
0.672906349709788
0.673801555555664
0.6741395618533026
0.6745940066976025
0.675472767073964
0.6755303307151725
0.6757233230683767
0.6757366300535719
0.677119807507989
0.6778162319646128
0.6782238845235291
0.6800612853411443
0.6829739560798846
0.6830633958827024
0.6853517561741297
0.687754694672456
0.6899355071847867
0.6908782569262246
0.6922287819584628
0.6926024365066893
0.6946332104832599
0.6958772523178385
0.6971203240879786
0.6996022431707878
0.6998794095675234
0.7035363051505195
0.704544101078025
0.7047041944024561
0.7054291088342837
0.7069860893587557
0.7074913490811945
0.7092754477729846
0.7140334264385009
0.715385698771251
0.7155875382208592
0.719928864366692
0.7221147692502707
0.7240559330292
0.7254566070121866
0.7263639272841643
0.7276619490000004
0.7342009004124148
0.7347662302636684
0.7357697523120098
0.73847911477391
0.7386433815861236
0.7431240944448692
0.7439671680933428
0.7469040620402593
0.7477315907457844
0.7477498609680436
0.7484468562821789
0.75151275592807
0.7527734408334654
0.7538229640776838
0.7547051430329746
0.754859894763231
0.7581661269981346
0.760561906579099
0.7608898906931397
0.7609005003240205
0.7612889047657816
0.7631156634504939
0.7655055913029752
0.7659233582762804
0.7660855158119211
0.7689283057254732
0.7693256184025269
0.7696250335396941
0.7705313857896209
0.7754293425166767
0.7797403146798798
0.780020156277241
0.7800739633930376
0.7824739357305829
0.7827467817078582
0.7872528664222087
0.7906111140970088
0.7906872597933837
0.7910991559863984
0.7916550304080243
0.7930870710886516
0.7934286571266438
0.7947967292649712
0.7949055827619491
0.7979971286892886
0.8040938043281447
0.8047639957510614
0.8064399506875971
0.8081237684093638
0.8102326712120504
0.8106578253392092
0.8109187662856845
0.8151707597166642
0.8152561776727767
0.8153591637052328
0.8165607234549743
0.8181269458208689
0.8187032275108286
0.8201721735465519
0.8233737036180669
0.8241867575103261
0.8244324327558681
0.8253884154025366
0.8256781206768491
0.8381850030411188
0.8386236566288922
0.8387980371536586
0.8404180155098837
0.8411464467487
0.8412284549637772
0.8417144593356487
0.8448552825902516
0.8458798432134182
0.8489923717929512
0.8519272712312785
0.8522738791009455
0.8531632398764382
0.8531950342230574
0.8539489422293086
0.8546278177038261
0.8548784878300476
0.8596075476039735
0.8611309350424916
0.8613219250628713
0.8637922122978262
0.8642148021020333
0.8644521082856946
0.8662119838033394
0.866480455927908
0.8672465911912957
0.8680225559407418
0.8697379891057228
0.8714526955966734
0.8719907800972556
0.8750732266162402
0.8799332536289146
0.8804770994336667
0.8809023989958515
0.8826951508256079
0.8846592512279357
0.8851989861807732
0.890878182983549
0.8961372632211834
0.898271537919612
0.8988455292385338
0.8990187414409373
0.8997542725759866
0.9000722436325901
0.9005587813237135
0.9036844207125269
0.9043422561249582
0.9044187928605922
0.9044484821237457
0.9046413240933164
0.9056413607382895
0.9062174358889894
0.9067402496039344
0.9076084561707037
0.9076289309263292
0.9080658418963411
0.9087486746608938
0.9096827277008088
0.9099655270129658
0.9114115280927151
0.9124440731547543
0.9126686209145624
0.9160621397877333
0.9193141107167655
0.9235413194147069
0.9243134052377282
0.9250959327773912
0.9278372834865279
0.9279415687391048
0.9279797844009572
0.928337300007884
0.9283409280430717
0.9288108569327962
0.9297165260226776
0.9316401933484293
0.9321792907021872
0.9388210434020106
0.93983049694014
0.9400557801286151
0.9403194446550529
0.9431423536675891
0.9440525224726439
0.9504616640641488
0.9527495097472976
0.9530556725795428
0.9536892140538291
0.9553145702393296
0.9558250075004813
0.9597043644199752
0.9597360281735563
0.9598019792570649
0.9642146644121077
0.9699097226478881
0.9726793695222127
0.9750230581430797
0.9762842659041151
0.9785320182142887
0.980342463342111
0.9810235848776656
0.9815817170569339
0.981842958283592
0.9827734477456828
0.9837617300252423
0.9841534396562344
0.9841707650598966
0.9849319402830907
0.9865217922531112
0.9876598584032067
0.9877040608701988
0.9878727845396023
0.9879451546024801
0.988024945990501
0.9883385025435528
0.9885878604050697
0.9891737643338974
0.9904560725249576
0.9914864929569989
0.9922134036223516
0.9956482441501617
0.9972455967744249
0.99820259773557
0.9999128862407098
1.0023263440162016
1.0035160740965696
1.0044976715482818
1.007534194757636
1.0096811912368888
1.0105403365106456
1.0105964672752756
1.0129137944914903
1.0167263266303799
1.018225151702587
1.023540745608096
1.0239573335861705
1.0251698732040986
1.0269130659503567
1.0292056909068452
1.02926959545443
1.0303010880486037
1.032204160307814
1.0345231657421117
1.0347931208663674
1.0350533446714911
1.035389369817431
1.0354120678831593
1.0356126121766853
1.0371134970368556
1.0405676259374483
1.0423593265550437
1.0427565471835714
1.0455069737014742
1.0497036285708414
1.0518810462370074
1.0555877589588305
1.0596628451529972
1.063562568535481
1.0648147995012858
1.0654713164424119
1.0677936094657006
1.0682709453948835
1.0692355748699736
1.0695712777679105
1.0754404581594765
1.0757860057036737
1.075881246229198
1.0762047021115115
1.0771748003045272
1.080353343680844
1.0809618042859734
1.0833078710973452
1.0842875152498879
1.084810625815406
1.0866328889665575
1.0875287943415837
1.0875842085923804
1.0876645134094813
1.0880535544553358
1.0947768241298377
1.096752428287692
1.0981675185226512
1.1011776827587678
1.1029639026436238
1.103009744239545
1.103126505817165
1.1087443795855236
1.1093199737273662
1.1107275922161326
1.1109680945844378
1.113623828498528
1.1149520914953814
1.115911809370092
1.1177458477048776
1.1197991859471377
1.1209799601064663
1.1214523913670946
1.1257865978164276
1.1263355915759796
1.1269019260350814
1.126988898373345
1.131831037350771
1.1372050148323962
1.1379332610695077
1.1423129602561617
1.1452229994872185
1.1455630121084317
1.1476379112300337
1.1488615104534972
1.149501269964687
1.1527674661948488
1.1553241937149874
1.1573870324467839
1.1593816713665435
1.1607165738004845
1.1611617502739169
1.1627344124317185
1.1655343379343486
1.166683954960112
1.1669233490701991
1.168229015912258
1.1703897027982249
1.1742255540645035
1.1746706523302886
1.1757148118009646
1.1816572333309328
1.187257467472917
1.1905102730069517
1.1927222111412281
1.1942014518227424
1.1947142291195805
1.2001533566369735
1.201881558323169
1.2042386278418045
1.204956704877477
1.2085228611139216
1.2103179018109635
1.2106776008712798
1.2118877038049376
1.2136809410957055
1.2140823208151597
1.2152704362074842
1.2153619012709662
1.2154376103225724
1.2209918864183302
1.2221442611381965
1.2246825250423057
1.2267630549192852
1.2274489960751356
1.2294615279788172
1.2295442612735177
1.2301779449651387
1.2315882112024008
1.2325954727167412
1.2355076110225363
1.2369811106169024
1.2395056462059213
1.244290657458407
1.2463807954757746
1.2472915592682998
1.248732207215564
1.2502649601011926
1.2534665127492035
1.2555225362484113
1.2602839424339822
1.2609781813363607
1.262976625750512
1.2640638330002876
1.2649640452142477
1.265453094988231
1.266138613755384
1.2662895906726805
1.271930259178669
1.274573078284872
1.2771232933360068
1.2775464394671865
1.2777266002706256
1.2811386576477888
1.283055733698939
1.2839772204185316
1.284499884412907
1.2870026081519566
1.291502760458994
1.2924445890610308
1.2936204055318261
1.2941272609464523
1.2951292242877108
1.2957288960643891
1.2962189166189266
1.2984297677300036
1.3017161852004313
1.3026862719520738
1.3054110449356289
1.3088212359231286
1.3115409732133485
1.3172548439458502
1.3192998703512204
1.3228164118948604
1.3279756701136487
1.3297147013537938
1.3336511537754028
1.3346023761078014
1.3351102051187438
1.336114408298096
1.3404373950804418
1.341451737788538
1.341492974217997
1.3424417987588049
1.342726482627619
1.346517168669422
1.3485172694890741
1.3496917042075767
1.3497912651136494
1.3512222272162673
1.3515193469290625
1.353189364016164
1.3539447115817156
1.3566698324254594
1.3573393825443767
1.3582853116613718
1.3601552207660765
1.3605985953967241
1.3634276324892598
1.3643581431744702
1.3651739590439773
1.3669142602189153
1.3707130473799785
1.371381862932196
1.3728433216782554
1.3735266687881098
1.3747596983258554
1.3806045628065686
1.3821454060028049
1.3859494989186099
1.3926326359890697
1.3927765627038569
1.3937049162856305
1.394185410685703
1.3960936072016141
1.399736249716058
1.4000712740118801
1.4003566864377477
1.4007814387963546
1.4015426612253443
1.4041514649181923
1.4108279769600713
1.410884694087342
1.4151328682235893
1.4254188522712494
1.4254793203849165
1.4299156253789982
1.4316772514839946
1.4323783750137542
1.434011274531115
1.435887327354184
1.4367923644900025
1.4387857263631556
1.4408020796361305
1.4433338903383837
1.4472510762333597
1.4510892920499705
1.4517901604587773
1.4566300542285702
1.4635023052069023
1.463861951995363
1.468636813697606
1.469135547329818
1.4716230896537112
1.473553726178665
1.4741491003058793
1.4785488013177284
1.478801891579732
1.4790501308156392
1.4793284568007734
1.4804085657165391
1.4820670580358364
1.4918055687766265
1.4953355778955337
1.5001447701205866
1.5002394672843362
1.503823793814833
1.5068935863695025
1.5084581713221525
1.5107941372860627
1.5116735840341284
1.512600252956597
1.5133575048397252
1.5135083876202529
1.5150906825043053
1.5174511132790385
1.5190347454541115
1.519383110265571
1.5295215788837173
1.5299964429011328
1.531713786011859
1.5332046222845246
1.5339651893324555
1.5359203806355426
1.53703804637592
1.53718464893764
1.5447296154568297
1.54721283788745
1.5510928447810886
1.559097231795532
1.560117785865157
1.560122801280967
1.573542810674117
1.5758535759091759
1.576908006685946
1.5822878177036832
1.5864379548199299
1.586661645891779
1.5868486692189578
1.5918402810479915
1.5918718341656477
1.5921033385911183
1.5921541536176003
1.5929526768991524
1.5937021847593598
1.5945080029669683
1.5970362570941166
1.602174607774073
1.6023783372648461
1.6029596171213978
1.6084172491937418
1.6119691716805182
1.6181953097918882
1.6207832502988966
1.6233672222755646
1.6243170129154099
1.6301542874415937
1.6317501897799684
1.6323462194550133
1.633363720359636
1.6360243548607305
1.639535817411614
1.642296192452138
1.6458851760216393
1.6520606289399915
1.6603331364466563
1.6712209635060793
1.677264444757884
1.6804874723293968
1.6806280309133572
1.6814097396055598
1.6833787918073044
1.684314596709173
1.6862120871868282
1.6881933104595912
1.6959353619125026
1.701955853213267
1.7056015804466291
1.7059126530049507
1.708105341254404
1.7091235721601932
1.7105493490754564
1.7202161649104688
1.724435670538702
1.7282398023273413
1.7292295264651596
1.7313556390508955
1.7316574136019276
1.7341810038623442
1.739365730331603
1.747828630169026
1.7509393334956413
1.7595722560590223
1.7602490472894412
1.7621563183905247
1.767373182017015
1.7710721653681505
1.7726301680106133
1.7783867860480493
1.7801423425713039
1.7824483426101883
1.7833825913515975
1.784769810898882
1.7852258080521963
1.78589060184612
1.7894255978271132
1.7960965464479641
1.7965560622438308
1.7985004984453536
1.803023131580089
1.8037878363782651
1.806544365258979
1.809129291776763
1.8105023639770135
1.8138842040631498
1.8172647669600874
1.8209221497683694
1.8237590166941013
1.8300518640656027
1.8300660782555926
1.8312568253213268
1.8333240184431716
1.8370766981770181
1.8394725387394568
1.8398452717031732
1.8546313326845798
1.8617594422128756
1.8638865472213226
1.864145346348172
1.869824971031378
1.8701905162297585
1.8715959052926294
1.8735292053449006
1.8793070068727076
1.8904949993067421
1.8934096922905046
1.8948554269509819
1.8980627540756547
1.9019844254393106
1.9020988824019158
1.902333566630285
1.910555303026342
1.9127881375037363
1.9197326049018102
1.9206485462352942
1.9229796940158908
1.9269792591844694
1.9298973684385894
1.9312247509083003
1.9339923323302588
1.9438297287513193
1.9620460322067494
1.9993477958270685
1.9996182619142586
2.0082841419528226
2.011742093751284
2.0348647334041763
2.036277233052297
2.0530354418712813
2.065043097584476
2.066995683493823
2.0684221501978315
2.085745828923423
2.087895207422438
2.0962525126690896
2.100431038371977
2.1042965412625665
2.104682134813657
2.104838723540201
2.1087591676926833
2.1139752704209402
2.1185823353939788
2.1357330051530594
2.1428518970161123
2.153049163767595
2.153793286537554
2.1876096574770827
2.1898050076960622
2.1942151766405744
2.204707970641615
2.223613515746634
2.229055997665228
2.2573386529849584
2.271832465893579
2.272461235038164
2.282149975913045
2.2935316053398536
2.402046976927628
2.4326195093012988
2.4976448007444763
2.5148902791917456
2.5284402278964353
2.552612704162721
2.596761512800049
2.6262535440506447
2.6362346403900507
2.6505107636558924
2.690999445295797
2.6971214395246497
2.715296492285548
2.7781818169398393
