-8199.018114263494
-1644.88901170186
-1371.5471348816754
-1267.6853469849852
-662.6146111079245
-660.9198109293083
-610.544125483361
-537.0785916083647
-504.3260232386158
-437.76309594282196
-404.31177649231006
-326.8009045503427
-319.38079303995147
-235.96018621636043
-214.7963159787079
-178.13399828251784
-167.51491231952343
-166.30614772460353
-166.2035347248992
-147.18989955026802
-146.2909816453172
-145.84176881375734
-142.56256376311313
-141.75895139595897
-141.5236713299095
-137.50491215192122
-133.74072000337753
-131.49333327329157
-131.2571382461178
-130.91694719931314
-129.09709265881187
-123.78193873339575
-121.17953285450605
-120.74796285727601
-120.55679728456815
-119.92403716994325
-116.08922595446495
-115.46155623373208
-114.05158518999082
-113.8979651115156
-109.92910397065272
-108.86231077101627
-108.2971926170442
-104.89460702050233
-100.04397442800267
-99.78660694747958
-97.46962286194469
-95.06803475995332
-89.34875516391797
-87.905031255581
-85.48938745455403
-84.83665533143125
-84.68653931670752
-83.8901676603889
-76.35297608584536
-73.0177732216451
-73.0145740617363
-72.21038470120565
-71.34012072409283
-69.27634202056586
-69.22190079004304
-68.91785871482405
-68.38867084234546
-67.33495096953823
-67.04822630827518
-66.11638472867526
-64.86380831577235
-63.6049845114506
-63.22931964443968
-62.85046103895314
-62.76431783592226
-59.7220816339033
-59.59845592054026
-59.04402315931845
-58.86773099730249
-55.30133578211298
-55.299008709518446
-52.52771232133799
-51.86332305852507
-51.73957643429189
-50.93975189831813
-50.353945368944174
-49.516511984239315
-49.43757278180377
-48.17520024783543
-46.94678853919793
-46.769757505784966
-46.34853063561136
-46.14550872760226
-45.926747161358755
-45.84825395042244
-44.61576069696192
-44.179088006547985
-43.91883476113749
-42.098820325704295
-41.777909916807744
-40.96443169113841
-40.91699546547921
-40.52958460447988
-39.97698407509731
-39.23844380968427
-38.30186827006101
-38.1941282153143
-37.94305558405954
-37.76051950551913
-37.342686183535406
-36.13061366741055
-35.96522921706135
-35.951348291910364
-35.93724073975721
-35.865079378709936
-35.59174328121118
-35.53417185879289
-35.41162973128548
-35.050455150975395
-34.94481165066939
-34.69194140172564
-34.37171245004078
-34.251135661260676
-34.23075008558068
-33.79513268277198
-33.56298909657761
-33.246135087456395
-33.18241191999285
-33.1109824946565
-32.82790974800847
-32.804139380984964
-32.559008214668864
-32.47245003004618
-32.41670224045015
-31.92699254628123
-31.814213222825973
-31.736201949139854
-31.450954275691902
-31.16422822614898
-31.150348313914307
-31.115294889870853
-31.07571321629728
-31.030574321443854
-30.871034316278006
-30.748943421632934
-30.63413744247088
-30.54297311542741
-30.21349564618562
-29.97451344900346
-29.736889615075334
-29.665775346663946
-29.518923454504975
-29.15648655694027
-28.53910547037883
-27.881634839174065
-27.569330230721768
-27.186987767972973
-26.879212338563836
-26.877637364895584
-26.35703438226513
-25.869124386273977
-25.389142787329074
-25.279210957024425
-25.237584110974726
-24.997478296008467
-24.92658157650436
-24.888540851745784
-24.715875361622892
-24.341931933135783
-24.27020273034572
-24.17848765123884
-24.0320604332661
-23.947270427081488
-23.814352981857688
-23.654445196262138
-23.65367537521056
-23.595353545308598
-23.454227295517004
-23.33974144167872
-23.31393968591979
-23.2643253355767
-23.228352322769467
-23.150309260915403
-22.820686250910722
-22.76371077021112
-22.6382088572934
-22.626678958738694
-22.110362260505646
-21.987037627995765
-21.859892430115885
-21.828784406169074
-21.814847471066457
-21.707523781656246
-21.63487760765903
-21.552997137517675
-21.51544922448906
-21.405618869300664
-21.276868767786095
-21.21407769126175
-21.178264263708456
-21.13859665375469
-21.10937872572394
-21.062665258246195
-20.959497260336665
-20.765147512425493
-20.68289174929884
-20.444809439927564
-20.414940097695276
-20.368948999007383
-20.365663779368184
-20.348072292433745
-19.959641477406933
-19.936571058972053
-19.91831581147688
-19.849885415348126
-19.720470421074715
-19.71453253574497
-19.679312900043914
-19.658795168104415
-19.65511034463786
-19.644229393561716
-19.58816210026224
-19.523383265385554
-19.41609145370973
-19.294291162030515
-19.221927560626128
-19.217218352431644
-19.15885547493108
-19.136551165784223
-19.094022039952304
-18.983133956846295
-18.93446685978137
-18.71315327679842
-18.56277122901631
-18.487264184349222
-18.458429340706104
-18.443681171216657
-18.432633277042566
-18.159492599891827
-18.045619585219022
-18.04552080816935
-17.966919609404876
-17.957316263404437
-17.70144121912705
-17.646861574506698
-17.616906510867388
-17.424765950815633
-17.310435268367375
-17.250099759682513
-17.12928748391502
-17.04925662831229
-17.013813844145442
-16.92932398524596
-16.906837943298516
-16.80871871998246
-16.66363529686322
-16.65233445103107
-16.6365765871087
-16.610433890177976
-16.59156339080856
-16.570015929804015
-16.56189269120546
-16.4917978123252
-16.392562467263687
-16.348790076164438
-16.292020373957182
-16.24479858645327
-16.139428642882624
-16.10430349456341
-16.102642284250564
-16.095142778043535
-16.084874713984583
-16.047900106062603
-15.870525345227712
-15.849292185275662
-15.746826643835995
-15.603435194398514
-15.564695620003809
-15.450700231196617
-15.401235971949264
-15.338862380125452
-15.241588793131664
-15.193192156005896
-15.102324539311985
-15.005807627242053
-14.995838066531453
-14.980847894702334
-14.975297834729048
-14.970683282455774
-14.958464116211248
-14.833422474850494
-14.807981317195292
-14.749678811211016
-14.744425366443929
-14.57973382940528
-14.51824471926003
-14.507044837546353
-14.501214059888829
-14.428443378545326
-14.405293490488507
-14.349235085464562
-14.338312877570512
-14.240362290598863
-14.218509603844693
-14.207525558099292
-14.20654186364589
-14.16019443192869
-14.153147449077805
-14.11245648125877
-14.107395934029634
-14.09603265685232
-14.029602261543172
-13.984584411712172
-13.933894208509871
-13.851951105902861
-13.835351375801388
-13.822636645064255
-13.77560828856552
-13.755956173474841
-13.743275971202133
-13.729220592891252
-13.708502427536807
-13.528639967070577
-13.523238841081884
-13.444582141662142
-13.411651770166092
-13.393838410112336
-13.363415939415962
-13.361793644410232
-13.357848450808266
-13.325669474976012
-13.310338750346855
-13.306296911727882
-13.285514031199224
-13.23409651757197
-13.135200590825386
-13.072206166150638
-12.909053761483115
-12.865089860864973
-12.859667513210026
-12.825858407309596
-12.818040003362299
-12.810208837791745
-12.789688774399746
-12.78358446748968
-12.742252577765468
-12.733979063477296
-12.665544324944277
-12.655086321372188
-12.566736594653335
-12.537127699293634
-12.510946104990607
-12.496933340241727
-12.458391282264012
-12.455093382102984
-12.448280436816344
-12.42802226746985
-12.42270065392492
-12.412270178315016
-12.350186261675718
-12.348987394428331
-12.348749316224861
-12.313699370955137
-12.307630632882052
-12.302330946937778
-12.291750285475564
-12.289863084363182
-12.233752535435775
-12.219823653934599
-12.21424299663627
-12.18517833540568
-12.169230299589481
-12.15134274021518
-12.147047698162977
-12.141421681634782
-12.129671789236605
-12.124270611000119
-12.063758091940603
-12.05849949841075
-12.045822636321422
-12.04464300819348
-12.036209381852158
-12.029002091983564
-12.01123468217371
-11.9792743440423
-11.941789915518692
-11.904138621065373
-11.892204421550405
-11.851697499766523
-11.822738255587621
-11.766552268310363
-11.648984172111632
-11.63601983831435
-11.619918068218942
-11.603070806035928
-11.578361187316194
-11.524559255942702
-11.5011591622488
-11.466697600681247
-11.455150485762303
-11.420470847790838
-11.4196805285603
-11.268694826168066
-11.245516300341034
-11.229637332438578
-11.20760717865723
-11.186500349582705
-11.160228315483668
-11.123231055030544
-11.092457586630951
-10.957308277663543
-10.948655199429982
-10.87055012930638
-10.8622743877861
-10.858938449267917
-10.800238043838094
-10.783774378549966
-10.770213229179959
-10.751826051359156
-10.73643191581635
-10.725169030793252
-10.721863817977178
-10.68947742537809
-10.627384429097962
-10.620629377108617
-10.590103451074295
-10.509766198159214
-10.481122138286999
-10.448829095474718
-10.440699060160714
-10.433269152664606
-10.41235724825083
-10.357551075302693
-10.257997843688733
-10.246090680539428
-10.194134296013722
-10.173684210263236
-10.17275911767326
-10.10371872856895
-10.08359969365028
-10.077457149753348
-10.068461922492382
-10.035263086468438
-10.022333889331746
-10.017400869388133
-10.012347232947754
-10.000952005904873
-9.96257892452533
-9.959360625406333
-9.953180531417587
-9.94712708543172
-9.94149439934166
-9.887244429421612
-9.87083548979216
-9.869141869506802
-9.866686901912617
-9.862079414886988
-9.821292954138183
-9.77300620150282
-9.770438372672324
-9.753342447873603
-9.737078460638395
-9.725984403725736
-9.680819119483234
-9.637711400468062
-9.587891257268495
-9.558026109580721
-9.527424494366675
-9.51509672541367
-9.501473891516433
-9.494080900147747
-9.49254401435774
-9.476732200566122
-9.474086607882343
-9.450358011563344
-9.418072189084612
-9.411981530739803
-9.37347476974885
-9.351203677129604
-9.334590202281303
-9.327220667449156
-9.253393000511572
-9.244230727330198
-9.219982231784254
-9.215271676415227
-9.209901763010484
-9.190157069608087
-9.16497733447297
-9.138059353232915
-9.126782573138694
-9.095323940361705
-9.085638657391854
-9.083601404281236
-9.04438826255522
-9.02243086448993
-9.006117277084888
-8.994475988440954
-8.99282418520748
-8.975982362933783
-8.96741723168988
-8.94508007149169
-8.899688474259147
-8.858281132879798
-8.853157752249189
-8.818920316252404
-8.780343955332725
-8.764317354569247
-8.738511602656956
-8.737879485259407
-8.724831614318042
-8.719145993753502
-8.715955041757397
-8.715378880476026
-8.70924034655862
-8.700882289873524
-8.698119975606682
-8.643821053144942
-8.621160159272621
-8.59648330024038
-8.588387842216466
-8.569974545972855
-8.567531249458886
-8.55787592797795
-8.552940495725242
-8.552168074920536
-8.519364013523118
-8.502565102520828
-8.497072206757613
-8.491939433645904
-8.47157015648563
-8.451197299342539
-8.439453471092811
-8.409410870565488
-8.399401916555888
-8.376244920787068
-8.370050722648894
-8.339761149786238
-8.333692331789795
-8.31895435461514
-8.31882744627979
-8.296725974048067
-8.292124017008309
-8.291639473645269
-8.256676134538083
-8.249839779531046
-8.238759117604351
-8.21238523917382
-8.203390319112753
-8.197512399049701
-8.160114531419328
-8.159151905997758
-8.145232710611236
-8.140272254268352
-8.125996926093583
-8.125178658201655
-8.124024202918001
-8.121839277991075
-8.117379806849542
-8.091763624475595
-8.085178556869412
-8.080713967023586
-8.048338108615143
-8.044182102027875
-8.042283664824653
-8.035098605634452
-8.031762283052673
-8.029938869276023
-8.020187290220468
-8.015047651240161
-8.001575221112049
-8.001074454480321
-8.000948811848875
-7.995472548588062
-7.98332379182529
-7.973073465136151
-7.955637314455373
-7.952832575651971
-7.907491401258514
-7.891746410185416
-7.884152264329347
-7.854659012638372
-7.854070417671761
-7.844907455062881
-7.825212678850859
-7.818119997105578
-7.80682383611184
-7.803485849525689
-7.801688528227016
-7.792410072381369
-7.78729987822236
-7.783137213703277
-7.76907714848382
-7.7628212665534315
-7.737321020910807
-7.721440716222459
-7.682099396684404
-7.679900991405323
-7.674784479506288
-7.665226091479395
-7.648472676692075
-7.643825834004699
-7.6386353976847285
-7.623109204247468
-7.604203891791032
-7.573324886514241
-7.563085968452872
-7.556276210763239
-7.542645960157747
-7.5384964965381265
-7.51262014209531
-7.479238363405055
-7.454995438887009
-7.437119485944212
-7.436132589930946
-7.4341815051334335
-7.4249698686353796
-7.4082529881368515
-7.386038744979804
-7.3610765761282275
-7.356149483419298
-7.347413715168768
-7.335066990505402
-7.328038692321465
-7.301898777827296
-7.299456001839758
-7.2896043512082045
-7.288616562933782
-7.2846992701573186
-7.2800656167580495
-7.271736892302885
-7.256479373916603
-7.252693074040856
-7.241802026662792
-7.21334525343789
-7.190714677744567
-7.177632423521667
-7.171969298827991
-7.1684304831450465
-7.168304328587718
-7.143166829457887
-7.1137396840341385
-7.107917498049241
-7.086568127818671
-7.082105137407757
-7.0704754608161355
-7.066469171231351
-7.060606068387553
-7.041826064512271
-7.024751953175475
-7.022693406574863
-7.0135647188386185
-7.004623240910648
-6.998900837001658
-6.998599176640971
-6.971621976642172
-6.963789133001455
-6.961078215371099
-6.960118565084342
-6.958642855259553
-6.948132653888607
-6.947441957837722
-6.933201516240979
-6.917214148579084
-6.911811508067407
-6.908983791512135
-6.907518103695303
-6.8949178690041
-6.8700150739765835
-6.857058567704405
-6.846041235058137
-6.838844711974558
-6.838832255027436
-6.815248650783362
-6.81005921285465
-6.775612716845745
-6.749868846918721
-6.749739265263701
-6.744703879852044
-6.736186719117992
-6.734990320819406
-6.7279588675755555
-6.722285091030246
-6.7140634255335305
-6.711239064679594
-6.70958602779387
-6.685822813246196
-6.674221390171896
-6.660793923690197
-6.644708513235241
-6.636476595405622
-6.63014335128953
-6.628433556745398
-6.6165143584576365
-6.615320820929985
-6.602112372649149
-6.599177327007059
-6.593797014002698
-6.586006876958183
-6.583346970789426
-6.559358764362292
-6.551978238433634
-6.549610777098858
-6.5447682688665205
-6.5427422767459165
-6.526223099340395
-6.516552810328138
-6.502170919013555
-6.500105994086372
-6.496030784434897
-6.479472690471893
-6.474113053431258
-6.467710105877943
-6.439034888584292
-6.4279296785435465
-6.424169783076465
-6.414529334776022
-6.391986445395702
-6.386651152305291
-6.385117721497973
-6.362652977814386
-6.343165212283721
-6.333103622432144
-6.292685207330999
-6.292299024473079
-6.291123088275817
-6.272934049460479
-6.272360481004062
-6.24756796000003
-6.243100651082592
-6.24077294629337
-6.235387580906378
-6.2166501707767114
-6.211676259594624
-6.208296793137104
-6.206591155724728
-6.2004101119359625
-6.186045965544641
-6.185543727375652
-6.172153405172362
-6.169397865712605
-6.163480281807643
-6.146478854924818
-6.146066904004483
-6.130728684851537
-6.129547649946722
-6.126797718963525
-6.1244135721680255
-6.109687046117813
-6.107379368416498
-6.104731958251618
-6.104472120533487
-6.098177280346749
-6.072256695144552
-6.0498111467698275
-6.029118518340436
-6.024061451985089
-6.015636757560817
-6.014928869309918
-6.013458128906408
-6.006617250338357
-6.005496490084331
-5.99979949144827
-5.993595758453638
-5.991392794444442
-5.987395816373634
-5.9842837828841535
-5.984107662496575
-5.958955784511836
-5.957291324582665
-5.951954336895216
-5.922514725440014
-5.917243338739444
-5.893887896711774
-5.888084107746614
-5.882628818132494
-5.8685945042162455
-5.862713843781896
-5.862283925487064
-5.845118139407572
-5.831664224295338
-5.817422614566319
-5.816834873265755
-5.810290848343842
-5.808540053345376
-5.799055256019674
-5.792343387288975
-5.791017873988561
-5.787731835666184
-5.785374649980293
-5.783383072926962
-5.763987235595654
-5.762797723961066
-5.758884842334055
-5.742461498378559
-5.739425587010651
-5.737929376450329
-5.733093472383883
-5.720935413178065
-5.718983009242759
-5.716908844843804
-5.713610634324551
-5.7130515918821265
-5.712552818317693
-5.696522790183435
-5.696500062051159
-5.695966731325724
-5.695860359705337
-5.692804863646522
-5.674639204437846
-5.668975544330495
-5.661384168884988
-5.648326290699259
-5.642350494883835
-5.635960274901636
-5.63184295083074
-5.618732191751578
-5.607728431377743
-5.607147944613689
-5.602105670317634
-5.595023041318014
-5.585897382668506
-5.579143214871277
-5.576650946166625
-5.574979619520839
-5.574028676449026
-5.573769171400369
-5.5630360854187755
-5.560562461498858
-5.557514477054836
-5.552864703868772
-5.551711924752576
-5.549160573157953
-5.548794471648831
-5.546692993839347
-5.539107427748888
-5.538960778544072
-5.536211093004411
-5.530840821571518
-5.529599295351465
-5.520432027621256
-5.519495245523984
-5.4909882515823245
-5.48632451320288
-5.473902884279705
-5.473023017955519
-5.471297141841546
-5.438003333549946
-5.434749488733068
-5.431640925406388
-5.420612556214072
-5.414551746294638
-5.4123895287571235
-5.41013036129237
-5.406108720326499
-5.403920496627048
-5.395177260202303
-5.393745459416691
-5.392238723323221
-5.382372172613874
-5.380124585880418
-5.360188989080947
-5.3600120021226045
-5.353985328809562
-5.348305618773439
-5.348263806744368
-5.334579900557097
-5.316644754544648
-5.3056519481105795
-5.300899651530148
-5.293780650383443
-5.293268315078698
-5.282378999080098
-5.281033031067892
-5.275508273758599
-5.272737190279179
-5.268340969753952
-5.255026249907797
-5.250515682457921
-5.239313867554392
-5.238066898860159
-5.235585233211215
-5.230024388053547
-5.229864800249125
-5.221477816389706
-5.220615560797001
-5.219208512719238
-5.21334358731127
-5.212965034238819
-5.2060427301871774
-5.203498363626814
-5.198909996002516
-5.196291116259506
-5.1655895927596465
-5.154407953793758
-5.136726424016102
-5.130800227664218
-5.124078061756311
-5.1165886488608106
-5.116231564883642
-5.110622256359219
-5.106234703672882
-5.102138291405911
-5.101764733326416
-5.0798433415812525
-5.076139431756795
-5.071787424154005
-5.071419851877669
-5.071165832447235
-5.062648509627769
-5.062561836395888
-5.061608499407701
-5.061497062314669
-5.052826745239357
-5.031559458635671
-5.027774022531229
-5.012582704889319
-5.006601041907895
-5.001690520345666
-4.999440913427717
-4.996376067470394
-4.995746583683225
-4.987525159315794
-4.985699068768893
-4.984864642166814
-4.97257495833413
-4.9725139450135245
-4.960425953306296
-4.956735680478236
-4.955660865731104
-4.954454007697952
-4.950300222649294
-4.949994081340945
-4.92822281187577
-4.918955933895807
-4.913830940076766
-4.910933148668267
-4.907724010399972
-4.90610810662117
-4.902378584104192
-4.890584243458629
-4.885518944751031
-4.873604251918076
-4.871939380103004
-4.8694412404680305
-4.868474145453405
-4.851884141999332
-4.850970364494156
-4.849964052606886
-4.847161268182071
-4.84334910398869
-4.8376292891633925
-4.834159207689593
-4.827108161988887
-4.820615564031662
-4.817215015722563
-4.816221541442396
-4.815655890370065
-4.81125252794682
-4.806681153485762
-4.799099766019405
-4.7957716037412865
-4.795392616731056
-4.790444432109548
-4.78784332305165
-4.784286075278377
-4.775273174030545
-4.755323340170077
-4.751504013996872
-4.7463358447684785
-4.7436617789310365
-4.742090812696823
-4.732363406504959
-4.7237830831493675
-4.713619999446649
-4.6966092902333525
-4.689414576468449
-4.688770500176615
-4.679391245549991
-4.676474378454138
-4.665736221833742
-4.659471241864374
-4.64928675448427
-4.638516200506866
-4.61755920128347
-4.609619748001955
-4.608768870480615
-4.591271894062415
-4.579980896122899
-4.570477415526878
-4.560937541404415
-4.5551151860888055
-4.554617117529786
-4.55222323575524
-4.550413753170113
-4.547882796834148
-4.5356996991871625
-4.526383952217888
-4.506055378885171
-4.503618485642942
-4.502737975310458
-4.501505480941598
-4.49858371041186
-4.497207923236273
-4.4949532014443205
-4.4928782524241955
-4.473069968032988
-4.463931240872953
-4.460954234578253
-4.4570389990814006
-4.456707224240985
-4.4546521986949
-4.4517674130402085
-4.444800844137761
-4.434890760331347
-4.42815145392527
-4.426467398819934
-4.422262228315455
-4.419848484312954
-4.413820911412546
-4.411560050523696
-4.409542290490805
-4.399064475805112
-4.3918880872628385
-4.389746935732821
-4.388185986920159
-4.385289081320312
-4.384091173144842
-4.382683371845199
-4.381658084716792
-4.380169755021103
-4.377235424666988
-4.368568843868556
-4.356393125528992
-4.346952903614141
-4.345553560398741
-4.3355103291022274
-4.332125802474062
-4.3306153109205185
-4.316135095238705
-4.310199576459604
-4.30894657239271
-4.307380840470522
-4.30287657518749
-4.299796597634683
-4.296639509306836
-4.291326772358848
-4.282982062742251
-4.272856944890146
-4.2668816956583875
-4.266530134860009
-4.260684018434699
-4.257650836809716
-4.257165752251808
-4.2491369156585
-4.238304913395196
-4.2239732331705895
-4.202951196706691
-4.202215665361169
-4.197665022955263
-4.193551285429409
-4.1923925128438855
-4.1912342558352975
-4.190834258627871
-4.176188897245718
-4.162506620509987
-4.153467938364584
-4.1499229355842555
-4.14588347639485
-4.1410886992673435
-4.139568148625295
-4.133145305646447
-4.127551695832808
-4.126881521278224
-4.12641052229236
-4.122227034327874
-4.116148452776696
-4.115616560168107
-4.110848305867089
-4.106545113946877
-4.105555768069034
-4.101137440077923
-4.099830343322839
-4.088633443152422
-4.08645071464169
-4.083826957298675
-4.083477703577551
-4.077535220126037
-4.074593473556449
-4.0724669155535045
-4.055212220026839
-4.049920502344543
-4.045498176801229
-4.0450789492261405
-4.042182437410364
-4.035657227522263
-4.034967691399316
-4.022200940613062
-4.012593059207368
-4.011144940250181
-4.010233006596719
-4.009379838380771
-4.006779013820101
-4.003820231819018
-4.002767707646933
-3.9993068777364815
-3.9961818400329836
-3.990890325041266
-3.9874382024367963
-3.984035568420794
-3.9826543025181245
-3.9813172912756936
-3.979521503239643
-3.978548899974369
-3.974460167470097
-3.966824123329104
-3.9662377130499245
-3.960780077536696
-3.958704991238337
-3.957782653374939
-3.957734918059275
-3.9557371741153835
-3.9550079236793096
-3.9527470922786176
-3.9379751749280665
-3.932586816955969
-3.9285398510794654
-3.9281031778973254
-3.9249163384056804
-3.924437496316175
-3.9234453376494987
-3.9217956219810493
-3.9205594309409246
-3.920025016379957
-3.9181851139089945
-3.9163137822689693
-3.9112448200555474
-3.909336270862589
-3.9042467589179175
-3.897033547839131
-3.895359060509292
-3.893694851180112
-3.878748474921358
-3.8695635893108955
-3.8650360794558045
-3.8589449208786384
-3.856031146780535
-3.848139569201291
-3.847775490783151
-3.8462292179176387
-3.843570105782545
-3.841442169858495
-3.8399961710678414
-3.8375451581358764
-3.8366596597199254
-3.8290928729292055
-3.8253507985055526
-3.8244314689545753
-3.8206866413084635
-3.81782909751767
-3.81272993335747
-3.8101728805552266
-3.809821426415841
-3.807483497080676
-3.8046835067546985
-3.8023084208369347
-3.8010594219785867
-3.7901237711046516
-3.785831710276527
-3.783389611988533
-3.7832162850809348
-3.781694488049099
-3.773881868686736
-3.7700708524172066
-3.7697388917149937
-3.7678219124419474
-3.764764947310934
-3.761293614487177
-3.7596279978943317
-3.753216770085344
-3.7501051334753015
-3.7481984991756545
-3.7456980931538126
-3.7406744565089154
-3.733753134936499
-3.72161949700926
-3.7207685948979994
-3.7168263172900726
-3.716610929025021
-3.7164134597618492
-3.7127527978096655
-3.7013708948256023
-3.6996752762851277
-3.699059604077557
-3.6973556476086165
-3.695468149509852
-3.6940950692506247
-3.689409865758407
-3.688349628371435
-3.687156646992755
-3.6839945438283244
-3.6760068638851617
-3.6741850765457977
-3.6671486540042877
-3.6651978181617584
-3.6614505039737524
-3.6577289480311386
-3.6468942515156515
-3.6429937522599793
-3.6419278401287696
-3.639093841552615
-3.636250165643087
-3.634868966473812
-3.6274423507206524
-3.6199035110376125
-3.6157597349309922
-3.606452880616753
-3.605901489490093
-3.6030051672849117
-3.6000517172438995
-3.598862842632754
-3.5981962905335045
-3.590812257179725
-3.585500035852747
-3.5830841894460135
-3.580058239905574
-3.5787533180354885
-3.5761627431134055
-3.5730281031274798
-3.5707109964708392
-3.569232957417184
-3.566922863293234
-3.562836811099115
-3.5622437159454288
-3.5614216383055974
-3.5587925372628835
-3.557769090571232
-3.5552630750074563
-3.5476408087205114
-3.5414028830663336
-3.539838754367625
-3.530690782963479
-3.521811123994925
-3.5203430118888175
-3.5193767375317684
-3.51834778296686
-3.503634572468054
-3.5034575434307484
-3.500400237442544
-3.4962665954560253
-3.4892249127437003
-3.485705833832486
-3.4817676699979545
-3.4815551435046883
-3.479006208379508
-3.4781117944495286
-3.4768372099389815
-3.4766803106622253
-3.473889327004602
-3.4734396393191487
-3.4682735857554157
-3.4663797076373086
-3.4620454375465606
-3.4556774174560294
-3.4536382891234436
-3.4450565645023685
-3.4428496101776926
-3.43866605766451
-3.4355058816569195
-3.434641750616744
-3.43083675185278
-3.4263029836645904
-3.424266206426527
-3.417999328073793
-3.415799801865258
-3.4100588534765395
-3.40761708203536
-3.3996175395483097
-3.3943008891366033
-3.393945978202232
-3.3922451499726343
-3.3905758832287027
-3.3898408683574246
-3.3889331984931244
-3.387838912031752
-3.3818650379672004
-3.378115177144305
-3.3768429669906572
-3.3695154330887123
-3.368883295424569
-3.367558677436146
-3.364108007359264
-3.361029212923107
-3.352573987095022
-3.349868170363195
-3.3484548467707334
-3.3451693765518433
-3.3437690656336603
-3.3391990812374597
-3.33434923908314
-3.328032097130535
-3.328011212594157
-3.3194001927305563
-3.3191584319950937
-3.3143190987348623
-3.30998603486273
-3.3059685959247633
-3.3052633075192257
-3.3041891003220982
-3.285403319633499
-3.268769967907641
-3.266570292550478
-3.264642168055961
-3.2635001157530477
-3.260213148017127
-3.2579813454624444
-3.252131147544697
-3.251539386356357
-3.247474819127349
-3.246013110970561
-3.2454853483496366
-3.2420952136842898
-3.23704645496329
-3.2353631640355665
-3.233892672791951
-3.2286074824555393
-3.2232499271052424
-3.223059644305578
-3.2094117308091032
-3.203972407892465
-3.2005099413038933
-3.200138031874348
-3.183259704550206
-3.1831213386312736
-3.182332281695047
-3.1770644100304692
-3.1715050760803396
-3.1704579100672974
-3.1633664697702613
-3.160698331733313
-3.154664596697732
-3.1529713387325264
-3.1502751555101116
-3.1488881238913766
-3.1443071665473337
-3.1364297591071
-3.131045405258357
-3.121890260327541
-3.120127237872779
-3.1173394249018145
-3.11570621781289
-3.1037950141461925
-3.0930491465751486
-3.0914325773344777
-3.085867303120592
-3.080306321272244
-3.0775714624361887
-3.0756931263945746
-3.07403658838173
-3.070918699664227
-3.0608663465872032
-3.0605931585112254
-3.0575791172177773
-3.05697644953462
-3.056312849968376
-3.054174572739837
-3.0523272960461227
-3.04284683989885
-3.0357195214268358
-3.0188263107095743
-3.0162319003872726
-3.012250203654165
-3.0088654252929445
-3.007646854187659
-3.007293521599964
-3.0072037623021397
-3.0045950023371426
-3.0027063222107313
-2.9998007811958542
-2.994302672810237
-2.9896962936618383
-2.9850804465716543
-2.978443489169179
-2.9670191410677216
-2.962869342847388
-2.962010320796666
-2.9539613157524487
-2.9533395606039283
-2.953295705321673
-2.95143893363355
-2.948113286744621
-2.9433485553294734
-2.9402062646190963
-2.9382974318198833
-2.937457843623371
-2.924230280367057
-2.923571304097896
-2.91955910788673
-2.9097204637110003
-2.9021052896066033
-2.900978435768815
-2.8997516182128003
-2.898335744851666
-2.8983239729231984
-2.896965892115625
-2.896792364011057
-2.895014580947667
-2.891882789920995
-2.891429528132833
-2.880590829836865
-2.876117435493456
-2.8726355227190465
-2.8721308524147684
-2.8676572930197874
-2.8671007195768787
-2.8655855941531563
-2.8650227835693016
-2.860033934456994
-2.854328075947058
-2.84966140571644
-2.8488490327785074
-2.8485454867218607
-2.8484116626130707
-2.847881081409194
-2.846998951092762
-2.8467910811427632
-2.8433163849368777
-2.8378184411112097
-2.8283178337026946
-2.826998483918071
-2.823760956574119
-2.822288322289017
-2.8211832804925163
-2.8197493490610643
-2.8159520066369583
-2.815946184480558
-2.815519530104999
-2.808100219104983
-2.804605659235558
-2.8019804140943867
-2.8004179797210904
-2.7913325639406503
-2.7826543082630124
-2.7821115317479146
-2.781939358358218
-2.781755305423934
-2.781307324943902
-2.7779952384957554
-2.774556141078025
-2.7733774769614867
-2.768970748150683
-2.763251491405799
-2.76310264121964
-2.760793372043314
-2.7574975007958633
-2.755313524508467
-2.7534223861415934
-2.7518086602577823
-2.7466007478355476
-2.7455455155572004
-2.7446180405027025
-2.744386982733895
-2.743799435655993
-2.7392686748380415
-2.73770927827349
-2.7356485726834667
-2.735491256914659
-2.7350733000909653
-2.7344896218229384
-2.7290305585278563
-2.727957881023612
-2.7248838566942157
-2.7239266317029758
-2.723387940184198
-2.723288064731836
-2.7221254696084523
-2.7160006617805053
-2.7153835942092273
-2.7096027545927948
-2.7082246743504435
-2.705070245623869
-2.688297133270217
-2.6879981822371635
-2.6875360404388555
-2.684316878447329
-2.682950331023462
-2.6795948824615703
-2.678770623948356
-2.67699845493097
-2.6764448954303015
-2.6752389019827643
-2.6739021975234722
-2.670033602522658
-2.668821109266659
-2.662521299317754
-2.6609409443430714
-2.6576866406867956
-2.6556344130164873
-2.651550652804543
-2.6508487115838957
-2.649556366134591
-2.64792415226766
-2.6472712514757477
-2.647157536354718
-2.647069756837878
-2.645352380861055
-2.6448617480135943
-2.6396213513530817
-2.6271001848700406
-2.626331855738485
-2.6246993619513788
-2.6246491021605887
-2.6243182747984988
-2.621668177641854
-2.6200668472685997
-2.6180671619099978
-2.617073004394805
-2.61548532563004
-2.6125693525825366
-2.611247663020968
-2.6022246810480953
-2.601485675571386
-2.601250338584374
-2.5991401665451246
-2.5956837360660376
-2.5947541938684653
-2.592960213780353
-2.5895059799523605
-2.5831938282962623
-2.5751048360973696
-2.574366380510025
-2.5739130653070554
-2.565463100875207
-2.5631864809970843
-2.560111095804661
-2.5522159812418863
-2.5500030761549093
-2.543532967540061
-2.5403186249927563
-2.5382917693718134
-2.5370383768110307
-2.5360802069676236
-2.5297069439465396
-2.528433756888164
-2.5251244472575607
-2.5226699441034
-2.5197726023021385
-2.518542579012785
-2.5091681257187757
-2.5068575083155364
-2.5049335852203813
-2.504305947727282
-2.503213811926358
-2.4967722114663413
-2.493198508527633
-2.492050463258581
-2.490482840760658
-2.4903278845865504
-2.4879876501524323
-2.4872795574314983
-2.485074621153761
-2.4840268533392655
-2.482850764149387
-2.4798555096070034
-2.4772209306740867
-2.4752974932180103
-2.472303961451918
-2.4699865088814312
-2.465516704226356
-2.4650984451354314
-2.4611731646993613
-2.456385230112394
-2.452990728654939
-2.449727159809756
-2.4484097164425123
-2.4477827262615053
-2.4476395621893765
-2.4473070318677905
-2.446589099123847
-2.446587138875129
-2.4462579617976874
-2.445264471439221
-2.4440361405647466
-2.4428655627553217
-2.438472214823337
-2.436586973534815
-2.435883171060087
-2.4333278887213825
-2.427588528943296
-2.427339518316688
-2.42260119257087
-2.4195415701393066
-2.4177552740759127
-2.4164305486599957
-2.41546075330681
-2.414845901015365
-2.4125061233014673
-2.4075682664910816
-2.4008422641006084
-2.3995305040738018
-2.3975280649943804
-2.3957733259688325
-2.394155072883086
-2.3906652682493004
-2.387243903753576
-2.3849450505983456
-2.384598909275599
-2.383237397886648
-2.378889598402327
-2.3770045871058727
-2.3742829309499363
-2.372133501135086
-2.3711849211343434
-2.3708500659523213
-2.3691775423425723
-2.366003328372808
-2.3646660476966495
-2.3603411245210473
-2.3585918423773324
-2.354605593754641
-2.3501971460608813
-2.3474436959849316
-2.342221437923553
-2.335597786616425
-2.3353802095411225
-2.3343687512724736
-2.3309974525384938
-2.3297717617382916
-2.3222930259661516
-2.32119447203445
-2.3208523910543173
-2.3180945674892737
-2.314052776708086
-2.3091259980845273
-2.308675595564129
-2.3043135614034402
-2.303059744412012
-2.3027105579895952
-2.3010344333451176
-2.2977335297741073
-2.2966287744199323
-2.295618290082914
-2.2954250142383064
-2.292413209245145
-2.2876572943630538
-2.286890278338692
-2.286368520039884
-2.2795913270210555
-2.276338072212212
-2.271839610352446
-2.265416301033487
-2.263818313423675
-2.262651874006652
-2.2575870060648366
-2.253558718614862
-2.251560951863054
-2.247828059416057
-2.2451237740320753
-2.2365709394476747
-2.2341540715515933
-2.2326295624707697
-2.2306123269682607
-2.230364179163776
-2.2291580463487137
-2.227846475689798
-2.2233675657450345
-2.217244257643768
-2.216638418099979
-2.212217232042363
-2.2121734799981434
-2.206150151678104
-2.2035369565626466
-2.200244117640703
-2.197271002036335
-2.1971165053372954
-2.1965150084650746
-2.192900995913928
-2.191878340537235
-2.1852080773160885
-2.1847025045735755
-2.184193448775075
-2.1824595994533302
-2.180196271428283
-2.177713013736321
-2.1770568214673833
-2.1763193458944916
-2.1704011181442042
-2.1692303208571633
-2.1669852946675214
-2.1653224767221113
-2.1633747962820484
-2.1524020742263814
-2.152122689065607
-2.1495534429085263
-2.1488835315371313
-2.1362818276130398
-2.1287502150927136
-2.127881810330637
-2.118628254043096
-2.1181654872642106
-2.1161642090907167
-2.1080774987472686
-2.1080730862372237
-2.1057126660399708
-2.104509383326438
-2.0961096292229886
-2.0954192600722363
-2.0911935216557778
-2.0889888861206125
-2.0866646093328898
-2.081781882804757
-2.0777237060655698
-2.077125216166556
-2.075553675446068
-2.0740309702819895
-2.07207916302653
-2.069270435765645
-2.064109273125091
-2.0623620971351118
-2.061869529561539
-2.0580349827483126
-2.057425325151247
-2.0542347289537366
-2.048655029970599
-2.0469680960448633
-2.041051328686745
-2.0383445872316988
-2.0382853857978804
-2.0355434434983253
-2.0337438647002326
-2.026833814754392
-2.0240032602525733
-2.022346825123892
-2.0223384538635134
-2.0167373844938465
-2.015315686673064
-2.013116205157524
-2.012104296581596
-2.011169410242688
-2.0054974339512346
-1.9972735115380809
-1.9971329567583713
-1.995187013241647
-1.99362686402764
-1.9860655654842447
-1.985024873108709
-1.9840815348781953
-1.9789579632582626
-1.9756836729632912
-1.9747828437273292
-1.9732080958117646
-1.9670119883927426
-1.9647879522635372
-1.964383352480583
-1.9625777395266404
-1.9564079900653786
-1.9538095395810127
-1.9531703578075086
-1.9484819067783679
-1.9466425168317762
-1.9448587940974127
-1.9444324568886815
-1.9442187315069932
-1.9437736487318655
-1.9432186419601247
-1.9392654149746589
-1.9302354448488084
-1.9267788687035958
-1.9254773578595081
-1.9153224710906298
-1.9116603152723788
-1.9081750393218044
-1.9071919428771502
-1.9067671115613058
-1.9048458201130136
-1.8973349699242907
-1.8887289020881592
-1.881830078844583
-1.8795687316638459
-1.8776225399163482
-1.8731794573255336
-1.872831206570836
-1.8664491656184004
-1.8654029625464699
-1.8635360089054278
-1.85984329379062
-1.8534562932549
-1.8531306551790645
-1.8529576194871713
-1.8509719974878183
-1.8509246768837992
-1.8508339482561091
-1.8478777944555929
-1.8408989516740497
-1.840317267314196
-1.8390880132624152
-1.8349989228154346
-1.8343204947413185
-1.8341292673820682
-1.830569250537102
-1.8292746088557343
-1.8249765986616655
-1.82188785342933
-1.8202253576615353
-1.8190236218688192
-1.8179444914690936
-1.8179172467627225
-1.817664963530773
-1.8175678138893825
-1.8148627329766711
-1.8138295868457717
-1.812005927935953
-1.809190892498835
-1.806522470313836
-1.8031378571124632
-1.8026526375572869
-1.8008458792859972
-1.799726035196575
-1.7974546246399492
-1.7969564986292377
-1.7965673036100163
-1.796226709115425
-1.7962009726219845
-1.7950747782447123
-1.7933189209796738
-1.7911088236957762
-1.7869227324929473
-1.7835050703840107
-1.7834588880752882
-1.7779591447723286
-1.7754268924029701
-1.7746873783987178
-1.7743642108770776
-1.7695846666153339
-1.7687441839407458
-1.7649463874877491
-1.7626415893664302
-1.7597185426498185
-1.7586097485086165
-1.7545498150241368
-1.7543665137967195
-1.7537017490168763
-1.7526028410412624
-1.7525212752032227
-1.7484617166812602
-1.7479270142332992
-1.7472462401492699
-1.7458885156117423
-1.7427367377919794
-1.7376820264944985
-1.7374373498881377
-1.7314136543121066
-1.7308385415874044
-1.7307745823488216
-1.7238352610199992
-1.7231969207035873
-1.7188160522618063
-1.7147637691391184
-1.713509604018089
-1.7124722014470797
-1.710174701461396
-1.7085713039080117
-1.7079242190411565
-1.7069569833728087
-1.7050531289043238
-1.70053519378147
-1.6972629862883872
-1.6957218553954405
-1.690365392203858
-1.68695672873374
-1.686420801171098
-1.6853310086986764
-1.6823276320061826
-1.6794698476767933
-1.6760886180545782
-1.6759750504449182
-1.6739163124792187
-1.6734627756110971
-1.6690682128444752
-1.6621316708346199
-1.6613958693316526
-1.6604718179265734
-1.6591957225905027
-1.6588587282996783
-1.6568659383169733
-1.6543256611580017
-1.6527862558616429
-1.6487507262265912
-1.646904602663323
-1.646592639203749
-1.6321077885909623
-1.6289260263905487
-1.625635073563371
-1.6185886271974717
-1.6170223227166005
-1.6162674342494476
-1.6160062796327899
-1.614427286325594
-1.6142149539060027
-1.6138910473788435
-1.6122665402115501
-1.6087889705844778
-1.607096622659142
-1.605873825529733
-1.6057661489800994
-1.6045793866386546
-1.6045402925934744
-1.6044120558259842
-1.6040664560487727
-1.604023443945657
-1.6024429068311419
-1.6012689083715381
-1.6006205311389532
-1.6003756865528929
-1.5996840400739263
-1.5973145960841109
-1.5960375189155562
-1.5942526788056757
-1.591229664571608
-1.5911902867907615
-1.590410773781787
-1.5898431454666047
-1.5891123662924045
-1.588570702285916
-1.5845976338562067
-1.5843032957388863
-1.5835702554596167
-1.5814819322297695
-1.5805944981661924
-1.5798313105382658
-1.5776539057498558
-1.576897644443989
-1.5759262993860823
-1.574814328331526
-1.5745631106335576
-1.5725600686273895
-1.5700915438475231
-1.5698288309414226
-1.5691307340463263
-1.5668458975693882
-1.565733592657992
-1.5655361751581376
-1.5646034179946318
-1.554783201609855
-1.5542851396429493
-1.550230540353336
-1.5459716230873524
-1.5446371241606476
-1.542489146880239
-1.5414841879987278
-1.5402887932044131
-1.5393704747096746
-1.5386100918071488
-1.532151576674126
-1.528701008648698
-1.524095383360435
-1.5238222451809387
-1.5231300348030758
-1.5227963972189706
-1.52110448656721
-1.5181739752832974
-1.5153687134539406
-1.5143798891647806
-1.512910437223295
-1.5116095251930852
-1.5103205615308712
-1.5096826293797412
-1.5082588014868454
-1.5043162052442625
-1.5029890422883145
-1.500165520966565
-1.4980451918455993
-1.4979284478289525
-1.4978003411208778
-1.4971366173423033
-1.4951009307527507
-1.490655601508795
-1.4906037187253784
-1.4896410351404665
-1.4824201892501394
-1.479289373656125
-1.4789400711724778
-1.4753248147832259
-1.4751043492651421
-1.4737063401848436
-1.4694504359528102
-1.4655943861533274
-1.4645795289517456
-1.4628825478253709
-1.4599421350069948
-1.459458012201373
-1.4586097157846099
-1.458354510071731
-1.4543219416426019
-1.4540573767851632
-1.4538980932914085
-1.452302043365413
-1.4506486649903685
-1.450236015298271
-1.447974042173692
-1.447715789000668
-1.4475155344055741
-1.4474533023547012
-1.447015304749529
-1.4458795765876291
-1.4418252854461715
-1.441731002308697
-1.4344655758210254
-1.4343303346665364
-1.4321752056564363
-1.4304559068264064
-1.4302909268022488
-1.429933964802474
-1.4296629823027156
-1.4296152758131742
-1.4264151505179008
-1.4230195483095005
-1.4228842313675611
-1.4225230191259173
-1.4223696188764638
-1.420983294855914
-1.4207478216522962
-1.418091260351925
-1.4175083393703611
-1.410758917480764
-1.4098471982891336
-1.4085336399811594
-1.4057518613121793
-1.4056751009163464
-1.4050316641402028
-1.4047098438906174
-1.403665609211017
-1.3959066474588426
-1.395054526653202
-1.3897234466931667
-1.3882982489009943
-1.3848343768750542
-1.384463142748528
-1.3838114673901
-1.38289898268861
-1.3769184673594645
-1.37579567178255
-1.3744750002790582
-1.3734852669044366
-1.3670805034779911
-1.3665807617770651
-1.3664989689255713
-1.365313513178942
-1.3631388214425808
-1.3617554508297212
-1.3594552206917778
-1.3581573781162337
-1.3577549083632094
-1.3555933760733674
-1.3541583528804044
-1.3529162737435596
-1.349620174513272
-1.3449980732504505
-1.3431176885663114
-1.3428358501502804
-1.3418190670822403
-1.3408519263021619
-1.340250980754712
-1.339071537922277
-1.3377933577769867
-1.3372735812500993
-1.333911207214192
-1.332934395761542
-1.3296635837054254
-1.3294693983780186
-1.325836061305389
-1.3235486046849234
-1.32026786027183
-1.316590175829829
-1.3154005655866066
-1.3151623124734177
-1.3109896900922635
-1.3099365899036242
-1.3064080122394697
-1.3059976835876574
-1.3056379086847623
-1.3049243539401285
-1.3045155569032219
-1.3040721117571055
-1.3033126212776671
-1.3022487143491543
-1.2987440834526698
-1.2985521800868696
-1.2976302800662893
-1.2962173923430274
-1.2953608967744745
-1.2932886322201442
-1.2928527300668389
-1.2911662917294475
-1.288030560297055
-1.2873058644826434
-1.2867004688468713
-1.2856569359248513
-1.2848118685974874
-1.284111192652271
-1.282152908716789
-1.2814052844683634
-1.2813656350472855
-1.2773148326292036
-1.2763262933431714
-1.2751863870959457
-1.2744290223674508
-1.2721411010820511
-1.2707391108301063
-1.2705628179178459
-1.269757692477731
-1.268304052645255
-1.2619921963409841
-1.2591866716918725
-1.2586927959334018
-1.2541571521479669
-1.2520271515116597
-1.250012389130306
-1.2495828315138702
-1.2488047451332607
-1.248153082248823
-1.2480913684488588
-1.243775616882156
-1.242704717248264
-1.2421873015286247
-1.240100327991078
-1.2388997619923445
-1.237745420385095
-1.2374092998129986
-1.2340941986575873
-1.2305914123429653
-1.2241862316079075
-1.2239654263842108
-1.2232653737789914
-1.2221755592889605
-1.219793675052452
-1.219053603042472
-1.2187408665236044
-1.2181604532398285
-1.2140625553203208
-1.211795935427682
-1.210288794139514
-1.205817617737203
-1.1983060668471195
-1.198233501139685
-1.1936501638659627
-1.1931095206112121
-1.1910166755341276
-1.1897024590709213
-1.1889100383639928
-1.186014108542209
-1.1832202388302924
-1.1828446963087225
-1.1827412952893654
-1.1800421913327896
-1.1791135793817964
-1.1779997293967568
-1.1731824875931005
-1.1731672560268858
-1.1699074983220084
-1.1660161989878897
-1.165460549850241
-1.1633248678928334
-1.159626871360298
-1.153098484703106
-1.1471581124745167
-1.1458265543754953
-1.1451856659584712
-1.1447897874325639
-1.1415565817798565
-1.1368194094376822
-1.1362749467755062
-1.135357459632382
-1.1349809175649117
-1.1339924906382077
-1.1338898459184414
-1.1334540197180951
-1.1321373824250742
-1.1286218356453062
-1.1267834476841605
-1.124595131633592
-1.120026166800046
-1.1159714021739007
-1.1151485764880413
-1.1119208511115766
-1.109654974028266
-1.1075816534011431
-1.1071414286071775
-1.1070663241940162
-1.101213887684438
-1.1009638699748163
-1.1005487888106276
-1.1003758466160052
-1.100182199914186
-1.0984099403926728
-1.0966265764194418
-1.095595583629034
-1.0945612539040346
-1.0905050270875218
-1.0887205081025417
-1.0878985840916269
-1.0876630660136282
-1.0838379238357037
-1.0834267534504998
-1.083386578337696
-1.0793619965790542
-1.078186752206697
-1.0744007314849318
-1.0716264932336468
-1.0710128116547257
-1.0683587591731927
-1.0677996234816671
-1.0667953726170438
-1.066599358601808
-1.063115774904901
-1.0600105143366063
-1.0591713851200228
-1.0556252950899085
-1.0532913697107054
-1.0512768137254196
-1.0501988033161604
-1.0443990766750257
-1.0438320693817014
-1.0391453271562905
-1.0369192443432604
-1.0309962045131023
-1.03009971512249
-1.0298211696167423
-1.0281414145495782
-1.0229382328052694
-1.0206349107515724
-1.0191484476640356
-1.0181494348380595
-1.0177068839614105
-1.0152872095559293
-1.0151157343014168
-1.014551594053095
-1.0124767882289853
-1.0122028315154892
-1.0103657123813001
-1.0077049938259217
-1.0069362198895333
-1.001893034130464
-1.000591764141219
-0.9996772229905497
-0.9992742382194348
-0.9972628570288231
-0.9956714101907913
-0.9956218769579449
-0.9948842459897846
-0.9913498034853865
-0.9897913948317258
-0.9884152602862051
-0.9874686316290143
-0.9836815445588911
-0.9824737344521359
-0.9805305547633119
-0.9764264375970153
-0.9758182783390474
-0.9745524770565851
-0.9722656244270829
-0.9719565061349607
-0.9694250861673981
-0.9652719401919988
-0.9616324497494291
-0.9615098350687422
-0.9589485135348008
-0.9586544901170733
-0.958436642389044
-0.9571988034525063
-0.9558012686291499
-0.9556355236739937
-0.955493435237076
-0.9543304793326421
-0.9516571269880881
-0.9483386408200479
-0.9474393479187924
-0.9461333433970828
-0.9460906325546297
-0.9418877099774936
-0.9396545219461584
-0.9388245428723654
-0.9357262317390326
-0.9349584600487884
-0.9341165408914438
-0.9326251819078724
-0.9269485831524678
-0.9268438867374001
-0.9265567099685152
-0.9247371880450495
-0.924322639047129
-0.9227881446266851
-0.9215590597996154
-0.9205846454562583
-0.9163938118206718
-0.9148322252422063
-0.9126557855455941
-0.9117099898311265
-0.9098755779717351
-0.9060950198455897
-0.9056726739137261
-0.9045710175047391
-0.9035468845036843
-0.9019925617492243
-0.9006097118037808
-0.9000712509427389
-0.8996699868077856
-0.8988035319515079
-0.8980995142984327
-0.8956714190849726
-0.8909624684918223
-0.8881410853390781
-0.8878748882003912
-0.8875649473657481
-0.8852280185682984
-0.8851108636981719
-0.8839105370969218
-0.8802585751292076
-0.8778472726364019
-0.8770927016669793
-0.8768343989902291
-0.8761093658675295
-0.8753740787403691
-0.873256076898693
-0.8730437082280917
-0.8729180649916572
-0.8726770538408397
-0.870397887286218
-0.8663161685883934
-0.8663126217585568
-0.8659138597882965
-0.8658758385198247
-0.8657499580672151
-0.8651368506031807
-0.862831632500235
-0.862413433371988
-0.8619032001797525
-0.8616850536612038
-0.8601301913797504
-0.858808718997058
-0.8566023579690147
-0.8555459613841796
-0.8540971720276137
-0.853304267011166
-0.8522250185387722
-0.8492267111733472
-0.8490876301073654
-0.8482307474460165
-0.8397925743589232
-0.8388412887225661
-0.8383079622191243
-0.8374079480032559
-0.8370553618081844
-0.8368674119463384
-0.8366660873747143
-0.8345613278995054
-0.8308960975450195
-0.8297243139152202
-0.8286965772074029
-0.8278198897296122
-0.8248630035702751
-0.8235402754415307
-0.821114507772716
-0.8200474922173419
-0.808150676846484
-0.8079382060350412
-0.8070930311485103
-0.8042287512215511
-0.8037190730640436
-0.8003157363939403
-0.7999511868874685
-0.7958469273569908
-0.7948998553135969
-0.794144165745445
-0.7922186465652884
-0.7911125706110675
-0.786130741538134
-0.7840635438288723
-0.7827472375645101
-0.7818583927405063
-0.780735921250926
-0.7805182184739581
-0.7787890024022124
-0.7758421174204637
-0.7692454691040889
-0.7674746021693056
-0.7663485056537449
-0.7638411143132543
-0.7621813595983541
-0.7621278286017441
-0.7614418978523826
-0.7608818233950958
-0.7594165783657782
-0.7564830996511187
-0.756147287292388
-0.7555986263462
-0.7525266060988494
-0.7517695728307336
-0.748581556687672
-0.7476220186225151
-0.7472545044645059
-0.7453347966110596
-0.7446271750264926
-0.7437533490480908
-0.7426024376607265
-0.7424856411072038
-0.7387868192466227
-0.7377252141548418
-0.7348701504242081
-0.7337351267279121
-0.733730143533982
-0.7315071074284567
-0.7286954340064054
-0.7285635560030367
-0.7282355383734236
-0.7272911584500761
-0.7258039399878311
-0.7243351652808967
-0.7236777233332039
-0.7223965456395908
-0.7216433899047793
-0.7201950968659765
-0.7190424688190161
-0.7186869775429843
-0.7186405808974119
-0.716661217140553
-0.7157935013960253
-0.7157051790864771
-0.7143661278904346
-0.7119661623083691
-0.7090319275123299
-0.7072221195563273
-0.7069185982032562
-0.7060444018135307
-0.7058912896665976
-0.7023796896718904
-0.7022090791297496
-0.699279997135312
-0.6988609906391535
-0.6983011578646767
-0.6980842242131965
-0.6955797504588078
-0.6953185911627404
-0.6939969736869834
-0.6934357288337237
-0.6924638676407799
-0.6913915568933613
-0.6896002114425628
-0.685022478581916
-0.6818618278363286
-0.6818307880990107
-0.676499585518759
-0.6762331373496584
-0.6725783526578464
-0.6724845067970631
-0.671150828772646
-0.6707166153134885
-0.6649516803100002
-0.6639454407879941
-0.6631374830596731
-0.6623647425172665
-0.6610464233211327
-0.6594687532750564
-0.6586461023857392
-0.6582934642212406
-0.6563557205584731
-0.6552545074187721
-0.6495581970401136
-0.649551687879525
-0.6469927695102563
-0.6463912694287709
-0.6447269053437117
-0.643763054117081
-0.6436534913171136
-0.643161522487188
-0.6430746477342758
-0.6410070400964551
-0.6405800821614513
-0.6394211420161819
-0.6365281066035604
-0.636350323480661
-0.6355695161755763
-0.6346188932008981
-0.6329363006149517
-0.6327164262370526
-0.6316707775154877
-0.630566651292907
-0.6285377636653047
-0.6277167236622508
-0.6254889916035682
-0.6232681297294269
-0.619614897278211
-0.6160890271072718
-0.61097657430854
-0.6107575018585774
-0.6089652628125388
-0.6085906548369705
-0.607819038518574
-0.6055740702416491
-0.6028269633009888
-0.6025998339950001
-0.6015733358325203
-0.6014439460375928
-0.5957643274097822
-0.5951641267299886
-0.5939602569028154
-0.5933755624763631
-0.5890096198540664
-0.5886832992955066
-0.5876787178507745
-0.5872669773822851
-0.5852186798444818
-0.5831066224002838
-0.5785070974985367
-0.5779554210909239
-0.5770458278216138
-0.5761478688989524
-0.5738667161391157
-0.5713949896941553
-0.5684427999243753
-0.5681715708692542
-0.566316690214328
-0.5654303189347218
-0.5651418013262908
-0.5625361655435795
-0.5606875435345858
-0.5568411328500111
-0.5564563228102873
-0.5562308636842553
-0.5558584043592785
-0.5531306225962025
-0.5528243964485556
-0.5526124586275998
-0.5493189909667211
-0.5477009725084172
-0.5473395044521931
-0.5463775510085952
-0.543861744366337
-0.5433726280201445
-0.5427659878441139
-0.54267459811425
-0.5425265970787997
-0.5422016301747999
-0.5390399202927425
-0.5384540903909595
-0.5373494568045786
-0.5355488470168375
-0.5311343064005875
-0.5293879308707552
-0.5270729871907858
-0.5256916113141867
-0.5238551835752066
-0.5235317651207543
-0.5229500490943444
-0.5218824667053739
-0.5212000238968704
-0.5208234399914605
-0.5196015281552756
-0.5155500209272258
-0.5154285585316715
-0.5148758552720891
-0.5147802603641232
-0.5136552042513735
-0.5128455447170706
-0.5118887960306896
-0.5109149106085777
-0.509513617265257
-0.5094646795149276
-0.5092000963799947
-0.5089385787433782
-0.5059077765570852
-0.505425169309057
-0.5044473305919785
-0.5033331570409907
-0.5030856580246744
-0.5028533260432732
-0.49791694136992076
-0.49754776057198963
-0.4949423096113281
-0.49329320192235027
-0.49234674415212937
-0.4914665196832585
-0.490279126229463
-0.4891391592716987
-0.48891478707471614
-0.48612014675267357
-0.4856283548005057
-0.48551488364885675
-0.4840140514505834
-0.4808921430621915
-0.47656912040132504
-0.4748638769200399
-0.47396005352153336
-0.4726468381029717
-0.47243934016359235
-0.471058379319504
-0.46965263020489817
-0.46924507241725877
-0.4684324395981
-0.46768870003544727
-0.46591884534784855
-0.4644484597734262
-0.46354149072714335
-0.46297007336359264
-0.4605729115657409
-0.45984900077543334
-0.45925699613302784
-0.45764633180022196
-0.4575428161532148
-0.4569276298011801
-0.45619147147806544
-0.45509728578725556
-0.4543999666676699
-0.45356342722106446
-0.45120580112982417
-0.44864126039751817
-0.44777869514618385
-0.4474031904884419
-0.44723096330924994
-0.4466484093220692
-0.44556682942257986
-0.4442882838801319
-0.44347964540132406
-0.44256996774931084
-0.43812699682602535
-0.43564729737683494
-0.4356357395174365
-0.43476648905704407
-0.4310001065111399
-0.43087276432285826
-0.43023603617533046
-0.4300404639713181
-0.42696605223744244
-0.42693464894000527
-0.422717161555733
-0.422594799224847
-0.4211089427371215
-0.4200267679482263
-0.4188277973608244
-0.41705283881811483
-0.41458217469593467
-0.4143143064542355
-0.41221528064806634
-0.40937858128366456
-0.40881964485538924
-0.40745278887335745
-0.405746826915905
-0.4033916846589904
-0.4025084366189794
-0.40016355661035463
-0.3993103860145758
-0.3978983793662989
-0.3970417904037591
-0.39699650524691255
-0.3928538666174577
-0.3921150304346107
-0.39151995834505204
-0.39057826479255864
-0.388319309950508
-0.3879106437436338
-0.3865874034796952
-0.38516790990017713
-0.38432576959105513
-0.3834258022322569
-0.3830406450936553
-0.3792194936183242
-0.37793817346963055
-0.3769024736884247
-0.3756077938773209
-0.3741698952379287
-0.37348551987545475
-0.37081364099247205
-0.37063897212996033
-0.3701185844649332
-0.3680237683416317
-0.3626087704121478
-0.3618286738084716
-0.3603747210096869
-0.3602394124805548
-0.35904523457838045
-0.3564680872497058
-0.35600511876084956
-0.3559259081600954
-0.35537931288646163
-0.3550589497272577
-0.35232501990166665
-0.35109986100454704
-0.3475368287277571
-0.3472650118184414
-0.3469558302113483
-0.34581127057623984
-0.3433540605592855
-0.33873312449779647
-0.33620914470107377
-0.33431282280900954
-0.3336408168351209
-0.33263938378126356
-0.3303551756476284
-0.3267291976382318
-0.32551936559442174
-0.32279397421610073
-0.3194293030314952
-0.31921509810002957
-0.317776276169992
-0.3143301625802494
-0.31321083600034805
-0.3127511396411188
-0.311617694260541
-0.3088208565822329
-0.3047264974009999
-0.3044177306651532
-0.3025809031827542
-0.3017456405112794
-0.2994564599292208
-0.2989012655100397
-0.2984503301482786
-0.2974707139823958
-0.29263109641651064
-0.29163867113895386
-0.2900782916950129
-0.2892452735413219
-0.2872343323626769
-0.28719983556239714
-0.2867217880497104
-0.2831857695655381
-0.2814563873561079
-0.28101670489472563
-0.2803999239991768
-0.2802754887920579
-0.28001377466435096
-0.2791074597512733
-0.276554998819058
-0.27622760907490806
-0.27454775659095954
-0.27105945817016064
-0.27103503801296225
-0.2692148867982501
-0.2683178414088758
-0.26661970138458935
-0.26660419858671647
-0.26646441375524504
-0.2652637157644345
-0.2644724527473525
-0.2639907214698832
-0.26215369081696693
-0.2614813501934258
-0.2612582269300884
-0.25956658381811004
-0.2584010340512276
-0.2578561265725961
-0.2576566708446187
-0.2549216838801416
-0.2549058301077239
-0.2544412790188027
-0.25258246651081284
-0.24822621289825053
-0.24756316065233996
-0.24715576293816516
-0.24661551682609323
-0.24320653886633758
-0.24049393435892935
-0.24003512180868938
-0.23970105492068117
-0.23795703529395096
-0.23785755233145323
-0.23441099958408151
-0.23216304277871203
-0.22724872782389188
-0.22638833917503304
-0.22508628070029812
-0.2242731055140289
-0.22342644999474237
-0.22305093938768605
-0.22190411257481238
-0.22186897585748833
-0.22064603544327782
-0.22022341852271748
-0.21964795833575035
-0.21949410438589767
-0.21789603152704018
-0.21755094720091506
-0.2163514182188
-0.21422830616664457
-0.21347252592982055
-0.2127609025444407
-0.21251833228326933
-0.21201097109768607
-0.21145927546563179
-0.21027374614964067
-0.21025848011966586
-0.20973059733993615
-0.2084605077004782
-0.20734608167039942
-0.20009301374998612
-0.1997559821218774
-0.19918601259843977
-0.19858148301243594
-0.19690161823237812
-0.1964065612662984
-0.19582597154647877
-0.19500249948365633
-0.1941882795465999
-0.19226619385145394
-0.19127528763354718
-0.19089801945970913
-0.19042212707328934
-0.189588221823914
-0.18494170289922418
-0.1824553495847861
-0.18180169509254082
-0.18173171333651872
-0.17916644209890267
-0.1787938370397245
-0.1776165637976983
-0.1740351083544157
-0.17380670469909243
-0.17308834931592354
-0.17095670374133498
-0.17085571478774436
-0.16964741884959908
-0.16818324178610494
-0.16703998676564058
-0.1639179366876251
-0.16351806274045333
-0.16215826524756655
-0.16061068857923644
-0.1582953577605758
-0.1567556020629253
-0.15462386194205313
-0.15247711152806964
-0.1524254306880592
-0.1506730194727075
-0.14808849702804627
-0.1480357395684485
-0.1463322671827434
-0.1448826551157173
-0.14356560049289757
-0.14220591959854612
-0.14062254284467957
-0.14025543967825896
-0.13875393529069113
-0.1368063657252836
-0.13587704986749144
-0.13566602588865195
-0.13556848104419983
-0.13532546217419053
-0.13380592273253833
-0.13332475574496727
-0.1322993985717974
-0.13180754977523423
-0.13127201929413682
-0.12907813202449092
-0.12735618943791355
-0.12552866582719374
-0.12370103645331143
-0.12291827040249514
-0.12238170687296224
-0.12170290054285149
-0.12055387062382883
-0.12038442112457533
-0.12022445557026396
-0.11751991436414977
-0.11204806517494553
-0.1085617366310061
-0.10786536248056733
-0.10720107378934784
-0.10704850997097004
-0.10557553791512084
-0.10536972323606408
-0.10459945516421276
-0.10260984914291094
-0.10101756647511051
-0.10047367157287211
-0.09988779555953342
-0.0944572653200434
-0.09367409396892512
-0.08898326516146271
-0.08784809532199322
-0.08737369056693534
-0.08692850069814928
-0.08426362251190722
-0.0835422629096086
-0.08157968030489253
-0.08082710060042358
-0.08007765678934609
-0.07899046286936051
-0.07734729039702354
-0.07681692409941607
-0.07658079605962853
-0.07508533728123817
-0.0741198143425944
-0.0704963465725087
-0.06902865904641142
-0.0685270523096585
-0.06492283710687752
-0.06282748179363062
-0.06264084644055047
-0.06152925484037053
-0.057090102679712595
-0.0517556978572572
-0.04937977498987911
-0.04934860947565867
-0.04707851581526512
-0.04528504198483707
-0.04190368868090111
-0.040390417653047156
-0.03930916396438655
-0.039046736600708454
-0.03694776904072139
-0.034107938242507796
-0.03338190875789493
-0.03188360415124558
-0.031134803757988383
-0.028125143114260953
-0.028072951232428478
-0.02742284462742664
-0.024852191453003436
-0.023812063100121572
-0.019196623307103367
-0.016398326626578696
-0.013499654402973071
-0.012918394356146612
-0.010377455420962134
-0.008657346174153258
-0.007703378407750677
-0.004749711915566557
-0.004207623243805969
-0.0037431386977897496
-0.0014281126684930756
-0.00130733172264752
-0.0011439386409699548
-0.001099645264057425
0.00012723869547415223
0.0014348184907264638
0.0014758217868499068
0.0016646457132477588
0.0034552391972870744
0.008183107490009611
0.010731590774038182
0.01113512583820997
0.0120872907039008
0.01275407533810241
0.013128640093023558
0.013418946729671477
0.013534245686365631
0.013664613029959916
0.014822296804186452
0.01503473225169949
0.015747985111693397
0.01692828521661799
0.01837343941447661
0.019862923758890205
0.021824431715987636
0.02215811862867434
0.022993932452119448
0.024586966591273463
0.025604632445945796
0.02593336430447829
0.026377970413738572
0.02849608731305997
0.030609804493695658
0.03316980764487942
0.03587674071251823
0.03612996851640027
0.03789323142061929
0.03814607549644938
0.04639751094415068
0.04657226311191953
0.04773988921524969
0.04775340590340871
0.04937048985149595
0.051755304866051954
0.054214307180930676
0.054394950249539664
0.05510622814758781
0.060163607705007394
0.06041642664389259
0.060968827084245
0.062018040649474
0.06428755036735256
0.0644964052376239
0.06458986229500202
0.06844714742097163
0.07218053601983043
0.07322945989209212
0.0739531201467315
0.07572421657144368
0.07574278642417975
0.07718611874710768
0.0775529130781844
0.07820041055735477
0.07995275891597897
0.08121687943011835
0.08463445721418117
0.08466595914659186
0.08742363040727652
0.08787257613935062
0.08933123143413502
0.09009964803357262
0.09040333838483228
0.09103462822934597
0.0919113256627494
0.09384050734332938
0.09610653050028228
0.09862945904095954
0.10525870719811709
0.10624002416806488
0.10765378936836523
0.10810488274810148
0.10821644449006826
0.1084066480114727
0.11238029116611431
0.11621667548953485
0.1163518294804001
0.1176709594984724
0.1178371347373991
0.12005650038349291
0.12026846410678971
0.12059677288371423
0.1209162623294487
0.12255506962501195
0.12346072706857253
0.1242252253673467
0.12474191533897405
0.12624918090311932
0.12693449988223665
0.12709776002881035
0.12887187225695107
0.13197733882567253
0.13329970116742518
0.1343415610981631
0.13646799245481822
0.13766112331297564
0.14047798802102096
0.14069914040275872
0.14462901654776983
0.1454490853627335
0.14586083879424888
0.14742126648396459
0.14854125464527768
0.14865008201983265
0.1530730383834642
0.15379883818774587
0.1538717404651503
0.1545164477575791
0.1555586597365507
0.15571609420817584
0.15579704682081136
0.1558646468321588
0.15860184496514884
0.15999345373509832
0.16087957762341484
0.16238930893072184
0.16261887969694688
0.16737566015519578
0.16766853168928542
0.16826581207688363
0.1717037929122336
0.1724004288182454
0.17391018210527476
0.17486546926889535
0.18021167174174765
0.18062316503651332
0.1818312214009451
0.1826637223092027
0.18459756309514352
0.18573286255439303
0.1865331009919886
0.18669761972954513
0.18723565075224202
0.1884079368374766
0.1891881144449069
0.19001088108427855
0.19213245045524097
0.19262171622987345
0.19365740517820773
0.19516032714205372
0.1957781338594975
0.19579847520498916
0.19682679271007386
0.19779234252597377
0.19939631274142833
0.20018955047646947
0.20047346406383415
0.2005430254667634
0.2008445744185724
0.20155007279180892
0.202098624992201
0.2029241555716399
0.2032782546032612
0.20486134518631227
0.20756260197742527
0.20943599576321492
0.2102999323289243
0.21170258176208742
0.21368856610818387
0.21422186220069117
0.21440143983500826
0.21602647883781112
0.21696078381732986
0.21752136303992764
0.21759967517961787
0.21895718501522277
0.2198464221967114
0.2202693632768925
0.2214140288556733
0.22894133957270113
0.22934398690094887
0.23006939485842226
0.23167788998745054
0.23204956503446827
0.23406364260891233
0.23443674344912124
0.23793654305101564
0.23834226965924543
0.2385737151550415
0.2395654043660717
0.24181235350856134
0.2418703411183074
0.2429946582028626
0.24407788362046812
0.24426990514880498
0.2456788095164043
0.24706143679646192
0.24774010826537096
0.2494151228234828
0.25096758035002587
0.25114330833752674
0.25182309565583827
0.2518960167237538
0.2519264723559278
0.25249322607036206
0.2524994056331774
0.2528418963989676
0.25530894298740947
0.2575258523608579
0.2595026244783532
0.25999900185062624
0.2605252530310889
0.261217918303846
0.2640693444087646
0.26739385936577365
0.2676349505056951
0.27097796056997137
0.2710897635275653
0.2711003756687377
0.2715668664647812
0.2734447413774874
0.2738948917962684
0.27751669232771914
0.27864284971308184
0.2788554274872553
0.2807585538420964
0.2863727089184954
0.2867969006804243
0.2880160035433031
0.29229485516873843
0.2925153872744911
0.29318480993138574
0.2946947702411038
0.2951118603709082
0.29624269461247765
0.298188124157985
0.30225286106815663
0.30354055549843595
0.30920167893072426
0.3092038168451673
0.3093019903199443
0.3093823461353307
0.3108528379498976
0.3137568913928691
0.31436725955223277
0.31443505030701346
0.3150109198101928
0.3163046487500859
0.31763917592986
0.32062979292599736
0.32155707321034643
0.3233304081463733
0.3252149071817957
0.32574363565722775
0.32578291945353394
0.32682219832058473
0.32805468114572367
0.32828648058060383
0.3308255653261039
0.33103076387673286
0.3350495777601744
0.3373651181774018
0.3375978607012677
0.33807618457717803
0.3389611064671985
0.3392567507141342
0.3405276254116793
0.34467981691075944
0.3456045423350015
0.3490241457890957
0.35046021124306226
0.3534189075972153
0.3545932536144756
0.35499059855998066
0.3583537254345682
0.3606187647626773
0.36120866888457737
0.36179486154582025
0.3649542951965211
0.36702148392861844
0.3674527605252983
0.3698111390013548
0.37009431595390974
0.37035874866530333
0.37050452907313447
0.37132736605625405
0.3732388768419516
0.3740190834169107
0.37569101413987094
0.3764069174624455
0.3766794975640263
0.37832716844061387
0.37856775074755966
0.37863583337045975
0.37940300703902474
0.37993795097129246
0.3802800812591702
0.38108510108982707
0.3817911582977359
0.38580599793746506
0.38729918443648703
0.3906614129259986
0.39602316554179723
0.39613456654122914
0.3974561532461994
0.399897376240423
0.40210487675361
0.405924392207719
0.4075283812973708
0.41096605748940507
0.4116659191710934
0.41276929744878954
0.4192841433396265
0.4199497821822025
0.4201905925745204
0.42160171052830503
0.42195627409778924
0.42381262774696404
0.42424171508994646
0.4243047540225544
0.4278909281227107
0.42821629210993206
0.43190734545204923
0.4341461122592908
0.4350638075935403
0.4364514313206106
0.43739764283384486
0.4383981051393318
0.4393996512386569
0.4406455878111865
0.4456105252476331
0.4459355599242081
0.44613734923311654
0.4478047408189515
0.44798827539995417
0.44869910820401737
0.4498613612912927
0.45313620514093167
0.4536713479222869
0.45534382218877867
0.4566783580022599
0.4567335207972968
0.4596437719563099
0.46078550294507525
0.46417301701023744
0.47139137241439577
0.4722094494050872
0.4724969360996306
0.47266447812383017
0.47311356437619495
0.4773680068840792
0.4818732911433804
0.48321371686172343
0.4832516890255878
0.48373030233429637
0.4839691709427487
0.4839827356707785
0.490928266876944
0.4917483588571545
0.4952885560824856
0.49931499664443413
0.5014656938352426
0.5077845585176319
0.5097454478644204
0.5101910236566739
0.5113588769194499
0.5155236485110533
0.5156948475651609
0.5164191747336642
0.5166707896282023
0.5179888243342332
0.5181875138497015
0.5191930384747854
0.5198596032758512
0.5202746803848479
0.5243342812564274
0.5243754421812153
0.5261112202953337
0.5286453746269911
0.5287178007268207
0.5296738597992913
0.5315652571975593
0.5321909752933323
0.5334773325330636
0.5364520894010899
0.536636486499799
0.5440655472832774
0.5457972833476343
0.5481426629414737
0.548304486875089
0.5496169702673378
0.5519834591118784
0.5527114667485067
0.5547961657970842
0.5564332780552002
0.5565164372151751
0.5574622206000895
0.5575043745211025
0.5579923513592016
0.5584714627516649
0.5594528254676148
0.559546128117342
0.5615145941015827
0.5618262129194362
0.5623713151056315
0.562890187110551
0.5629305301072296
0.5636084109760235
0.5636820245963067
0.5638235152511226
0.5641523333942788
0.5652657098128739
0.5674751813874069
0.5676337650795702
0.5676546634892489
0.5685161848343981
0.5748550308450353
0.5749353204737007
0.5762345244832274
0.5764355618219313
0.5774655719219675
0.5776094247974094
0.5776620347696233
0.5789234632427931
0.5832199038112214
0.5838054327337021
0.5841007628873768
0.5842595367293988
0.5842881713837843
0.5849899788293133
0.5863941737975498
0.5866571944482335
0.5867005658326633
0.5872734554606786
0.5875537332155385
0.5916399844787009
0.5918609575659866
0.5929167611779482
0.593947395256829
0.59461182949454
0.5969394192931504
0.5974030270026515
0.5975164669569633
0.5990522140969988
0.6000682092165761
0.6001808240184616
0.6002049703387149
0.6013601105593906
0.6022142425425683
0.6056466469191083
0.6060220969686771
0.6076027700433234
0.6080547369703557
0.6101815650809734
0.6111484180134793
0.6117399422425505
0.6141148966555193
0.6162124500046113
0.6182473049247539
0.6191091949116432
0.6192011512459837
0.6218914318289217
0.62565525138365
0.6292397468768787
0.629294043887202
0.6341879420682915
0.6366425423897004
0.6368106717368334
0.6389895532345455
0.6399666428324217
0.6408520741820664
0.6428114822016352
0.6443163143896813
0.6443400090419203
0.6447293640073986
0.6450005541784181
0.6458162425060825
0.6459732205779172
0.6479713798873763
0.6505651405617126
0.6507474103939814
0.6509098270003164
0.6524808865413737
0.6524816032500602
0.6551281524711198
0.6556597661120757
0.6557677807546203
0.6574972668050705
0.6604021010759255
0.6604969360314904
0.6623386083992746
0.6637437182923827
0.6659593715448462
0.6686242972327139
0.6726256499579828
0.6728149439150031
0.6774300668483086
0.6780021253238007
0.6804354375706861
0.6841604464900868
0.6858148482370491
0.6869499216702999
0.6887265867189363
0.6902940867111138
0.6906964861428984
0.6931294627282455
0.6945097117792705
0.6962469866428065
0.6966161881563164
0.6988386721633099
0.6989075443506164
0.7010552838385717
0.701093796748212
0.701818799649982
0.704322640384081
0.7070993428206241
0.7101520417703304
0.7114287463257032
0.7121010443348242
0.7138347922632429
0.7140265779744235
0.7200107044750217
0.7209310327836704
0.7216862170907966
0.7221949034706665
0.7245306675945494
0.7246591604384791
0.7256872988283545
0.7270140461764977
0.7304801637501939
0.7335138984790879
0.7370653407550263
0.7393928263013387
0.7402376781371687
0.743480077078229
0.7449237135665767
0.7449942152281739
0.747135313854834
0.7482038590953165
0.7518757263960126
0.7553937836636277
0.755561503086032
0.7589481207068486
0.7590679289839349
0.7592265171976185
0.7598469404430418
0.7638497396159378
0.7638569719024983
0.7642449723992717
0.7670108130003623
0.7715643760685571
0.77240395127584
0.7763940319265513
0.7764830254187511
0.7768941143535608
0.7778588883193934
0.7798469493728113
0.7802883535517411
0.7804286535184719
0.7824429948826612
0.7846811852665165
0.7918251819165253
0.791946134036596
0.7921499611403794
0.7934955203176963
0.7940595549658823
0.7940710666976409
0.7945698209250754
0.7947007180151147
0.7949604431663907
0.7949646882576261
0.7956917750214386
0.7965451042542855
0.7969845391261682
0.7981104935478626
0.7981380450438188
0.799825937092854
0.8008767007788542
0.8022015008487104
0.8024309763677973
0.8029189922435478
0.8073170156455559
0.8094474355034315
0.8104273458213641
0.8138008112545306
0.8209921845813944
0.8220772063617073
0.8224177824006821
0.8224448146200714
0.826297692295846
0.8271934099131613
0.828365071872431
0.828891405944364
0.8295528748682487
0.8308243432877499
0.8326358436752177
0.8331885678913856
0.8333108296641409
0.833456884150273
0.8346349790167269
0.8346870280500915
0.8348556368944495
0.8364624474343967
0.8366868926617079
0.8379755179957691
0.8395080445388066
0.8400781582962479
0.8430683095203592
0.8444672319453381
0.8447508212295539
0.8463319472974964
0.8487247323977223
0.8542358060542377
0.8545067207475838
0.8576545848274301
0.8599119578371158
0.8603741077801323
0.8606723071930392
0.8639468961372898
0.8646969658687746
0.8649137307346483
0.8665339811307671
0.8676278847359404
0.8683106624983498
0.8689848945317366
0.8722540780246981
0.8732134574870594
0.8759169744451408
0.8763925646268159
0.8774106933194252
0.87866205750378
0.880056500934179
0.8818529117094653
0.8848854688307509
0.8854922426994166
0.8861788295997546
0.8862151237482152
0.8875921902665214
0.8888783161392264
0.9001482326882573
0.9029035900100011
0.9037597250687481
0.9047280591725464
0.9058457645737451
0.9086586601908719
0.9093539880021413
0.9098024789128739
0.9109173394665917
0.9112340372871715
0.9126695273823807
0.9129540864476081
0.9131303763290056
0.9132163523393969
0.9146933400518346
0.9199286149471437
0.9200622910884162
0.9251915944124484
0.9323661350200302
0.9336958437159512
0.9337541547118696
0.9391459407900077
0.9391551072074039
0.9408666100893757
0.9436819816014543
0.9440254641258181
0.9446249594158863
0.9450479773299268
0.947936510705601
0.9509532016263296
0.9510625860246884
0.9513625621055566
0.9542627726963607
0.9554952135737794
0.9592193858128797
0.9608188509853395
0.962422118224292
0.9636078155197954
0.9683637229366611
0.9703744179968309
0.9711708304489097
0.9720086921164811
0.9723831206714899
0.9733351998454574
0.9733779276921309
0.9751018228983069
0.9772136405198919
0.9779955650197361
0.9814523345524543
0.9828415238015743
0.9848309920211096
0.9859512820828198
0.985996492069406
0.9867110490015948
0.9868373514800108
0.987304055908024
0.9875790975613696
0.9877466371257383
0.9906713370101479
0.9920253333185681
0.9921193528952749
0.9957800434331882
0.9972704696160695
0.997431208332424
0.9983265792727547
0.9987170955236304
0.9992665982845128
1.00125285295743
1.002023451576505
1.0071385167400908
1.0074476571753666
1.0083384862187699
1.0083582804391138
1.0098956856797718
1.013607904812684
1.0147457878906412
1.0156381824958434
1.0193423018444892
1.0200168333931425
1.020172531748959
1.0209457335490257
1.0223439676707593
1.023162483917362
1.0255809761461274
1.026746370721156
1.0268719539826243
1.0284054608273423
1.0284509799787689
1.0287788370648872
1.0294905447838494
1.0301169664585645
1.0317383674398735
1.033795853600797
1.0364767387245835
1.0381512480322816
1.0386400072695623
1.0390471593935036
1.0393391884739498
1.040090576213058
1.0448441903073709
1.045366608189438
1.0492783297198776
1.0496035509572095
1.0521580615471906
1.0537004740722664
1.0538988490240981
1.0559930069694916
1.0590756442965046
1.0606594259012425
1.0607383543632194
1.0623848187093354
1.064155885219951
1.0652740800509006
1.0658770616145827
1.0665799431711325
1.0679368218713399
1.0688059586406584
1.0790744268706982
1.0812854326774413
1.0833230386370234
1.0833801529683358
1.0857134399010215
1.0862017863140059
1.0899475454477818
1.0938652864400633
1.0939712024564905
1.0949264669044938
1.095093561000641
1.1014747272495533
1.1031543538047015
1.103700162120908
1.1038426398161394
1.1050588555470153
1.1066443839750686
1.1068695940621034
1.111228422774641
1.1118408131967474
1.1170265314532348
1.117636444131349
1.1184709757041233
1.11934183548454
1.122744825042591
1.123869487983542
1.1275807046339281
1.1289896285274703
1.1306410699384972
1.130735062049115
1.1310202748111835
1.1320304632398366
1.134716733426247
1.1347179890880523
1.1352228993725402
1.137909554182355
1.1409245405942965
1.1419921497949568
1.1439186959787861
1.1442073307541631
1.1549462079932287
1.155787088375992
1.156942564134608
1.1603723076318735
1.1627988993201095
1.163622559770671
1.166437203113152
1.1665419754616049
1.1711752714521582
1.1719590856027147
1.174756554795763
1.175315533218602
1.1775336004073194
1.1776983012590212
1.1780414230985212
1.1785942465450598
1.1792126643047238
1.1793890755917509
1.183778556477623
1.1869046166586013
1.187532905188582
1.1879716142978034
1.1909669503229259
1.1945341095694717
1.1952567549954656
1.1966258938403094
1.1977372761587746
1.2032010223226013
1.2066057698346464
1.2093711502405828
1.2106180554338124
1.216988064120371
1.2186700282285288
1.2235915705105078
1.2238134797700468
1.2249439199935752
1.2281610652928971
1.2313851779536904
1.234208679142652
1.2374023696396135
1.2391669327337862
1.2395633784869018
1.241886699727806
1.2424883748632958
1.2435077121232716
1.2436581044754007
1.244858322673172
1.2533523122501018
1.2563678570728225
1.2591589518124087
1.2603243886747277
1.2621173013598856
1.2656329921116751
1.266036967083921
1.266526577051176
1.2674125792612485
1.2686656762196926
1.26890771818106
1.2696861522728495
1.2708984440835462
1.2721372028108688
1.274810133728115
1.2763357068661112
1.279733107089922
1.279885519189977
1.28151618930835
1.284277056633773
1.286361824600759
1.2882259536218366
1.2926283784743071
1.2930726830048749
1.296720422758152
1.2970077237390512
1.2984681629052757
1.3072866821640343
1.3076946103675968
1.3083597504900668
1.3089646559357768
1.3097648145137657
1.3114558239212073
1.3119112678198528
1.3129161170371968
1.31300104173542
1.3152203789714803
1.315395917916759
1.3164025524662484
1.321722506292807
1.3293184454005946
1.3302478020132216
1.3310139123282934
1.3310563650145595
1.3346600104218416
1.335212380657791
1.336297348238272
1.337414570927133
1.3394589477568957
1.341092444848864
1.3436802144331474
1.3459660181348045
1.347848056101091
1.351156830238894
1.351726863356551
1.3542528283519926
1.3556892458212642
1.3578340227303136
1.3583424328369522
1.3596763129378957
1.3605776202680635
1.362310437755457
1.364764355701181
1.3662419179752054
1.3688421203838057
1.370978052445663
1.3737626519964763
1.3739701737349912
1.380386040288722
1.3807535200084327
1.3887797662368935
1.3972102996255367
1.3976890744496875
1.398427074672475
1.3989448382720528
1.4009052343459847
1.4013371030012989
1.4032081321506946
1.4042683823917383
1.405337188355468
1.406404274523263
1.406573887999411
1.40812149856374
1.408143686523974
1.4087347886850794
1.4091830988665695
1.411480816901264
1.4115939217393252
1.413395115179755
1.414017069613024
1.418252321295363
1.421876682951935
1.4225131715755708
1.4265228466318103
1.4267437180009221
1.4304781169470264
1.4310767986730522
1.4313233465274258
1.431456170028187
1.4321820016382603
1.4327534747229782
1.4332335697529126
1.4355940993743057
1.4378333597206763
1.4400971895563577
1.4431512050173476
1.4450617199611475
1.44572571711095
1.445795644110233
1.4462788068336043
1.4491935665889746
1.456284747986801
1.458597378132973
1.459398867630995
1.4635885602624268
1.464548113747912
1.4722034744283272
1.472466387368689
1.472800056849418
1.474193641719412
1.4746446767628332
1.4764716027462144
1.476678132949186
1.4798722625755407
1.4805191155033546
1.4829168027919795
1.4835331304895734
1.4912022755296754
1.4947798646628148
1.494936977113357
1.4950536011450257
1.4964590033751985
1.4973437481389502
1.502970801680362
1.5034056290698072
1.5115229985277914
1.513076251281614
1.5133938951700652
1.515284671481099
1.5169925059242413
1.5213167764272644
1.525066294598994
1.5263672719585868
1.5292225508764727
1.5298814104600227
1.531645073545297
1.534366175530716
1.53878483068971
1.5402466361540443
1.5411221764104095
1.541891080104123
1.5445618938796697
1.5464643061058578
1.5468284297494066
1.547139410623151
1.5504550001414246
1.5567608673088262
1.5573043399597934
1.559958491105528
1.5631244917656155
1.575438407017969
1.5756656392775112
1.5777761517114635
1.578794643449679
1.580314150567459
1.5803950662758401
1.5805439775800991
1.5860889864294077
1.5900641818321186
1.590409605773411
1.591833729718724
1.5943748465093888
1.594629262055415
1.59479787881252
1.5973785591691239
1.5975694800128797
1.599421551571289
1.6022824024016187
1.6038622070498643
1.6045739760321402
1.6065373112142918
1.6096046266538035
1.6097173487827525
1.6115793884999334
1.6124934351563929
1.6140071324945198
1.6177930777595135
1.6183228340701776
1.6201086723524687
1.624328439471887
1.6253894479364717
1.6262293805010382
1.6310295273252162
1.6321249186379392
1.634063392370419
1.6348988125531716
1.635091059585372
1.6355643319057886
1.63751629718875
1.650218742036834
1.6578043207638247
1.6624014464043548
1.6668023209293301
1.6671188765377747
1.6717331694839794
1.6721459450680172
1.6742853638520265
1.6768449002233539
1.6786520042665687
1.6833897661846144
1.684493294076934
1.6873317043272498
1.697666403159032
1.7014426623129992
1.7075686253475295
1.7081730471948728
1.7152696831186087
1.7211805731911252
1.722151650808081
1.7289364755561536
1.731133406231009
1.7316923006228682
1.7373421602201384
1.7400410247453837
1.7411013435780929
1.7417058690133485
1.7433200598760923
1.7509960440255103
1.7511893742167606
1.75195702524086
1.7532505691716607
1.7533225683885654
1.7579927181216743
1.759747487114157
1.7695606681827318
1.7715741056092358
1.7837075241582405
1.7918018275465202
1.7936298258813568
1.7946031437991792
1.7951063192401229
1.7974866960959992
1.7999227518699583
1.807091304541053
1.818495691858996
1.8231918376892433
1.8233036534018254
1.8237052027330654
1.8268440944519178
1.8452817456681316
1.8481689103534993
1.8492191557581914
1.8500857560370014
1.853788713105126
1.8609809942874531
1.8688877779229989
1.8699474154360811
1.8716452748865784
1.874952991515983
1.8800286052095037
1.8851159195426912
1.8860330612287628
1.895112504346801
1.9070148729722372
1.9126113970372942
1.916745547484819
1.9183178346299687
1.9200802696522148
1.9215387806512276
1.9223281661715101
1.922789824030947
1.9247968034190737
1.935815551192258
1.9514463377217905
1.9570786827497628
1.959159817738044
1.9598627902270171
1.9618784554240887
1.9681798425904269
1.9711784295020158
1.9812624381784731
1.9884816086198933
1.989424359302165
1.9971623691869937
2.006593804408465
2.0079266944165726
2.0124490464885225
2.0328467620582407
2.0467805961387677
2.0488666094473267
2.0572730769949215
2.0598845669192043
2.0732526001716325
2.0801552270106676
2.088149423321486
2.093473508163328
2.0955505916048227
2.102648550008132
2.1289003419332206
2.1324164849602543
2.137305542008056
2.13977669591116
2.1436550514610127
2.158791240164426
2.1679181032339767
2.190389711907836
2.2115792270118346
2.218995423098694
2.2191551733305754
2.246493064480986
2.2481814689784114
2.2575513775506013
2.263701923130957
2.270773798943862
2.278331968762731
2.2856558806164156
2.2864650852782806
2.3067585284724625
2.3103548610864575
2.351386594412763
2.3623498850382445
2.3840008421622354
2.4019357016963383
2.415603988308961
2.4297593179316164
2.521613615654018
2.5476576477744306
2.5477602812413638
2.56763485035523
2.633210387179389
2.6730450945348943
