-2736.9293983549915
-2054.7529002788065
-1645.8242254418672
-1645.068104738741
-1644.7350491813413
-1268.2610703781936
-1265.6870320127114
-915.5160014576946
-591.2267986713074
-501.501496904665
-354.0293189803117
-353.6307656826253
-345.8602835526994
-314.36288897090736
-292.84453467415676
-288.39325035105094
-277.86932693167324
-248.6508409451089
-232.33739546306919
-222.93218934361232
-219.236990423817
-206.44498855857148
-202.1600477681419
-201.45809371662537
-185.48632953479037
-153.71322694018824
-145.5872343540853
-128.46975809335004
-127.92480797834575
-126.51068867373479
-119.16932225260115
-119.12295381996984
-118.75833123851692
-114.16368970439487
-112.26969978968502
-107.89200785884569
-106.92027310922863
-106.26765124138859
-105.12208330149595
-101.72661387476754
-100.64299755184747
-98.11489396539217
-95.87674703104555
-90.8098132415692
-90.64727648512795
-90.62739952131946
-89.14291394090425
-88.51924847706378
-87.55404270929652
-85.75838793852188
-85.71176925475076
-84.36222403088114
-82.51728917700082
-82.40250486217948
-81.70896767917742
-81.20200904686747
-80.43513186082775
-78.45520984810763
-76.1749988729855
-75.98238924535093
-73.08338937527256
-72.31413684659894
-68.38196168045175
-67.61695791459515
-65.42777637351384
-65.24387273818596
-64.82354136743307
-63.18959820760041
-62.928661735144296
-61.945005864768376
-61.52579666857941
-60.00215063029686
-59.38021432669351
-58.40854576035746
-56.937367777834254
-56.51983025048122
-56.2962608496394
-55.84150534411928
-54.51238422926818
-54.24320757600728
-53.09262139780955
-52.69814106780345
-52.69053812341744
-51.13950523488334
-50.614212315793814
-49.90980152809934
-49.87483180491401
-49.35811233157714
-48.51527956307318
-48.25146031935466
-48.22707821657472
-48.12743541800464
-47.12403194508416
-46.25682572387969
-46.03529818290575
-45.99062443502257
-45.54050588416475
-45.0614059218633
-45.02531531131989
-44.83910157254018
-44.361733781549276
-43.59156501657188
-43.148109414456975
-42.385829370479314
-42.17597384224359
-41.76219666516378
-41.4594135505177
-40.295856059526386
-40.054662281958194
-39.799768407623766
-39.72265946081075
-39.53648947384473
-39.42539587174839
-38.4905304461802
-37.763812596715354
-37.75766443548024
-37.02175279605963
-37.00093324170567
-36.71550983748879
-36.512192459807466
-35.740838132260535
-35.52653690601302
-35.086608046793806
-35.07378900633532
-34.34472695788655
-33.735137721709336
-33.58910636980388
-33.5450807063832
-32.78585380797709
-32.48448884283968
-32.482265215064096
-32.105937150376455
-31.350390711544748
-31.253783101601577
-31.016017811482698
-30.963914192240704
-29.924710102653457
-29.840177881680688
-29.570408458460207
-29.49390947017246
-29.38057427665137
-29.141941089686348
-28.779005497741256
-27.989456295987186
-27.946517076534914
-27.636299798322746
-27.611813055669536
-27.5684728410059
-27.00683660764913
-26.974813184934398
-26.96882781465062
-26.77537978986791
-26.24743402012642
-26.103382852992972
-25.788487893473594
-25.622187764411116
-25.580336915700315
-25.424266782244686
-25.175400212168764
-25.1192296814246
-24.851908170174497
-24.499524308077373
-24.483260553840108
-24.311734438055975
-24.250672097038564
-24.228165387154938
-24.204962504529124
-24.165603459951974
-24.161843621617585
-24.114218292308962
-23.806631500553603
-23.805105414658726
-23.713209795018248
-23.69674725003733
-23.5941716108349
-23.470876428188973
-23.45231888221197
-23.395180921334543
-23.25744848396972
-23.213573137533388
-23.180389121129142
-23.07788979853906
-23.07530668932449
-23.037250319165743
-22.893966527603148
-22.86040421669927
-22.73543056806475
-22.610109445740434
-22.587419241949284
-22.58425628513301
-22.543715354264364
-22.512564859828498
-22.464092592369877
-22.207829431795542
-22.052948107662765
-21.74490962116726
-21.709917719942574
-21.637930839657617
-21.594218259642428
-21.501832363941045
-21.491879471936148
-21.46945654407081
-21.46469795241012
-21.421223262653232
-21.08564634020933
-21.027906936939743
-20.866516133398832
-20.815189436570506
-20.8013566765411
-20.69796265817308
-20.65435570898932
-20.61075792636429
-20.538240374726676
-20.523244159072465
-20.50099966300429
-20.436145912016563
-20.20172450435914
-20.149867023865013
-19.87592355439704
-19.852230265346297
-19.851085239653127
-19.802725569925155
-19.794026594511813
-19.754350504541662
-19.70084292400584
-19.560486533699063
-19.493042147276643
-19.459015780391216
-19.33459018491055
-19.318200361761587
-19.317859591850787
-19.123762122380615
-18.99410861435812
-18.95606125634585
-18.685723791360505
-18.60237727704987
-18.555767758382682
-18.527442868669436
-18.50035529684114
-18.368553871787768
-18.336127449952777
-18.31999310527433
-18.244789586238426
-18.205817414481466
-17.849392575990098
-17.807193508144124
-17.73915742171876
-17.709562095964817
-17.5686681131942
-17.52233469963999
-17.389960217134863
-17.3290965822019
-17.214948488069126
-17.19304574874641
-17.166253446338835
-17.143360143061898
-17.123515320873963
-17.070021453624936
-16.976637589742392
-16.900863132764975
-16.853100036516423
-16.76540048649088
-16.754661292527548
-16.717963135445327
-16.601898633380877
-16.575075108981665
-16.542541143317614
-16.49889832163176
-16.488400280257473
-16.487634012777704
-16.310050965160688
-16.30062321482526
-16.2655678228159
-16.19972023980142
-16.033572056348426
-15.989171049756736
-15.968533485486349
-15.934515354851037
-15.866779625123455
-15.836160234578724
-15.78608785739707
-15.764421340492635
-15.718775525221565
-15.687160096517708
-15.646832303926804
-15.592316998688716
-15.498775998919873
-15.390387365364633
-15.347319901348694
-15.338228614907267
-15.22925064149126
-15.223395247565955
-15.164937289338408
-15.082507914760846
-15.077799094424705
-15.07105145154987
-15.065979068265504
-14.863591981875732
-14.779227388030998
-14.737563722897837
-14.735241156791806
-14.59318966106801
-14.578183107586796
-14.509656796825421
-14.456478106867156
-14.393131578860373
-14.350342550491305
-14.154662735939088
-14.042564635501618
-14.020775699408015
-14.013363706834118
-13.997088485478356
-13.983783438859362
-13.973815815545548
-13.949655476700144
-13.941194205755666
-13.907015183982425
-13.90698016186416
-13.874094036504403
-13.734671494478398
-13.718889255129524
-13.667899062945825
-13.651508988786901
-13.535471195942161
-13.520625733593349
-13.490509571125218
-13.482784788835442
-13.481589629441798
-13.427865107062232
-13.42445832257377
-13.400366849692826
-13.400017197259858
-13.38144314811439
-13.337416831668003
-13.328274843886348
-13.312649962852968
-13.278488665851208
-13.218629137253025
-13.203261851215043
-13.192329856284863
-13.171636945685007
-13.163905730437772
-13.154710582246876
-13.11928671264615
-13.07498408797101
-13.040943238543587
-13.038701193849281
-13.037933408669545
-12.942817087254689
-12.93691087496307
-12.901213675307055
-12.856020745281958
-12.778304772907106
-12.736994889277417
-12.724383482405404
-12.415508803922275
-12.379122940700663
-12.356185279897058
-12.355691942180524
-12.306286417197068
-12.228405193200922
-12.166576925086336
-12.15728535044136
-12.141353272378645
-12.105933386837474
-12.05641290517341
-11.986901550803449
-11.961033235078238
-11.897114472251616
-11.832644699322822
-11.82032452425859
-11.710024709624243
-11.67696668738327
-11.671421519540841
-11.666385157864715
-11.65613735363274
-11.621869115055288
-11.55173925029257
-11.53423658526306
-11.532955998648173
-11.513471421820125
-11.466530271835623
-11.426413686942
-11.354786439916017
-11.33085080815104
-11.282280485322481
-11.258534983249898
-11.242479284714136
-11.225067327758078
-11.195739022774909
-11.169855504808757
-11.161703658615142
-11.091508055561373
-11.054183488373676
-11.008342790237505
-10.98290711726689
-10.973318872630497
-10.957798975680584
-10.895831020187604
-10.895471129104244
-10.88341933797776
-10.836564697774747
-10.834476002830058
-10.802101328879077
-10.78527701964325
-10.75581360639433
-10.753836919767597
-10.74006155229327
-10.694620160192848
-10.59520431927254
-10.58844231605522
-10.584656145815527
-10.5632448761001
-10.520387263528548
-10.453014518541853
-10.444231315420359
-10.411674448501348
-10.382891596475632
-10.369889400200975
-10.331950669545648
-10.326987305507814
-10.310093715108883
-10.299295702628754
-10.266196844023892
-10.263714764530189
-10.233803412461
-10.2108995347014
-10.195925215745788
-10.167142003293208
-10.1231526558713
-10.097936191325628
-10.085697013728094
-9.950370950209885
-9.919682370056874
-9.89687755670408
-9.886608602435416
-9.853831424122154
-9.849836149862195
-9.821458896010867
-9.820344333265982
-9.797395480440994
-9.763365486705466
-9.74030036211189
-9.738411696989061
-9.704204368644252
-9.696298084120428
-9.676886112304866
-9.671155022829293
-9.635023029723872
-9.619500600040483
-9.618995647329744
-9.617447656416743
-9.602126942958524
-9.583830046978667
-9.57856610037518
-9.527344211207097
-9.460290348181662
-9.453629779809635
-9.437558273422132
-9.42959944166532
-9.380523374569755
-9.378219767721502
-9.317449019624526
-9.2720403949034
-9.258693364708904
-9.245197009062887
-9.24436066612533
-9.242371325396514
-9.211063251473995
-9.210873283531207
-9.112516630880435
-9.10470489766162
-9.093777659951524
-9.088613209763004
-9.082836598740686
-9.073864569549583
-9.001776781982535
-8.951662998712683
-8.914911121822255
-8.914197462930543
-8.908582049510295
-8.899267247302452
-8.86653897287981
-8.840168034892095
-8.818913198629513
-8.817197784594658
-8.814449125935903
-8.811725949213134
-8.810445109607507
-8.780802231063332
-8.772461635674883
-8.76102756945861
-8.759504965201591
-8.757520222959208
-8.745092217989532
-8.741470350267448
-8.734829513131004
-8.704187135740447
-8.664684475615886
-8.656074258264253
-8.648656832777926
-8.64863551475184
-8.632364568675296
-8.614167397856715
-8.581146896875012
-8.561800631545697
-8.559676260768684
-8.551080576266823
-8.528524851833792
-8.527452088887728
-8.521106345817799
-8.510337605752293
-8.505701267594818
-8.489591809083228
-8.475754959321119
-8.46986948439267
-8.461377090650215
-8.43876381805563
-8.43456363740118
-8.432873655804297
-8.430084769840718
-8.421684698941139
-8.375326431012189
-8.360899027862455
-8.356530248010847
-8.355121594150592
-8.346827966810094
-8.332816367089027
-8.325865705604118
-8.31276954875759
-8.309080043189143
-8.283650493242515
-8.270978494956182
-8.261334815970152
-8.241499477258786
-8.238035262119855
-8.19958617716112
-8.152581431769345
-8.134834026135637
-8.133888309565501
-8.111523819727605
-8.102279299637283
-8.099120822743513
-8.098895785382023
-8.057310557517592
-8.016064059252312
-8.006720458971614
-7.990726338552351
-7.980840700212169
-7.975378781565443
-7.971729799556346
-7.94661073956871
-7.936755389788475
-7.932110538242359
-7.914031895618992
-7.910580348894662
-7.910137074332313
-7.887428504572768
-7.88479134876322
-7.881859585343029
-7.848658904699095
-7.845953414817078
-7.838178500588269
-7.83726141893035
-7.7442865605282005
-7.7347833996088955
-7.707985279554741
-7.697441453099447
-7.67506436510722
-7.666557574974403
-7.655968019970624
-7.62051500668824
-7.610015885335767
-7.598160897745604
-7.5846075081136455
-7.579276054877493
-7.573684149429094
-7.563154103678784
-7.556513239024973
-7.553471968978968
-7.538687548061804
-7.520292153439637
-7.514394324527897
-7.491796707366097
-7.478413578391931
-7.473832819128921
-7.469720313898863
-7.466502713900448
-7.457182239657073
-7.43667092719411
-7.436419152461154
-7.432966913250519
-7.421577629170322
-7.419658479048293
-7.408781832936253
-7.366166735650359
-7.338475716982078
-7.335930509715229
-7.3314976709851924
-7.311891835932951
-7.293910283077473
-7.29055401061289
-7.278844569353103
-7.267289554282522
-7.2573146581222945
-7.25677266456078
-7.24851478701042
-7.23025884751544
-7.229669629654897
-7.225916621014971
-7.189543590263991
-7.185498109983671
-7.180298947436315
-7.176616258674989
-7.17476185304143
-7.17136425300977
-7.1588641355352785
-7.157443736271288
-7.155836448605606
-7.152345914079834
-7.151238712381396
-7.146614224145448
-7.138061563660008
-7.134359154753004
-7.134239261997914
-7.1341783134795245
-7.133351880266824
-7.126697865747024
-7.1212291206663405
-7.116087057290629
-7.073087003166743
-7.067121307212911
-7.057237859575818
-7.05674869247923
-7.0359925346112036
-6.927356768921738
-6.917345382161752
-6.906758304651517
-6.882915918163014
-6.873243761809874
-6.861347527284797
-6.856100294100226
-6.852386896540793
-6.840354638091512
-6.824955352411331
-6.809363151831596
-6.797801931033984
-6.782831914579555
-6.7690172697182955
-6.752401761854465
-6.730223698270428
-6.722035379738891
-6.708250215861797
-6.703972808367006
-6.694860283490764
-6.689500987503887
-6.687834250111354
-6.685958070336158
-6.6571425511096125
-6.653831437235842
-6.647044783981295
-6.646563884710089
-6.633880132372587
-6.630984742586611
-6.599054081370147
-6.5968604831354725
-6.581607314042486
-6.574841747329619
-6.57359996093238
-6.568940768138949
-6.567855193151445
-6.566562612615192
-6.551647597421315
-6.551455143631099
-6.5419714309983785
-6.538212237663088
-6.53478129227719
-6.531523548319832
-6.518080927062043
-6.460117270053731
-6.431542151206499
-6.427132698103551
-6.42610551442586
-6.404359105867922
-6.391070485032875
-6.388706285380543
-6.386514865180137
-6.386440340220984
-6.372307183082862
-6.3720032796909365
-6.362381282572899
-6.362135068261013
-6.345865452562791
-6.338465306148822
-6.336158269397689
-6.3269357407347
-6.311397099666339
-6.2943921392738025
-6.277075540558927
-6.269614400568942
-6.262908797720054
-6.2446564693723685
-6.240713069080124
-6.240420507212649
-6.2322740399898
-6.228593672822713
-6.227348056659968
-6.225173661567986
-6.221337479771544
-6.215776787453139
-6.20234114886116
-6.199704138299618
-6.193588147894518
-6.177248410083876
-6.16801286482351
-6.161684431740957
-6.16032196235483
-6.156943131259558
-6.154135426207589
-6.152060675389625
-6.141077379946698
-6.137841936215717
-6.13758618769912
-6.1357512923019595
-6.1197800127274355
-6.098542177666666
-6.09381944768805
-6.089658735798372
-6.089445931861324
-6.071082490925983
-6.066247133103823
-6.05721748722784
-6.056841494222999
-6.053501314442997
-6.0139320367870015
-6.004104026530278
-5.99760017472196
-5.995864916357343
-5.984464694961067
-5.982868637173431
-5.9731720518996605
-5.960209175533801
-5.957270493259634
-5.950042325250478
-5.947255074379772
-5.941891219160552
-5.940644485085294
-5.92450000234623
-5.918485815441225
-5.91582572539849
-5.909447382451281
-5.884560581695371
-5.873725360410742
-5.872997648284662
-5.854508562455415
-5.848072137012595
-5.8403162454301665
-5.829893532473369
-5.822724432623108
-5.816900017929452
-5.80268087862575
-5.788235014483662
-5.788188415583284
-5.78760298499683
-5.7820475839031715
-5.77562955155282
-5.770875890324227
-5.766325944982076
-5.763676554343599
-5.752598708982441
-5.749221873251499
-5.747239616789011
-5.73600089444809
-5.727267996863512
-5.726356352460804
-5.7218954961156925
-5.7161594245299225
-5.714176085746888
-5.706198201055787
-5.695774815870282
-5.689595019229702
-5.682535194365638
-5.671028327384054
-5.661517436460512
-5.657006214279725
-5.656906393055636
-5.645480268945716
-5.63707271623844
-5.633960055818008
-5.633203894942602
-5.623997014993621
-5.623323777447817
-5.6153147815040905
-5.612795223982087
-5.6121206848441245
-5.604484073200691
-5.604229554874015
-5.596597018505477
-5.5948950743411725
-5.586653068294968
-5.573067098175283
-5.563641109979523
-5.541481766458517
-5.538276967172181
-5.533622413830677
-5.5332385143910745
-5.531007116072329
-5.519279163479485
-5.5141940087748775
-5.495041252175704
-5.4926286917785
-5.483315705677194
-5.481898774303609
-5.481390728692448
-5.4645905033574955
-5.429954544216629
-5.426664608781447
-5.424056462373946
-5.4169308678063945
-5.403469035135426
-5.3998273895516675
-5.3959427992038655
-5.368586797675498
-5.362987292460412
-5.362399320051149
-5.3609266181357835
-5.358718693351684
-5.331575731291545
-5.3032433944338155
-5.293029103710545
-5.2728574926677325
-5.2674833242104055
-5.2666288161219175
-5.265150975631092
-5.259114672845063
-5.250484567254796
-5.236662327074422
-5.204574336901282
-5.194617155948803
-5.182138367590952
-5.163344113424412
-5.152684141320531
-5.147384664927928
-5.135409021840789
-5.130472295856201
-5.109301578984589
-5.084614348674659
-5.084288015990417
-5.083977976423232
-5.077460332110949
-5.075471296252449
-5.064621849889738
-5.061658973083744
-5.0499308411897506
-5.04593232258259
-5.04208952578036
-5.040860202674899
-5.038946183190939
-5.034039655799762
-5.033828389654363
-5.032421553818987
-5.028085338500406
-5.027503805316035
-5.024947738041386
-5.0197646573365935
-5.0121401538919645
-5.007953267534605
-4.991912833420989
-4.990056835253444
-4.977192365446868
-4.971968028478889
-4.965316090918503
-4.960462440091183
-4.959924471745286
-4.957915832726703
-4.9567841012662655
-4.9558511914274765
-4.942897338757906
-4.940984119572722
-4.924857559983698
-4.923532421761774
-4.918032666931822
-4.913010201653761
-4.904649868640871
-4.8975938900565295
-4.894540531612803
-4.887434128335044
-4.879008679217328
-4.875933366748283
-4.871233197191033
-4.866384725043252
-4.848257962874403
-4.842609863784303
-4.841651044444027
-4.84028169092137
-4.830073796246154
-4.811631135936123
-4.810105566270737
-4.790468741072438
-4.780012353689293
-4.7742828597366245
-4.766164013169799
-4.763190655767641
-4.762615386809522
-4.762292997988603
-4.759333057000063
-4.75725716234048
-4.740432180955047
-4.733198059122203
-4.733186320568923
-4.725612740733916
-4.7232271342166445
-4.705272640462589
-4.703096257344312
-4.702701484318185
-4.698122110196375
-4.6978678469168536
-4.685092561980605
-4.684568877397583
-4.673119364378311
-4.672303187196273
-4.663448942510444
-4.659663377588993
-4.656882621860434
-4.656619359134661
-4.65395138558633
-4.652550528292496
-4.647863815085812
-4.64033341720082
-4.63594624466674
-4.634267735812588
-4.633370980411735
-4.625820998162769
-4.625784522597977
-4.618669320470083
-4.614412213353455
-4.600953752646461
-4.595119150321707
-4.592148557283076
-4.582533884034008
-4.56148059974414
-4.5536002634718455
-4.552756215731094
-4.5510172886130205
-4.549775141892809
-4.541903215034681
-4.5412445744503405
-4.537913370815094
-4.529491965534936
-4.525386071566403
-4.524437456929231
-4.514559683176518
-4.511089253621282
-4.509698027083758
-4.509179979749243
-4.506006730761758
-4.5029077272141995
-4.501070503983893
-4.499292543709977
-4.498262012225501
-4.4907909727062645
-4.4867613512650495
-4.484268593942371
-4.479332451661751
-4.462748091545624
-4.460088931814871
-4.458804812629708
-4.454214453485006
-4.443609977801076
-4.440081168571414
-4.414376967366427
-4.413282670354767
-4.4117581148053695
-4.4111407586379485
-4.403614393185274
-4.399117653258574
-4.3974250324457005
-4.397344744944263
-4.392886953981567
-4.392067857803932
-4.390290025809958
-4.3858469422141315
-4.384241322892027
-4.377362403394651
-4.372019065043274
-4.370903826609253
-4.363597005634312
-4.361978992164492
-4.359587335066143
-4.358397400457235
-4.350680530032481
-4.346985981593927
-4.34305439388117
-4.33448061160295
-4.331622715207286
-4.33095156050978
-4.327858871643455
-4.324322203081024
-4.31758039762137
-4.311840956742512
-4.309665649756863
-4.3002732700707345
-4.295624734022278
-4.291846454336412
-4.290041834616248
-4.282519485847457
-4.28184698743352
-4.28009378459464
-4.269921044636727
-4.261020598300789
-4.260418853953867
-4.260270697283964
-4.258503511544095
-4.255261988247743
-4.2532854477460535
-4.251050112085106
-4.250160093182059
-4.248269551084956
-4.246671848558704
-4.242887728357635
-4.240287863569186
-4.235264273977404
-4.232721458022747
-4.227679292642964
-4.223004142269488
-4.221814598243608
-4.217843699356353
-4.2016766892215855
-4.1916699367677275
-4.180527106053484
-4.179248649916319
-4.176441883144661
-4.1702153403711275
-4.169835469719418
-4.159633163044484
-4.159503530979555
-4.158944133267539
-4.157252013587447
-4.155263651940391
-4.1511333471404
-4.150646631635543
-4.146926332228029
-4.146288056125783
-4.145640548100978
-4.144103775042501
-4.13300104644271
-4.131845308728544
-4.124830923987142
-4.118663333211984
-4.118662356365925
-4.111905428550042
-4.10195397995926
-4.100244207262086
-4.089809752745139
-4.084082504567907
-4.076646912851384
-4.076454846990186
-4.070555044488771
-4.069805571115593
-4.058074569905964
-4.051948807228647
-4.048016374109483
-4.033988422576151
-4.0334313553400305
-4.028896417197929
-4.0227131962013125
-4.01914851157318
-4.014063896137174
-4.009627450950977
-4.0090245633841555
-3.989413909054165
-3.9864041901181078
-3.977706328417156
-3.9725390064759587
-3.9716550710470058
-3.9708646925350286
-3.965998176135176
-3.9602359864835606
-3.95227993474531
-3.952249716496366
-3.930258420752187
-3.929839061765921
-3.9192502021726807
-3.91501555959458
-3.914192930295368
-3.9107613884399517
-3.903801475879546
-3.9012884447945684
-3.8991179100879325
-3.8953788781875094
-3.8945892022040787
-3.887965859010213
-3.887519122850126
-3.8843760793484727
-3.8826410517256766
-3.877268720012151
-3.876179057724257
-3.873579135593145
-3.8732062392563216
-3.8700323074853977
-3.865678784555728
-3.8643808352895315
-3.859683181501998
-3.8478177960863773
-3.8379165149294248
-3.8295667424175486
-3.81853054393438
-3.815839990962591
-3.8156633042952435
-3.8129744343614096
-3.8095845112373006
-3.7928722276927873
-3.7828484738765957
-3.763199760088416
-3.7566646914710686
-3.748864278503812
-3.7478754061066333
-3.744185904867526
-3.735233758676837
-3.734254898730914
-3.7337073308335214
-3.729914203309483
-3.7272546674744644
-3.7270825370381884
-3.7269215222339795
-3.725986693185371
-3.7226152406447235
-3.707091885787546
-3.70063254786127
-3.69682267323003
-3.695763953099679
-3.6918811234388498
-3.6917799907363595
-3.6867638986449887
-3.6711562403972122
-3.657943633184243
-3.656087496083253
-3.650583557956331
-3.6497614518671937
-3.6439889221459008
-3.6322737053977248
-3.6305361504764067
-3.614625791645474
-3.613138625993816
-3.5969137850946984
-3.596654853399129
-3.5955426293190884
-3.592914357487393
-3.5864888019338603
-3.585195276441148
-3.584081591280268
-3.5836537648801277
-3.5754801433216095
-3.570992708582516
-3.570980557136278
-3.5669815210102414
-3.561876160144273
-3.5612110556542915
-3.5564101489660342
-3.553492640766428
-3.5504423655250363
-3.5474278529549967
-3.5458052000141356
-3.5427436252347366
-3.5403171673980034
-3.5341337408816607
-3.5332634697778813
-3.5294224012216566
-3.5235523179670696
-3.5225104722867
-3.5218022922529646
-3.519241173184161
-3.518785733008459
-3.5117372064992196
-3.510453956389945
-3.5036073751465935
-3.4990633840504586
-3.493918680474144
-3.493440761826996
-3.490038000064441
-3.486956961088138
-3.479782929448556
-3.472256463971365
-3.4664873549717634
-3.4623114265273616
-3.460754245790655
-3.460451029307296
-3.4584439110592733
-3.457256304857179
-3.4552353850710174
-3.4429791962590945
-3.4359890933153108
-3.4352811326433352
-3.4287670272112907
-3.4207654190709134
-3.420475983501493
-3.418144862003138
-3.4119431142763452
-3.4079236100775017
-3.406953993877807
-3.404569912837573
-3.3999209450412864
-3.399365772718674
-3.3977352822698506
-3.397434623892571
-3.3947147929406767
-3.3947135091487475
-3.3920362281572496
-3.3852663471159454
-3.374527941609473
-3.3719162380445553
-3.3666512713422962
-3.356440911807161
-3.3549001274698043
-3.349287495299241
-3.344217989052369
-3.3436842714349995
-3.3427559861033824
-3.3341550236942155
-3.333951700910292
-3.333615695720353
-3.331558291157262
-3.328489291093896
-3.3268266796406714
-3.3208699097854724
-3.3186459060164277
-3.3110301380590976
-3.3102326468401664
-3.3101692950058688
-3.3074236058053836
-3.3063548809596623
-3.3058459081359466
-3.3017332245077275
-3.298951410313599
-3.298880766164383
-3.297966310699972
-3.2849566568578226
-3.2769121851874834
-3.276403081097349
-3.2749772750321067
-3.274739166392806
-3.273318418703846
-3.271660531810464
-3.24802945726997
-3.2444719604192964
-3.2361419424687834
-3.2334682555810716
-3.2334599355487086
-3.2309443192230067
-3.224987508372596
-3.2239826630245974
-3.222940107632485
-3.2205058758683762
-3.217665284576061
-3.2158039935433123
-3.2143255252178147
-3.2088809110098335
-3.2071947344984446
-3.2069754526930097
-3.2054253070544734
-3.198592292526515
-3.1933631614997857
-3.1899567017636876
-3.183811788088015
-3.178489750708827
-3.173446990093314
-3.1733595238774663
-3.170007483022899
-3.1692695667637514
-3.162745712000509
-3.158940562052383
-3.154262088791691
-3.150621492706453
-3.150328020179038
-3.1482168185129957
-3.1472049405275366
-3.1466814675488717
-3.1382704623886406
-3.1335365222107554
-3.13197680128144
-3.1305407074336378
-3.128575186989746
-3.1276303107574455
-3.125996677971748
-3.124442740688715
-3.120381134126644
-3.1144967108408714
-3.1053585280021214
-3.0953423151463255
-3.0944351803121948
-3.0939012426337387
-3.0923559624260886
-3.0870489959126877
-3.083631127239579
-3.0752842301820893
-3.0674523719671463
-3.067046696199964
-3.0663398319086386
-3.0590329747161507
-3.057470213220072
-3.056891841387556
-3.0554192735744827
-3.053089536140253
-3.0520100352287534
-3.0484480346415372
-3.0471052012304543
-3.044348052159036
-3.0405809234495083
-3.0357956500086187
-3.0231847010971267
-3.0226805035443918
-3.019233950411218
-3.016648324422242
-3.014238664917271
-3.006062917752689
-3.002361467818674
-2.9935343205837204
-2.989162842796185
-2.98504181663139
-2.974229907249322
-2.9728511758254017
-2.9725780248089806
-2.97255504167819
-2.9715333689674246
-2.969307086988618
-2.96856688810037
-2.968401288250854
-2.9677139999020326
-2.967689364901501
-2.966679693963081
-2.965965986269263
-2.963364117976317
-2.9632384172308335
-2.960008413860706
-2.9462323379064412
-2.9451459051292272
-2.9419025421061265
-2.940513458401909
-2.939718189865177
-2.9392425721187894
-2.935575200376361
-2.9349243644581495
-2.934243263975645
-2.9335617169746717
-2.9218695206355347
-2.919484635029425
-2.9182198033478826
-2.918123274786794
-2.9164942945032806
-2.9160562814191104
-2.91572630189948
-2.9149011370496423
-2.90665266627781
-2.904493222669276
-2.9044219225982673
-2.9018280694223977
-2.9006765540150314
-2.891765151072207
-2.8873479627304954
-2.8863657867192285
-2.882087485876344
-2.8811418876768515
-2.8707399278344066
-2.8696398634675653
-2.8688488630892666
-2.8685392432331747
-2.8655510742449755
-2.8642223366147723
-2.8640156619533856
-2.8619075531158904
-2.8604820995630362
-2.8598509091429913
-2.8582133944552113
-2.856774253960742
-2.8554077855664843
-2.849694892405019
-2.84892234533576
-2.8465734305609307
-2.8454511039963557
-2.84528247714856
-2.8375449127323495
-2.8349269018643657
-2.834895866538215
-2.8338188598315632
-2.829793664051269
-2.8235110810654263
-2.8197493888577387
-2.817053824932345
-2.813569846992429
-2.81315428430104
-2.809853964601988
-2.8053536436439495
-2.804419197595233
-2.803845963580143
-2.8030406815409794
-2.7990232695798594
-2.7987081654715262
-2.7949789058843786
-2.7924904771943293
-2.7911391345377163
-2.7901764701616316
-2.785248300515132
-2.7845832142119087
-2.779390768819243
-2.775582826627823
-2.7750198427869193
-2.7749571239009727
-2.7681100930525258
-2.7680771343804356
-2.758295924035295
-2.755807250484187
-2.755486396435563
-2.755289779938016
-2.7501496959358924
-2.747316472796715
-2.7471805583741826
-2.746799962174348
-2.738847642903843
-2.73401024509341
-2.723448219398411
-2.7233065308261493
-2.7137173860612864
-2.713400315114567
-2.7129999882290337
-2.7110645456137403
-2.706826198670288
-2.7049746716204295
-2.7022647815705136
-2.7014507763312037
-2.6963171574048337
-2.693169589610274
-2.684414341315834
-2.6840429581899445
-2.682492239794387
-2.68144175532344
-2.6786144269954133
-2.6785669524113533
-2.6782241485967644
-2.675925152412734
-2.6690894304486976
-2.667262051244405
-2.6661949856527314
-2.664649208438088
-2.663097920089954
-2.6542494747506273
-2.6542343690741963
-2.6492535728896036
-2.645722336288021
-2.6431703803545012
-2.6413182003463316
-2.6392384281011645
-2.6391686604841627
-2.6377645850224374
-2.637058866422997
-2.6352023278737144
-2.6339339149398664
-2.631306632197679
-2.630884730334068
-2.624282849181364
-2.6226103508536225
-2.62095469535999
-2.620236044642477
-2.6166269224311245
-2.6154981429325757
-2.6149381731906294
-2.613511833759773
-2.6101352608635797
-2.6090886395604143
-2.605303201322117
-2.6039224185061687
-2.6028393154328353
-2.600171534781614
-2.599258831335706
-2.5985205076549702
-2.5957478941216867
-2.588919374948188
-2.5867671154105527
-2.5867646331467316
-2.585160752300892
-2.581098898737778
-2.5798332532011274
-2.5760733145883328
-2.574835412271443
-2.5731890581269448
-2.5721752670249702
-2.5718821782739774
-2.5651804853069735
-2.5643717514194737
-2.56003984813222
-2.5549897310901817
-2.5544045769849406
-2.553803334521593
-2.5531514841842196
-2.5522573208882493
-2.550988770445382
-2.5507200198043605
-2.5446179000028053
-2.5432146906148647
-2.541639076124491
-2.5374089046219774
-2.5357042796890883
-2.53546583131336
-2.533070370842799
-2.5321721306899
-2.5320183393402145
-2.5295303648985357
-2.5252774051842666
-2.5165518666704787
-2.5089165270562397
-2.5019147847755305
-2.4997318570543188
-2.4971160728270396
-2.4915915588502537
-2.4904199344245566
-2.489442835000244
-2.4883312198933085
-2.4858519939347854
-2.483757700398085
-2.483738631769188
-2.483233544750843
-2.4819802659043604
-2.478338663886394
-2.4691021959777446
-2.465346326750374
-2.4646812229593986
-2.4584224003489243
-2.456988570372422
-2.4499028301590986
-2.449677247051339
-2.445212501981727
-2.440975844915841
-2.4331797806124267
-2.4310360234930286
-2.4294931048106045
-2.4244424364500823
-2.417875869391506
-2.413981476297942
-2.4091250749088515
-2.408606749360363
-2.4040191983829464
-2.4036029310920846
-2.398918837554055
-2.3973107251579764
-2.388797119229971
-2.388440787514994
-2.3844993661280944
-2.381983776233011
-2.3816928772509
-2.3806306619346813
-2.380227462746885
-2.3800882521047018
-2.3786074438675477
-2.376885823909493
-2.373417978368176
-2.3724886973207036
-2.3707845856934817
-2.3691745920310447
-2.3691411407551706
-2.3635451063709647
-2.363227324302743
-2.3630285200395234
-2.3625362773092773
-2.361808541767849
-2.3605606648341126
-2.3550917536378764
-2.353237466094722
-2.344509254480931
-2.3383340209560424
-2.3362557152202434
-2.3331348078635323
-2.332960720045939
-2.33006750333616
-2.3279545073557646
-2.3274784327838867
-2.326113869515782
-2.319572514773957
-2.3140691708858894
-2.313161209032023
-2.3124121714246977
-2.308328938396526
-2.3075865614301025
-2.3075184960132953
-2.3072522546836005
-2.30455885338099
-2.303747263282501
-2.3010850906994076
-2.299527752461479
-2.2942625284144262
-2.294179573636058
-2.2878273832808116
-2.2867316453986914
-2.284184227629291
-2.284176116053108
-2.282016863140896
-2.2808590239680555
-2.2784505613817707
-2.27730807969514
-2.274431436079555
-2.271983026188138
-2.270319498845865
-2.2702190582656203
-2.2673091696535708
-2.263425000183025
-2.2632036190129154
-2.2582882159376325
-2.258251084085379
-2.2571773973324016
-2.256860609780086
-2.2534832311154362
-2.2530911295315614
-2.251735532376226
-2.2506517821774508
-2.2412913178525695
-2.2404499443786614
-2.2376223811754787
-2.2307594137741518
-2.228632503731377
-2.2247985148069196
-2.2242735038388535
-2.224187736483133
-2.2224393302618775
-2.221277463216758
-2.218893232169236
-2.213639049158792
-2.2122455024560845
-2.21196901166108
-2.210716538007811
-2.209668064298417
-2.2065142192682603
-2.2048162820680224
-2.2026931739426296
-2.198490998828529
-2.1981164272154308
-2.193438928707422
-2.1900968590229537
-2.188963789373967
-2.1810034431418512
-2.178345303048388
-2.1771039843689195
-2.1755273417795538
-2.171578255104323
-2.169397092920773
-2.1673981467936594
-2.166916303132698
-2.1666090176527404
-2.166156920548606
-2.163973555009636
-2.162822157358273
-2.1618793402906746
-2.1577606280858572
-2.1551596357517138
-2.153814302145998
-2.153641148032513
-2.151042862038888
-2.15025169949552
-2.1471793999652973
-2.1457652124520967
-2.1419908144434467
-2.138378554031173
-2.134089236819894
-2.1311308950049064
-2.1273880529512916
-2.1232022953434093
-2.1179674982800463
-2.1174685142455902
-2.116357152070485
-2.1108293097808444
-2.1058746597756084
-2.1017288783810577
-2.100734597319266
-2.0968951458329665
-2.0968373931899387
-2.0906069675863876
-2.0901673339590316
-2.0896565487224392
-2.0827990199199973
-2.0799748276047207
-2.079177731328551
-2.078900621114189
-2.076567079497627
-2.073997510529832
-2.0701449420619245
-2.064108713064607
-2.0605626339164633
-2.058199348293481
-2.0534121738871907
-2.052138180158786
-2.0504463541914086
-2.04896127232034
-2.046999017739702
-2.046320710121491
-2.0457424993811593
-2.045619928047543
-2.041350117256049
-2.0403265851704306
-2.039023196625474
-2.0385643851501527
-2.037049519030054
-2.0290482674114356
-2.026039616184975
-2.0256764962648472
-2.0243552666443234
-2.0239257642365573
-2.0234670668381916
-2.021563158308346
-2.0215041784468215
-2.020587603416572
-2.013799633026002
-2.0128804560439835
-2.011968063534485
-2.0110800995470006
-2.0068924035985787
-2.0029600437978523
-2.002549219981886
-2.0009910832080005
-1.9948834726819897
-1.990701509252212
-1.9840622270731858
-1.9825379210598189
-1.9813009519388467
-1.9683220142491233
-1.9663152186886452
-1.9649621483908861
-1.9607101902477908
-1.9591518641756738
-1.9586933610235175
-1.9555268147299025
-1.9552971324020718
-1.9538043835690635
-1.9506023233192402
-1.9491822516734914
-1.9478572709864563
-1.9465133632744531
-1.9461470270801466
-1.9459024278926242
-1.9442236742432462
-1.9425252830434596
-1.9415755823955076
-1.9407620924807674
-1.9406124887139222
-1.9387123905267467
-1.9289892005915201
-1.922056632922755
-1.9220121108957746
-1.9218597800672164
-1.9215018762299052
-1.921304468319052
-1.9210499563379013
-1.9144516655211743
-1.9121544020174697
-1.9118525513513198
-1.9115940114238938
-1.9104918048675663
-1.9093826389725757
-1.9074866009743219
-1.906712823242142
-1.904498731622426
-1.900096523812402
-1.8999881823047584
-1.89524323965035
-1.8946077426485586
-1.8876232656032668
-1.8865853823935868
-1.885869090214694
-1.8853515582692533
-1.8793610077775755
-1.8778649995751362
-1.8774089561492748
-1.8768004140226773
-1.8756796997615632
-1.8723075998832244
-1.8714439022087261
-1.8712862226655902
-1.8700995229047521
-1.8693771969502513
-1.868949002889245
-1.8688978684785706
-1.862042861131338
-1.8613971016089559
-1.8601991272223923
-1.860067091281929
-1.8564841670574974
-1.852853790088261
-1.848850893045165
-1.8481211077709694
-1.8474367402861798
-1.8459847888256844
-1.8420857086371714
-1.8408884213508512
-1.8402528756554846
-1.833772161925053
-1.833522305000447
-1.8333531441370785
-1.8332395727876483
-1.8239003498315869
-1.822307054396382
-1.8219188957568146
-1.8191173073876343
-1.8186534063607653
-1.814392591076512
-1.8118729944385872
-1.810558874353486
-1.8066769438953547
-1.8051162431543983
-1.8045471708338074
-1.801024663751748
-1.8009762972280652
-1.7998957597414997
-1.7947117696637458
-1.7938586870168893
-1.7925352318658359
-1.792379416744021
-1.791829690344588
-1.7874328830026047
-1.7847181565404626
-1.7800106022208757
-1.7770228406956097
-1.7758228739951223
-1.7737911150618233
-1.7734650487652082
-1.7670553340813082
-1.7655658771946285
-1.7653353704272559
-1.7644507474525295
-1.762427796599121
-1.7583652829468148
-1.7571922829601474
-1.753562595738723
-1.7522747082244012
-1.7511845534745405
-1.7499103586635596
-1.7498073342693146
-1.7462881755243742
-1.7441451699059778
-1.7409542292688194
-1.740678813768951
-1.73844653510944
-1.7357405232620942
-1.7351993989581618
-1.733842540929502
-1.7324754732714553
-1.7312251212672722
-1.7279520834828273
-1.726717610001169
-1.7207385155439339
-1.7207363408765295
-1.7202352967398884
-1.7152432496054821
-1.7131112436775575
-1.7091888901635763
-1.708413441345923
-1.7055256441917144
-1.7055185963376012
-1.7042278204936765
-1.7034257725232953
-1.702695488032037
-1.701820834235474
-1.700711525205499
-1.6985009859524363
-1.698496613630327
-1.6978620046864343
-1.6966715732769728
-1.6954921362862576
-1.6915729985472967
-1.6889176174178546
-1.6856678479275313
-1.6855410349539612
-1.6839569691044631
-1.6834653000552908
-1.6813191263889362
-1.6724282107301156
-1.6722859549329294
-1.6687225882978152
-1.6683597340883052
-1.6677549634056632
-1.6671714358775813
-1.6651593339231847
-1.6613091241360245
-1.6600745498907354
-1.6578244215325673
-1.6552126071997517
-1.653780848516338
-1.651783903985718
-1.651324603988566
-1.6512452284975356
-1.6491534281695548
-1.6471457911297482
-1.6458679226529351
-1.6451924648028595
-1.642994491251693
-1.642858257378064
-1.6378896970143906
-1.634031827975124
-1.6315928800223989
-1.631241590205462
-1.6282926881507849
-1.6278394849189828
-1.6249024855967527
-1.6243826982311682
-1.6240912870342339
-1.6231988765598286
-1.6220576027022637
-1.6199135594316445
-1.6152109266284027
-1.610436502691208
-1.606725233647273
-1.606166108941729
-1.599095322211261
-1.5972689235804616
-1.5970305046380262
-1.596988260229921
-1.5932870387688165
-1.590211628227224
-1.5868613102275355
-1.5855636758256906
-1.5835008117116178
-1.5796322894226213
-1.5768789700008432
-1.5766617574461024
-1.5764457315643408
-1.5762548659407227
-1.5728618121448006
-1.5707955814785555
-1.5688921805775649
-1.567578890867239
-1.5674264128545703
-1.5659576828218782
-1.5636311063672421
-1.561645995763283
-1.5612226868981938
-1.560825196410754
-1.5532813728032124
-1.5531688942962916
-1.5516735652885036
-1.5494953506453633
-1.5491203336569113
-1.5490085941379612
-1.5444435561672183
-1.5442475916413954
-1.5398872956738803
-1.5390021238878595
-1.5373573212528977
-1.5353683292471796
-1.5350252502010138
-1.5345389453275344
-1.5319568380258664
-1.529791637895949
-1.5297488068560559
-1.5259752960652506
-1.5237908467275738
-1.521893378583105
-1.5201717581793257
-1.5179594799800937
-1.5158658044603435
-1.5112997318686103
-1.5101827238970118
-1.5078386878882326
-1.5072922996376352
-1.5066489125114073
-1.5061228191942406
-1.502536963483476
-1.5004889854228614
-1.4986126211281694
-1.495340458616201
-1.4934436413028322
-1.4932482573037449
-1.4925894301765434
-1.4893871700721364
-1.489175162189968
-1.48740488752575
-1.4838756261417885
-1.482681107108219
-1.4809329013449348
-1.4782828837706024
-1.477863670637167
-1.4773461575355236
-1.4767891504415216
-1.4762170275107012
-1.4752530829918122
-1.473966134790411
-1.4703110579181211
-1.4697455395311667
-1.464488904984771
-1.4642582341537438
-1.4615916660057457
-1.459969596582479
-1.4593586635211269
-1.45879529769242
-1.4575208566459634
-1.4571915791179293
-1.4559539879400347
-1.4551779293406883
-1.4508241995513416
-1.4502412889965948
-1.4475185515956412
-1.4447098795349138
-1.4422315729949233
-1.4351669732320813
-1.4319715857009099
-1.4308108500534717
-1.4260342005198625
-1.4258523813211925
-1.4255106821383765
-1.4216403673511955
-1.4209738393241924
-1.420292287969981
-1.4202267053499242
-1.4202030802236532
-1.4190474442467913
-1.4185564208589643
-1.4182520763249569
-1.4174979104855772
-1.4174851483787165
-1.4157246085094035
-1.4136465263699773
-1.4125288088917356
-1.4076965873110354
-1.401523969943697
-1.400015553163584
-1.3996579126286115
-1.3994646887072693
-1.3980305114840659
-1.395915844702759
-1.392812513424247
-1.3889186304010146
-1.3870464348189218
-1.3806659457346853
-1.3800347129294288
-1.3796814720758728
-1.377902128313163
-1.3763582888198258
-1.3737778739835056
-1.3711928576098318
-1.3709194192851455
-1.3687349342878363
-1.3686793428056592
-1.363494468429816
-1.36311691606753
-1.3619292342467353
-1.3590641005126314
-1.3590495480329445
-1.3568953054870954
-1.354263599646774
-1.3540296569841772
-1.3501377690172345
-1.3492468255705603
-1.349240270678827
-1.3468560864042787
-1.3442361159858074
-1.343902165210503
-1.3407492602168167
-1.3398767082362923
-1.3363078871005072
-1.334113178302152
-1.3339976623244496
-1.3310385404083638
-1.3281975668293065
-1.323411978946321
-1.3177087991534684
-1.3168163753621993
-1.3140866527179256
-1.308905459394811
-1.307156166092688
-1.2998244662975886
-1.2997314674089477
-1.299683067210184
-1.296745377856642
-1.294925785663516
-1.2907129411829712
-1.2902352793136094
-1.28962594747144
-1.2851732958786481
-1.2845154140263064
-1.2830269445519236
-1.2810523235249254
-1.2782652482553245
-1.2775171477962641
-1.2772821396812324
-1.2769508959147666
-1.2762723922876784
-1.2754482763047972
-1.2750603084166188
-1.274441686214489
-1.2741380825222555
-1.2733470026800024
-1.2703434890672756
-1.2702593153536972
-1.2654573648737608
-1.261753837294832
-1.2611237050324624
-1.259063150764133
-1.2587076877961914
-1.257209446988485
-1.2548380092474667
-1.2542170578249032
-1.2509850046849125
-1.2481546129621124
-1.246973949154115
-1.2464892671935202
-1.2463952091537414
-1.2436029281075023
-1.2432717317277688
-1.2406073169848786
-1.239258059616322
-1.2390117431352892
-1.2354068192599748
-1.2352157701190065
-1.2349272947408636
-1.234389379654787
-1.2342981593627451
-1.2335450414903453
-1.2333372775302562
-1.2299188435201631
-1.2260615512945345
-1.225243080711302
-1.2239426147029535
-1.2237967018119078
-1.2224350129860022
-1.22163038560048
-1.2199673962759567
-1.2194594921827642
-1.217114051748316
-1.2164407521412866
-1.2091890577679343
-1.2066885619343029
-1.2052719701992403
-1.2048850598080134
-1.2044152765991811
-1.2028701581178374
-1.2011322566987004
-1.2010701103511763
-1.1972594939579335
-1.1931961169470946
-1.1902561105877933
-1.1891580210824586
-1.1868009924825544
-1.1866727707712612
-1.1858822084357434
-1.184331968673416
-1.1841155456994827
-1.1831572552252634
-1.1822343360006482
-1.1821940200412095
-1.1807420236917399
-1.1798682791068114
-1.1787911743248414
-1.1784774567708158
-1.1771693489814186
-1.17470584171767
-1.1743168422838637
-1.1741830102322663
-1.1740632392766175
-1.1739750806041434
-1.171501493862453
-1.166601523446971
-1.1665430553952971
-1.1662308628031746
-1.165176824542512
-1.164432993962032
-1.1638165534812064
-1.157042847830321
-1.156493872609494
-1.1520107756267592
-1.1517977050454062
-1.1503230308851324
-1.1481465971372395
-1.1481291126835447
-1.1472205528025514
-1.145979012301071
-1.1452837133508564
-1.144425223891741
-1.1428245420403875
-1.1399589953482065
-1.1387369585728586
-1.135298353089689
-1.1352235258921506
-1.1343865137771254
-1.1325877216284146
-1.132155768239915
-1.1272955984378936
-1.1246026355010976
-1.1119747625203649
-1.1106218110666792
-1.1099835252921872
-1.1065336065208415
-1.1053863223603622
-1.1022191771509
-1.1010529762964314
-1.10074056813058
-1.100491943277612
-1.1001828301576728
-1.0984523133006912
-1.097558662713245
-1.0972526227172514
-1.096484974394783
-1.093251842132465
-1.087117184974498
-1.086838804883338
-1.0854273469241553
-1.0833580291943536
-1.0832451437803434
-1.080985265267103
-1.080837368151152
-1.0800515296916
-1.0770276407297645
-1.071264759568999
-1.071240452997882
-1.0661864393308447
-1.0659411612182732
-1.065914517252672
-1.0599135640511643
-1.0595842469911605
-1.0582359353986868
-1.0577314264303888
-1.0561991711281853
-1.05256594630072
-1.0522117164218492
-1.050662015680195
-1.047793885164223
-1.0473751136987381
-1.046814381685088
-1.0466711109309206
-1.0461536826151232
-1.0448569139485113
-1.0434014215372167
-1.0395586103022993
-1.0394468072632865
-1.0385063104213703
-1.0384363097376992
-1.037262204453354
-1.0351962321708719
-1.0333037212074463
-1.0329356689701181
-1.0324147511033606
-1.0289280864641932
-1.0287055058806482
-1.0267133631016234
-1.0252309124738916
-1.0230857744835942
-1.0227086976938422
-1.02236039669285
-1.0212018854085225
-1.0191362957135373
-1.0184458256670215
-1.0176089275027589
-1.0157962196298937
-1.0127652521226616
-1.0103691942491981
-1.007077912975752
-1.0061192813743014
-1.0052018473899091
-1.0026531166440857
-1.0015110613828417
-1.0006915189772205
-0.9993385985347738
-0.9983040768387422
-0.9978326370059526
-0.997639488129085
-0.9934834981143408
-0.9911968606321235
-0.9911061689749281
-0.989263161426347
-0.9882212128986974
-0.9878803465119578
-0.9863629074754117
-0.9819161232191369
-0.9816463589836086
-0.980123456473615
-0.9772520179477596
-0.9768336258897066
-0.9700031873092732
-0.9689784308745657
-0.9683817119416102
-0.9641819005280942
-0.9641081679144329
-0.9610070071738165
-0.9578185777703282
-0.9569865083922411
-0.9514411991364632
-0.9513407890196315
-0.9508568998482759
-0.9499233775701654
-0.946382002156779
-0.9460701416756148
-0.9460049117309813
-0.9453413935849946
-0.9444229985162795
-0.9436798397401058
-0.9431795682691959
-0.9425614511400395
-0.9403359934756436
-0.9399361674746515
-0.9388918224149866
-0.9364817348961573
-0.9351819971258609
-0.933250654793684
-0.9309314161747153
-0.9294943638283223
-0.926346008911008
-0.925391587341281
-0.9239953448463389
-0.9217195117079409
-0.9208174306579342
-0.9156561392140756
-0.9152423887233195
-0.9140681392911232
-0.9126920233051892
-0.9107032302579166
-0.9095853023213599
-0.9079087085711772
-0.9063239203432856
-0.9062450907875808
-0.9059024290874148
-0.9048130615060098
-0.9047424027539571
-0.9036803469610806
-0.8948396935831261
-0.89350519303972
-0.8930923446670878
-0.888271194225421
-0.8880238000527969
-0.8879438873759036
-0.8854324298498404
-0.8831097891499015
-0.8817968563998188
-0.8813541916230497
-0.8804418487594853
-0.8798416241927784
-0.8798356214949364
-0.8782656188276137
-0.877620753980521
-0.8759235286507682
-0.8747639152268596
-0.874460716410249
-0.8710597388852945
-0.8671873554501384
-0.8669969900823118
-0.863021729151404
-0.8621796080743009
-0.8597539554714776
-0.8585246722207384
-0.855912435098483
-0.8531559013443488
-0.8468921374821401
-0.8457965710484422
-0.8449387286465386
-0.8447385462822263
-0.8444066816456426
-0.8407061120502194
-0.8375348218535987
-0.835761941393395
-0.8343682832545707
-0.833689069761585
-0.8333066014900806
-0.8331182062134367
-0.8326225617334435
-0.8306141818895324
-0.830069090444891
-0.8259904448353168
-0.825640350725154
-0.825433417964691
-0.8239489434223031
-0.8236785118819957
-0.823532256330353
-0.821572116209157
-0.8212821285394954
-0.8212791264836145
-0.8197952902180117
-0.8197345991553695
-0.8188110863612257
-0.8185044553268291
-0.8175449097133574
-0.8164862496536465
-0.8141273795273983
-0.8118853210362491
-0.8113356251020609
-0.8111710492069695
-0.8109167053530857
-0.8102207129044309
-0.8081697907726807
-0.807415678979754
-0.8065715426295954
-0.8056325723478459
-0.802079023681471
-0.8004930593286663
-0.7984612997532614
-0.7973707126038379
-0.7940411764373062
-0.7927609790217839
-0.7906020118799241
-0.7902902350729963
-0.7900451556303179
-0.7892165181466054
-0.7890399439553659
-0.7886559734270377
-0.7871494510161893
-0.7863078570593279
-0.7861911649869189
-0.7856486379148379
-0.7847807784573331
-0.7829889433610888
-0.7799846692439485
-0.7792287762330077
-0.7753930859815317
-0.775129614000049
-0.7722308326756834
-0.7717623975359593
-0.7677863176714719
-0.7580258811813652
-0.7579219237286949
-0.7555580790554478
-0.7537515139454191
-0.7516656223461193
-0.7489218047281675
-0.74773807556802
-0.746093029929564
-0.7438377475907838
-0.7424642548435808
-0.7417321028016038
-0.7413070054529999
-0.7370666460371846
-0.7369865155202675
-0.7341498340532451
-0.7330548272206611
-0.730449666999121
-0.7301762072054312
-0.7293022276981913
-0.7277389617050735
-0.7273147083392546
-0.7268786615050871
-0.72535779926546
-0.725178498990701
-0.7230005016911563
-0.7219054128141453
-0.7216971630813683
-0.7216512802961103
-0.7204688385592896
-0.7198650990776445
-0.7191960476269375
-0.7181515558989304
-0.7170880059977282
-0.7158973526835792
-0.7132477811991339
-0.707550576277486
-0.7062112036390176
-0.7048658882222499
-0.7016286423555034
-0.6989609723713913
-0.6976406669617362
-0.6953091988973611
-0.6945648924361068
-0.6938301920897803
-0.6881733500371892
-0.6859362037939017
-0.6841135133566607
-0.6821194442484044
-0.6810439269455244
-0.6758338913705604
-0.6727185002154834
-0.6713695037282348
-0.670566303895424
-0.6705596493962989
-0.6701149688555075
-0.6698160807288165
-0.6656410158341346
-0.6642657449389988
-0.6640960833112104
-0.6629943487967042
-0.6623694179396098
-0.6609253450308994
-0.6578269482054908
-0.6568855929089634
-0.6548661882226553
-0.6546686005914526
-0.6545893481400158
-0.6535385100833192
-0.6522265320461409
-0.6518011404776213
-0.6515206054213873
-0.6505528890572638
-0.6501571205843043
-0.6501121166776131
-0.6488128778726602
-0.647689741187092
-0.6468431747439579
-0.6450582653418943
-0.6440551352104724
-0.6428663286886348
-0.6426107489667069
-0.6410889800571359
-0.6402188639115856
-0.6374242944032495
-0.6371906203671303
-0.6363423093046285
-0.6358969731889267
-0.6346379596213165
-0.6346243480560538
-0.6336675998663341
-0.6336548708878758
-0.6336402568735165
-0.6333381406272525
-0.6293133644190534
-0.6290448545601889
-0.6289098343434649
-0.6254308657592815
-0.6233619950861393
-0.6221693942850453
-0.6221544894745877
-0.6217320804640578
-0.6184862127407721
-0.6140432402132877
-0.6138459929355139
-0.6135344895434452
-0.6132939874574378
-0.6131463030092444
-0.6105872567192869
-0.6105457324298659
-0.6099296588506645
-0.6093992006680597
-0.6069150616839664
-0.606445957880996
-0.6055099639404469
-0.604095738513869
-0.5992570802512931
-0.59673973466958
-0.5955056650232744
-0.59428092324239
-0.5941408801030862
-0.5930127668708085
-0.5918948108506282
-0.5892278561576678
-0.5890194655491848
-0.5888362587922298
-0.588655843351451
-0.588395947206908
-0.5868069789659583
-0.5860834520286694
-0.5855112446894191
-0.5852539958621099
-0.584999418343358
-0.583961569675037
-0.5839291471011318
-0.5799004210805813
-0.5796215437398231
-0.5773556701685292
-0.5770930894692459
-0.5752779295987206
-0.5732332883917413
-0.572162109598714
-0.5719456616840447
-0.5678151869579027
-0.566944626725094
-0.5648465841946441
-0.5644162214754138
-0.5640354944465523
-0.5638163155965051
-0.5626754345958408
-0.5622478030449493
-0.560791916578542
-0.556316816019662
-0.5562096173318498
-0.5556976462111003
-0.5554237177639818
-0.5531380015177408
-0.5529916330814024
-0.551832946390493
-0.5516855659384865
-0.5506203750814122
-0.5493406593773908
-0.5488252353348064
-0.5445096425426421
-0.5417937028927217
-0.5398954044711222
-0.539097321995908
-0.5370739564527587
-0.5355956621210171
-0.5354100962985806
-0.5289030272065257
-0.5288790503282312
-0.5282226771513939
-0.527706833519694
-0.5274884573974644
-0.5265312788882064
-0.5224278890982303
-0.5220329984016633
-0.5216959324350617
-0.5195355114099032
-0.5193594207558336
-0.5174501170243367
-0.5166821379857848
-0.5161034974771105
-0.5159548115238882
-0.5137754407974006
-0.5104706500890043
-0.5078904865688109
-0.5061149367605042
-0.5052633106882347
-0.5027131038781666
-0.5024058948527231
-0.502179085885597
-0.502013525621822
-0.4997634748925726
-0.49904361455877644
-0.4988343237829063
-0.498833677883599
-0.4977409567874005
-0.4959202395786618
-0.49559350199330227
-0.49558816159551566
-0.4936742875565724
-0.4928732950702145
-0.4920308662713463
-0.49013352414926603
-0.48848014688570157
-0.48666055738634806
-0.48648002203608554
-0.4864451269656225
-0.4839162168164305
-0.4822912974215019
-0.47946504268202483
-0.4792774138836872
-0.4762618256790233
-0.4727034885518899
-0.4683435917958384
-0.46527302401140236
-0.46423149814695586
-0.46112670974595826
-0.4603740076312114
-0.4600210040160009
-0.4594816766046661
-0.4547907145294271
-0.45320916834639347
-0.44853904597013133
-0.44585599643274376
-0.4448412412348287
-0.44402588785726693
-0.44368842082499327
-0.44332939521359294
-0.442845217457555
-0.4393739095656185
-0.43845636863402226
-0.43799920837342565
-0.4378794430810822
-0.43679448912199115
-0.43492361714207817
-0.4330352964603612
-0.4321720501866616
-0.43150722602384206
-0.43048976104626735
-0.42888920396450625
-0.4278993698246988
-0.42496610333939155
-0.42435869573671525
-0.4208960108176496
-0.4190734379435005
-0.4187408774149804
-0.417911753485681
-0.41565307230965287
-0.41170321977716695
-0.4114286744680169
-0.41068537519639303
-0.41006536185851533
-0.4083420207096672
-0.4079222605059427
-0.40368326033439084
-0.4020857396828136
-0.40198078445078167
-0.39991468198655683
-0.3995272572380988
-0.3992611520840893
-0.3992224067224512
-0.3989315725627061
-0.3979359064133384
-0.39766550095282516
-0.395443840004678
-0.39402271075084083
-0.3915966230885565
-0.38972559626472003
-0.38916919727720367
-0.3884842865268381
-0.3860564255265247
-0.3812119216820686
-0.3802947591116057
-0.3795734179892619
-0.3783432281692856
-0.37777896391350485
-0.37312123523158053
-0.3711887285580996
-0.3673381065838259
-0.36493784971013865
-0.36425891491842965
-0.35714124128346636
-0.3570300562655909
-0.35065774123887195
-0.34966493215594446
-0.3474696337544605
-0.3470813846340782
-0.3460319909284669
-0.34270962404467326
-0.34227707589955747
-0.3397675678427937
-0.33937368552997804
-0.33741232984940284
-0.33711189328936453
-0.33561737838468675
-0.3345668503878319
-0.33350654855194783
-0.33299338128713984
-0.33108195695334997
-0.3299934231782971
-0.32761135952246195
-0.32634839895945167
-0.32547514778636355
-0.32506426581059844
-0.3243819518119405
-0.324199869545023
-0.3220966002565605
-0.32165768700001507
-0.32081130927282764
-0.31532123552389557
-0.31452109816755464
-0.309506315251554
-0.30909107650951695
-0.3089451057054465
-0.3058113565545695
-0.30523754913899226
-0.3024452257160437
-0.3013333756021533
-0.30132539592403584
-0.30125930198361606
-0.3004843329019097
-0.29894162727147633
-0.2989226878778378
-0.29715571060377594
-0.295813499241821
-0.2929552500872288
-0.2927253523789077
-0.2910427065204365
-0.29056492291656544
-0.2883585713872109
-0.28806204679220204
-0.2869478711122196
-0.28482834136565494
-0.2845768488448672
-0.2829759423924062
-0.2823408015664276
-0.28155443718362394
-0.280670773591377
-0.2800064418899783
-0.2797950546999298
-0.27977260679952165
-0.2794674889013675
-0.27930278984246515
-0.2760245841127634
-0.2713342602320655
-0.2705057864863903
-0.2690487829924608
-0.26766666047902743
-0.2658635173664504
-0.26577824937847516
-0.25989058133712795
-0.25838013089645395
-0.25806124138375475
-0.2575129793585559
-0.2571226670121698
-0.25625182945333513
-0.2557753725425416
-0.25133647909332146
-0.24923459406839138
-0.2459039540241897
-0.24543646504948702
-0.24529808945612552
-0.24287615372174318
-0.24205256578262346
-0.23895196137775543
-0.23761983685717059
-0.23741955443430846
-0.23667587463887574
-0.2359218311136257
-0.2345599447458685
-0.2334254365326227
-0.23300886495846185
-0.2300340927716289
-0.2286330053484502
-0.22831866796576927
-0.22720211619297803
-0.226840119369058
-0.2265052352332665
-0.22649408853879782
-0.2263290996823153
-0.22592606694000922
-0.22561231230708942
-0.2245220983577102
-0.22425734437621747
-0.22394594317963346
-0.22314585975803858
-0.2204461496796818
-0.2198027775508971
-0.21970122813297796
-0.2196052945429563
-0.2190114001930652
-0.2173635982547942
-0.21735897770650248
-0.21618493330949745
-0.214885754993898
-0.21459361833818608
-0.20953502920471895
-0.2065763567790438
-0.2026641527713566
-0.20229278644552673
-0.2020629604353542
-0.2018121842060705
-0.19643575294413765
-0.19524737263383007
-0.1926011878435137
-0.19086637612310475
-0.1908628797586568
-0.18989063806662487
-0.1890670028584382
-0.18755972777377217
-0.18751477463209784
-0.18734942361893703
-0.1869267614676403
-0.1859860266749473
-0.18494534964059278
-0.1827186129646613
-0.1819826957540226
-0.17820272909963403
-0.17609164566047286
-0.17452066770465513
-0.17193937587801753
-0.16611862500684696
-0.16406154662323885
-0.16234119572590522
-0.16159450624808575
-0.15976412262604645
-0.15750221602744507
-0.15697899157350736
-0.15621908608161417
-0.15571264958988107
-0.14997583732113928
-0.14671491150072646
-0.14496825061278373
-0.14353871705628896
-0.14070591396903487
-0.1387236117165871
-0.13323969359828725
-0.12977860291686966
-0.12953488906636934
-0.1284995739854562
-0.12565869542812824
-0.12449465961005667
-0.12400087868197296
-0.12367367098649261
-0.12342486286747738
-0.12165541144826177
-0.12022636740055029
-0.11886798746100019
-0.1184651225348049
-0.11750980441083636
-0.11692170555856529
-0.1128447253787459
-0.11134022610582994
-0.11115830287179018
-0.10992064120885547
-0.10817624954387972
-0.10811535199981628
-0.10717066179759993
-0.10603449251154662
-0.10489901312088573
-0.10344404475279773
-0.10305359282343374
-0.1013493200368911
-0.09654386273748075
-0.09574125177364634
-0.09397338720390935
-0.09368257958788706
-0.09250896080681392
-0.08962202055857099
-0.08892697273320282
-0.08863449298536819
-0.08472147124457319
-0.08338857704635061
-0.08072129161597597
-0.08070279445140682
-0.07943605642333429
-0.07865645305878055
-0.07688157980298482
-0.07583955230633854
-0.07566349851364529
-0.07435333223520668
-0.07415651454956174
-0.07144478400460211
-0.06772084759846186
-0.06727901508863354
-0.06644172043867064
-0.06637400322210152
-0.0648413233320265
-0.06366158329151717
-0.06230994832772428
-0.05959664227398709
-0.059439938368724056
-0.05730826849912696
-0.05683274159485663
-0.056516100180544315
-0.056404666723180424
-0.05531337498682132
-0.053222362086670694
-0.052901509883322206
-0.05181424102549581
-0.050405945665561905
-0.049213406691730244
-0.04861731591577023
-0.04409427484198558
-0.04327933112362192
-0.04084897822783751
-0.04012684788048737
-0.03836639773806094
-0.034920473215233026
-0.03396307355707873
-0.028332983218069485
-0.02733339434254417
-0.02725780325497884
-0.02703297639450819
-0.025749310151472637
-0.02307263601876708
-0.020968351349371195
-0.020283466402625294
-0.020069350543752362
-0.019709882195491857
-0.016688894621038508
-0.012696322106824143
-0.01106089079387007
-0.010882077572330923
-0.010593778554552014
-0.008694384592251359
-0.0067133767801088595
-0.004474392887291678
-0.0033802083869338695
-0.0019594406445589962
0.0012847917859988844
0.0033994860260718185
0.0044219033101995375
0.005559151262881423
0.006091665071281338
0.006101028368672323
0.008209961192500392
0.00886761428988092
0.01181960761670553
0.012162904596445978
0.013645571794087985
0.015453745994576523
0.016119709671767457
0.016783969218049255
0.01963284948666566
0.020434868448227506
0.021095613685802848
0.02284811779908058
0.023075896448710997
0.026539945683430988
0.027340626693324876
0.029094766021074636
0.031994334594207086
0.03202968881646895
0.032117695965790026
0.03307501222475262
0.034296598675400136
0.03914225652729675
0.04021808160230467
0.04042097001502443
0.04165487993997419
0.04182543286252005
0.04274916372300419
0.045128073470509955
0.04536550711864107
0.0503590313111415
0.051532132029585564
0.05250189445355019
0.052813579954178784
0.0542053777534679
0.05446188837389471
0.054671475025018804
0.05653803570471472
0.05875456047257732
0.059739929527568236
0.06512319408580858
0.06546660834568158
0.06596473973025008
0.06673507721644789
0.06741314051514147
0.06803911721231515
0.06837074713457386
0.07133904909077327
0.07306109281095996
0.07767820342057397
0.08032060437418276
0.08037747400186346
0.08247101095100506
0.08255469007761873
0.08364957248163218
0.08368839076932277
0.0840773983095604
0.08441098727880847
0.08534759815657234
0.08545245541466684
0.08697210704930824
0.0872457879150016
0.08756403369108234
0.088526749603561
0.08884266900632132
0.08952938578190917
0.08959713959420934
0.09063820053969751
0.09279436865224479
0.09311893726160159
0.09328874714302571
0.09419197084538194
0.09458408207515412
0.09597822023546188
0.0992736070271702
0.0997732708872292
0.10150224052973333
0.10494180695873961
0.10581124417955518
0.10720494322429408
0.1078062559708004
0.10859827890753873
0.10989550087470973
0.11169434144170853
0.11197406622660233
0.11236658619703974
0.11241091176111939
0.11317000739596095
0.11325252607939373
0.1134271851392239
0.11810502276211832
0.11967816789710348
0.12068315387951106
0.12080376342818488
0.12156816600104436
0.12299830517024601
0.1252629210142544
0.12546244310519572
0.12605705816614965
0.12759982282295884
0.12898927263260762
0.13102234221079334
0.13121601895097218
0.13264585606123447
0.13565065262147924
0.1384822792141151
0.13979811092079553
0.14441781576146506
0.14754534632241234
0.148387101171188
0.15027619947562987
0.1503825462524438
0.15179401307910712
0.15348876726561278
0.1542638055984416
0.15537766843001777
0.15898440924001545
0.159977734659402
0.1608154096413411
0.1619784029048587
0.1621261272502234
0.16468017609096597
0.16569943170746193
0.16789052270658433
0.16825026883580674
0.1682774552129055
0.17089759017310016
0.17167825411285953
0.17186401692750577
0.17216745616325357
0.17216874576197772
0.17247292855814927
0.174003920562318
0.17488531359012505
0.17605907829247647
0.17665643903305187
0.1788442790410082
0.17981749655228263
0.18097726956007165
0.18213140090078384
0.18239201776534353
0.1870027099906454
0.18952914489670958
0.18956647576806374
0.19092202647312317
0.1920434083211433
0.19343430833408684
0.1949057695955233
0.19694282414965814
0.19709558334733357
0.19820976069613216
0.1987834018717286
0.19922617671124926
0.19946051970292422
0.20123123802723264
0.2012610489213288
0.20328092076733922
0.20567841370461837
0.2063365291655359
0.20777045287823792
0.21012834567738936
0.21328895900272393
0.21391694398876138
0.21391893452072583
0.21392511857519503
0.214643040657443
0.2150136832634968
0.21693127826272435
0.21827341764545538
0.21857541775890957
0.21975728768570835
0.22136342332267667
0.22291129516701447
0.2240640884558759
0.2260275189602774
0.22625224349733833
0.232020680783166
0.23278523461946554
0.23418364598145514
0.24319530653755106
0.24406874643127818
0.24536527150983817
0.24700206882782072
0.24757710255233095
0.24893216485052827
0.2491272844093939
0.254157364010792
0.25454502960334074
0.2547032514376446
0.25566897532705657
0.2557653424424215
0.2569195054381004
0.2571803129345214
0.26012815423700786
0.2601885941031412
0.2618983468265016
0.2625293412393706
0.26297517834972606
0.2636410320314213
0.264881760295557
0.2667101485987326
0.2694336448370357
0.269977455955981
0.2702614353550632
0.2720822863686302
0.27270919303931884
0.2759957494640671
0.277004185558483
0.2772701535978119
0.2802626386544319
0.2806018911477214
0.2829859350554038
0.2835521961704006
0.2849449401372717
0.2849683481074259
0.2855760022239123
0.28607639049585876
0.28642939518716815
0.28817552216424974
0.29023110266661556
0.2905106067174507
0.2907399737670635
0.29546977937644126
0.2964803011756957
0.2978249631096334
0.2984078482665421
0.2987961103000354
0.2997348949398426
0.3004056062508283
0.3012080912951145
0.30246418325078306
0.3059645473855358
0.30639249125963725
0.30649139581983115
0.307602003080584
0.30868163808805926
0.3107374233780279
0.31093860872472867
0.3120496593640917
0.31244720624934796
0.313610256962195
0.31398928630523504
0.3145424792790375
0.3176925031043383
0.3193037714141732
0.32040253985591605
0.32077631530636586
0.32250008916736184
0.3238952187357531
0.3253813039585991
0.3263124696653127
0.32684473777302964
0.32741928817418775
0.32823401491846227
0.32856283285110943
0.3287187821424367
0.32952895673819893
0.3314071562108257
0.3346424390307654
0.3362188053620775
0.33748326229837455
0.3385187575384426
0.3425820510714356
0.34347623800138327
0.343858096036329
0.3465225340479196
0.3488531245663118
0.3520044156911865
0.3520613393408296
0.3550873323274563
0.3552342393229635
0.3561096057158999
0.35639733827523257
0.35645258730825374
0.35759891442558656
0.3587245441926402
0.35915351402538054
0.36372067928804863
0.3660469226740303
0.36668999841646277
0.36929484073148944
0.3693262799991612
0.37099221011099537
0.37379137202341783
0.37399068181053896
0.3743538687902711
0.3746597045945984
0.37524860362584733
0.3766180118035543
0.3766359354678221
0.3778485361976368
0.37893695263384714
0.3803121533285432
0.3804546805916452
0.3804788892155913
0.3850774282126187
0.38996502279506073
0.39429455878568254
0.39487938337694617
0.39578345743603893
0.39951464865102204
0.4002583474007947
0.4003872663622921
0.4015790373693297
0.4027575186284716
0.40779758368353125
0.41074920448438335
0.4137507044358959
0.4155534310780076
0.4161428438792958
0.41622162000376833
0.4166210357589589
0.4173102892960859
0.4175983343376253
0.4192118630820013
0.4221682794504268
0.42338927510401714
0.4242895514996011
0.42517552799166325
0.42592212750588965
0.42808730897374275
0.42838439346001944
0.4285854154519583
0.43150376602073504
0.4324096185201023
0.4349634876081584
0.4357368417419262
0.4360571473320247
0.4362203101325405
0.4381509064132104
0.43917178011585367
0.43968975370201535
0.44019023101443017
0.44176433386776304
0.4421629706555592
0.444929516387844
0.4459373101482844
0.4461768910105105
0.4474305670774328
0.44805151106006064
0.44810624644675034
0.44863789279542043
0.45098593809971715
0.4515361233143943
0.452434625503696
0.4553619939643667
0.4555809126755662
0.45696825714520173
0.45706497381615835
0.45854371878592115
0.46072425230485703
0.4617598959642038
0.46196892088367947
0.46436210660509425
0.46536377959809416
0.4657642103348091
0.46600753194158395
0.4662247915477859
0.46660660539505483
0.4673041505618758
0.4677120779179841
0.46841111248235945
0.4707801375808752
0.4718203640095705
0.4743240878006848
0.4745039310215806
0.47551687527588965
0.4755770848628962
0.4763120834771032
0.47694037220344565
0.4792468854035647
0.4794167256467732
0.4813399075910581
0.4827822638959778
0.48310207331023225
0.4841127639101791
0.4844450868876599
0.487098350631309
0.488790350946087
0.4892727592046629
0.4901970754084043
0.4908353012511525
0.49214044522503364
0.4929355194412323
0.49462235155470724
0.49467551064686566
0.4954097283004977
0.5023968145565638
0.5043943153333492
0.5045022643311359
0.5062995773079004
0.5090269656681216
0.5093619290860222
0.5115259055080883
0.5119351467334639
0.5142860742427308
0.5148444986657087
0.5151606164877853
0.5157766556467511
0.5159604264171426
0.5163668243378376
0.5175100554552419
0.5217618846284392
0.5221984595941314
0.5228080407573982
0.5235233991974656
0.5238243053347962
0.5239420346918985
0.5239813782948604
0.5245540148217154
0.5247979164522234
0.525121826325394
0.5271168794105014
0.5293205187083745
0.5314944533308479
0.5317363489826172
0.5332502373487038
0.5334890874723768
0.5347991204375306
0.5380451128427144
0.5384258727506968
0.5392821345463175
0.5394362134938812
0.5411099464766315
0.541491950851156
0.5415901524681939
0.5449941266226643
0.5468051853126349
0.5473526144043256
0.5478756549728725
0.548114840663541
0.5487023187309235
0.5528354276873394
0.5529823865831343
0.5555963743922927
0.5597609344721002
0.5608677587067348
0.5617581526037836
0.561934291303443
0.5628323054688353
0.5639896716358657
0.5647801873704292
0.5651435277875175
0.5681444982115461
0.5708190870250527
0.5731931265574058
0.5732374568484311
0.5753093348544887
0.5765853557112404
0.5798606913778728
0.579958899858073
0.580159501271088
0.5816538479112199
0.5819792715286161
0.5820953157431596
0.5842943097566289
0.5849966355322835
0.585302874742188
0.5854227359099605
0.5865914367222784
0.5877110721706333
0.5878214992237469
0.5886034049681023
0.5887752408425144
0.5914416417420523
0.5914865683031646
0.5915600341746083
0.591990731228785
0.5961172873259036
0.5969979467428103
0.5971367561507686
0.5973030751928151
0.5986196512301205
0.5999016378734723
0.6034270937678495
0.6058591370462627
0.6068124832989212
0.607056739048213
0.6078430966053627
0.609239031464655
0.6098167586966299
0.6104801537826426
0.6114963236377063
0.6117817438698869
0.6132080278338425
0.6157871868683442
0.6162494006741461
0.6180609051971692
0.6211147904795773
0.62586749297455
0.6305095551980056
0.6306178282284756
0.6306380510426658
0.6313484675556137
0.6349154074975099
0.6363747548014772
0.6407080701526123
0.6407675374272674
0.6429315197945564
0.6446864894968903
0.6453056030758155
0.6456949464023375
0.6462530888933012
0.6465259222414361
0.6500783460855402
0.6548727518058931
0.6561803441499665
0.6565331081752395
0.6572078193225885
0.658476423634371
0.660457646275322
0.6612114716744807
0.6615369932599304
0.6621583727326292
0.6646714929047823
0.6654299348115149
0.66624347157727
0.6669180013644751
0.6681230313463558
0.6698007816622122
0.6709657392355457
0.6719444116066386
0.6777977129468193
0.6787025569367771
0.6820804898697151
0.6827279854735023
0.6830870836870668
0.6831930564158539
0.6868702370675912
0.6871914458646351
0.692881472313929
0.6937202735677676
0.6952447428965507
0.6955032268767547
0.6959944685839546
0.6974331883433404
0.6995068641637537
0.7004775711006321
0.7016827058377636
0.7027065856326027
0.7041377391385498
0.7045557716715947
0.7050564415174772
0.7055767165032769
0.7071258826784526
0.7101789889756202
0.7113893811279162
0.711842843066893
0.7181124851017129
0.718453579066198
0.7185506863624057
0.7204217378512461
0.7211739466820025
0.7221576247236097
0.7269242244493205
0.7286195389124694
0.7298030798624398
0.7330063305743999
0.736521094978983
0.7367106576850235
0.7389381149417461
0.7401551491820741
0.7437650549640834
0.7439727934808007
0.7444758383866887
0.744672203111264
0.7449305996932765
0.7478575787817126
0.7480191590708347
0.750370718700156
0.7504036501490955
0.7507451359679851
0.7519745916123114
0.7540715438756941
0.7591732279406582
0.760708903993828
0.7615767041311686
0.7617968501186291
0.7622080017062209
0.7639903236669727
0.7644168581109837
0.766223027097076
0.766962129664065
0.7676701262274369
0.7709871105653491
0.7716359694465353
0.7745367592920709
0.7763082744049856
0.7773213046469327
0.7773525109169277
0.7810838211065647
0.781375268636249
0.7818352375616102
0.7841916877817103
0.78432623137124
0.7848867191648234
0.7851341021348606
0.7875414302931055
0.7899725387752434
0.7901490402815876
0.7914370955563089
0.7926561053826491
0.7946666959828868
0.7954067962214587
0.7989654790576454
0.800036977971867
0.8013807884598146
0.8019776209132929
0.8032726875584371
0.8040042040172085
0.8051176800046814
0.8051972506898442
0.8057670492510798
0.8078518360252414
0.8138133120658293
0.815251151871969
0.8153872442519203
0.8183755097182431
0.8211753261987372
0.821585422975041
0.8222196932091754
0.8232332891795943
0.8235436741641843
0.8261618444161487
0.8269500791278563
0.8281323838632003
0.8348994582415722
0.8356539105879217
0.8360462922147115
0.8403266666739735
0.8414349515173003
0.8414841417313315
0.841864331743274
0.8424423699148083
0.8431479757468386
0.8455562004824465
0.8495018360964686
0.8500636576830776
0.8526549095391607
0.8548670623826519
0.8548989265139252
0.8561794751785888
0.8643357082406327
0.8657118867826991
0.8676312100671083
0.8680191406631464
0.8689675839519215
0.8691705810731387
0.8695337100713983
0.8710610022624526
0.8713229360835778
0.8811239181095644
0.8829831988681734
0.8840345512368118
0.8842505780855295
0.8847724401421558
0.8871683108582091
0.8926087059619519
0.8935403758754159
0.8964564319043493
0.8982752423895387
0.9018818667553554
0.902146169407616
0.9044569629052193
0.9051991904598184
0.9065484909113384
0.9069960601673381
0.90962987328617
0.9102096179800353
0.9142882575815966
0.914926459311007
0.9169969379955224
0.9208990014550614
0.9212611598447791
0.9222791849587572
0.9231412613310541
0.9236195991675761
0.925778953046231
0.9276292628829208
0.9279957370950018
0.9283687277548367
0.9287085715631888
0.9405264245079006
0.9435174984909074
0.9436407376522007
0.9437077901992663
0.9462960342634452
0.9463700993045512
0.946999994810894
0.9476014505877921
0.9484141360735847
0.9564511918474157
0.9568415046425631
0.9632294436410347
0.9633201679616942
0.9642788518107579
0.9659006976041408
0.9663840104259827
0.9670556750654107
0.9684844016084371
0.9692499280757079
0.9694548670866058
0.9718934809047136
0.9722336313158543
0.9734770132970485
0.974319976071115
0.9750887455931923
0.9758248996948702
0.9766690868918027
0.9776612826035072
0.9779193731707119
0.9785942822889739
0.980956636136402
0.9823106706066663
0.9842784092729981
0.9855050899118315
0.9860278116972512
0.9867372813789816
0.9873341439068016
0.9896474879578167
0.9927091223399381
0.9929035992969131
0.9934346062882667
0.9937679091028908
0.9942471582268153
0.9944630551907702
0.9951578275811345
0.9967355552655716
0.9994793852439292
1.0008576723642133
1.0028066646150762
1.0053271138583055
1.0056314524296182
1.0105336609891353
1.0130726673180361
1.0132257420877187
1.014108824237577
1.014421385159593
1.014949331822278
1.0157982714711034
1.0179540276902408
1.018083493491212
1.0181602142860335
1.0187770571230048
1.0207427355201608
1.0242825723665798
1.0256861098003782
1.027102790281739
1.0277126026750192
1.0320323777300828
1.0330288550720625
1.0331325737001347
1.0337669958862832
1.034532997875318
1.0353440105996776
1.03868531197912
1.0418042719463112
1.0433165625497103
1.04404349077556
1.0460869361878036
1.0465086479571808
1.05382758256945
1.0538726883417802
1.0610986105224445
1.0625520364345729
1.0630548558718167
1.067501578450429
1.0703924324487661
1.0725375468627247
1.0736911616458307
1.077229344891822
1.0801283557259265
1.0816077628845062
1.0827198951715582
1.087924616784368
1.0879985596701447
1.0919142031066764
1.092060106454435
1.0932637913668761
1.0975293936774395
1.0979393388751262
1.1004106819594923
1.1012673570465692
1.1022446027152746
1.1037457088385256
1.1105274716056854
1.1115812661549929
1.1153969852797074
1.1189644185293075
1.1190700079850204
1.1198956511080378
1.1200145960355916
1.1231014526708782
1.128927862041976
1.1298043860286717
1.1307704499195887
1.1320585535598793
1.1391129867339655
1.1398222859196805
1.146042801845251
1.147589995563528
1.1527829165353833
1.1544689062574758
1.1550258192947978
1.1606167983733575
1.1620568156652948
1.1626784220267248
1.1665012565650992
1.1720211287819924
1.1736287689224347
1.1756856480804163
1.1767968223925045
1.1773323748184663
1.1808189481226208
1.1814642161073634
1.1874827580174605
1.1881726419295304
1.188829126188144
1.1962140947593265
1.1981883683011691
1.2002206873640477
1.2003174685470337
1.2006193426477054
1.2019831264414593
1.2038208800948702
1.207659118049366
1.2079484530079005
1.2111984623931495
1.2150505164222467
1.215100757294162
1.2204113719801075
1.2245064519780893
1.225002847255484
1.2256604871191474
1.226897412292439
1.2299208156399914
1.2304215354948582
1.236882854862702
1.2371569521510202
1.2408529962194552
1.2457085628578122
1.2509057696088737
1.2525218767601811
1.2530184717434647
1.2546833794360421
1.2556064792428285
1.2563447425233816
1.2575827755002198
1.2592043468615746
1.272049857302616
1.2743004737827586
1.2745158551985643
1.2747951652119962
1.2767213554662107
1.2768512630207018
1.2810811378392624
1.282039312119991
1.2828705366961648
1.2829426685384837
1.2849401584372848
1.2850398272499972
1.2917529133565764
1.2945521038937042
1.294656610925756
1.2985623405275297
1.2992029013055222
1.3006584456144006
1.3017800178756644
1.3035931462846404
1.3059248449753946
1.3063991871850245
1.3070343950932268
1.3086473337959883
1.3093611318828595
1.3093819385024732
1.3099681219561004
1.3101036907326518
1.310105861114585
1.3120477295797883
1.3150683236029626
1.3174428494785968
1.3199466511501474
1.324154098575501
1.3255236838961348
1.3268231685056295
1.3307081780156642
1.3337417416880775
1.3352758356034151
1.3378504510152869
1.33814939706952
1.3386766977535753
1.3403005812990587
1.340903687469047
1.3441846806089024
1.3480788159471322
1.3481593369560982
1.3491794290136117
1.3516152307225915
1.3523232972293764
1.3543384509556378
1.3557636973535345
1.3589319110878118
1.3593027156682795
1.3616395644153554
1.3644182783261838
1.3700515740888322
1.373829061934939
1.377870739838174
1.3787735526288858
1.3799610919460876
1.381875462566116
1.3821012828004426
1.3824783619245058
1.3825984178176987
1.3852221483338822
1.3884832201853659
1.3924667974941656
1.3960275110804152
1.397052777267612
1.3989145496658717
1.4020935309058422
1.4048737656728605
1.4121989621469435
1.4130475937509153
1.4138965715826957
1.415818799034816
1.4163113684101893
1.4234137366334836
1.426842542147189
1.431465205590866
1.434222001217317
1.4381518811280491
1.4424328739262673
1.4462885879072722
1.4477746332350838
1.4508609480956907
1.4520854404324337
1.4553157247200135
1.4565987954367448
1.4626905669485304
1.463109251852308
1.4634287746239039
1.464464496406193
1.4654478581469426
1.470712747202186
1.471381528610702
1.4723193481204402
1.4734394089213634
1.4796426718490758
1.4825143381050818
1.4844020965219116
1.4853370561688148
1.4858529218551952
1.4886331588095667
1.4897918998072084
1.4905364709487965
1.4968427493314507
1.4969624689220047
1.502532287281762
1.505173334756814
1.512280847603876
1.5145816964656917
1.517429877318983
1.520302587308065
1.522009811858784
1.5260102777117253
1.5292417539718524
1.5299075234770618
1.5357630650314409
1.5380612207861133
1.5407479290262613
1.5423198617441107
1.5435601714261646
1.5439206693209675
1.5451109407652759
1.546068328640108
1.5477467298342158
1.5534011160313836
1.554298689089724
1.5633190744788485
1.5675459651831916
1.5690074257089615
1.5695554244087648
1.5717394017362474
1.5718806366928884
1.5733659317815676
1.5788579398451987
1.579353823609725
1.583129991146145
1.587412430892846
1.591125919087537
1.5934480075614432
1.594999462058118
1.6030721598877995
1.605759532684144
1.6089695835641733
1.610783257055446
1.6119973430604926
1.6124885349674565
1.6133245503173712
1.6189532661997608
1.6199850192529135
1.6218999260183773
1.6241774754242535
1.630687386294005
1.6311454980886793
1.635048683798321
1.6462948957062544
1.6482060669948218
1.6491902140820747
1.6503170697832867
1.6565849741924965
1.6613873279028795
1.667318101420869
1.6695657305271014
1.677852730360411
1.681395834792415
1.6824862220892463
1.6858580937845273
1.6889736235052504
1.6901174067684832
1.692177945404462
1.698106263125472
1.7033771165506364
1.7055983453290646
1.7135878900495043
1.7166194166415145
1.7207809804728622
1.7274827869180567
1.7296601300792656
1.7304957671657633
1.730707882674213
1.7309649452845233
1.7325917815946297
1.7360308818806787
1.748212376210072
1.7522532575671694
1.7577628109883023
1.7604601678455452
1.7618377175480038
1.7645838626799009
1.7689183724817845
1.7781782463157574
1.7785163983151744
1.7793641493165664
1.7853841365049785
1.7900200573933887
1.792143137934885
1.800442397491862
1.8014218251901128
1.802884467865117
1.8044333152715573
1.8168969141259446
1.8216558918030237
1.8230914847227584
1.8249242905650935
1.8264798965474178
1.826517570595755
1.828767913682894
1.8302582138573564
1.8322078417824528
1.8352847630128342
1.838023520704925
1.8435919165146464
1.8478459092711264
1.8483274328983041
1.8502310666984383
1.8503300864210752
1.8572964749366188
1.8598647603299123
1.8616630413232809
1.8620781455688808
1.8650711926686765
1.8750040549798284
1.8755706651754323
1.8860461680111449
1.8883474277413848
1.88840296423701
1.895209810041857
1.8981345605260247
1.899309202885946
1.9038307969145107
1.9131739100372847
1.9196722432378657
1.932973428382927
1.9359121113413178
1.937157586011537
1.939578484355931
1.944819015502474
1.9483628519337675
1.9541685807882403
1.957138055669287
1.9668931988229161
1.9669728270388513
1.9701196658081286
1.9842851149585043
1.9850766074129016
1.9865464374020851
1.988473136003182
1.9976020949477609
1.9998986149319946
2.004970900540795
2.0158053865884558
2.0228248794171657
2.0307268662964684
2.046525298207249
2.0478874031034495
2.052060479537983
2.0531991365930145
2.0536650355635366
2.054945559939964
2.0630631363229996
2.0637166242324603
2.070795308184602
2.0712693307321857
2.072661418056345
2.072916215224556
2.0776205424764993
2.093259840142938
2.1043704365167755
2.112077097609471
2.1169007063785443
2.1192691946787168
2.1339918517456637
2.1441755092491657
2.151513603423247
2.175718536602502
2.183464170983011
2.1840997856495017
2.1845015502710634
2.204937095519843
2.2473736636132347
2.25155649173679
2.270970701225835
2.294307700308984
2.2967366162936282
2.323399591810829
2.3946882158143112
2.4033861781635926
2.4222245782861784
2.4283140430880135
2.438358886444855
2.5306091344979462
2.5483744196973466
2.557316157944351
2.5826732148908986
2.6064313330561104
2.615750946081966
2.618828894352674
2.8076336089352827
2.886631164198306
