-2738.6181863384686
-1827.8353170094308
-970.1342093425599
-969.6746989901544
-825.682582160364
-613.0768469417545
-591.1228542159273
-535.220792046381
-488.13309863294955
-338.9784319162332
-338.4405494840364
-307.96984168691756
-282.7012186972494
-273.6109868890629
-267.33133638741043
-264.04834950523536
-246.2622695505559
-230.60333215077247
-226.01149983117472
-225.87943359698494
-208.75485870363144
-197.2058905305074
-195.20681097717838
-186.015036105926
-178.30282248775168
-170.24579868569094
-160.58012558416232
-155.4731942105029
-153.5652225798312
-141.92579045902102
-130.73222454875682
-127.64537775291652
-122.32313770616237
-107.87696809572739
-98.25309742562273
-96.39679857367807
-90.38980835974331
-88.19484251817676
-86.41731010354674
-85.92136359178083
-84.22471910948134
-82.84305178754946
-79.59333712113637
-78.74467307757698
-77.3172332789444
-77.26127678723446
-76.1382288003856
-73.79245588168841
-73.33446367316864
-71.16861603214217
-70.50474188247681
-70.13166736289452
-66.9727865463963
-66.23413883433459
-66.02031574553173
-64.77944122352542
-63.60713474211183
-60.33276564851056
-59.55079982247023
-58.35693139256456
-57.671086580467836
-56.65516150269126
-56.555696865833795
-55.64252695982993
-55.24463241043402
-54.6855542270029
-54.027027171169365
-53.71101170421736
-53.37186736413338
-52.49123230323249
-52.21400363093695
-52.19450008325891
-52.08647166959859
-51.814533799992084
-51.79383872011882
-51.754749503042945
-51.35929493705885
-50.52903304849854
-49.94819328959122
-49.48448078838034
-48.962927374583266
-47.712849286486275
-47.69135835448244
-47.668713748686464
-47.275333542608735
-46.87750034738543
-46.74971637723307
-46.652311771370286
-46.289803739610825
-44.901622288630705
-44.574869646559016
-43.76697500259972
-43.70920715403921
-43.501956582645
-43.144926963408395
-42.858222842127965
-42.48199096005463
-42.43311304426341
-42.40537580533327
-42.06035260527697
-42.001891177131604
-40.78061955283971
-40.73140248506063
-40.3662762539019
-39.778901252652666
-38.92711889050574
-38.81050842903059
-38.77700796036978
-38.3256044679219
-37.97607625743868
-37.967687288340485
-37.73083994653835
-37.44447211630224
-37.386699764893486
-37.00262054265232
-36.84765291511897
-36.270654417457
-36.266958602001324
-35.96133045061287
-35.90757372065134
-35.5928773345278
-35.586696333944076
-35.103575652916184
-34.616608128135454
-34.57565488758762
-34.56002338272524
-33.78619490932534
-33.037281470101895
-32.982071539205286
-32.42495922865157
-32.27066271990075
-32.1587099832142
-31.966124221175146
-31.813934156064587
-31.752499187796648
-31.455398234890996
-31.337984456980944
-31.250474425092662
-30.716420777619952
-30.219532915911707
-30.161733838529717
-29.95700467534033
-29.804028056287734
-29.6614202395048
-29.449155994392115
-29.302842606463987
-29.292144884022477
-29.157672181991344
-29.146701389543665
-28.60505633282279
-28.385619603621183
-28.184496741064777
-28.00200407271385
-27.813275678070898
-27.8058571360702
-27.602263154715427
-27.181440309379887
-26.8953223984872
-26.869469150310586
-26.826174153547363
-26.78458480777117
-26.746566427677493
-26.541764602834007
-26.509024482211046
-26.489575064362388
-26.276700337765487
-26.20957175247337
-26.183396577616804
-25.9355502126014
-25.57952399721037
-25.398027261565804
-25.30593626097751
-25.09781459394745
-25.083140526975406
-25.050586678276122
-24.995205434082553
-24.855534347115622
-24.811472150114085
-24.74875476702154
-24.74148220227915
-24.70542900945992
-24.630092715182634
-24.413300444842402
-24.230538590262864
-23.99894882739643
-23.962466421291037
-23.92457618901369
-23.885170271083396
-23.802478840956887
-23.80037919577769
-23.79794270747031
-23.707373784315255
-23.638837035281135
-23.627133618071998
-23.576881830271017
-23.426002296550756
-23.350543144082632
-23.283995508302205
-23.194571347598053
-23.172462953568658
-23.022259731757167
-22.94400484057097
-22.80494352780921
-22.789693371166564
-22.48943831703197
-22.478135959163566
-22.264298069472005
-22.228215303917118
-21.98460955527544
-21.88451344019656
-21.87923087446443
-21.814732405406144
-21.741562126390008
-21.725794480852386
-21.699578529430063
-21.539214171063122
-21.534297078444713
-21.216188222173532
-21.19555843562011
-21.024575941801867
-20.993806105397404
-20.76197467987184
-20.702908686538077
-20.670814620811267
-20.592073973011527
-20.536655021326066
-20.52101191122326
-20.517506357327974
-20.462094828264224
-20.457566357407458
-20.39471748530537
-20.323807320649617
-20.255176407436753
-20.224443999144267
-20.137877089495877
-20.094416223192873
-20.00442441511082
-19.96054682245817
-19.931680734490698
-19.88934275396589
-19.84253912573409
-19.81317913337137
-19.737203055701055
-19.71687837342966
-19.618726858384132
-19.551162864847342
-19.462865417696623
-19.358335891060413
-19.341421422344258
-19.332463061743393
-19.238128541230036
-19.227766998764675
-19.170075572704025
-19.137841236608992
-19.080670964744726
-19.042693839663954
-18.91810303409932
-18.82979817098645
-18.716130857638984
-18.482520910094085
-18.43244810916975
-18.20563141974749
-18.184945029760122
-18.00877117223358
-18.003447669914145
-17.997652173978462
-17.98456880716005
-17.79284416533139
-17.489805738879518
-17.48689933648998
-17.43470939626837
-17.31412022445575
-17.12548896865413
-17.114424886386317
-16.92450704019314
-16.91802297041044
-16.89949939710406
-16.878638165017406
-16.824018180857333
-16.791425190369353
-16.709892755526365
-16.709879291136684
-16.582378260077082
-16.54150227951004
-16.530462239695723
-16.51565837477974
-16.33058666037722
-16.246361367212955
-16.234050951444964
-16.17292419298156
-16.139424097776523
-16.023370039916166
-16.000863081002446
-15.766451498043262
-15.70124768340564
-15.693116153435387
-15.576613088082395
-15.55045935303306
-15.508069201802451
-15.427444095256062
-15.307459131323242
-15.28646353779931
-15.268229816484965
-15.219697232959659
-15.198450234612766
-15.190886239259076
-15.164674887939503
-15.138952575769974
-15.134362412911003
-15.109533059307603
-15.012726389291155
-14.988910111056844
-14.926465505336225
-14.891752431255139
-14.817165873012476
-14.81051595286367
-14.702337587974363
-14.681970324077373
-14.659407937026442
-14.651281447192662
-14.64676592204719
-14.52891782989964
-14.504766138744117
-14.464808466767881
-14.391143960811666
-14.31358725561519
-14.304852227749103
-14.242338929466563
-14.198090788291438
-14.187371586105963
-14.126584436673305
-13.991945291545361
-13.950214759182632
-13.883999575892414
-13.845962195413787
-13.809261525798803
-13.76236681224237
-13.754010101011168
-13.669244068824412
-13.64257292321183
-13.617158472078557
-13.545039108625188
-13.535305533968723
-13.500869106382765
-13.479704823100391
-13.469230141913124
-13.468506789918099
-13.429047642046529
-13.412250749951083
-13.391913931087592
-13.356893126696438
-13.32031998463706
-13.31170270427927
-13.30977679384393
-13.182358781594454
-13.180352253145637
-13.140243780160239
-13.118086360115392
-13.07933950576394
-13.009948701616269
-12.969718873054259
-12.969039598889351
-12.944482977097383
-12.930029960800331
-12.848397909499372
-12.821292351673325
-12.752107025488803
-12.672336569507724
-12.660468388104245
-12.64342694350255
-12.620645603092374
-12.58528870334775
-12.566236908807248
-12.412154957243134
-12.38601464329647
-12.381724073769506
-12.247138549130263
-12.232607865559654
-12.16039465377657
-12.158533610800864
-12.127106340011697
-12.113576949998246
-12.088471887237999
-12.027827869473805
-11.985712457634518
-11.942730674897724
-11.93592811103103
-11.918946536625445
-11.850457160207284
-11.845950417476558
-11.839063349525063
-11.814133872798152
-11.808539666847503
-11.780951152416556
-11.742657098620723
-11.702348921108971
-11.679583533811035
-11.663321484179676
-11.660581591075122
-11.651872398028845
-11.64002057612856
-11.527265038291421
-11.496204209787374
-11.455230323089069
-11.443562350308422
-11.412855720692875
-11.374151659734137
-11.323606874835217
-11.206608243940952
-11.19123461888853
-11.18066853039702
-11.180109175113142
-11.175931127429129
-11.160523172360246
-11.120337189789286
-11.0956565418969
-11.08680047653815
-11.085969168360819
-11.081652996407392
-11.017396184136327
-10.990660424310686
-10.985542039428864
-10.978035953315215
-10.908414248546764
-10.891880308389357
-10.890745616395787
-10.888842921888212
-10.87323138023724
-10.845891343862956
-10.834337834769267
-10.8332261386333
-10.811801198196825
-10.806518185928027
-10.773171306062919
-10.697055891591456
-10.683957182149156
-10.669943602948647
-10.666211061183626
-10.650409591424147
-10.644575837668246
-10.592515144673072
-10.588997107675771
-10.573779228704382
-10.55953713713203
-10.542630120080618
-10.510095330049461
-10.47042815380817
-10.45873063823039
-10.455351232284178
-10.449271666664675
-10.439108231850927
-10.43837369033613
-10.387365264245915
-10.338674254681322
-10.32478613128295
-10.319749673463399
-10.294162990913
-10.272571876253387
-10.241868888412899
-10.239882566559356
-10.224042795411158
-10.221120257832348
-10.187971642268996
-10.145608225029727
-10.127278998059982
-10.126776483093337
-10.1219870825631
-10.114064478264378
-10.099639620225066
-10.088852065904671
-10.087489917983657
-10.041574892343544
-10.032179853528627
-9.967493060204632
-9.966031835745342
-9.954814740538069
-9.928310865847344
-9.920955678345674
-9.917153128267593
-9.904243590410482
-9.903432328420546
-9.890575728902157
-9.889732511779767
-9.874071397348644
-9.845841213385633
-9.823782487088225
-9.77796057353713
-9.697433939791068
-9.658144330704292
-9.63426642576644
-9.62263290906894
-9.609765207299487
-9.602374471557454
-9.5827655421743
-9.562538820800206
-9.522898894873947
-9.5025660742422
-9.497551431417358
-9.483454971687657
-9.481424408356588
-9.479884150330163
-9.458232069862294
-9.45603443233333
-9.449365619142277
-9.448280496439988
-9.396605580227977
-9.390083358633843
-9.380750655079742
-9.357626692406122
-9.351912266363897
-9.347448572574974
-9.337335291929996
-9.335350291535928
-9.328490721245624
-9.319599753333272
-9.314171482433874
-9.269138741507165
-9.266335420157908
-9.264935323953154
-9.256770395846484
-9.244829847953437
-9.22762616159841
-9.203308451280085
-9.195890517913549
-9.164448219840837
-9.156923372197456
-9.131502728323472
-9.110409944957294
-9.096527450229686
-9.074222141402078
-9.073577630945605
-9.066409275303357
-9.058586554940014
-9.058522549639237
-9.043164478317022
-9.042643335827126
-8.986371911913057
-8.986164749848855
-8.964629001252987
-8.955091858901708
-8.947926214194709
-8.947313246537117
-8.945382526086876
-8.943403990739391
-8.914748976036796
-8.90309652880773
-8.899872251476644
-8.891086854031526
-8.889745878014738
-8.879682644940429
-8.806574374589633
-8.787928084174743
-8.784465610942085
-8.774907031645409
-8.74953230626264
-8.693420463875933
-8.641331327226773
-8.620919421089594
-8.611516997590408
-8.572058870619427
-8.532714461588563
-8.497897177552323
-8.493870989860149
-8.486788860274242
-8.486043602892945
-8.463368815103594
-8.457736669785568
-8.452705750440053
-8.410615817362245
-8.392142971509678
-8.381025670100497
-8.332368063507285
-8.322327647008459
-8.306461844893533
-8.301253407486957
-8.292594942834217
-8.28669662579323
-8.25466981327959
-8.24939416357254
-8.232753721377804
-8.231215926499118
-8.15741595532597
-8.153681608840134
-8.142230531829618
-8.142105220010787
-8.140938948621237
-8.121394016948454
-8.11413553333599
-8.111966623973583
-8.105885620492286
-8.101083776031862
-8.085923203322395
-8.07489453501962
-8.0707849842046
-8.06957925609734
-8.06574896898588
-8.032969465463555
-8.032195748580756
-8.021113558401254
-8.003788956110801
-8.003719896959689
-7.989362188722891
-7.977364577783346
-7.973862086511786
-7.950530451315078
-7.9253510181037985
-7.917625615234509
-7.902395694152364
-7.901472316569899
-7.899990124250287
-7.8950425126658095
-7.861677058606256
-7.850152658154782
-7.849046048385608
-7.847819742487999
-7.845074750045097
-7.841951852645428
-7.831896077647489
-7.796161953613419
-7.794552779108201
-7.785420788497927
-7.780026279972317
-7.771397993297278
-7.7712996224203446
-7.77034726556721
-7.766052343874619
-7.756648107011127
-7.755572708527577
-7.743169811188592
-7.726976370026941
-7.720404867380986
-7.718146803345802
-7.707031642044546
-7.691330456298642
-7.6890923121773485
-7.680966842762145
-7.67533392176142
-7.66471429420892
-7.657559770847043
-7.651207671594961
-7.646445812702929
-7.619843823885434
-7.570661147817906
-7.569569072552172
-7.563602020757389
-7.530377247993923
-7.5255851234471685
-7.507342904371801
-7.492250176824034
-7.490381409142941
-7.465484704766844
-7.460998004074371
-7.460668348009955
-7.439670560185676
-7.438804361593876
-7.424968607205937
-7.403073014510648
-7.378661470917541
-7.375671141098653
-7.372750569149
-7.353438656341538
-7.330369342812455
-7.321533489442479
-7.311677511312011
-7.309101349723317
-7.300210978450674
-7.295784641455786
-7.279118902023008
-7.271691945948686
-7.254069388250675
-7.253583294934205
-7.21573302037994
-7.201190751828327
-7.193007755525801
-7.192551399408897
-7.191869374813685
-7.187174818648179
-7.159102630690181
-7.144173490324845
-7.12933378607236
-7.125020508652455
-7.121293617840876
-7.102698253587129
-7.0937800899909735
-7.083225808215426
-7.0553371705342425
-7.03318215774589
-7.020347076482761
-7.019696925247754
-7.016530925141506
-6.971844730451111
-6.965180743874
-6.9604881986348595
-6.9303576020535615
-6.897687711182188
-6.889326506640733
-6.884052151234631
-6.87975400888069
-6.874142906979365
-6.868504849539523
-6.857040884583711
-6.846015426349524
-6.843009289639621
-6.827309790826226
-6.779947503671787
-6.7769432715321924
-6.775063608805265
-6.740859718212033
-6.735442536610433
-6.7329105968305125
-6.722727752798851
-6.721637529904859
-6.714114807047052
-6.708770484285369
-6.704869832455997
-6.677139322189816
-6.66515558954854
-6.641307335404049
-6.638428612326318
-6.638073014124406
-6.63661239243127
-6.627550587096614
-6.620877112038944
-6.590431443223838
-6.587980128137036
-6.553873948739453
-6.550429042405938
-6.54945600642719
-6.548135531941508
-6.53683494379468
-6.52077430054515
-6.516718669179866
-6.510025621280091
-6.48449051824009
-6.481977991521592
-6.469708579733611
-6.464657904598614
-6.459266765695027
-6.453170833183627
-6.450200585729931
-6.444070973347602
-6.440646895793435
-6.43643631469263
-6.43171915165332
-6.427322834484365
-6.425469526190673
-6.417212775326998
-6.4147507495568235
-6.401692515419057
-6.388702152285276
-6.368841422927293
-6.364387624742488
-6.348824354375749
-6.3484749970191725
-6.3442937688611645
-6.3225785576904014
-6.313816611761984
-6.307840060250113
-6.298374680734896
-6.296634312352992
-6.294237028475328
-6.292981541191759
-6.291205184704146
-6.2896196970790275
-6.2747262336103935
-6.273309585724503
-6.266443507435415
-6.259793348887863
-6.252568321516764
-6.245031702366838
-6.2366075883330385
-6.236131004116593
-6.233946173217844
-6.203103381526381
-6.20032868927446
-6.169901803044398
-6.164984573733361
-6.161881746623516
-6.15888933918894
-6.155163031716551
-6.147749642868652
-6.145712081594746
-6.144622051143358
-6.13340878569305
-6.112887511112079
-6.108554163143387
-6.104411638024201
-6.08679917553874
-6.078728929813451
-6.07708441347696
-6.068570990489686
-6.067484527988805
-6.064966075109205
-6.055133089316762
-6.043135979447103
-6.037861415849183
-6.037286715356571
-6.025209772601604
-6.021647283478276
-6.018065050031476
-6.014038559482382
-6.001522252437552
-5.990054248378861
-5.983436784290067
-5.981609204188238
-5.966258510926537
-5.9588276625006396
-5.933786920143899
-5.910075014062386
-5.887843396488428
-5.866050521678044
-5.8522481895305525
-5.846416668049251
-5.845688683596186
-5.835654722777658
-5.829335687805513
-5.828383336569433
-5.827029497911472
-5.826737438787533
-5.820706674439358
-5.815466094031121
-5.813406695239549
-5.786386060622034
-5.765299590396408
-5.754687399710194
-5.738405352582387
-5.730530909729114
-5.703456100014101
-5.702639086279881
-5.689866860125002
-5.666869544818239
-5.66582566713362
-5.665526450025434
-5.663732039723465
-5.649027021149955
-5.6476709938196965
-5.645624485766506
-5.645457622472116
-5.637061002333447
-5.631082753616686
-5.629580257682264
-5.6021144233602955
-5.597337526485877
-5.595128035925827
-5.588916715100669
-5.585745935566897
-5.581686124446067
-5.559837867918512
-5.556496420228299
-5.552876331612306
-5.5398733412171985
-5.535073249444852
-5.523671585635171
-5.522121245443246
-5.5094115098597145
-5.484029940438717
-5.4795980611575
-5.478008946500664
-5.462851840912128
-5.462674960402198
-5.45905759216036
-5.4577339773900295
-5.448458891428976
-5.44725198418406
-5.445224159260064
-5.434473282389007
-5.424869035530052
-5.422239662651987
-5.414298062629252
-5.413232109530783
-5.405142872218915
-5.399292097552284
-5.383688664358475
-5.380230732868043
-5.371651610372395
-5.366201881434204
-5.356574713945227
-5.35511387230333
-5.354234867203583
-5.349704977005175
-5.347173125709195
-5.341205462201328
-5.322405459243959
-5.298130623302168
-5.296702498476065
-5.295488906009469
-5.294141373007184
-5.282654790827701
-5.282502546349298
-5.276431228737142
-5.267628587159555
-5.262953956439322
-5.25710025006895
-5.248200211337564
-5.236323076276513
-5.23195744157322
-5.223406060710202
-5.215083535997502
-5.214791090413076
-5.213589407162239
-5.21236455102475
-5.1804129718928
-5.176939595178894
-5.166743020271193
-5.160051767960751
-5.1594814001069045
-5.150413292977454
-5.147386288063213
-5.145754575014095
-5.142224997710512
-5.1376608487980295
-5.131186936259413
-5.130388784506879
-5.118156753764788
-5.113826290488275
-5.1114970460437945
-5.106101037086381
-5.1017822693994095
-5.096884011775758
-5.090703058716946
-5.087441172026768
-5.08617558972277
-5.071544032026548
-5.070440353187566
-5.063122736056095
-5.061774747804652
-5.059153744863723
-5.044386342776342
-5.04143470333851
-5.041303183711582
-5.039069974228903
-5.035309300894757
-5.026505614883506
-5.015370346802115
-5.011650931112492
-4.997158433471289
-4.995940562392004
-4.994424699984027
-4.9940704822188655
-4.993649065386549
-4.990163207946537
-4.984783039034522
-4.976564363542266
-4.969169815003765
-4.9617661020178545
-4.959028782335238
-4.955944134416214
-4.954318307462305
-4.947151272706871
-4.946470810227545
-4.9292627118015275
-4.926520188750592
-4.924152587786652
-4.92002095242462
-4.912273236590707
-4.908995896344559
-4.906942544639654
-4.896589157522479
-4.881691032455468
-4.8807162281604874
-4.872238999181683
-4.866148257284406
-4.845993050447884
-4.839779472063697
-4.822514252501013
-4.809793863844015
-4.80892344970759
-4.796544628522451
-4.791992148970298
-4.7906081593026615
-4.784582788424906
-4.772475220469837
-4.770473510128473
-4.770441584709547
-4.754530354987632
-4.753710471436549
-4.751023604758542
-4.745268199209634
-4.745241164845591
-4.734690298966284
-4.7245922375967035
-4.719788374799034
-4.716760790347214
-4.71462812420665
-4.71160982363293
-4.707873536430782
-4.707804043443459
-4.702351867413869
-4.693102900888283
-4.691590716186259
-4.6870931674178955
-4.6829784378072725
-4.680868874364873
-4.680687087582407
-4.6712298344979
-4.660035399138659
-4.650598228163173
-4.6503368655001385
-4.64970830051443
-4.639261769535149
-4.631472666944102
-4.6274335450578175
-4.625600501041868
-4.623290295576394
-4.615346809697574
-4.609958319246446
-4.596726202082506
-4.5932229174781165
-4.592988275874678
-4.582850949946307
-4.582203203405865
-4.5820246349628375
-4.580071038238084
-4.565135679985504
-4.56011358842111
-4.558189068537143
-4.5553899250561685
-4.552518358691939
-4.550169558147607
-4.542954333031943
-4.539980374454322
-4.537663410807429
-4.537584906211556
-4.527307484490587
-4.522752146934982
-4.518389302244991
-4.517807807926477
-4.516948416224149
-4.516673156564687
-4.509974279329429
-4.500890860365842
-4.485584228027848
-4.47082299190099
-4.46392209895478
-4.463649535114886
-4.461593534777327
-4.452494592876265
-4.451126758013848
-4.447903474382207
-4.4309992135637835
-4.421758589065436
-4.421385528985773
-4.420356334881391
-4.414171993706061
-4.405050558566883
-4.402540489658899
-4.39285056843629
-4.392457812317709
-4.39195765924942
-4.390448044756659
-4.388183483735275
-4.387059576883255
-4.386152376111346
-4.381762505805101
-4.380706164576766
-4.377865109946532
-4.370461228463478
-4.368092344057127
-4.366223756300281
-4.363753092462657
-4.362849350258318
-4.354760573117518
-4.353920047917647
-4.353695670992451
-4.352282284125314
-4.346817934153083
-4.3466414710569765
-4.346619867276391
-4.342021669388199
-4.33709967638873
-4.330105426159038
-4.326973537049856
-4.326281484276905
-4.319983617839147
-4.314819688420453
-4.313140484511238
-4.303152929845084
-4.291677042066024
-4.289224113425394
-4.285715720721683
-4.272120566765206
-4.268957835997235
-4.267563718962274
-4.263676870813903
-4.263274450201998
-4.261634433487016
-4.258173363470395
-4.251204479016942
-4.249209369367051
-4.243836911338718
-4.242386472974637
-4.238491100686617
-4.23255117112635
-4.220456676406728
-4.20226422660151
-4.1971761678105795
-4.196047469739057
-4.195315970464254
-4.193985161629353
-4.1920657357784545
-4.184371834002228
-4.179073504088249
-4.176510097274129
-4.15907436004622
-4.158168926878496
-4.150401340588064
-4.14844256915223
-4.124067182378444
-4.1212500993667405
-4.104195998506689
-4.101269741772117
-4.09780798895982
-4.08651362122121
-4.083628283457388
-4.081551379077094
-4.077248545473873
-4.073220152963718
-4.067317625798472
-4.06198736505517
-4.0567586975406495
-4.0477079046447395
-4.046420545204611
-4.038203497676287
-4.036279036500096
-4.035862079196079
-4.032664112506787
-4.031628733958645
-4.026118045991074
-4.024310976185685
-4.012620938968709
-4.0100362246423975
-4.004386553665242
-4.0040268123948275
-3.9984690519552064
-3.9924774454680714
-3.98060270931893
-3.9659370497415947
-3.9651532929738855
-3.962943029988149
-3.961681233633106
-3.9586883337132153
-3.9443639900230774
-3.943855718817936
-3.9427479944330903
-3.941337240837784
-3.9393643806581573
-3.938750379402809
-3.93481909196462
-3.9342899425490083
-3.9312150490382214
-3.918461541372575
-3.9172857700746753
-3.9070830113619603
-3.8900292501206626
-3.8867646934526094
-3.87548933993183
-3.8754546777594663
-3.8744972410460186
-3.8739413959818365
-3.87285372157067
-3.8695366288950037
-3.8623156828200136
-3.850463648954402
-3.8418716559613078
-3.8409540794880908
-3.839115634661897
-3.8389048736379
-3.8387774536288912
-3.8359021239796274
-3.8356931211627385
-3.8344666406284618
-3.8298356691377267
-3.8195517601925255
-3.8176091951963547
-3.805586613936411
-3.8026109207838585
-3.802604195674737
-3.785153721250144
-3.784332734544352
-3.77745862185253
-3.7610339999582267
-3.751854090098278
-3.744374858208199
-3.738940704445062
-3.738769715092569
-3.7386929392342703
-3.7274284067771566
-3.7204875187868085
-3.7202439530363334
-3.7160128635666174
-3.7147155919289228
-3.7089778514056335
-3.7079334282984435
-3.7019972802667542
-3.6975423368159843
-3.694442905195836
-3.693848690649464
-3.6930271202531295
-3.6900336924501906
-3.6864020789749166
-3.6818612907164407
-3.6765943923006104
-3.6743440440488744
-3.673519732501016
-3.667846267472455
-3.6614260118366877
-3.6573157912945855
-3.6567147821484474
-3.6466206915889816
-3.6411186060082508
-3.6386297622583594
-3.6363669299434807
-3.6341916871382933
-3.6328805451601784
-3.632156908044623
-3.6318939841878146
-3.614409722877428
-3.611679988573705
-3.6086702269710935
-3.6009483790713412
-3.600738913850294
-3.5841921977736453
-3.5756359865266067
-3.575028280189871
-3.5698874397768905
-3.5632491539242457
-3.5620112017132812
-3.557743087644988
-3.553063016788167
-3.5511991695079237
-3.5494172798369568
-3.549401714700051
-3.548230830751175
-3.5429933196583785
-3.5406467162467186
-3.53683423846695
-3.535736782775829
-3.5344551354999716
-3.52776825344829
-3.5209210487338054
-3.5156707840099353
-3.5109397720844253
-3.5076916110137724
-3.507654210611995
-3.5069917982413283
-3.50653087426923
-3.494291130685589
-3.4930860281824305
-3.487207004516346
-3.4864486481578085
-3.4858127730903306
-3.48341511312078
-3.482540912791253
-3.4822505239286867
-3.4805561423971128
-3.478209860910832
-3.472129379037661
-3.472010974906527
-3.4705709041580857
-3.4498276267279513
-3.4487522858330832
-3.448242643416225
-3.44808939631634
-3.4303846877563986
-3.429072799480368
-3.41987124586889
-3.407678289173645
-3.4039198770222487
-3.4036561681400888
-3.388766168527989
-3.388151672309723
-3.386704126648855
-3.383780147211651
-3.38144556015627
-3.3796815604697645
-3.369612641643227
-3.3675878641721746
-3.3588025143178735
-3.3563356025696045
-3.354659130816004
-3.3504389237813172
-3.3407653746161357
-3.337548216508509
-3.3333279014237966
-3.3328999484221207
-3.3257531551414607
-3.3218929572215865
-3.3201726685171375
-3.316845937742113
-3.3161778574053433
-3.3154109804894847
-3.313523653920974
-3.3076425154943188
-3.303843881988423
-3.3037719298980184
-3.301563983360569
-3.2896215532207074
-3.2800375665576187
-3.2723779593292597
-3.2695346908838165
-3.2650543553587905
-3.256302715322226
-3.254959898551783
-3.2536519511666464
-3.25134400402755
-3.249680939535952
-3.246154922578677
-3.239087112961655
-3.231493844658897
-3.2254987281749097
-3.224331820226279
-3.224188872469316
-3.2191586275082207
-3.2158237808854495
-3.213592399377311
-3.2080809503456043
-3.2048020285827374
-3.1945001565695508
-3.193654454378982
-3.175012563014201
-3.174619924611745
-3.174240807440528
-3.1734028780934884
-3.170048483790937
-3.169970282891737
-3.163683451131224
-3.162869733557985
-3.161560288806365
-3.1597304722536643
-3.1591982391623756
-3.15750133189956
-3.155651517666058
-3.153443879614646
-3.151976468447686
-3.1491291812645295
-3.1443537930924514
-3.1394011811963365
-3.1364691795322415
-3.1355182980399454
-3.1347213450169424
-3.133473514431121
-3.1319401534101674
-3.1282841165238047
-3.121170329171245
-3.115004870780945
-3.113616158258765
-3.1114958875861403
-3.108613796407622
-3.1080943241882504
-3.1052401836635863
-3.1047705591818513
-3.098975564275783
-3.095525451598271
-3.0946804101184617
-3.0776390275300516
-3.076149107091089
-3.069265805416594
-3.0664956370635483
-3.060081844167436
-3.047988750260549
-3.047721320350303
-3.046865320499427
-3.041786398835806
-3.0301226098426337
-3.025881996794212
-3.025293966757265
-3.0243098188276303
-3.0167858451207428
-3.016609413771586
-3.0159584120314564
-3.0136061372907137
-3.010636651768027
-3.009657991993059
-3.007272886895444
-3.0070854834521055
-3.0032728806415285
-3.0030290393058205
-3.0017518447791143
-3.0008166567889965
-2.999326761371571
-2.997942175725279
-2.9975098353997973
-2.996956234115027
-2.9922519523921247
-2.9911951230199945
-2.986900672176324
-2.9822865278387463
-2.981616289289332
-2.981131716847452
-2.9800131386797912
-2.9792377997177097
-2.977442922875861
-2.9766451890028875
-2.9764166812950856
-2.9713297596841226
-2.9672411712651954
-2.966880276451258
-2.9554484507825465
-2.954164276439351
-2.9469611553760697
-2.9257604683405094
-2.923359132344452
-2.907208905144334
-2.906316842430119
-2.9054939114833194
-2.9003038591995285
-2.8932499774741145
-2.8886819470413854
-2.8883922902828982
-2.8866404610304137
-2.8707433812959215
-2.8681716212041315
-2.8600387222892354
-2.8598757556998944
-2.8588169849837546
-2.854335748634279
-2.8455287210402385
-2.8442448576656396
-2.8372955648757485
-2.8324655951264597
-2.828482189309216
-2.8281038743863975
-2.820844888561377
-2.8204846304607702
-2.819633806280626
-2.8103191665531613
-2.7976679972561707
-2.7952166908103706
-2.7902249011305997
-2.7867962021712787
-2.7856479266482497
-2.784922619743921
-2.7831937219831597
-2.7814760817830995
-2.7788669354222906
-2.7776905018729328
-2.7776519960275032
-2.777386619325513
-2.7753885544958967
-2.7737288841719105
-2.7725425576703504
-2.7704929386600616
-2.770183685455967
-2.7697423123616733
-2.75182036696293
-2.7472184733295872
-2.7464765271658083
-2.744879244570844
-2.7395582486176995
-2.7309534289355515
-2.730075443379027
-2.7296185829602413
-2.7293030736130928
-2.7280596971852193
-2.7244471868636726
-2.7199975099634353
-2.719404633481763
-2.716261754250498
-2.7081649707538804
-2.7081045993817714
-2.6999912657027427
-2.694223421118994
-2.6939150657531954
-2.690644743771749
-2.689458071371473
-2.6892842725104593
-2.687925402657889
-2.686355263081502
-2.6806415375591843
-2.6786340931948405
-2.668248395989906
-2.665542005098938
-2.6654151186241637
-2.6587584492361365
-2.6575820718477576
-2.6541560618730227
-2.653528304388566
-2.6487540050400367
-2.6456370283292436
-2.6429579007108437
-2.642501903855644
-2.6376206683192622
-2.6374951252759686
-2.6361598483444526
-2.6281426785692976
-2.619726449565731
-2.616487889779265
-2.614512667073069
-2.611057730271676
-2.6101085869170464
-2.603413062567266
-2.6021786858048688
-2.6019979985546366
-2.601519245054167
-2.6000722495951374
-2.5976440635473352
-2.5938821028286485
-2.593798966290661
-2.5887814030489458
-2.5881104413698006
-2.5876474891050263
-2.583478093128839
-2.5803852234886735
-2.579484938386162
-2.5786444087843448
-2.5784800386530295
-2.5763143422722634
-2.576071962919614
-2.5722688666541806
-2.5697854489649865
-2.5691068540191795
-2.567465111475555
-2.563921610598096
-2.563892757690927
-2.5560068547694197
-2.5528606405935044
-2.5514378072219754
-2.550362514548306
-2.548542124586851
-2.5470007502604153
-2.54661398467581
-2.544525713007592
-2.5427497273070507
-2.53217673925785
-2.5306921569901943
-2.5269442193630858
-2.520573738551568
-2.509243106082043
-2.507400712880465
-2.4997993405711796
-2.4996441872622155
-2.4985246665358294
-2.4982039161262697
-2.498066730545478
-2.492677084396119
-2.4884928204450003
-2.4868742002250883
-2.4851684769579654
-2.4834816021051833
-2.483275942428429
-2.478514489923767
-2.4723834194494057
-2.470938142153787
-2.460829869642793
-2.4544455935774914
-2.451091229691065
-2.4460988581223178
-2.4450537233050964
-2.4446540602892517
-2.4438532610200308
-2.4428379355353655
-2.4424440015514666
-2.4400997886675597
-2.4355794911062305
-2.4330883885475663
-2.4270241059578312
-2.421928240319005
-2.409070333602757
-2.408971949933457
-2.4082724679236263
-2.4029988931656256
-2.4004758610530805
-2.399019069497683
-2.3987454545544358
-2.3972657142095923
-2.396272645433396
-2.3940468689023664
-2.39375930240677
-2.389186725471878
-2.378689826967088
-2.3785799085708463
-2.375402520520138
-2.3750396518727954
-2.3741325419742036
-2.373750600070044
-2.3727689431056693
-2.371716903845961
-2.3694425646854103
-2.361266877662946
-2.3610462258491642
-2.360657274174768
-2.354920928397909
-2.354908510138534
-2.3534458816497
-2.345454069416371
-2.337668043175722
-2.3368437410085057
-2.334794387559585
-2.334630585436876
-2.3257437891729293
-2.325110311626859
-2.3240502743588896
-2.3224624209491895
-2.3211824753112342
-2.3203176023358023
-2.3158026737575517
-2.314210920397956
-2.314102193035438
-2.3118785814694673
-2.310543672427892
-2.3099912505705165
-2.3091488567967065
-2.306769199198724
-2.3042336763466094
-2.303737638983652
-2.300206627822231
-2.295650709337977
-2.295425797497848
-2.289158040504951
-2.2851716113683063
-2.2781572071884533
-2.277646926944778
-2.273934705637138
-2.2678647889490127
-2.2658141150366764
-2.2617130458590573
-2.2607175357311027
-2.257622863997084
-2.2566662749825106
-2.254094406055105
-2.2526565337425577
-2.2489348234960325
-2.2481643803888187
-2.2471238282522026
-2.2461530610977096
-2.242771369952109
-2.2394378714108085
-2.236117743407024
-2.2348099495469707
-2.2342631499175587
-2.233049767654008
-2.2324803150609904
-2.2318463323856355
-2.2275610450281764
-2.223352639665513
-2.2225557438772046
-2.21601394564711
-2.2136812504167995
-2.2099631949882044
-2.202561750003315
-2.2004799140342532
-2.1993157813044584
-2.197933085727149
-2.1972989053346197
-2.182241606412507
-2.1819313275769345
-2.1777174766326874
-2.1745783222758197
-2.1741043497939656
-2.1713706453651334
-2.1710517776388594
-2.1689944032080897
-2.16893295925081
-2.1686808350481215
-2.1666619973560364
-2.15876752645718
-2.155962494489583
-2.1519285695446095
-2.1503229429009583
-2.1502974761529052
-2.1454332210134677
-2.137105555700538
-2.1366976064979033
-2.1340737165769657
-2.12669160754103
-2.1224496016375003
-2.116412509533809
-2.1109049933817223
-2.109548198228224
-2.1084246920089247
-2.1078190903523217
-2.1073938311080394
-2.105183264053246
-2.105151589303154
-2.103008521417531
-2.099054468362046
-2.0965734714774884
-2.0951444346675654
-2.0943025560140973
-2.0923516777041287
-2.0921800017016023
-2.0897067407834875
-2.0881508508064983
-2.0860839680574466
-2.0860280212926248
-2.0767373527784625
-2.0764999091836156
-2.07591141401872
-2.073183036703641
-2.071726633765378
-2.070113051132973
-2.06822079820283
-2.0669507531844937
-2.06349127234951
-2.0601709581136687
-2.0586152618477622
-2.0577379576105677
-2.0564964442155724
-2.0496259893295288
-2.0453844328718915
-2.04482547122772
-2.044475369606922
-2.042738900610811
-2.041147519486654
-2.040697672117612
-2.0379184930364103
-2.0365079799363643
-2.0361987920208073
-2.0338225262173126
-2.033564662707257
-2.033190473652444
-2.032232253226169
-2.028462368507209
-2.027134790831771
-2.02698518164512
-2.025481883750177
-2.0226637818557616
-2.0222066897016067
-2.016382465728877
-2.007740097206482
-2.002389979292376
-1.9957841777283853
-1.9951949103597286
-1.9910231872003332
-1.9845362763075132
-1.9836648171990328
-1.9810449558948005
-1.9766016372332422
-1.974553011479588
-1.966512950299626
-1.9619297389588572
-1.9613342560387537
-1.9608258227189759
-1.9595540051997469
-1.9592487295087002
-1.9565228937551387
-1.9551868424820835
-1.9531482194763798
-1.9496690816772972
-1.9439850273849086
-1.9422047829729552
-1.9394735354727433
-1.9384149230635435
-1.9332840476138484
-1.932784998530411
-1.9326208494521204
-1.9319590893250045
-1.9304063332734551
-1.9286419027869304
-1.9269190703506545
-1.9234156291913673
-1.9228286538730497
-1.921189130158197
-1.9188210255508675
-1.9176639302491036
-1.915813306491088
-1.9133020208002067
-1.9128488102195256
-1.9095996816017633
-1.8975082481737533
-1.8973649103791699
-1.8945668402664073
-1.89210163091307
-1.8912308103594875
-1.89119377405743
-1.8880246555258504
-1.8859546708142871
-1.8838446263046436
-1.8827505969323544
-1.8808638799907924
-1.8736816449878038
-1.8692873139184387
-1.867933809285458
-1.8659784565422877
-1.8655958842995903
-1.8643791307108641
-1.8633739318589884
-1.8598119066074186
-1.8589067306294078
-1.8576433102286307
-1.8558187702952462
-1.855261755629737
-1.8514455895989461
-1.8406055162279964
-1.8374504535500278
-1.8342105239411413
-1.8256813679938138
-1.8235858995516416
-1.8225147264864177
-1.8199602700890165
-1.8147871025677862
-1.8140977252741468
-1.8111066851190971
-1.8105817747496329
-1.8064057131940556
-1.8055325805036413
-1.798918627114619
-1.7940973822277382
-1.7906509191032254
-1.7902613260008438
-1.7893668384281076
-1.7872181125259747
-1.7871455636294602
-1.7868446894117884
-1.7867353951487495
-1.7865242745812038
-1.7835468714452718
-1.7811748816479942
-1.7805416147022872
-1.7801067412782756
-1.7791676206679035
-1.7749428757182164
-1.7722196604062588
-1.7697876952810017
-1.7694096704325968
-1.7693102914054508
-1.7671723015598482
-1.7662658049836644
-1.7656740874970154
-1.7632046261832204
-1.7609382229097676
-1.760618213215831
-1.758572327087969
-1.7558715562570981
-1.7539225396030473
-1.7534988289493125
-1.7503169409047796
-1.7502886274808813
-1.7498845537056567
-1.7488017351139225
-1.7449614531089943
-1.7443266764047025
-1.7433432014594035
-1.743104346613316
-1.7428574472917244
-1.7424853292760343
-1.7402282207978255
-1.7396442712983782
-1.7364665574270908
-1.7350905998863375
-1.7341387131605401
-1.7331660006688552
-1.7327326639135197
-1.7326683440612882
-1.728067979240548
-1.7155375839885467
-1.7152604828822735
-1.7149484851799082
-1.7133992218714411
-1.710618768933696
-1.7105188193348766
-1.706683268041208
-1.7064825327471884
-1.6996697936182041
-1.6987351160607866
-1.6971631167897958
-1.696013973130431
-1.695902750388955
-1.6916617803208078
-1.6882950587970513
-1.6873783947070446
-1.6871165976261673
-1.6870288775377287
-1.6851240714873348
-1.6847044096635324
-1.6832007950538292
-1.6804887712306305
-1.6802513490562778
-1.6790550209818358
-1.6766535594385081
-1.6762876745952426
-1.6731532224774646
-1.6697874398043895
-1.6696051262842067
-1.669285629470447
-1.6674066232991334
-1.6667737193536494
-1.6653014294194295
-1.665197964289113
-1.6631005915221415
-1.6607333410709773
-1.6602107622480229
-1.6597778071218068
-1.6573121349232864
-1.6570639486432093
-1.6556214786191008
-1.6553243324778018
-1.6551078048622196
-1.6550657146473333
-1.6535417466957494
-1.6524247111166288
-1.6480213050711128
-1.6476945148248565
-1.6466196502486814
-1.6431298541874888
-1.6399798121951665
-1.6393441560012174
-1.6360183815817264
-1.6356107917991185
-1.6344124285793173
-1.6213779501870085
-1.6203072234631821
-1.6197489518042274
-1.618063974281434
-1.6147716956152482
-1.612495029471917
-1.6123511212887385
-1.6092534470645963
-1.604781135726597
-1.6037306120507198
-1.6008372262985284
-1.5994322035418838
-1.5919058149515795
-1.5915725037496309
-1.5907264581485288
-1.585141289869936
-1.584945664461737
-1.5830085750204241
-1.580216739909682
-1.5787713400559693
-1.5780275497055674
-1.5763374028472603
-1.5756897945976014
-1.5729777887448548
-1.5727109049346808
-1.571138197829
-1.5698744954719737
-1.5694518048099098
-1.567979796387125
-1.560280389270768
-1.557242866846814
-1.5564401990435568
-1.5559927901435016
-1.5505347580515272
-1.5431699960951595
-1.5430868044708321
-1.541854101674517
-1.539927106969233
-1.5399000907288936
-1.5384685928944724
-1.537584056314902
-1.5356862948780874
-1.535340814624326
-1.534196311402507
-1.5332874793935813
-1.5331217046517769
-1.530894730167354
-1.5282303715564478
-1.5272106855225105
-1.5265356071040426
-1.526143493319995
-1.524769140673836
-1.523753954592146
-1.521533638472493
-1.518239297779999
-1.5165953808464585
-1.5154944216887403
-1.5143005882691216
-1.508510946194793
-1.5048197987754615
-1.5045498926989898
-1.5028625819547439
-1.5000156133179696
-1.4917131556809586
-1.4855517323176113
-1.4843996865398976
-1.4843591044924827
-1.4816420021113736
-1.4738690827575687
-1.4713412355760187
-1.4703920607251546
-1.4661433433233642
-1.465567198573807
-1.464802742913856
-1.4622641002120442
-1.4609325474858585
-1.453549815250333
-1.4526223397229516
-1.4505615763456896
-1.449708520526125
-1.442060588209652
-1.4418178038462384
-1.4406392834548263
-1.4403098770657028
-1.4401755390674222
-1.4344592389739086
-1.4334413379800837
-1.4327785460162066
-1.4316322059186857
-1.4312043454048138
-1.4296472156971876
-1.426026914908392
-1.4252399181544586
-1.4251573558368353
-1.4231086945740152
-1.4219400383170242
-1.4164809605939088
-1.4147677179966238
-1.4109059438386926
-1.4087842830896138
-1.4087714180047644
-1.4075221707917018
-1.4050403506465876
-1.4036689953411492
-1.401804114411243
-1.401187618600684
-1.4011278136462906
-1.4007246910426265
-1.4006711242107692
-1.4004522769219756
-1.3994307283281318
-1.3988415297056014
-1.3985956938066768
-1.390245181840757
-1.3859245285540611
-1.3843215054896303
-1.3818031268894186
-1.378955543449443
-1.3734948174701498
-1.370604310109304
-1.3691174120012632
-1.367432624827709
-1.3664942409655514
-1.3648240457281409
-1.3636944204478747
-1.3627783705820233
-1.3610299840661013
-1.360332325899174
-1.357479736972499
-1.3547908624968321
-1.3520585651634935
-1.3470450574001822
-1.3440509294069751
-1.3438384682743503
-1.3436889989135385
-1.336116946204172
-1.3331794180012686
-1.3310755236874277
-1.3290816482841374
-1.3261429022494589
-1.3247100916354548
-1.3235988393994587
-1.3217400714935907
-1.3210164993695273
-1.3201399487382974
-1.3179584783583906
-1.3162044949565859
-1.3160584991773905
-1.3079928342398501
-1.3048099824835273
-1.3023667794766516
-1.302313525959475
-1.3019000851911822
-1.2966457029798926
-1.2964969117800877
-1.2945900696337402
-1.293098505174714
-1.291104315881902
-1.2889635576591676
-1.288167293021763
-1.2873491200408933
-1.2857149640971315
-1.2845539568367272
-1.284319899190287
-1.283231562622738
-1.282428018007675
-1.2819411044666436
-1.2803266435106704
-1.2795533753663693
-1.2707195548207757
-1.265188195461337
-1.2631112918906329
-1.2620210097559712
-1.2599066214452108
-1.2593128515743546
-1.2559526217999046
-1.2558736493825713
-1.2558190855591214
-1.255133978473461
-1.2525136716427228
-1.247552204056071
-1.2462951680352266
-1.2461701269554064
-1.246025230270231
-1.2451419705186384
-1.24380671870398
-1.2437795154436877
-1.2395618492829126
-1.238004564674295
-1.2369929996554914
-1.2298016313149518
-1.228487704551364
-1.2277932677491432
-1.2258770656490106
-1.2253868550874496
-1.2231790268881264
-1.2200750860242116
-1.219104011423367
-1.2189490570308243
-1.21789355371453
-1.217104571495023
-1.2154695889236375
-1.2152397449165044
-1.2141146470774342
-1.213743387030972
-1.2130438721870087
-1.2103616862607782
-1.2081129827261856
-1.2041190060783855
-1.2039705223896382
-1.2027331387727138
-1.1993646626054177
-1.19749456588406
-1.1968932312764367
-1.1939444874798861
-1.192639436225714
-1.19252213464908
-1.1912150731618967
-1.1912145685870177
-1.188944624018029
-1.1877260701628365
-1.1861155532539838
-1.1854747465337627
-1.1851994833294062
-1.1837023577750907
-1.1821997261611563
-1.1812500384090692
-1.1809205104147846
-1.1808369602957434
-1.179875896512771
-1.1794049060242617
-1.1752052783574014
-1.1727794605087365
-1.1718125643628297
-1.1716377975097894
-1.1687059027802396
-1.1667236327573127
-1.1654862221205078
-1.162439363080837
-1.162195263501622
-1.1619755895055732
-1.158338660003509
-1.1572321851925798
-1.1570779991456392
-1.1564915800732174
-1.1559791451580577
-1.1545135139480114
-1.1531724445334088
-1.1529405017113574
-1.1504234862968525
-1.1499994665792281
-1.1499464629763474
-1.1492960713992106
-1.1477586994097804
-1.144817453323422
-1.1430083123144048
-1.1428976438833511
-1.1399005976001546
-1.1392778540428303
-1.1378855936201981
-1.1372427333761543
-1.1367458859093071
-1.1349692711659536
-1.1338668665955387
-1.1337161976817072
-1.1294690373078962
-1.1293387595164683
-1.1209281868255752
-1.120010613884288
-1.1135521435776836
-1.110517094420321
-1.1085609337565892
-1.1072565612454057
-1.1072130469356787
-1.106252235694435
-1.1036548600679708
-1.1036290382055052
-1.1031407837869187
-1.1014111899204613
-1.1011748541964368
-1.0993203665964046
-1.0984437630516517
-1.0982851022485398
-1.0967726780121785
-1.09126211729123
-1.088448610905375
-1.0842474119550085
-1.0838368737199104
-1.0828526980948094
-1.081628169262867
-1.0814115724662896
-1.079729108492622
-1.0790872006692158
-1.0746086161253434
-1.0742708406632449
-1.0722479768522726
-1.0720203110973088
-1.070906369064046
-1.06927004341275
-1.0690344521203123
-1.0675049558666871
-1.0665641115963713
-1.066351023320136
-1.0655290856461632
-1.0648088390027544
-1.0632467913314878
-1.0603973128745192
-1.0602295446671959
-1.0584000848775583
-1.0568541549029744
-1.0555847206388733
-1.0550206726019653
-1.0527460773107769
-1.052743612538892
-1.0517361081886132
-1.047864886870407
-1.046770582428169
-1.039267194294245
-1.0382586519183123
-1.0378042153362212
-1.0351747702548542
-1.0348309166857739
-1.034718004931909
-1.0336228547603343
-1.0321404588292213
-1.0303097401468906
-1.0303085508436916
-1.0300177785898146
-1.0295028996690185
-1.0282127609955531
-1.0277686794207295
-1.0265841994901375
-1.0262622277276587
-1.0246004060870808
-1.0220893784304241
-1.0206293612707171
-1.0200174252845464
-1.020009828955041
-1.0199047782597213
-1.0173669204657283
-1.016341794374966
-1.0157023936280865
-1.0115017602564116
-1.0081441455738278
-1.006709571374342
-1.006208715605872
-1.0061719213740936
-1.0038703850314057
-1.0020380778010505
-0.9994336078947785
-0.9966353425192896
-0.9933644521087795
-0.9904651561548565
-0.9892847372085818
-0.9823879558197682
-0.9816229063192945
-0.9808875966950833
-0.9806003809819404
-0.9796554444722447
-0.9781024709465638
-0.977097594147464
-0.9762154418555734
-0.9742060465786625
-0.9738591034586646
-0.9735982023813562
-0.9728081963962016
-0.9725096136421425
-0.9705814026789823
-0.9697555390337244
-0.9689820259149118
-0.9687285176528274
-0.9666662749784426
-0.9655682135163868
-0.9578597451725231
-0.957694515156732
-0.9557868130142404
-0.954944908244574
-0.9537581154567277
-0.9535645905607304
-0.9518211711414383
-0.9511494599714283
-0.9489225414647293
-0.9483877308932112
-0.947584167145872
-0.9473407223716103
-0.9428673117120309
-0.9403286895645742
-0.9395463361123605
-0.9386324219009445
-0.9368276980701935
-0.9364321454377292
-0.9361844315746819
-0.934326923108026
-0.9338474123948104
-0.9331997211967542
-0.930868849300452
-0.9278957493941632
-0.9261899363731723
-0.9260486828216864
-0.9260407429220248
-0.9248962725407742
-0.9241464655145403
-0.9222203306390342
-0.9220219590347466
-0.9210910857986596
-0.9150105537428617
-0.9108915959935053
-0.9108644902245191
-0.9107919741026008
-0.9105226678528391
-0.9083241414279141
-0.9075238088284772
-0.9071448164326379
-0.9044852491994124
-0.8985344007562066
-0.8978588195853405
-0.8973254189851254
-0.8964143743801141
-0.8964125129528513
-0.8951779758487384
-0.8918287001812616
-0.8916560666979343
-0.8906175620356493
-0.8873937219808873
-0.8873111477020271
-0.8832063462191423
-0.8821700366659886
-0.8811380184041117
-0.8792586269049358
-0.8788406776482433
-0.8764867174708734
-0.8751124655540048
-0.8723421242218066
-0.8723195262693862
-0.8709068338794326
-0.8695938691761739
-0.869516364411342
-0.8691544911738036
-0.8684129539685844
-0.867693285628927
-0.8669273463805245
-0.8642010741887932
-0.862971324344076
-0.8598718414831341
-0.8590795966561131
-0.8585249759498379
-0.85761862545986
-0.8570597634256503
-0.8565610269123128
-0.8559018371371198
-0.853527916789845
-0.8527772415357504
-0.8488736176895901
-0.8472960715369725
-0.8457138919132993
-0.8436223541624971
-0.8419322005933828
-0.8417782230575955
-0.8416229956939837
-0.841621705040122
-0.8407564905576612
-0.839108815781493
-0.8384877680125544
-0.8362872808406929
-0.8362516745061024
-0.832577378940942
-0.8324726449486961
-0.8323914010284623
-0.8306379427761275
-0.8303878306254917
-0.8273666630458016
-0.8265337236363437
-0.8248124317643909
-0.8191504595642518
-0.8188886953707388
-0.8184450056236415
-0.8173670906792152
-0.817261954400355
-0.8140147934214711
-0.8106648882196099
-0.8106233395091991
-0.8101482171389494
-0.8100766723804121
-0.8100206405574106
-0.8096398257181656
-0.8095683505835612
-0.808388662014838
-0.8005072946343311
-0.7974286552191858
-0.795925874932806
-0.7942642083323765
-0.7925829925163477
-0.7911519856884011
-0.7894795281901335
-0.7893040346209361
-0.7887589647688343
-0.7857277744334862
-0.7840710105263878
-0.7832627494587298
-0.7809707432885037
-0.7804823202371737
-0.780166027511915
-0.7760135527250036
-0.7743514972382737
-0.7684441685486538
-0.7682859187376944
-0.762858193545471
-0.7575706605999974
-0.7555126420578386
-0.7516298773617045
-0.7511816923185132
-0.750366979224202
-0.7497636629337635
-0.7491880269315179
-0.746979844482801
-0.741141241675797
-0.7398640060035772
-0.7393879013474005
-0.7393280990148631
-0.7325005014555794
-0.7319600865622095
-0.7281517139601373
-0.7272121381359489
-0.7240210398805126
-0.7236985807029431
-0.7235471276639945
-0.7231215420624346
-0.722536650623963
-0.7212281331618039
-0.7198747574902952
-0.7185795749879309
-0.7185164738813092
-0.7161850213868102
-0.714256117923315
-0.7138281148088912
-0.7121420620268838
-0.7092882957219204
-0.7091194106316788
-0.7080181936242185
-0.7050264478132979
-0.7048216266956017
-0.7047863682426003
-0.7034148769451315
-0.7026484206851933
-0.7018255847397193
-0.7006339841144953
-0.7006085447572163
-0.6994938164403975
-0.6961207484846782
-0.6957066170896645
-0.6955356561894954
-0.6936242581625239
-0.6871206192289266
-0.6856057301190832
-0.6830761871415181
-0.6827258509501799
-0.6818202015839161
-0.6780465132734694
-0.67801231364055
-0.6742331632156549
-0.6738929389318798
-0.6731617175397544
-0.6722269692590482
-0.6709253407327547
-0.6705008106526522
-0.6678570207338728
-0.6669163300105173
-0.6663906390826364
-0.6662359501635355
-0.6659399892265897
-0.6658356951164635
-0.6656331038183867
-0.6634814811223312
-0.6634545330287243
-0.6606073200686517
-0.6605388773343157
-0.6588886726691637
-0.6585235173225258
-0.6521920891389626
-0.6511266733963479
-0.6505251703080762
-0.6503731483959481
-0.6489206856549088
-0.6483564049709214
-0.648244681239715
-0.6477900317649531
-0.647267641144155
-0.6436250369235393
-0.6435376079384544
-0.642874797158072
-0.6423045851533834
-0.6390590387035857
-0.6386888773111432
-0.6376586236803141
-0.6343095967659886
-0.6335131365335721
-0.6319823964090079
-0.631630621190099
-0.6309724156896355
-0.6305753771844542
-0.630281561187072
-0.6297168760078883
-0.6292232412511432
-0.6291106818733772
-0.6268226113495184
-0.6246686400884471
-0.6228266745620799
-0.6222799040577305
-0.6211279143292225
-0.6194707369883152
-0.613960888013964
-0.6125993254625106
-0.6121697915384785
-0.6105807549591837
-0.6103672710920761
-0.6090030602248975
-0.6084414262545277
-0.6082255453109314
-0.607369031662511
-0.6038807586676893
-0.6033145275806242
-0.6011713490423481
-0.5993750254022608
-0.5964928650939588
-0.5943655933833749
-0.5911897150563381
-0.5902527558643746
-0.5865483986086469
-0.5865352053255463
-0.5792958448788511
-0.5784411186610257
-0.5727618868957448
-0.563962193961424
-0.5613563467831308
-0.5613220004933012
-0.560936131604481
-0.5557712390702286
-0.5556640046458313
-0.5548115280427472
-0.5516786313258198
-0.5499034526728739
-0.549246323687764
-0.5414333661304614
-0.5354723427271051
-0.533918414710451
-0.5328151344028592
-0.5322820310511903
-0.5306920726282512
-0.5288064501726707
-0.5274764270865673
-0.5250923830402031
-0.5241944371661247
-0.5234014390173891
-0.5213616425989248
-0.5186753690994347
-0.5186036279143513
-0.5182767007267173
-0.5168776059609177
-0.5146515717008735
-0.5142561734096762
-0.5090971254327235
-0.5088184380314794
-0.5063331261806868
-0.5029771367880429
-0.5026966321234709
-0.5025822294240846
-0.5014001857315374
-0.49998080476127915
-0.4952469324780102
-0.49316697226132644
-0.49054758333319926
-0.4895892366094631
-0.48939913226463094
-0.48868540712902664
-0.48804242423051636
-0.4868333121388463
-0.48600803273352455
-0.48339182675229386
-0.4821659108679369
-0.4820586073692653
-0.47937031570622013
-0.47852670522397217
-0.4764422600132986
-0.475770337544271
-0.47538781071180014
-0.47506485283639377
-0.4726824910551936
-0.4724159311425853
-0.469477035330641
-0.46900538935644087
-0.46783076249777866
-0.46748711247263475
-0.46643428677783527
-0.46583403584441085
-0.4651840727713519
-0.4634243847381557
-0.462927904965833
-0.46217047702914776
-0.4618295751930732
-0.45745935040006275
-0.4550741610190498
-0.4531003231164687
-0.4523946524824307
-0.4523891198872373
-0.45168829443399516
-0.4511802097263399
-0.45103284658171183
-0.45089229227279526
-0.4497430510805164
-0.4479372717766039
-0.4478177649048074
-0.4466707966256158
-0.4459999978369743
-0.44513078965951347
-0.4420396781481473
-0.44185367537668496
-0.4404536262150269
-0.4375028608860446
-0.43342196195839705
-0.43214086497473225
-0.4311789468440571
-0.4269480468883019
-0.4229927310895888
-0.42230489671881755
-0.4178144693871847
-0.4176510408407449
-0.41594052977712215
-0.41542926842478906
-0.41406933480967023
-0.4112034452387924
-0.4111745042338204
-0.4111681285056251
-0.4106691747770435
-0.4102074292862734
-0.4084815055747078
-0.4066317453341707
-0.4054583450775738
-0.40398159169299597
-0.4039697931542081
-0.40379796714339466
-0.3998481210994949
-0.3960155178014223
-0.39572410801819835
-0.3952299182219887
-0.3951161707559242
-0.3923995725620617
-0.39229498663721607
-0.38974308462960594
-0.3872035746851147
-0.3847679811521547
-0.38312925715042945
-0.38230560309995854
-0.38214133239226655
-0.3817106525406975
-0.38080350024425735
-0.38053387107669484
-0.3800709569460367
-0.3788850356308359
-0.37682666158673556
-0.3765272405726173
-0.375516551025062
-0.37003114810832627
-0.36547174447828557
-0.3644117990078807
-0.3624514769249234
-0.36091293015640974
-0.36016441642926666
-0.35854526296710876
-0.3580360037035609
-0.35772225636375476
-0.3576220212755735
-0.3574131076150169
-0.3569941586326655
-0.35478923543284724
-0.35252014140919813
-0.3519764131263078
-0.3485989220348734
-0.3481022395082558
-0.3442763058900413
-0.34118423318995217
-0.3403837903507947
-0.3401697316639032
-0.33874127529198583
-0.33832501449774766
-0.3377249301751065
-0.33683112951895483
-0.33639232844670064
-0.33590725257818665
-0.33578916913920553
-0.33562686503118555
-0.33504850911745365
-0.3336326352230602
-0.33292664919604154
-0.3325270287021822
-0.3321784313674005
-0.3321777734296275
-0.3320091282668114
-0.33108826775653066
-0.32555750968455244
-0.3237567298706663
-0.3205348408805163
-0.3201202500540844
-0.31689674954427005
-0.3151831886087372
-0.3110255575199974
-0.31033565049872425
-0.304660207690313
-0.30280199313891953
-0.300937090980712
-0.3008881695935601
-0.3004824584342083
-0.29947918061729284
-0.299188452209528
-0.29562133138294133
-0.2955194886076885
-0.2936830231575479
-0.29346800936187384
-0.29338729928214846
-0.28809539124381156
-0.28331064641786713
-0.28209750341455186
-0.2804873716412971
-0.27799360421266983
-0.27766866032795656
-0.27704086836222597
-0.27623472867717463
-0.27528976847371567
-0.27151855004045683
-0.2694732926383744
-0.2689322812703877
-0.2654872594276509
-0.26473338963309917
-0.2640721839964655
-0.261713190847244
-0.25826527386700826
-0.25609291392738454
-0.2529723203383295
-0.25291470950284956
-0.25066874708988995
-0.24882721050293455
-0.24755137714464603
-0.2444670090573593
-0.24322336751682638
-0.24069407759898942
-0.24044380867408177
-0.23938491436545561
-0.23694119856097617
-0.23589588026874997
-0.23585396075101173
-0.23489103827171448
-0.23400135096602934
-0.23343128601012775
-0.22860213035440988
-0.22425183361013962
-0.22198871430606473
-0.22178268846280347
-0.2197526914743021
-0.2197276529845733
-0.21968343639779692
-0.2192642417579388
-0.2166186421263392
-0.21610923870898158
-0.2158026788706794
-0.21469149769215434
-0.21433447556194885
-0.2130484255314824
-0.20864725187072913
-0.20797994285968957
-0.2065470406583687
-0.20589935183310137
-0.205659899105878
-0.2051039280649345
-0.204405765565151
-0.2025318555842367
-0.19982279422058194
-0.1984557493437122
-0.19773364325739679
-0.19629764979098852
-0.19144310591651997
-0.1906969135765561
-0.19059424313939433
-0.1899854102211478
-0.18943647035227962
-0.18924209361675515
-0.1880826412397354
-0.1867828695598046
-0.18514280551367068
-0.18452958517350115
-0.1837006750079083
-0.1835049174037503
-0.1800305537205379
-0.1800212173138387
-0.17970148201445832
-0.1794906294000862
-0.1787877583202191
-0.17719510684488515
-0.1744013516802716
-0.17321648049608385
-0.1716846359609367
-0.16759071172784754
-0.1672093554102178
-0.16632739781130262
-0.1615116349134832
-0.15845184565703918
-0.15789096180665074
-0.15784145648887504
-0.15343933478449412
-0.15183716664904867
-0.15021022917879134
-0.14842341090525646
-0.1458487186145272
-0.1434211386190245
-0.13989836008227197
-0.13808025935399937
-0.1336811376807946
-0.1319863805860813
-0.13153070137699285
-0.1281960644793475
-0.12647396106146325
-0.12220635545150262
-0.12198202036375139
-0.12147691796218363
-0.11807068931589954
-0.11770953967644826
-0.11713729809282447
-0.11712345376261157
-0.11577092747931073
-0.11318355090516502
-0.11123554874403452
-0.10821024650957534
-0.1055083747210031
-0.10130544367923947
-0.10080190139844092
-0.09711782508973371
-0.09641128021977285
-0.09285849649761346
-0.09279288179746104
-0.09118230523393567
-0.09065836141318306
-0.08786246577881635
-0.087812438329681
-0.08734737809629489
-0.08559097065303622
-0.08539739434687066
-0.08286497294761563
-0.08264000266831167
-0.08102735676323769
-0.07804797136746922
-0.07492174004625074
-0.07433663514738986
-0.0742072933025259
-0.07134896837483584
-0.07072236746762395
-0.0684832209264864
-0.06759476366555614
-0.06493675491409368
-0.06488772909220203
-0.06306910200786842
-0.06118761942722717
-0.06050585029984493
-0.05958542544779115
-0.058987961960567215
-0.05810488025534671
-0.05788324102404813
-0.056474948201453934
-0.05267638998474655
-0.052535266702452454
-0.05174570864513983
-0.050829381523935124
-0.05076758818032978
-0.04983390598259341
-0.04963723023526079
-0.049518890705004315
-0.04910814296214544
-0.04574215110572988
-0.04439655976243195
-0.04172608917367199
-0.04159426549150835
-0.040062372522152834
-0.03670275043730015
-0.03531155544620626
-0.03470616290771655
-0.03229708385914731
-0.02884248984013074
-0.027637111891182856
-0.0251978442748714
-0.024790211076771596
-0.017640035393530096
-0.012527018263041256
-0.012455722349815956
-0.010225036838137691
-0.008454477012755812
-0.005987422186709113
-0.003211910797851006
-0.0008191025570955732
0.0005519150904610415
0.0014364259859046546
0.008147508981529994
0.008659288053785685
0.009372398006788019
0.011616788745363205
0.015019637542584341
0.01648628873728434
0.017344419911656972
0.017468561464054677
0.019359870403699686
0.021064801252187567
0.02782035225427875
0.03715723094186707
0.039441065305569456
0.042371168978400875
0.045636007111074406
0.04621339965841326
0.047129285777607055
0.049091704692269755
0.05011569936033333
0.05067161542136145
0.05273251828073228
0.05306974468157433
0.05741026344134137
0.05899030241197489
0.05903377175206209
0.05922568552636964
0.06016342105274464
0.06129470403203696
0.06305090115038839
0.06346453282648434
0.06368713325394719
0.06376732898518717
0.0671333464395345
0.0676853306458216
0.0705902268204473
0.07171372543066729
0.07371154125044665
0.07586881396735057
0.07693815801207499
0.07736123982582921
0.07767864609367647
0.07834466305835452
0.07936981727850634
0.0831297186890545
0.08518702030277192
0.08557990746745064
0.08924481195263312
0.09014076207193711
0.09097750973909169
0.09239535658653719
0.09490096188741343
0.09731717308246879
0.09808565935172031
0.09946728774970282
0.10009683289177718
0.10139739587089192
0.10349448109494686
0.10433881999248268
0.1058683663339891
0.10591485285047209
0.10829162246269364
0.11107958156702225
0.112603848454769
0.11396209756544462
0.11672559382069098
0.11749003155791049
0.11752765514012231
0.11762620756362469
0.1187638653347444
0.1187829204967551
0.11909326586127711
0.1192128892691132
0.12005495623530715
0.12013010429908955
0.12144410018281948
0.12220537544995802
0.12272770841083769
0.1233696526933159
0.12392693818239964
0.12617902484682586
0.12773073366582752
0.1289345380010529
0.1324699472915598
0.1324960709938358
0.13366399301880016
0.1337043563434893
0.13425659886539087
0.13530093649328612
0.13708859079770785
0.13927613000497857
0.1422606453804217
0.14278992989338812
0.1428643885657367
0.14540295532879743
0.14569335805754446
0.14639193186619837
0.1476631733896543
0.14916387392826283
0.14931805585479685
0.15018011469529313
0.1519320478309405
0.15225157651424912
0.15383012884592906
0.15416172802945166
0.1542728703997382
0.1555546485703585
0.15898404699432817
0.15904146058848612
0.15905591459424417
0.15965646493400387
0.15966993694961046
0.16080459889746845
0.16529151174203915
0.16537960924266026
0.1657781930904484
0.16688391101770866
0.16755380565106814
0.17438361417673942
0.1752843616470749
0.1777241649368868
0.178286284617572
0.17876337112063223
0.17877668165689597
0.17933698656894914
0.1798499497873941
0.18137071935894145
0.18204642126243542
0.18223423646304032
0.18341345521244568
0.18537047003378637
0.18566683973892306
0.18596351234258224
0.18730235238421578
0.1909192064071601
0.19170274713232904
0.19284494267045948
0.19620794216492254
0.20062940192182147
0.2059059231035283
0.20721640538654174
0.20741459949567548
0.2096218728053275
0.21270783009936187
0.21395918767514302
0.21541994117526558
0.21759763799408205
0.2176795154815363
0.2178084367524531
0.21869331083923654
0.2246218216533404
0.22730943860973163
0.23073105931948368
0.23355562247376166
0.23394991460788928
0.23420244386132538
0.23482304901736617
0.2354070806364183
0.23560715170809854
0.23663525498144292
0.24015785376652327
0.24299913259891048
0.2434036069667268
0.24427857387038085
0.2447205787614424
0.24556370766305236
0.245977184671053
0.24717877630678298
0.24728605014353439
0.24788340857641844
0.24827975053874052
0.248951507698
0.24980150571121892
0.2530862240379567
0.25599145028685943
0.2579672468016492
0.2584513723093036
0.2613387886859208
0.26264193704407884
0.2640439901308586
0.2647428702836756
0.2661879750224988
0.26956100565679975
0.2709398038088051
0.2720739944037801
0.2722927174807016
0.27260281108731255
0.2744802414193923
0.276178152234053
0.278714960911264
0.281177027681696
0.2850439578814538
0.28726147895883936
0.2896120798006976
0.29077350565147764
0.2912397795767516
0.29164489858367426
0.2924827097596573
0.2996030867690245
0.30127221980863506
0.30168904942600083
0.30245771888330564
0.3026570073343239
0.3059690491944085
0.3060700781109942
0.3071688996439791
0.30820167492718126
0.3088670689359643
0.31085451109149204
0.3153584509988941
0.3163512923579997
0.31689525628581694
0.3174571025640108
0.31919751945468805
0.32257343783049486
0.3226925879027146
0.3230572584728073
0.32434357508833606
0.3247400638075333
0.3251466374881953
0.32538840831723304
0.3275339840816439
0.3281227774071663
0.33048690954781684
0.3321351864251567
0.33243733450435764
0.33294711022541823
0.3330328679422162
0.33352562030030325
0.33355916801945046
0.33517718051692386
0.33573397618581025
0.33770564956877536
0.33857672957225204
0.34242264546714796
0.3433265609348627
0.34642619203484437
0.34694815168501647
0.34746970218958995
0.3504396371618294
0.3533585905089973
0.35522165672496775
0.35641954029581246
0.3567878928363356
0.3590710468799652
0.36030372223910334
0.36038433253466357
0.36085957588553463
0.36093514773179197
0.36244144139775525
0.3646211064446683
0.3656118815641891
0.3663172266683432
0.3679925025814318
0.37080211609537295
0.3711017959169233
0.37120291336651356
0.3719847429749661
0.3721060571670256
0.3739202942994185
0.37436023724799644
0.3753708966773184
0.37792972466834795
0.38026934550305647
0.38037186254448996
0.3816929054475393
0.3844859902249721
0.38761413215452356
0.38946813293263527
0.38979370534793817
0.3903118707412113
0.391236117303755
0.3914884059817661
0.3921708190128035
0.3926368176190377
0.39574577989565146
0.3961563006305965
0.3965349823543396
0.39701343349025536
0.39751149730978474
0.40066101405788523
0.404141786075362
0.40633078917508947
0.40698747668204516
0.40723072822751016
0.4083408993945459
0.40885755242433974
0.41216621943532555
0.4136468122346535
0.41393511499688923
0.415135764117031
0.41725657517258663
0.41893613753414516
0.4207605943182794
0.42231133940431836
0.4284088610779886
0.43040231077201413
0.43059827325012884
0.4308085633484695
0.4320852434265898
0.43286823275972663
0.43291070911825635
0.43366083206587014
0.43435306045081046
0.43545198812434227
0.438010018811558
0.4386035602179977
0.439138906408304
0.4396033774723885
0.439915155839271
0.43995818794684105
0.442183549511433
0.442652353408285
0.4429197400442544
0.4447654238488854
0.4449490612895688
0.4473643860118021
0.4475442560055608
0.4478197087362609
0.450411218604453
0.4506577528144694
0.45194672736511554
0.45199489167362766
0.45337750203654503
0.45494149771695735
0.45538140001697036
0.456973169196376
0.45778852670363174
0.45792898644592284
0.4580886498055533
0.4595069951992349
0.46016727284641595
0.46253325446609006
0.46321646072437683
0.4656683890388844
0.466486225021499
0.4682753639622087
0.47075139716254605
0.4712735142471279
0.47460719898887344
0.47743098569935216
0.47751058225582094
0.4779873213919828
0.4782346909113774
0.4796241431252428
0.48053509152066975
0.4809871529060793
0.48466400143510435
0.4854872656637147
0.48706773966344874
0.4901178127001324
0.4902560195904272
0.4902686312044823
0.4903272161267214
0.49194999151608376
0.49203823472976344
0.49358779814365694
0.49439128499834106
0.4945800551468898
0.49462292337336733
0.4954327228234083
0.49696738522770945
0.49761746359833087
0.49817440820728814
0.49834794369781377
0.4997090945266639
0.5012603553243133
0.5046672008498272
0.5046815053682072
0.5059299851816773
0.5060758478133347
0.5077866405916187
0.5086819694003012
0.508999162627328
0.5097995879830517
0.511234922792805
0.5115855473185944
0.512728967527496
0.5145136226604758
0.5154962405104639
0.5163803640824579
0.517069729763944
0.5171462339150572
0.5191207120776656
0.5192091942715311
0.5197863633167223
0.5202906286953668
0.5203603553704236
0.5207731361949933
0.5248945447745861
0.5253468152337968
0.5261463836114759
0.5299497960762551
0.5300363212203032
0.5312597071598586
0.5322768390951628
0.5325273067359861
0.5329091803596088
0.5333926507402271
0.5343676966230464
0.5348881288601317
0.5376725484079112
0.5377544331589206
0.5378949766523108
0.5403494261337205
0.5420152359092428
0.5458340824938104
0.5484025474662123
0.5497434591787818
0.5502718650714913
0.5505956155649216
0.5533486253669839
0.5538998084628463
0.5542989595861108
0.5543858867934116
0.5553721833046461
0.5560055018914651
0.5565224703560325
0.5567041498171525
0.5573662192482846
0.5581934491029915
0.5593087774295874
0.5602372115090495
0.5617153395249421
0.5626573834393742
0.5629966256696511
0.5648627975060099
0.567754568903045
0.5691878049791731
0.5698381081549128
0.5730538557716214
0.574317700260603
0.575054956393106
0.5752359039687438
0.5765307916709113
0.5765805713999076
0.5778473575060795
0.5823457829613314
0.5833395305193154
0.5858324109822033
0.5867087729044073
0.5888882320492843
0.5924553357920455
0.5931175926819989
0.5935555745215536
0.5936635288560242
0.5974828654834076
0.5986749528967678
0.5987594843513554
0.6037561873915582
0.6068982473385549
0.6077466486582882
0.6082479422552036
0.6091693738032428
0.6128518604894883
0.6141891562876967
0.6157992926404724
0.6160199984504512
0.6199100923973795
0.620242641060868
0.6205552104829879
0.6206809660984243
0.6212641968777282
0.6218839914943466
0.6243508165614664
0.6263298575354499
0.6266328709044154
0.6277346079009261
0.6294026155753019
0.6325046743692564
0.6326697469334743
0.6333841061151013
0.6398497943960701
0.6410505815650499
0.6411521118900786
0.6428911593913746
0.6431522559445532
0.6459485115407729
0.6468966445879509
0.6469360549373009
0.6482995647001129
0.649168626774191
0.6504015885557214
0.6538776363713468
0.6541067361925834
0.6544039502592102
0.6574315370853411
0.6580149200440945
0.6580960492149732
0.6586014953715402
0.6590547037166576
0.6611976844077547
0.66276337920364
0.6628975827920718
0.6640029579271349
0.6643453532318753
0.6670476164305739
0.6677355609746218
0.6680666143425783
0.6686302449885273
0.6713523998899269
0.6753190543733033
0.676246456351713
0.67650324827508
0.6765538206421957
0.677569600174809
0.6777479540663153
0.6791274945675911
0.680714595058453
0.6811176311028859
0.6837097693028831
0.689779708479207
0.6903239792235987
0.6916560399941559
0.6938377106216
0.6949850038959
0.6953422697313458
0.6982944908606696
0.6985924681659754
0.6986815769150219
0.7016540662464832
0.7023865876128508
0.7036975583557812
0.7050545276189192
0.7056733715370451
0.7062192043692133
0.7071202738139075
0.7104162567685532
0.7121948867405393
0.7124242478601517
0.7156618830666154
0.7164243568892764
0.7178101307574825
0.7182817702109006
0.7233185291623659
0.7243171548354721
0.7248042059582345
0.7260784684756942
0.7261497957732228
0.7264805707419204
0.7327606713683559
0.7330130518401288
0.733027301314537
0.7353095686388607
0.7358923794897527
0.7359267151871263
0.7387696014611034
0.7389124880102451
0.7405969595759615
0.7414849861183563
0.7446397534074716
0.7447261639411948
0.7456162641665948
0.7456926898363125
0.7481508428969129
0.74849426277064
0.7513690981580817
0.7520296606373773
0.7529609496524207
0.753241792322398
0.7536568974488121
0.7572866547477869
0.7573441719886875
0.7587411721202952
0.7603120243593977
0.7633239013170503
0.7644522842895083
0.7660245490878179
0.7676487058149114
0.7687685116900352
0.7696260455613445
0.7697674811862337
0.7698625960019607
0.7708713058485885
0.7737986047620267
0.7769785304701029
0.7772514643410192
0.7784361667401589
0.780738027961494
0.7851231107745945
0.7875143683056046
0.7900796515183204
0.7912492364912938
0.7948353744768815
0.7954344389893302
0.7963681692609347
0.7973432008328983
0.7994919827862155
0.8009960463240862
0.8011655070259248
0.8012547122521569
0.8031104749481586
0.8042073349758343
0.8044288610188204
0.808849595714398
0.8090908899888188
0.8106344706533616
0.8130622027092571
0.8141227468915604
0.8150344044304345
0.8180914348327304
0.8195555957340623
0.8273682344318699
0.8273955538447755
0.8277132481727463
0.8287914089034732
0.8288369645991052
0.829277289130338
0.832102592019568
0.8340943121667604
0.835142582828591
0.8382830198602601
0.840049995464091
0.8410006580361381
0.844506178978361
0.8449604325612353
0.8452688613661473
0.8455378944530527
0.8464110971576047
0.8484833167782301
0.8494405336765737
0.8515570405110957
0.8515779617132352
0.8532381850445491
0.8542659120355178
0.8543056286258929
0.855320990116818
0.8568245377406012
0.8587163407276834
0.85943091926643
0.8656796622889197
0.8677572245098656
0.8726366476474785
0.8735206011188136
0.8735743202683076
0.8736719731722353
0.8788739133002879
0.8789323333156823
0.8795244198987074
0.8817643425417612
0.8854487831978479
0.8868790819923975
0.8872498635024493
0.8885889084114227
0.889680435184862
0.8914322946742501
0.8923464356027568
0.8925686481415294
0.8931833502792819
0.8946882395782595
0.8958294015954934
0.9055813170295328
0.9060374139676087
0.9060479616733076
0.90818704185854
0.9108387194014271
0.9140969093207322
0.9154464370305757
0.9192342239188958
0.9199711595356931
0.9211255591938659
0.9222743710970306
0.9227525195762919
0.9233681714110795
0.9234444422775638
0.9250601554479281
0.926339056353888
0.9277419167451783
0.9310463320024079
0.9332524339112733
0.9358734823585684
0.9363534472171706
0.9376657700021613
0.9382963161014715
0.9384549943988051
0.9399407781454769
0.9413295209389115
0.941415627940267
0.9447372067603264
0.9457422534132783
0.9460361855987852
0.9472038191713853
0.9480228206458532
0.9487794250644423
0.9498947707025311
0.9505341530775278
0.9522623834044199
0.9533198587340406
0.9553183336720913
0.9585824235849753
0.9602325751617162
0.9610139839925613
0.962299165429713
0.9623075972846596
0.962867326795139
0.9648155537394677
0.9697267919107888
0.9714536763878815
0.9758353116370474
0.985148639736208
0.9860696341676498
0.9872333597812106
0.9876195509279141
0.9891490070212516
0.9900019572019954
0.9929769414070362
0.994515385814468
0.9956187428925338
0.995871588939653
0.9973194119774484
1.0009445380110815
1.0009529983453649
1.001338035856421
1.001836447481588
1.0019440788257885
1.0046127025281397
1.0047565242038197
1.0054372668413125
1.0055410062979455
1.0064071380182609
1.009095698048132
1.0152519636250235
1.0153661915146233
1.0169470309505566
1.018231589050125
1.0184094315957406
1.0192190168568935
1.019582313239749
1.0197979663835373
1.019833628452846
1.0209369923293155
1.0210434630503191
1.0215501125958546
1.0252836124418503
1.0275225166405
1.0287252886237286
1.030336197658622
1.0310708387368452
1.0331760254222682
1.034679868766609
1.0353336834327593
1.0400106214237095
1.0401959010462052
1.0418783191888639
1.0435105226238572
1.0461624385052615
1.0469475984757604
1.048664431191935
1.050455926632629
1.0545173186268693
1.054768177287902
1.0557309360395768
1.061015384388508
1.062496227779466
1.0637862666800542
1.0651276999206758
1.0652555506416932
1.0659640293499721
1.0666972248558624
1.0684358407374128
1.0692025236496718
1.0697733228289508
1.069774019843168
1.0745530739324156
1.0750265020875673
1.081241198347488
1.082274538371542
1.0843960256644452
1.0879259490249569
1.088009843017961
1.089050204118819
1.0896230195237213
1.0931027475445079
1.0958900460481227
1.101026344405752
1.1014366271098563
1.103739554110366
1.1060385916043385
1.1070093991207626
1.1071759416398084
1.1071892700151535
1.1079642012239115
1.116198586318359
1.1162430225831619
1.120256481213184
1.1204835586672992
1.1240832125285263
1.1261987833599285
1.1324862416034263
1.134151676565898
1.1342158758811087
1.135848544828767
1.1366107272770485
1.1367162770293813
1.1385992943867391
1.1388421057026707
1.1421606603141905
1.1424603358286394
1.1427071287602641
1.1463748570266645
1.1521748667501543
1.156318944984883
1.1582124581612236
1.1603124664040687
1.1606262674465642
1.1616323212153457
1.16273944346611
1.1654900458851292
1.1668779418536073
1.16866654227786
1.1688974950814635
1.1693282003149308
1.1696093647902264
1.1697411517568845
1.173701531574665
1.175492915094637
1.176953730539998
1.1789470049992918
1.1808203814123246
1.1858083259398455
1.1880551675828972
1.1891613639225131
1.1899856747626338
1.1905911344618134
1.1908763456027835
1.1950453808189825
1.195090611007307
1.196472299136439
1.1970055547075507
1.1975842237170957
1.1979562488054245
1.202718356983561
1.2034222276755697
1.207433968873749
1.2111640899227016
1.212799803127918
1.2206004152223784
1.2247622887880356
1.2287277672690944
1.2291045121309199
1.2298212565931612
1.2332381176977028
1.2354479604178676
1.2364999703495878
1.2375147085646863
1.2418945564108834
1.2429798193901442
1.2455824536349618
1.249812445078691
1.2576280622469533
1.259551815459572
1.2605678862245928
1.261541723043701
1.2625410755964785
1.2633336059134002
1.2649483717542778
1.2660656351555746
1.2666407464011755
1.2687303834482222
1.2700778903646732
1.2711986473289314
1.2761101432942017
1.2798369402360539
1.2817286496253066
1.2833400853766233
1.2864192243078814
1.2885472131868172
1.2887287831123373
1.2923890036850016
1.2928003259605199
1.2932145220216262
1.2949289482135014
1.2963164146994948
1.298172942278439
1.301122451385877
1.3017900007463643
1.3018366575365652
1.3026839636470977
1.3065737054388822
1.308968376563019
1.3100675535810458
1.312241241647907
1.3155046768025587
1.3232305560018083
1.3268843210394627
1.328507279405545
1.329493519836618
1.3300362129287122
1.3320362231269776
1.3330920609780703
1.335394517278508
1.337186606938106
1.3385869430153758
1.3389562732136167
1.3392232431118125
1.3405237264901249
1.3448091148434287
1.3475148534516017
1.350094465231025
1.3504493863943199
1.3511737684567504
1.3542115990701409
1.3558109036701205
1.359563635299731
1.3599856581158158
1.366023689429143
1.3660514747281147
1.3667711158515141
1.3669429998806866
1.3710551995955054
1.37401351849435
1.3763568782578885
1.3793565352679833
1.381413531628068
1.385661041020113
1.387876293737092
1.3902009212146424
1.390878934479209
1.4005278921475142
1.402392168595216
1.4038134163155394
1.4054017223556745
1.4074968768950278
1.408639747895834
1.4090330539310219
1.4094016038447121
1.4150207386487057
1.4205021080832345
1.4205470252615573
1.4219388624702147
1.4219727499978827
1.4259021617008818
1.4261294832181108
1.427118396601084
1.4377236203131645
1.440085256292378
1.442071439241998
1.443487416216119
1.4454544146237922
1.4472778421634909
1.4486592295375278
1.449635240872769
1.449789009439965
1.451237098577606
1.4515332013580249
1.4556251268060827
1.4556566227005479
1.457035348866885
1.457992349348945
1.4600885476764462
1.4620291591329846
1.4629636080183817
1.463177878107303
1.4635195333629476
1.463572170728312
1.4655359581204088
1.4681706507663943
1.4682290804622833
1.4696938295872402
1.4697075479094297
1.4703179733183422
1.470494157540142
1.4719884758806585
1.47306132372675
1.4742018547203175
1.4776372813634429
1.4776810930566766
1.4780567303290775
1.478238792892245
1.4804794494800464
1.4806477868858057
1.4815801484039024
1.4823863543330646
1.4867810582788041
1.48678340446541
1.4912340035518745
1.4928310608341144
1.492954804619336
1.4936227988233206
1.495934487166651
1.4982248749542668
1.498820029853745
1.4999348413390294
1.5004947500875336
1.5033646066658477
1.5049209142248325
1.5050620824419623
1.5087088371730046
1.5126250442671392
1.5151601285233864
1.5202496800719825
1.520655682121812
1.5273836765387656
1.528344453269315
1.5297464085685493
1.5303118486595724
1.5303830067302053
1.53184275399204
1.53620733473719
1.5413556502451624
1.5413994223641048
1.542918360661925
1.5520857495391274
1.5536331380534962
1.5576074676193299
1.557772271494263
1.5660619968691454
1.5702681103603648
1.5713556733510856
1.5728152575612189
1.5749105765014466
1.5749948209146853
1.575903598434915
1.5769731295230383
1.57894670386966
1.5794248179355956
1.5807071097336887
1.587381600790312
1.5898173682705676
1.5917880078786633
1.5920761116435633
1.6001735995871242
1.6010257627286257
1.6012736452138823
1.6029876999712427
1.6045986320226557
1.6095679087244719
1.6133959402185691
1.6162251876933174
1.6188957605040861
1.628351638543019
1.6329358068679372
1.6391128528369157
1.6410618894285665
1.6429371575747056
1.643844717435674
1.6465054556595407
1.6465227278106382
1.6525288891980523
1.6602308486709474
1.665098255187806
1.6702086248373387
1.6748106357196915
1.6782676452277028
1.6787257099417907
1.6868729267617697
1.6919662639158373
1.6946953429571274
1.7018691223014064
1.7018760591279642
1.701969048730723
1.7062611295489907
1.7075067135533497
1.7083980385099697
1.7122040811315262
1.7146975821278092
1.717520068687295
1.7322129047094335
1.735957701061297
1.7365750292206075
1.7373038210175142
1.738916531357344
1.747012859202431
1.7478681770924913
1.7482426421348856
1.7537107271428747
1.7568390136401566
1.7619133508094482
1.7628895346954434
1.7629058549332401
1.766815299469001
1.7743480239499043
1.7813237288569335
1.7854738152107803
1.7864659048714888
1.7866031706226506
1.7887590511582432
1.7899870013604993
1.7910893810977493
1.8005693412591413
1.8066789182589815
1.813534482953001
1.816128848490814
1.8190590637825883
1.8210969967561041
1.8264486183420852
1.8287581847186605
1.831158328668038
1.835565533234066
1.8361248191093607
1.8445256467536035
1.8461230726286484
1.8510958033512745
1.8526298919124766
1.8616755270647964
1.8648586865997312
1.8654362065505468
1.8709517120442811
1.8731902783939443
1.8740073496333434
1.8742175767514877
1.8746610111854973
1.8763619803454614
1.8777348933009714
1.8797057797230645
1.8809596435856473
1.881187109502314
1.8874421973571809
1.889338825215063
1.893682997399631
1.8951275184200416
1.8985792822847882
1.8990127523793374
1.9078853360533765
1.9083038947053836
1.9083986096183385
1.9185561281117023
1.9203115250459144
1.9248900494630898
1.9250416961802261
1.9307417158419198
1.9352110012102868
1.9391479323933694
1.9435626980841687
1.9443761825209969
1.9445544722114454
1.9448516251263435
1.9525073380759452
1.9547679312403075
1.9550794717790223
1.9575171167350813
1.9650498469878435
1.9742536801943356
1.975575958779475
1.9780121425704893
1.987260070160064
1.9896483779004352
1.996686051140753
2.009406458109349
2.0170095580022704
2.0216245950247016
2.026861844090923
2.0319345449117483
2.0338208365596993
2.038435666786512
2.041343072920419
2.04651060813105
2.0564937384586446
2.0628928950821583
2.0646011829308426
2.065493907300148
2.069363998153289
2.0741664416077157
2.077874542535923
2.078062327079339
2.0828639304637284
2.0857661411047013
2.0990351686219637
2.1134946958956666
2.1179514427844013
2.126510916939771
2.1277908614521475
2.151862536846262
2.1629895875963796
2.1640359783182217
2.1729995506923796
2.1765477193238683
2.1882506717342425
2.193303799649677
2.2013933426103582
2.21297657907126
2.217875225609361
2.227326470141243
2.245244019966684
2.2479709564185977
2.250528267971652
2.255026316384094
2.263409370110383
2.273805840973084
2.2994425276784862
2.320332704267268
2.320342846021438
2.335996228964841
2.3542032983047996
2.3769322017406447
2.384601628749917
2.395576669180845
2.4001610696458817
2.4413478508483317
2.4946668579389413
2.5054666811962414
2.5193605524244647
2.547778513244525
2.5556275449437074
2.5717979916087
2.584385829430252
2.6011224966079265
2.726127217068165
2.861819626386679
2.899067746393325
