-8200.973427139534
-5471.219959850352
-4103.159706615908
-2056.5903619319565
-1644.3222530627174
-1267.6316526431203
-1266.705793463842
-1098.562273341182
-971.5330399000721
-826.4907041644842
-824.9737780929113
-787.8038530084845
-661.2997781842747
-659.86195067242
-534.4471616685261
-532.2158417660256
-437.8197562845295
-424.73219011486026
-403.6016111132014
-385.85478257315566
-370.9194984061907
-339.99427401611234
-313.1442518858805
-294.09294149136537
-263.1693091049067
-233.4514669003467
-225.0677713654407
-199.88210898403588
-176.83251288502666
-174.3406389755906
-173.94539832066687
-170.49514290616148
-152.7059550949558
-150.9851210314328
-149.79667020026102
-143.688740049427
-140.65006232613786
-140.33691241490857
-137.15115944975454
-126.88800215730512
-120.65699199444082
-113.02612733932602
-112.627560388083
-107.16617839045591
-105.38859281583949
-98.52924438278019
-96.19507562095113
-96.12521870409225
-94.43866232757784
-92.84089056224072
-90.72236975385731
-89.95800284566631
-88.95499416828756
-86.76958976761907
-84.65025252859976
-82.21777421236004
-80.25061488855232
-80.23428247198466
-80.20206711078728
-78.4669332113255
-75.59132839673498
-74.40492291449256
-71.95208215289266
-67.6917565018869
-66.80323000372957
-66.1499863267589
-65.36072391695066
-64.7087466751741
-64.51162364658725
-64.3327496074846
-62.23219312545561
-61.31363164336031
-60.51603674930162
-60.312882888054496
-60.008865992093725
-59.692501508395516
-59.1578438852656
-58.93382823935289
-58.48047208848304
-57.104091353067034
-56.804162114292645
-56.76142991756929
-55.15326292707597
-54.25125250759806
-53.81377420411054
-52.57211000464363
-52.13020822406138
-51.84532441153337
-51.44968946636899
-51.345801055619084
-50.370986532539156
-49.33051837683309
-47.88362053738421
-47.865541307261644
-47.71555507747484
-46.617408708398756
-46.428472054322114
-46.200719167838834
-45.9659725450683
-45.16885507985735
-44.82889358223224
-43.80522593446846
-43.36697583113402
-42.99693997181815
-41.93949497505975
-41.79397327929104
-41.10721465907912
-40.49149846800633
-40.17732712208462
-40.14723992172491
-40.085512312657066
-39.076715222204555
-38.63377849849572
-38.43491082495405
-38.24868342089146
-37.93355847089033
-36.58662813408275
-36.53083299898333
-36.297394185840716
-36.28212098370951
-36.271800700069875
-36.14960305465673
-35.51646943913797
-35.05671477182844
-34.974700328774084
-34.90025718434194
-34.8779625875735
-34.74694168180048
-34.5260874578222
-34.11585834035772
-34.100401432140075
-33.83918930354616
-33.7067862789781
-33.33580828885731
-32.849831373406985
-32.778134958877345
-32.764659005144
-32.47668115799839
-32.308920254447656
-32.21522650332493
-32.039870152500946
-31.720220211644964
-31.666950215626485
-31.448568913518205
-31.301962901076642
-30.693994588560283
-30.599433528473824
-30.4060889652135
-30.325399619541265
-30.07251010438979
-29.89317910940769
-29.88989949955319
-29.668413540491212
-29.609477393943298
-29.284337154982307
-29.153505550102324
-28.983298886333316
-28.893816223748015
-28.806670534682834
-28.775906597040265
-28.168966645574873
-28.072195925553054
-27.361376410442947
-27.21212621267267
-27.189185820950662
-26.991707285105946
-26.945673997904173
-26.83607002838522
-26.6821033750343
-26.58819842145279
-26.521367103098193
-26.246537516749488
-26.178944138794673
-26.019644391386525
-26.01404765007201
-25.96468497770937
-25.86829317992369
-25.843770618597944
-25.73999488054811
-25.71822384130745
-25.641567252247786
-24.866408486650588
-24.726526761121946
-24.34082272113001
-24.11777256836083
-24.10734566451184
-23.764810197880855
-23.62600200900015
-23.61978809733833
-23.511901746950514
-23.467281543926937
-22.87025103982059
-22.840588147778977
-22.824149224089243
-22.263919250853903
-22.215995337049637
-22.203740153791983
-22.072997096057314
-21.696301094277764
-21.36295051293217
-21.185663374719674
-21.144676468818044
-21.09757682982394
-21.03900838063403
-21.008720797396084
-20.94930428183402
-20.883357877015783
-20.867682951089122
-20.741447755062048
-20.683288645683856
-20.672448744875805
-20.633843229850946
-20.602035388532606
-20.42465570690965
-20.364416974856177
-20.21051976632361
-20.14323649817726
-19.90496256577853
-19.867531319585485
-19.778093603948456
-19.463207716705757
-19.432737050920306
-19.417513901126263
-19.351872919960034
-19.281720646332666
-19.006216291839262
-18.99803129404869
-18.874548956008958
-18.83498108041114
-18.828226946062298
-18.623327656449852
-18.613434681229954
-18.486209357538932
-18.386421008885954
-18.2975495229144
-18.256532648628
-18.104796104863333
-17.961051467452236
-17.952682793813317
-17.91111980997503
-17.901176502408724
-17.88174622569369
-17.854687442146528
-17.839615372162683
-17.838209103022688
-17.7698288013923
-17.75049731058028
-17.713216088451556
-17.70594564700566
-17.604393633848908
-17.58231955230281
-17.49755643318691
-17.434410499155216
-17.404870969997564
-17.306271026836797
-17.283713146556853
-17.18082189665201
-16.938900335096005
-16.909127869747813
-16.894770331161016
-16.891626967267417
-16.879353927621924
-16.839118609188997
-16.76627464157312
-16.54940999606369
-16.521472835034096
-16.505758906207134
-16.39216718981172
-16.361273482589542
-16.329253442760574
-16.317312076296496
-16.316557081213695
-16.307872547273995
-16.304041056333407
-16.247208600373206
-16.21564548320911
-16.212071341303734
-16.199318726677003
-16.15089124844161
-15.920253574887315
-15.887956251303246
-15.757715178676504
-15.713734288164682
-15.646664097303066
-15.553984138558711
-15.461348863414422
-15.425395810267446
-15.400429998650926
-15.351124854463347
-15.201346354037216
-15.152049051711703
-15.11699847534571
-15.08149197079199
-15.07611098598547
-15.004704692679312
-14.716883917807474
-14.70814884279525
-14.694646107618965
-14.690819536000603
-14.672725191287366
-14.618882604140207
-14.615477951610302
-14.583741422327616
-14.553226066062201
-14.387457915146387
-14.386007878353805
-14.327743334195516
-14.223878900652704
-14.193695685125778
-14.187372424551016
-14.130698891231106
-14.072142758261949
-14.065133553059272
-14.055851142313541
-14.029686831214708
-13.890057006451851
-13.858577025426527
-13.858026916052072
-13.847995587358856
-13.812524954793467
-13.798211033208071
-13.7557372382563
-13.745198412647264
-13.706325558888896
-13.659950374115024
-13.590609513933975
-13.558145132277696
-13.495020947814108
-13.491095794283154
-13.461453257027168
-13.444333556189527
-13.428187520856175
-13.405377474076635
-13.366325373280118
-13.358568303537675
-13.312712733444883
-13.306157258968868
-13.278127761201818
-13.273091647934347
-13.215558109252386
-13.180861277438552
-13.161310280526695
-13.120588613674872
-13.11993450291843
-13.10307980763487
-13.087818455833347
-13.08173288184711
-13.037843812045613
-13.007950948342678
-12.977066614059577
-12.936021440440973
-12.886560514564083
-12.848877448888166
-12.82893115848735
-12.813395099519191
-12.706777859516542
-12.67605748789275
-12.594667539135953
-12.577450146652964
-12.546563135493109
-12.440867389984183
-12.34175695317019
-12.336948692896929
-12.32090983506893
-12.313293789742708
-12.293461048119177
-12.198083966324635
-12.176960546046592
-12.165487350823462
-12.12283945212028
-12.082711618800833
-12.053584411708075
-12.044614528581894
-12.040525973706352
-11.947211519027194
-11.944547741222417
-11.902729796954423
-11.899396741501928
-11.877433986921474
-11.862674135348245
-11.851373248367373
-11.816379617607641
-11.81493193407264
-11.757251029954576
-11.726633067525169
-11.686081122069062
-11.647397957366987
-11.645608953152331
-11.641972307119207
-11.605087131530963
-11.526902254168796
-11.41779537197321
-11.406949413796406
-11.387915831948792
-11.335048582408694
-11.28076760070383
-11.27357985163862
-11.20533316063259
-11.174178181270175
-11.171529974054947
-11.167539605769445
-11.161289068714098
-11.16006075913974
-11.105099411301044
-11.081331164635534
-11.075921202372493
-11.066706709736284
-10.956261727783428
-10.953007870596794
-10.926603333655574
-10.890680999391128
-10.84408195781097
-10.841677573750118
-10.803962793676252
-10.787635751787601
-10.781889559803123
-10.762909757220022
-10.758737650590655
-10.736776869577174
-10.7163548090262
-10.706759955797345
-10.679759958994161
-10.67491292137433
-10.65815449623043
-10.598013768496616
-10.580070189375244
-10.546363038787403
-10.529859541305388
-10.484982048318043
-10.453199483572
-10.45132304659994
-10.429658995585083
-10.41839781040345
-10.40214724548451
-10.388294145992349
-10.364336378621863
-10.355302464713702
-10.320535306249933
-10.317992061623917
-10.293712903420515
-10.273763854132193
-10.262877518367873
-10.257456679376409
-10.226503675872177
-10.202089773350032
-10.19954588916185
-10.155131650541652
-10.150343594795109
-10.14973105465804
-10.131996036141164
-10.08481038313843
-10.074510379733438
-10.066359278871506
-10.054641401650603
-10.030535319745635
-10.02602944671171
-10.016748251276692
-9.995805088534638
-9.983589560445964
-9.970593419932207
-9.916434013690704
-9.906946157606829
-9.903877694300006
-9.896659011053938
-9.891081677470302
-9.8643642061059
-9.858969206277616
-9.85398806147176
-9.846856536231996
-9.838454755935366
-9.825921606082556
-9.819144421890263
-9.797724247357479
-9.783543001982627
-9.778414986031803
-9.758633030392613
-9.74327248800989
-9.726776292144082
-9.700061807049792
-9.661039569643496
-9.645674655234966
-9.633679656264981
-9.60955234200323
-9.607999429286842
-9.607435063147289
-9.599466730216294
-9.598338143869764
-9.5893162881646
-9.565392303813807
-9.564283886096547
-9.545793263833204
-9.5344771696886
-9.521997034139904
-9.500465016162911
-9.499659403740475
-9.494888259404364
-9.478081758418266
-9.462620686825797
-9.443623188487116
-9.438521413316852
-9.432891150048176
-9.423590512501587
-9.379611487770463
-9.364937528244527
-9.354662303007759
-9.313195241087904
-9.273452182816639
-9.267068366925931
-9.256276512886718
-9.217767683347224
-9.201178696601144
-9.192612629929632
-9.115557141091614
-9.095675015157749
-9.076373366729976
-9.06492430630853
-9.05656951652515
-9.056564426026757
-9.03488156140325
-9.028159956003373
-9.027291429130003
-9.025239420711847
-8.979103312187444
-8.97885836069157
-8.972087192940206
-8.968953929251068
-8.956700407617028
-8.949827481119826
-8.87290463111341
-8.846143162836643
-8.800835630814127
-8.796849074809893
-8.79118893310564
-8.787448379572991
-8.787225698116293
-8.78436616462213
-8.746161176917791
-8.736243442349817
-8.728758382904854
-8.721914618965346
-8.697700715176564
-8.668296815058431
-8.642813130041587
-8.615746931550463
-8.611149758737001
-8.610272172870213
-8.581131019212291
-8.57818406628752
-8.538599799988045
-8.5355217341036
-8.515467219486418
-8.503166855111942
-8.493218784681009
-8.49206918201647
-8.462015150411007
-8.453713864424586
-8.45370720847384
-8.440330757750793
-8.410361175010447
-8.400407580477575
-8.36056971322832
-8.355751813508713
-8.335016212892775
-8.296030152473017
-8.28731109361338
-8.26236827475909
-8.256922508983351
-8.237990177186857
-8.222574054115404
-8.215732423206381
-8.20544562624594
-8.200536830949757
-8.199001412099
-8.163685562576365
-8.16339773726811
-8.15699050555792
-8.153036057140891
-8.139324654996578
-8.137100784253544
-8.136463467903141
-8.13440985699815
-8.12107214987515
-8.117492371987353
-8.115812234989296
-8.10939270452941
-8.105136459222752
-8.10462575998514
-8.083616802465004
-8.077827298382688
-8.076659022259392
-8.065539986631654
-8.048214074294721
-8.046404843511008
-8.035648937592592
-8.03242245797651
-8.01082830339633
-8.010599050851553
-8.004979197692599
-7.956884246294096
-7.956403579969351
-7.951220581230004
-7.937418301492699
-7.926904428321569
-7.920131551816066
-7.905698325854639
-7.899676985239324
-7.879868464723797
-7.85454821309082
-7.8448699824357435
-7.8417196005007845
-7.83064802561513
-7.8278384117707045
-7.8191531102101575
-7.819003416797503
-7.814666980013799
-7.804579444276188
-7.788298711027295
-7.785558197673006
-7.778138324818544
-7.7733570393599125
-7.7700588916634175
-7.759204628530142
-7.758186399169791
-7.751385044750858
-7.7457546499716585
-7.745395494710558
-7.714457318398298
-7.693849028405008
-7.689737596277157
-7.6849268286568595
-7.672675240830061
-7.661090901484131
-7.6333951876464425
-7.621395562646372
-7.607034132755464
-7.60452663642357
-7.565171064556042
-7.540711030720715
-7.536409843385413
-7.529974484303387
-7.520246324033355
-7.518274546458835
-7.507952329012831
-7.502221387663154
-7.48864497919472
-7.481624478402335
-7.477864786710214
-7.471865434193282
-7.440086495975173
-7.428987539907945
-7.428228980049306
-7.407927055292019
-7.399292239648741
-7.397715914011384
-7.383384874573974
-7.379286343349807
-7.371252106694097
-7.36056451263639
-7.3466705646961685
-7.328396902274249
-7.322703148337494
-7.294070660581189
-7.288922274247596
-7.285224549642882
-7.261423796458899
-7.246567498050954
-7.244427097691183
-7.2377169227121545
-7.200304096760716
-7.18655464947496
-7.151555041450171
-7.142335042388396
-7.13006274390968
-7.126842671410387
-7.126572284496326
-7.1246135425496835
-7.120553586109049
-7.116155717706137
-7.108563085682761
-7.090285440014238
-7.089205784073755
-7.062483001822581
-7.049521188617492
-7.03313576789086
-7.032000604661035
-7.030159889402842
-7.015680515852642
-6.968606158146644
-6.9637755040832365
-6.958584959915624
-6.954471512830809
-6.953305136576053
-6.948144900172411
-6.948048348971053
-6.945170591448509
-6.9274519945560264
-6.909320983212409
-6.890581174576308
-6.889106837096884
-6.87996919322692
-6.871432984720336
-6.862864809679149
-6.851063456002008
-6.844920594948747
-6.815722278594366
-6.814312008831719
-6.813887638361816
-6.80898990657508
-6.808039898173339
-6.758623664705631
-6.7471805452954285
-6.720495758966251
-6.705601852659677
-6.68790511489863
-6.684023129327624
-6.653961488350218
-6.653222131579951
-6.649001018118323
-6.642598778976885
-6.61190308659479
-6.608898342373047
-6.608869086046724
-6.5854112311887
-6.584240732355508
-6.580147731588541
-6.571509613623863
-6.569590592897482
-6.559772451577797
-6.537230493345993
-6.530003711458905
-6.523924282934315
-6.522372871748548
-6.519964713742216
-6.516168158651544
-6.508183128578221
-6.505716493644696
-6.494651271986552
-6.473349673960416
-6.4720433383432905
-6.462527040439438
-6.448814923524574
-6.432310463347031
-6.429495957502553
-6.418219129608305
-6.417420306826508
-6.415987070943524
-6.411342149241106
-6.407792306279997
-6.399432108138016
-6.398080574771222
-6.397160870930033
-6.383825224212209
-6.380000858929016
-6.379869937378451
-6.361639583587607
-6.349620923190722
-6.342991948372354
-6.342346614286842
-6.319496992637507
-6.309640099558241
-6.302579087110185
-6.300449623596111
-6.297912420168055
-6.283302843038156
-6.2745643613662025
-6.269178284304621
-6.2531275062415625
-6.2499670137231815
-6.24165235513375
-6.236882550987549
-6.207360649440501
-6.204663015265927
-6.181584845303534
-6.171982193487446
-6.168453982987785
-6.165690206044701
-6.161123471644355
-6.1587257983812655
-6.158336037083761
-6.1514305532257065
-6.142228200328979
-6.123687956083744
-6.100352164743337
-6.0817428811155665
-6.081402755551775
-6.070775434755625
-6.068073021208489
-6.067482281938796
-6.061788169036895
-6.037161071634127
-6.026426659069855
-5.985897777311762
-5.979068709580444
-5.971835222291429
-5.964759437227999
-5.964623529721961
-5.962487702351217
-5.950978508933325
-5.949484282716249
-5.922557799698231
-5.919905493476378
-5.918161787498792
-5.908754718450503
-5.895428621786748
-5.891128842686253
-5.89097347818947
-5.887405170471167
-5.886453483574218
-5.862068335920471
-5.860304481466021
-5.847309472064787
-5.845687261122002
-5.833913567925156
-5.833802339465112
-5.821472049391325
-5.820308286375759
-5.819880656569853
-5.810860649559429
-5.7873253399408195
-5.786211852149714
-5.765262318631624
-5.760996664069802
-5.754767478903066
-5.750555398899239
-5.749272712203284
-5.741454877129075
-5.737896016945385
-5.733091653905158
-5.727524912878069
-5.719171129246013
-5.708311728345921
-5.7029176120273375
-5.702153242265506
-5.689380133540382
-5.687958638417384
-5.683131902357505
-5.677366969804201
-5.677181168787885
-5.671314806016561
-5.6651511643828325
-5.653029786930226
-5.652483258175701
-5.649973983321629
-5.6461330135712995
-5.643280609771349
-5.63515378223248
-5.632051543651129
-5.628619437495935
-5.618410346419039
-5.595154698005269
-5.569644997378613
-5.564125172603865
-5.560409424463952
-5.557362312229964
-5.554490897786488
-5.547427627391478
-5.546265492034658
-5.535828293185393
-5.505799797342068
-5.502448199854554
-5.499761288308024
-5.498128864860671
-5.485120615172512
-5.4843748023142815
-5.480532157163175
-5.468990617844714
-5.450320614310191
-5.446856168651888
-5.436860790323353
-5.420235637363815
-5.417271026813314
-5.415212350718859
-5.391969686112464
-5.388685718523399
-5.386133454246366
-5.380394377880543
-5.376432421452648
-5.374298461745158
-5.372251692475618
-5.3633774556280995
-5.36064098212234
-5.348601778840094
-5.333443593703112
-5.332648630454471
-5.332178133379352
-5.331325585605063
-5.325056561798913
-5.316808868874913
-5.304923369892515
-5.292761025345438
-5.278297885127976
-5.27609757293364
-5.266399007614593
-5.264427128703616
-5.260976904857528
-5.259769276815705
-5.250289416260598
-5.245065951058045
-5.222626236850425
-5.221864916476405
-5.217761672062268
-5.201781060731999
-5.193473156502845
-5.190635751954481
-5.187565496925837
-5.185014055680303
-5.181135988315155
-5.177538298475222
-5.176245842471799
-5.169755654827847
-5.160188959683683
-5.148517281540538
-5.1455272041207785
-5.136643097115378
-5.131102420674134
-5.116244927435836
-5.106534189669566
-5.100075490731902
-5.0952550248284645
-5.092397076622632
-5.07831858552851
-5.075732472560924
-5.073090214927696
-5.061797859200027
-5.061173138802031
-5.058560503139672
-5.042196351943406
-5.026996133160125
-5.021095133699326
-5.008401574706143
-5.005487707426224
-5.002816014413169
-5.000584986159624
-4.999287285004273
-4.991687214868369
-4.987658193756998
-4.986734302593817
-4.985319019880365
-4.982003998656607
-4.974237437284043
-4.963304513363117
-4.949570501671562
-4.93992921940489
-4.939051072724238
-4.93621123130287
-4.932962539134149
-4.928301419536189
-4.9255268418875495
-4.918716785953604
-4.915916899522211
-4.915131427558331
-4.91111833895901
-4.906207169667368
-4.903737006254393
-4.89762913129711
-4.8824680866465755
-4.880627652031647
-4.874902681598137
-4.873788731000672
-4.870760802764959
-4.855989850073671
-4.848616342283726
-4.8419336283493415
-4.835277533929665
-4.834413931783611
-4.833275373317231
-4.827309236106251
-4.824556445879633
-4.824089030419046
-4.812686449272816
-4.804964669582983
-4.804489484884218
-4.801404845064982
-4.798181473722672
-4.788767334041067
-4.785103863751774
-4.779743481194893
-4.775281426134362
-4.771519818371169
-4.7561186411292455
-4.753199418274854
-4.748161064045927
-4.745858338257554
-4.736592277869384
-4.735200723139473
-4.725993893647026
-4.725911591216551
-4.715998831710796
-4.713641839921721
-4.705394128157973
-4.704268233238452
-4.6994484491928965
-4.695214649134971
-4.693990465470913
-4.689892245139025
-4.688380621767603
-4.685978217780296
-4.68035156626363
-4.677490290034989
-4.675335616946232
-4.665311154597569
-4.6615934208749845
-4.660492553199453
-4.650127530844954
-4.637812493107067
-4.6372802785032565
-4.6369688026498554
-4.63148058703155
-4.623257661620436
-4.616439029248941
-4.606678176363532
-4.604880579128988
-4.59377054040648
-4.590273904300648
-4.589595328078225
-4.582065724931134
-4.580201919416363
-4.579992044560925
-4.575722688054197
-4.56572518982378
-4.564099663184458
-4.562894647180475
-4.562707134452732
-4.558384902441936
-4.557545247334652
-4.55565289686241
-4.541158360994557
-4.530178941230295
-4.514522531735835
-4.506720891869087
-4.505711842691216
-4.499984249724727
-4.498655609158869
-4.489198830502464
-4.488176235188757
-4.486251558357578
-4.48014264825958
-4.479784258908359
-4.4794799818637046
-4.470599708786468
-4.465956660111697
-4.462345347960274
-4.454424583328544
-4.45090021722931
-4.441778245529217
-4.435297480058225
-4.434454451793391
-4.427694771268538
-4.422602387852998
-4.417790492674012
-4.416986494769625
-4.415979852057529
-4.405382160990539
-4.4025157172431095
-4.397752863462991
-4.386740380105244
-4.377993146885368
-4.36796758122709
-4.364540891434885
-4.363313980709666
-4.361258484378536
-4.360701302299938
-4.357311002761327
-4.350986234678582
-4.344038747874433
-4.3416546158502225
-4.32477831443361
-4.324689006652103
-4.3235953482636305
-4.321702139690784
-4.320971948935271
-4.320436497650047
-4.3182143049262205
-4.301600479949766
-4.292507345653476
-4.2869049655727345
-4.283219340643046
-4.282627122879703
-4.281252135559781
-4.279002069129619
-4.277806372596368
-4.274280065073951
-4.273559180858716
-4.269583952039573
-4.261640715763343
-4.246325690140262
-4.245171532496702
-4.242526294042302
-4.239306992374226
-4.220393611085922
-4.213813374851936
-4.206573295341278
-4.196793242311009
-4.195138030881414
-4.192354074273146
-4.18364302112626
-4.177590367166353
-4.172940849676584
-4.155249750678448
-4.149642543429292
-4.132645145225216
-4.1273983872626765
-4.120096096642432
-4.11916479473941
-4.116756178358862
-4.109779468060125
-4.108612911947353
-4.104429263591103
-4.10121126712179
-4.077404302259257
-4.075158645424706
-4.073855967722386
-4.069624574216529
-4.064264387706608
-4.064163606088572
-4.0636836282639655
-4.05861450249582
-4.054004760896353
-4.044218659041607
-4.042947871985604
-4.0354640197983205
-4.025793821842798
-4.025717201967831
-4.019740438349298
-4.018809196533658
-4.009979140998792
-4.009471099104654
-4.004274689573411
-4.002239281061144
-3.9950555944125563
-3.99485368247894
-3.982576504247998
-3.9803859405601933
-3.9761551175598844
-3.963850193837084
-3.963181315037345
-3.957207782643284
-3.957102023320796
-3.9537317139358414
-3.95231903091785
-3.9421415654873604
-3.9394582176547983
-3.934731346660278
-3.933665419820484
-3.933093853561384
-3.92932453543419
-3.926123629124498
-3.919301040626873
-3.9189497201758003
-3.9185743458760527
-3.911902476928365
-3.9048862685041694
-3.9030350697829
-3.902949201710456
-3.898915537874974
-3.898330640135396
-3.895346525467649
-3.893753259261665
-3.8904011360019872
-3.8897547546994526
-3.875558732392044
-3.8754651227768977
-3.872744636597687
-3.8721340727202644
-3.8693902990251443
-3.8675991550534627
-3.865632155850629
-3.8621189128200104
-3.860546037156321
-3.8597417726240963
-3.8551721458419026
-3.840677957965614
-3.8405534163544415
-3.836597695325463
-3.827883886114458
-3.8275566028102452
-3.8179073209658156
-3.8151538299074192
-3.81121770181399
-3.809200612137508
-3.8015625800091093
-3.7994408706241334
-3.796271949737612
-3.796024810657817
-3.7959349307809207
-3.795881101031172
-3.7957519242832474
-3.795270876558673
-3.7952519242473497
-3.7948117673950965
-3.7936329779878775
-3.7850061517691316
-3.7650179694458563
-3.76296838954086
-3.7598796971182886
-3.7565845511025806
-3.754259078118557
-3.7523212088108653
-3.738622437444633
-3.7341529529123063
-3.7333997758108195
-3.7319655456764993
-3.7280100548463526
-3.727418687173677
-3.7243465506510423
-3.723371353935981
-3.722982940077624
-3.7210349832688996
-3.7197411293486864
-3.7152298735094202
-3.7144187657992807
-3.6987717100188524
-3.6966457525443706
-3.6928548143904907
-3.6895159225442438
-3.6877918884412098
-3.682712619745531
-3.6693506119383117
-3.666180188877248
-3.661442961585673
-3.660476084213415
-3.651944764893092
-3.6504003949442394
-3.6429804488537356
-3.6400317084981175
-3.6386632489010693
-3.635535578743438
-3.628803556825731
-3.6265913211674135
-3.6215512387594426
-3.621341726928197
-3.616457580391978
-3.6064178714316117
-3.6014477949857264
-3.5955156015266905
-3.570211253467799
-3.56519351162275
-3.563160604100564
-3.560587067344738
-3.546601233058541
-3.5449410305964832
-3.541092502141008
-3.5395549171246374
-3.5333794246690746
-3.5214910266163764
-3.520176844805234
-3.5146890209717965
-3.513599713215923
-3.5039403121118147
-3.496093564401774
-3.4934749428055945
-3.4919313633825118
-3.4899997886236926
-3.485660809098434
-3.47710704823115
-3.473111173739033
-3.461979582054889
-3.4386553630242505
-3.437931311532306
-3.4329684317887077
-3.43140722300833
-3.4253106803945483
-3.418365361753497
-3.4102917366911374
-3.40961558883697
-3.4055533858384535
-3.3999435684595807
-3.397311145554996
-3.396478525214246
-3.3947792025660415
-3.393692403910526
-3.388483127823775
-3.384558508594723
-3.3834795066339245
-3.3810196589436807
-3.372531149402447
-3.3700820084728154
-3.369904819432427
-3.3676370667893325
-3.3618489364463935
-3.3576458492119947
-3.3535827589347766
-3.348747612923751
-3.335396956369494
-3.330646393409235
-3.3195497219715926
-3.316526665299757
-3.3120311889460017
-3.3113044216508207
-3.3043693963554537
-3.3029688188292585
-3.2965981550933785
-3.2931466244935534
-3.2916115228347698
-3.283489452777184
-3.279744331797656
-3.273164447831916
-3.270108985297337
-3.268688843630601
-3.2677757476564686
-3.26756642665946
-3.2630456860959334
-3.2594541927584753
-3.249768713348794
-3.246300458377207
-3.238473606665508
-3.236551963367391
-3.2247823641911615
-3.2151765305889652
-3.2134487245282877
-3.2115220919529373
-3.210112064805285
-3.20809340959378
-3.2064632079942488
-3.19984631706341
-3.1991187415934603
-3.192663118184681
-3.1886878275130384
-3.18658132072236
-3.183085830745265
-3.172375962999382
-3.171317604641681
-3.1661237398629036
-3.1644938728614176
-3.1634289517829997
-3.160539565685502
-3.1575619914110087
-3.156965095792285
-3.1503674876154606
-3.1500076205591476
-3.148612952762652
-3.1412843424120975
-3.136372429531527
-3.129409430860744
-3.129232416125798
-3.1145052096051646
-3.1138762284055392
-3.113668487009165
-3.1130306594089543
-3.1088878293098254
-3.0931459697672343
-3.092098193527458
-3.090999721381844
-3.087161446196445
-3.07885005051064
-3.067356229950551
-3.0542080368057474
-3.053701075341523
-3.0471939420641014
-3.0441573562701025
-3.0410263127782997
-3.0325773757587666
-3.0220515885215367
-3.0214576776038826
-3.0192816524377015
-3.018226482565697
-3.017595474120184
-3.017265287800965
-3.0164295300931494
-3.01340027206236
-3.0082031880086184
-3.005691623331934
-2.999820688255894
-2.9946580896116
-2.9941455736857896
-2.993604410283566
-2.9923072610417685
-2.9846684760019278
-2.981216330380053
-2.9810850821089074
-2.975789933820298
-2.9668145922703664
-2.9664817257252447
-2.965688125387175
-2.9618537262780995
-2.9589033690532176
-2.9574823775790664
-2.957341830267552
-2.956673597296465
-2.9557869624102326
-2.9529501633531696
-2.94897860383435
-2.947388144401714
-2.9346234442441457
-2.934466839140888
-2.925484915976943
-2.925330280317109
-2.92129907161391
-2.9206966958544935
-2.919830633688802
-2.91765349004931
-2.9090057469710375
-2.9080160237996417
-2.905111905281588
-2.9034072114321092
-2.8980790703547443
-2.895208307942916
-2.8898432963865575
-2.883799745585465
-2.8834040612876937
-2.8788977815448753
-2.8779352492352754
-2.8707300316947792
-2.868755928399142
-2.866278387623799
-2.852805090106949
-2.849884267061811
-2.8493581848232443
-2.848235344323028
-2.848088230705751
-2.8476065444741465
-2.8468246995447894
-2.8449285061832548
-2.8413948664166613
-2.83805603394413
-2.834588828020153
-2.832402962198979
-2.8323500096541334
-2.8312042420817725
-2.830882267859631
-2.8300352102294926
-2.82701298109117
-2.8228224664763557
-2.820152415828837
-2.8192621370321995
-2.8121125508245775
-2.810742911591925
-2.799620389677576
-2.7983636884102774
-2.797172263777571
-2.7924130882188427
-2.78627893729659
-2.7828467270851474
-2.78053577218677
-2.777863718292064
-2.7740382469718092
-2.769916929590962
-2.762504481129022
-2.762138899672654
-2.7621050658237944
-2.7620983142816673
-2.7594545593142374
-2.755436411277946
-2.755158108043001
-2.753980405500052
-2.753254197296706
-2.7508310466424195
-2.744303287629556
-2.743746313098351
-2.7414907874731513
-2.74047586550192
-2.7320523166174038
-2.7210381765354077
-2.7169239660403823
-2.7138225762574377
-2.7118727787093486
-2.705915024913924
-2.705767678659167
-2.7035732012667277
-2.7009616515417956
-2.700597987582762
-2.6999919831793546
-2.6990188723513677
-2.6981356708288646
-2.6964405029013956
-2.6886030788879864
-2.688534154234489
-2.6883296561253265
-2.6875113606835086
-2.683569881989497
-2.6818221300595257
-2.673338463118621
-2.6665421962232534
-2.6665207477792015
-2.6653112220111463
-2.6644158409690673
-2.6638473083368552
-2.6597390416285096
-2.6567943375547065
-2.6488316893987003
-2.6476583363931123
-2.6439468136620956
-2.643060293160768
-2.641631480749239
-2.637867069578652
-2.6310354509375538
-2.630239232976777
-2.625241940486291
-2.621444652886088
-2.6167753664284086
-2.6164548602322277
-2.6131490401859327
-2.612292275092091
-2.610758665271965
-2.6096947312261456
-2.6061888720466007
-2.6045198049337177
-2.6033510740722505
-2.600339934554626
-2.596189865060151
-2.595530343787072
-2.590880038468934
-2.587811749038257
-2.582497185698656
-2.582286638076864
-2.5807315625044005
-2.579732349632894
-2.5793662682407206
-2.5766927412704757
-2.5752750765229804
-2.569256930716421
-2.5679713794105683
-2.567923944170948
-2.563114212567716
-2.559996497892924
-2.5576089553708523
-2.5556171813725883
-2.5508005510751763
-2.543851075904075
-2.5395129622047543
-2.534660385684275
-2.531435479773255
-2.5310065884264934
-2.526442537790098
-2.5249758100301167
-2.5233925688154986
-2.522530610545151
-2.5193734992717483
-2.5186773653038057
-2.5011783502549956
-2.5007568613165576
-2.4975178274276724
-2.4952129864289208
-2.495166736570025
-2.4843269207830376
-2.4825153187665876
-2.480636156848409
-2.4782663386179644
-2.4732485855756736
-2.4700265024398598
-2.4694325581946677
-2.4690241599679323
-2.4675797486092135
-2.462067568911091
-2.4614034545701617
-2.45119250708403
-2.447288837256871
-2.445227998559276
-2.4313810379513434
-2.428250253802532
-2.420936927564416
-2.411837520070208
-2.407080921638816
-2.4026096009307665
-2.4015209999898035
-2.4000214162358633
-2.396154948594557
-2.3950150393468874
-2.3907553622847404
-2.390481082490036
-2.38859931949267
-2.3880931484388372
-2.3877482194641564
-2.387162615546832
-2.380715664049596
-2.378212276232243
-2.3773059997371524
-2.37525361531853
-2.366077463955645
-2.3643957591789384
-2.363087611274266
-2.3608526669731194
-2.3606148035849905
-2.3561471050589198
-2.355867255079527
-2.3544483838121386
-2.3500496418501755
-2.3472065259156834
-2.3470908374828734
-2.3432555266093256
-2.342604725766436
-2.341449533868354
-2.3360169631806014
-2.33520944455155
-2.334568503522599
-2.3267371163376067
-2.3252155716693883
-2.317644039130304
-2.3164227242791613
-2.314194333884945
-2.3125714925775473
-2.312410105619307
-2.3114180581926376
-2.3039981056557806
-2.302591769814683
-2.3014807633588426
-2.300940526655434
-2.300914648710334
-2.2995330607284523
-2.298235527958609
-2.2956516646109337
-2.2920346062436137
-2.277461027236617
-2.275810817938806
-2.274269872310713
-2.269386884039279
-2.2672743723099114
-2.2630100474213264
-2.26126449497586
-2.2572178106456455
-2.249751069263311
-2.248477527385492
-2.244099827593391
-2.240491316729329
-2.2388767412329376
-2.2359565608654823
-2.2358591379993378
-2.2342431228312427
-2.2320362449306153
-2.2312455034868592
-2.230989112814722
-2.2309117704068355
-2.229772366471093
-2.2291472801029926
-2.2257417587045727
-2.2253725875260186
-2.2137877122411487
-2.212880425713344
-2.212853886596078
-2.201901935160402
-2.200223278502689
-2.197995479440283
-2.1968408490650484
-2.1949874178410034
-2.194883106583679
-2.189515398652885
-2.186650946460452
-2.180171072443885
-2.179626563201203
-2.1760706898610813
-2.174426873772986
-2.173157246225907
-2.1691052675948526
-2.1688246204880635
-2.167319668116498
-2.1666129934447795
-2.1663964737915444
-2.1644180768107146
-2.1592485978364775
-2.1586405781600595
-2.1561730907709364
-2.154117377621049
-2.1529863859532163
-2.150283069457672
-2.1454037429300725
-2.1448446285064935
-2.1424834514876316
-2.1409376070446426
-2.138178076184385
-2.1379378863658687
-2.137396742055569
-2.1311065173565593
-2.1271217288282522
-2.125930035228339
-2.1256927264112613
-2.1246057053040297
-2.123570108435304
-2.122674513914305
-2.121733650086165
-2.1208919199871263
-2.1174286036656835
-2.117312806941954
-2.1151011037383287
-2.1140955092801614
-2.1099840995780155
-2.109754904410805
-2.105167370487015
-2.103733569943142
-2.0979630217540954
-2.0973841302724034
-2.097105858462025
-2.095859143335295
-2.095469138483356
-2.093267411182996
-2.0928117470665133
-2.0927016952238717
-2.0925215854008314
-2.092048908457302
-2.0886066446469376
-2.0849454501266265
-2.0834415129871418
-2.081050679700279
-2.076746956414656
-2.075782650977044
-2.0757184578739083
-2.07153386850949
-2.067981508552357
-2.0655610521720313
-2.0601509489739276
-2.058130543029596
-2.0576885069475344
-2.0554869624137546
-2.0510114444459933
-2.0474837174345564
-2.046235559066062
-2.0452871755636113
-2.042306839697933
-2.0417143935588147
-2.039742687057969
-2.038681311565486
-2.037515394631626
-2.0369153053044293
-2.0361838793205083
-2.0358089827340606
-2.033347053760093
-2.0328562801125685
-2.0200668647549636
-2.0165158264560046
-2.015330958179666
-2.014984703860344
-2.012365407918001
-2.0120242663981265
-2.010567562814128
-2.0097414647446876
-2.009403749721237
-2.0078759762364107
-2.0057216557634305
-2.001898875693172
-2.000901474364993
-2.000742215325029
-2.000518791184364
-1.9979140464307625
-1.9930465281362562
-1.9925319348322885
-1.9908278601408067
-1.989801106314426
-1.9894923110080192
-1.9880356426267403
-1.9871788435444886
-1.986862734531928
-1.9866707957028633
-1.986526178636941
-1.9850625233284425
-1.983722969890611
-1.9824405301345285
-1.9820006084585193
-1.9812388372375285
-1.9790247680098219
-1.9778146007717137
-1.9764873248091337
-1.9747691026474106
-1.9743401441542403
-1.971639189520035
-1.9657962550239914
-1.9647548297285036
-1.9644548695524455
-1.9582926849757993
-1.9535152703259644
-1.9477550131515464
-1.9467021244232399
-1.9463112766574215
-1.9460949778323748
-1.9457017469397813
-1.93961400428884
-1.936501415502564
-1.934940637414298
-1.9348902458961303
-1.9290065327110133
-1.9285295100271296
-1.9276489220778923
-1.9276195378081467
-1.9256036353096846
-1.925133530753906
-1.9247286854498362
-1.923747111766877
-1.9223798771940275
-1.9148480211395242
-1.9097123907894207
-1.9078431383896008
-1.9037497721464187
-1.903724998687533
-1.900971758809999
-1.8992575823724307
-1.898718474537323
-1.893828387857702
-1.8910103285366757
-1.8886377604986415
-1.886269598226777
-1.8861070469845733
-1.8854119066861177
-1.8851282571763668
-1.8776536470885237
-1.8746851938217108
-1.8722919057140328
-1.872136594850711
-1.8699500524898567
-1.8691026401829487
-1.865603238948652
-1.865136759144559
-1.8651261948691849
-1.861170551093473
-1.8583990249093714
-1.852285337079893
-1.8521394734209768
-1.8484269426218556
-1.8476058310582775
-1.8439470075931865
-1.8436573140744477
-1.8429549331645778
-1.8382141119808928
-1.8356127209732178
-1.8354849633876071
-1.8343053839579158
-1.8325604455561084
-1.8315925551977594
-1.8283533974713342
-1.8271698458793888
-1.8237644685464376
-1.8229341647954764
-1.8167114057170635
-1.8122957958259835
-1.8102969518548315
-1.809575055471768
-1.8090350174104306
-1.803297897167025
-1.8018018824083448
-1.8015637356842036
-1.8000283356017641
-1.7974436732578543
-1.7957017693745496
-1.7939032405601054
-1.7911949318965363
-1.790955884829986
-1.7859894858483416
-1.7805255833927138
-1.7777951215557728
-1.7730381372432622
-1.7674620341367357
-1.7653130246148652
-1.7651749901810871
-1.764810246514568
-1.7633845198715232
-1.7628196692848543
-1.7624081212024219
-1.7624071591440984
-1.758703141683216
-1.7542089192209356
-1.7541802241915625
-1.7539068480149054
-1.7520516935088548
-1.750688957742023
-1.7501292687846295
-1.7497774035216924
-1.7484650481358428
-1.7466172766321169
-1.745980425705372
-1.7437406076616788
-1.7426495537981954
-1.741586556400571
-1.7413627070404205
-1.7408279348730027
-1.740797556895303
-1.7407281802844885
-1.7374914642874617
-1.7367922308079815
-1.7350093618359155
-1.7346398418372238
-1.7336600779017226
-1.7329714253655395
-1.7319684082294602
-1.730092979688167
-1.7300640435210384
-1.7288505163537595
-1.7275666710467226
-1.7231088739465352
-1.7227338425624814
-1.7225548513633107
-1.7191856034331456
-1.7187001187223514
-1.7147239475073874
-1.711329137556924
-1.7070718351738166
-1.7070255932971736
-1.707018967470183
-1.704885776895497
-1.7017599699245576
-1.7012212378937233
-1.697336747750683
-1.690783706880898
-1.6856896931570158
-1.6796205046954225
-1.6792943835912002
-1.6785718515036228
-1.6783430111793696
-1.6768468396214913
-1.6764411209262278
-1.673689822326311
-1.6732975185231682
-1.6708921847626979
-1.6707343348442945
-1.6688080175805327
-1.6681908217240828
-1.662193137363718
-1.6551189674485793
-1.655072827754247
-1.654708947071256
-1.6542030133099703
-1.6532479085428498
-1.651839066924056
-1.6502507368169672
-1.6459828326154216
-1.6453086138071065
-1.6425135160143092
-1.6379124605492275
-1.6312884403644303
-1.6289871841669676
-1.6272727410722052
-1.6259115019318098
-1.6240894291834322
-1.6184336534959174
-1.6180264770117874
-1.6102019758646962
-1.6081449302348076
-1.605932504805977
-1.6057580461213083
-1.6002855461708383
-1.6001967034345865
-1.5970175430806102
-1.5968768495416554
-1.5953248752176243
-1.5952074251497816
-1.5943236529518492
-1.594236282104656
-1.5941131978186838
-1.5913266173846863
-1.590657863804406
-1.5905657318881832
-1.5905208236343438
-1.5868668373879082
-1.5852646498053478
-1.5843930283604641
-1.5835740718637683
-1.581315579834162
-1.5806521374271898
-1.57759741101873
-1.5766368663157637
-1.5753366168729181
-1.573602163677465
-1.5723737870275258
-1.569878172298675
-1.569595547971942
-1.5671990358863856
-1.566129507418753
-1.5654320963171924
-1.5643049894745635
-1.5604861288106933
-1.5582451372944677
-1.5550097685954045
-1.5516012777494284
-1.5507937657304627
-1.5501056802580173
-1.550046638299051
-1.5495870111297516
-1.5483763645357493
-1.54641622909568
-1.5434577393769775
-1.5423182308135868
-1.5413154680110117
-1.5388296734171945
-1.5361408212843564
-1.5346743441503958
-1.533554737070629
-1.5270241302838095
-1.5239235333755645
-1.5227939046477932
-1.5176362859679857
-1.516064111377156
-1.5153242561233136
-1.5120252428466752
-1.5110441370192793
-1.510330843960969
-1.5079307774532642
-1.5042507748815084
-1.5040193358273823
-1.498902882091684
-1.492954849478794
-1.4928781290639062
-1.4922019903390866
-1.492103264617656
-1.4920812642968158
-1.491226257630114
-1.48776017692696
-1.4876246324706297
-1.487353720446737
-1.4872245729355644
-1.4860424356654631
-1.4852036542430263
-1.482401752568837
-1.4816103117451704
-1.4801819464637607
-1.4761801238736871
-1.4755079053242797
-1.4744733033340172
-1.4700191624420595
-1.4680711713801338
-1.467947599905565
-1.4663047774325033
-1.4630924041349536
-1.462327821238445
-1.4540864300547913
-1.4513088475383507
-1.4499245828722014
-1.4495089218462915
-1.4472374890601951
-1.4462674215530564
-1.4432187561487198
-1.4404131457228015
-1.4400170920436435
-1.4392418515169036
-1.4372319769280164
-1.4333677477311781
-1.4307939294083227
-1.4305023629516493
-1.4273143158103232
-1.4239290112273648
-1.4229882640807219
-1.4227081011507614
-1.4219598432021563
-1.4204943933417051
-1.420288127649259
-1.4200437874274514
-1.4196294008494017
-1.4140261469818307
-1.4113341307870604
-1.4097862075645509
-1.4095024191148195
-1.4093543312916328
-1.4091776243439704
-1.4000964680560806
-1.3974968084451003
-1.3963473894060994
-1.3955067731007547
-1.392233545219164
-1.3918222771152742
-1.391592679943477
-1.390216189913327
-1.3888238430778723
-1.3887687987709731
-1.3877469871336814
-1.3846120559654305
-1.3823531259882136
-1.3808165386775948
-1.380242692315611
-1.3775176580577082
-1.376263546977297
-1.372309330054215
-1.3693258092479625
-1.3686548317804719
-1.368634516112464
-1.3665549430569173
-1.3641269550925523
-1.3627434970190668
-1.3627328936914462
-1.359043519722992
-1.358736187021439
-1.3549237760962314
-1.3531772101835169
-1.353170201053394
-1.3519160523457547
-1.3492511628661483
-1.3491519137920491
-1.3476222632748889
-1.3383184750896975
-1.334575293370866
-1.334332048431239
-1.3334373868976104
-1.3313302973691827
-1.329884567976154
-1.3286191907911118
-1.3278363416969488
-1.3264856454797118
-1.326382124639604
-1.3259722439374693
-1.3255609100526016
-1.3229398036658395
-1.3225618422321692
-1.3218737052086946
-1.3179384742532825
-1.3175029067814963
-1.3165571398929978
-1.3163976493622074
-1.315289679312305
-1.3152727191267806
-1.311480426261746
-1.310037717875208
-1.3090865239013103
-1.3085304504030826
-1.3070404905790416
-1.3034587586725355
-1.3014119483955713
-1.2998002159002198
-1.2983141117658326
-1.297816789948955
-1.2956662510466297
-1.2899396852715526
-1.2848198837787614
-1.282104306295186
-1.27726483682912
-1.275019069672811
-1.2747660621821346
-1.273068700909389
-1.271994571694623
-1.26811044993264
-1.2677218711216263
-1.2666959287352506
-1.2601982110612737
-1.257715720385061
-1.2570119186506212
-1.2566731642765978
-1.2566279347990186
-1.2528328213546955
-1.2523651639933115
-1.2521236473283273
-1.2508731196038891
-1.2498846374899757
-1.2490193043682958
-1.2440754250835142
-1.2438792506964798
-1.2428254100484555
-1.2420463257359808
-1.2379954368621862
-1.2375642616256415
-1.2352241692734183
-1.2314161460134496
-1.228164198000189
-1.2278809574562177
-1.2206379706929658
-1.218621140350848
-1.2154126648293153
-1.2146354830805626
-1.2139911463699644
-1.2128509839728547
-1.2117540313911088
-1.2111092724405865
-1.2110313264281634
-1.2108745340661997
-1.210141139177305
-1.2096079382823623
-1.207044695091793
-1.2001021397203073
-1.19999984870356
-1.1979682280325132
-1.196024852913026
-1.191660341406991
-1.1915364033899305
-1.1913958232565225
-1.1886007360489668
-1.187671324158834
-1.1849703568788776
-1.1844408181766766
-1.1834283350958081
-1.1811115502363903
-1.1808102698793752
-1.1796807206721966
-1.1794093229920368
-1.1787683779474516
-1.1780508423655178
-1.1738771395689838
-1.1727377918245372
-1.1719325909330154
-1.17190921295718
-1.1718976476023095
-1.1718167250586173
-1.169324078048218
-1.1681683079733511
-1.167880424320828
-1.161511864829474
-1.161449051775234
-1.1583218767683565
-1.1576899896366477
-1.1561841497982546
-1.1555055946141786
-1.1548810254483342
-1.1529182450449411
-1.1522011097828968
-1.148748592446298
-1.1422719304613158
-1.1406146971879105
-1.1391408517085162
-1.1377084030519733
-1.1349678128659162
-1.1344901022058718
-1.1330657801007136
-1.1327325391367502
-1.1294130963060975
-1.1284970525917881
-1.1166751142652456
-1.1150635379895049
-1.112902412226668
-1.1125092346069412
-1.111636833692614
-1.1113041229508975
-1.109873062297324
-1.1094941937611567
-1.109020508418171
-1.1006031812346717
-1.100070603437815
-1.099143676140893
-1.094995867979761
-1.0901807933180414
-1.0897042808549338
-1.088850517190291
-1.0879232879527294
-1.084208921011359
-1.0839615513812357
-1.0833041015883051
-1.0831592091434317
-1.0821167183353557
-1.0763175721423661
-1.0762273611863828
-1.0726057452589723
-1.0714296154802478
-1.070940514139369
-1.0668967633523851
-1.0649633853332898
-1.0642146532130645
-1.0619387285656572
-1.0611457815817378
-1.0596366872104959
-1.0593724764310442
-1.058542970709632
-1.0581650600787995
-1.0545287740702003
-1.054436030988561
-1.0536619816239505
-1.0453355516478047
-1.0440330933475288
-1.0434903608057757
-1.0429984713785796
-1.039003244636802
-1.0384853514468166
-1.0383772952194579
-1.037565275648162
-1.0372142798981707
-1.0353623556611131
-1.0350196013847612
-1.0343610795282931
-1.0338635804808187
-1.0322118802580253
-1.0304138088592691
-1.0302309514656058
-1.0293330172564776
-1.0279915771263561
-1.0273548001376176
-1.0267271003931755
-1.0217357296684317
-1.0206800981881388
-1.013856965486684
-1.013536137746016
-1.013305537832787
-1.008334164053569
-1.005554560833668
-1.0047224990123313
-1.0045284271895705
-1.0041960181331149
-1.0016551461460796
-1.0007437916748148
-1.0001035872810613
-0.9965717625917179
-0.992728641708176
-0.9913334166080292
-0.9892528152424793
-0.9890746914776338
-0.9881070681976324
-0.9872098245239483
-0.9836489494511088
-0.9836269135716522
-0.9834765656079452
-0.9828091394258351
-0.9822568808636789
-0.9813623361003438
-0.9802494578922196
-0.9794946641621254
-0.9768944950891247
-0.9761984839899895
-0.9728109425712619
-0.9727481222175736
-0.9705820062206164
-0.9688019197490096
-0.9669288373106434
-0.9663939784432044
-0.962284274552059
-0.9615904621384535
-0.9608710510243098
-0.9608517714254722
-0.9602143139883876
-0.9602086951438414
-0.9596478762786612
-0.9569481454138019
-0.9567862626751851
-0.9548225862592308
-0.9543315780544313
-0.9540960733440342
-0.9495809498466721
-0.9479475700923647
-0.9456772066785736
-0.9400759573320754
-0.9389735616885854
-0.9378395427353197
-0.9336294126291532
-0.931745828373807
-0.9312484966871514
-0.927130195521668
-0.9243703752556598
-0.9233759594946755
-0.9216404244430804
-0.9210177694920447
-0.920505559723972
-0.9200678032048066
-0.9193078407123014
-0.9179240282502668
-0.9172426218025808
-0.9132814730042842
-0.9110715557858216
-0.9108324025680686
-0.9087515338101088
-0.908515809763439
-0.9081640075543143
-0.9069219560401008
-0.9063715984873237
-0.9044677554406465
-0.9039204297834833
-0.903676018518764
-0.9030511166251948
-0.9020983070390101
-0.9020681795143191
-0.8991428558150611
-0.8990051234097238
-0.897701248994651
-0.8967739839444276
-0.8966356837059517
-0.8960249253597261
-0.8956781947582267
-0.8940032785998456
-0.8912771143757098
-0.8893043188097742
-0.8873929510872984
-0.8863883331116688
-0.886233327833746
-0.8818707624047929
-0.8813869244208468
-0.8791113532134103
-0.8785055729681325
-0.8761571013567107
-0.8755679260322884
-0.8748010341413989
-0.873590246070586
-0.872807922553794
-0.8714264669749485
-0.8679573808729533
-0.8678719966445556
-0.8665503075821362
-0.862882234150701
-0.8616705545320795
-0.8614418786970267
-0.8613632461602524
-0.861035556276201
-0.8609705345509897
-0.860574998790716
-0.8599544367363474
-0.8571271596758201
-0.8510502468031635
-0.8488552828156495
-0.8478147981726398
-0.8474463739145368
-0.8473287386231187
-0.8461094698795822
-0.8438943757572611
-0.8438764579700142
-0.8431585699319369
-0.8408974856689246
-0.8407364673615987
-0.8393659587403735
-0.8365370115976359
-0.8361139432957868
-0.8360816549554533
-0.8330101560958509
-0.8290615575869997
-0.8290106286465548
-0.828334505050861
-0.8274043192888384
-0.8268038825207836
-0.8259800264818418
-0.8234474397296756
-0.8224383662453955
-0.8222498288955093
-0.8215070162586751
-0.8212182101061581
-0.8208760964775171
-0.8187378269432404
-0.8182658206581589
-0.8174558415395694
-0.8164135993718562
-0.8161668882094192
-0.8158866322781475
-0.8144711944489755
-0.8141097755976412
-0.8108461104377717
-0.8079263665918963
-0.8059286703876116
-0.803391775618375
-0.8018907842001917
-0.8000339881048072
-0.7998518326228018
-0.7978727060057067
-0.7966808935756537
-0.794472672107034
-0.7942740296416322
-0.7940070587289288
-0.7920647474321556
-0.7908870518864594
-0.7908024469198567
-0.7903002693319711
-0.7876482028894818
-0.7868600083738428
-0.7857739275448452
-0.7855237329560989
-0.7855118737912197
-0.7802582734957195
-0.7801786753655158
-0.778604460301734
-0.7773461073485162
-0.7762517765062644
-0.772842469008973
-0.7725473184001206
-0.7720045624165797
-0.771626402891501
-0.7713791203965019
-0.7711602398897874
-0.7708489222809574
-0.7684252704401167
-0.766927219345143
-0.7666122099736319
-0.7658353493276462
-0.7643922022860105
-0.763798364329544
-0.7629170029945155
-0.76267446959494
-0.7610098485116128
-0.7600125052404667
-0.758300079954261
-0.757894674170537
-0.757361681993267
-0.7566485340738065
-0.7545586347276506
-0.7543875582565068
-0.7542696399848595
-0.751770053121039
-0.7504783419911177
-0.7480284209873225
-0.7471938807811627
-0.7470800960478933
-0.7458408008207843
-0.7444901628135291
-0.7428192370648291
-0.7406049621750959
-0.7398632860007461
-0.7383561533080206
-0.7366520564074999
-0.7331227032599086
-0.7324629499265254
-0.7322399027471826
-0.7318176520780235
-0.7307174320521675
-0.7299853849251128
-0.7191297738204026
-0.7160654902076208
-0.7141466411711103
-0.7110433950546277
-0.7109982777438288
-0.7055167024508675
-0.7048280941108078
-0.7038176867346969
-0.702462250160761
-0.70194289196081
-0.7013881681992473
-0.6992704270793753
-0.6974864427517348
-0.69606734234742
-0.6956805750575725
-0.6944178605976435
-0.693776605309719
-0.691649803101148
-0.6913220547624018
-0.6893202144369439
-0.6830869106891945
-0.6820852017284249
-0.6818110915029054
-0.6815958281103913
-0.681080774329349
-0.6810567695003538
-0.677089788878077
-0.6742849441597163
-0.6735715935894463
-0.6696032068582709
-0.6690364775775764
-0.6689272636173038
-0.6672863903324165
-0.6631869349923437
-0.6616065618382103
-0.6608064524018045
-0.6606408679599637
-0.6596351275018073
-0.6585727269265865
-0.6584495241796774
-0.657185454556468
-0.6549918593752483
-0.6544584219594658
-0.6525805271501475
-0.651257604308322
-0.6485733024225611
-0.6473189839703452
-0.6471116404324159
-0.6468820033905076
-0.643706404881025
-0.6431482214787801
-0.6426558921140287
-0.642550335925401
-0.6408592581473727
-0.6392673999036987
-0.6388956710761317
-0.6382403309105674
-0.6317801769069671
-0.6294766057472175
-0.6287273669286728
-0.6260853275065525
-0.624846376119733
-0.6231852225346546
-0.6177803817335445
-0.61769429150477
-0.6147200987560433
-0.6086361294333978
-0.6064078376853299
-0.605389156748861
-0.6051589715558294
-0.6048644326574274
-0.5988209939612099
-0.5986636762440065
-0.5961380724052766
-0.5949714262196262
-0.5932338099179562
-0.5901600139535955
-0.5889201949755257
-0.5888185384923994
-0.5862143482414203
-0.5844789090745757
-0.5839129191496669
-0.5828331541433844
-0.5784727015276054
-0.5764925939754079
-0.5759348414205946
-0.5753801186769798
-0.5750632613179529
-0.5735122586043764
-0.5719719464678101
-0.5706166344851942
-0.5684593623429307
-0.5661203039914905
-0.5650168442924999
-0.5640797274631026
-0.5628634332623645
-0.5588689688473466
-0.5583277783888536
-0.556520082982727
-0.5538953115164221
-0.5487023274699445
-0.5452517914898523
-0.5426861308743073
-0.5426251118301126
-0.5409670660048755
-0.5404826916225642
-0.5393079532970982
-0.5377173713198471
-0.5334372256815936
-0.5318065017288904
-0.5268517389679118
-0.523155660713494
-0.5210929988393637
-0.5192891851362222
-0.5192398706547499
-0.5168746011958835
-0.5165798789837928
-0.5126887609815488
-0.511144420107003
-0.5092797385983869
-0.5084495093290754
-0.5074686232401358
-0.5072852906951975
-0.5070405622716424
-0.5067825903982047
-0.5061157443083463
-0.5057975354504612
-0.5029238967619558
-0.5027476569038773
-0.49969381827518644
-0.4990350083370476
-0.4985915520515536
-0.4958393248888683
-0.4941738988983771
-0.4941230196727069
-0.49359366742314126
-0.49314272477053356
-0.49220515694338407
-0.49192887808545077
-0.49140995298430634
-0.4894501357171491
-0.487799981127957
-0.48614498493794966
-0.48527749231951867
-0.4756223517244106
-0.4752803680411708
-0.4746753262858574
-0.4723364736221496
-0.47169479265581177
-0.47032322521139275
-0.46821766369430634
-0.4679554341059721
-0.4672516151412257
-0.46505095915084765
-0.4650373463187912
-0.4636128187046802
-0.46156746564037787
-0.4609629472312581
-0.4598074123865874
-0.45944589446423933
-0.45928392707835264
-0.45690883060484133
-0.45570684205243306
-0.45551891730632066
-0.4554821859515469
-0.4552535466534892
-0.4543913463482991
-0.45410166361026283
-0.44977127957403656
-0.44867935776598283
-0.44563883767470036
-0.4449804360066402
-0.444629947909161
-0.44043568827024265
-0.43944923325091856
-0.43547462765859724
-0.43513289464375376
-0.43221110031360793
-0.42633035557549614
-0.4235864812207946
-0.4223050472556603
-0.42156717861917997
-0.4189086576303672
-0.41739272281391626
-0.4173580834969916
-0.41438531405351453
-0.41234397054886945
-0.4118259841402824
-0.4050972900756994
-0.4047782971993528
-0.4044124078263509
-0.4037833769424697
-0.40278692664686966
-0.40016686865953477
-0.39753649954251324
-0.397106652977606
-0.39642998832206433
-0.3960370778526567
-0.39334628663257687
-0.3915159665885408
-0.3907231659066498
-0.38697436191621226
-0.38680833683470695
-0.38632377535581486
-0.3853070608501252
-0.3851768791041851
-0.3823910881520233
-0.38177326328799144
-0.3791537528827461
-0.37881177587829207
-0.37664705260286796
-0.3742698676509666
-0.3731016192113603
-0.3730408217302711
-0.37229364225456774
-0.3691471806511456
-0.36845685220743385
-0.3650184319198061
-0.36297242378766914
-0.36244810955254925
-0.36082853245472596
-0.3579520727635901
-0.3570649695100288
-0.3520989057415086
-0.3501102248766811
-0.3496386493088174
-0.3493713787456926
-0.34930162551790633
-0.3492352038549338
-0.34219128753231076
-0.3413611944441546
-0.34093396238535695
-0.33818517758109357
-0.3359168708669873
-0.3355184600237545
-0.33547984345489146
-0.3354246523164298
-0.33497389569591873
-0.33166388406749536
-0.3296478667294357
-0.32859536879757956
-0.3277058276571542
-0.3272610182693988
-0.3270205136730122
-0.32673535298707573
-0.32664876303420665
-0.32639250343803083
-0.32540771993191553
-0.325114459836631
-0.32055949913546244
-0.3195613617979206
-0.3193558715653234
-0.3146740847747257
-0.31415314085163626
-0.31367296930426436
-0.3128159193116774
-0.3079358792848764
-0.3070400432494362
-0.30690372090656715
-0.30338633405870263
-0.3033224162331236
-0.30091729023305114
-0.2969975452666883
-0.29333836457466533
-0.29157038020234555
-0.29076426536747635
-0.2891387974942717
-0.28727997995738286
-0.28634367382423825
-0.28334590589404723
-0.28254689786816334
-0.28040787532730793
-0.2796756798270512
-0.27871822741248065
-0.27511138477167385
-0.2718169235264576
-0.27044875435314253
-0.2700701318470915
-0.26757175641129627
-0.26359067504995104
-0.2610475965361025
-0.25729989620465693
-0.25726092912457527
-0.2560786095639967
-0.2526293106148162
-0.25028326937902146
-0.24804505029086654
-0.2472824639073783
-0.24648903044944748
-0.24517887582512088
-0.24488245770236106
-0.24407037451927271
-0.24144105229184754
-0.2413165089570024
-0.23971110418179642
-0.23900265599141812
-0.23682580038279172
-0.23409325721576552
-0.2303521897523758
-0.23002828783265206
-0.23001755578501948
-0.2269376782335083
-0.22622644105862133
-0.2252525099961783
-0.22458723452319124
-0.22221156344977977
-0.2207563246196076
-0.2182424293351381
-0.21729034835285926
-0.21500363465594616
-0.20819299109652134
-0.20373862532701992
-0.2009255259273992
-0.1990579540400541
-0.1978915056236138
-0.1949210179916946
-0.19468279557133084
-0.19347876934958624
-0.1918314618312863
-0.19124807783880915
-0.19111448971568276
-0.1903886692373602
-0.18883188572042497
-0.1875225701306949
-0.18544088667984493
-0.18498182805110103
-0.18311935197316287
-0.18087905440241958
-0.17987192651171546
-0.17916365835292225
-0.1789746450364147
-0.17838373240284633
-0.17770991671904823
-0.17762191429163343
-0.17750091400447876
-0.17572259225249975
-0.1738567604218466
-0.17305933186314382
-0.17305816447382028
-0.1724524793436376
-0.17124817489976785
-0.167126628200145
-0.16712234263316594
-0.16650782951572762
-0.16243418115029817
-0.16231081525675717
-0.16009602596650568
-0.1573809542836337
-0.15694575832982754
-0.15564580387690946
-0.15466561867509415
-0.15239778487866784
-0.14998781522138682
-0.14875012682188793
-0.1486104544170741
-0.14768118587509935
-0.14239591941776386
-0.14139427903816348
-0.13852982583027862
-0.12913800914726503
-0.12518084533249313
-0.12439146080981234
-0.12349410641687106
-0.12266107043492969
-0.12068849970547635
-0.11926542959805397
-0.1146822494074985
-0.11462901207153497
-0.11402942121820525
-0.11121168813000892
-0.11027268257738598
-0.10596036851177071
-0.10488680187168092
-0.1048545204083734
-0.10386682488399163
-0.10357737822628366
-0.10028037385375776
-0.09882253749878767
-0.09816230172654916
-0.09784024592920397
-0.09744544474770755
-0.09692883807507668
-0.09553857731743254
-0.09525980654933086
-0.09471368622608212
-0.09422960449036377
-0.09216960834355165
-0.09007931993072293
-0.0879986375300772
-0.08512812429082317
-0.08339825818508403
-0.08257452667579766
-0.08174874447483649
-0.08112484182338686
-0.08048475374274544
-0.07922552657573567
-0.07897652563052654
-0.07883809123956986
-0.0773809676132643
-0.07321361049681596
-0.0722932391787201
-0.07041506925098634
-0.0699515719435124
-0.06984460873265341
-0.06924520743811846
-0.06771645790946501
-0.06725343087723401
-0.06677233099140722
-0.06643851584289573
-0.06617391012226304
-0.06584645702011335
-0.06425831876001364
-0.062136580651236395
-0.0605786463668494
-0.05862745458995844
-0.05728457964277352
-0.056132342471149815
-0.053270713566196504
-0.05232905637779023
-0.05171336225342327
-0.05103956790860287
-0.05074821530678275
-0.050121677535390596
-0.048756006511521566
-0.04830091769207595
-0.0476555437398663
-0.044942688127853736
-0.041456676391255165
-0.04002693747656083
-0.03580187439553495
-0.0343265879649477
-0.03381817102716089
-0.03325140606237864
-0.03288959935867225
-0.032540380213324616
-0.031758140138864605
-0.03163725289847108
-0.031485583177164954
-0.030460835401026676
-0.030375046478884005
-0.02953818222101101
-0.02903544875599573
-0.028568019714845128
-0.026350139659330085
-0.024544688853813335
-0.024022742548244547
-0.023581640383741553
-0.023035374286200616
-0.022464634804027606
-0.020171258313090967
-0.01950267360804725
-0.01725595145371525
-0.014213078627351439
-0.008316703396706038
-0.008315468811273707
-0.007478613951816926
-0.007224978088801848
-0.00257628414666633
-0.0010989904313234433
7.555289943683707e-05
0.0003332543304748192
0.0006908987279283796
0.0007745970895763482
0.0011135753095037337
0.0011355438051660616
0.0018201491687935833
0.0019362209627398763
0.00358509444938937
0.00504878638085865
0.005811072770686265
0.010617400671092958
0.012256483923756112
0.01846930030198385
0.019518616515244336
0.02040992960623189
0.0205579968452389
0.02280024814358328
0.02422737158351229
0.024275900889918378
0.026246716878079335
0.02749551510509607
0.029154957139667183
0.03253522795174779
0.0340667679285932
0.03676600263467256
0.03728111202800444
0.03728352618877387
0.03927824977405536
0.041057501156390674
0.04114319169290703
0.04207514785763633
0.04338858131790335
0.04430249965049393
0.048871465154267435
0.05390388475880803
0.05440158334991829
0.05469604539700745
0.054777523128006655
0.056783517427177466
0.05851685844517651
0.058637988384272643
0.06009823340619047
0.06103100414865781
0.06137012781530071
0.06167552185299008
0.062156658319464375
0.06457124285239052
0.0669068961689065
0.06854604737172587
0.07217979598835256
0.07294458547987492
0.0735018664740692
0.07485453393216679
0.0756686598962943
0.07757724030546276
0.07991054801816977
0.08093503406725866
0.08361208908078654
0.08580745832336023
0.0858311136990709
0.08830413982348728
0.08914300630079264
0.0900302198865296
0.09098686114262497
0.0917080229734615
0.09256414846093353
0.09324610450207693
0.0938954457971658
0.09464170979216877
0.09571818682683175
0.09763864839192904
0.09890456626591893
0.10246738684676393
0.10309939133479451
0.10320753925887788
0.10534912108352812
0.11000964879249701
0.11010218947512229
0.11077902817259855
0.1140313919648912
0.11557998920307422
0.11568737036398513
0.11569719739850515
0.11896902140499677
0.12041211087821524
0.12126618971532635
0.12135153823424139
0.12295013221596707
0.12325948122639463
0.12402566331214471
0.12449259112069017
0.1249020059603107
0.12870645035610076
0.12965474102810592
0.13246190212009545
0.13366917194834793
0.13425598506773773
0.13448243350574407
0.13696808113619796
0.1387737502299201
0.1391354894882498
0.13953353978937222
0.14269637193154516
0.14327609328129975
0.14416886661610417
0.14496510738288904
0.14692607480863085
0.14769989648486817
0.1486611268931135
0.14872088304024644
0.14964568084751917
0.1519332557738251
0.15274930344510507
0.15786402662900004
0.1584513339745589
0.16105246292963404
0.16600205651186817
0.1670791527427964
0.16773041008886125
0.16800895495084195
0.16806381360365868
0.16921297161074633
0.16976506776173395
0.1700050852504242
0.17021021927875735
0.17104053809100317
0.17127965490674396
0.17294802276838073
0.17313751487108797
0.173168285935563
0.1734272405913062
0.17761242469904615
0.18067070537763752
0.18157039795612906
0.18204118839543634
0.1843351399792626
0.184366874105013
0.1858696339343754
0.1866856469527382
0.18726166154326823
0.18899048596271312
0.18911547690585184
0.18917115158539777
0.19150050492548715
0.19277077104634288
0.1934401388040915
0.19454064446266162
0.19609817681152142
0.1973109470158816
0.19744972321467302
0.19746406429520058
0.198826246519602
0.20122937282889597
0.20218149905148744
0.2024862042697343
0.20288315064799783
0.2035446955397466
0.2036329930830617
0.20400220543044145
0.2069197140037074
0.20709953508792234
0.21011842776747203
0.21056251955381952
0.2109250032061151
0.21133227131252136
0.21160178957725267
0.21261893074211735
0.21321406995051384
0.2153783393006501
0.2189165375910745
0.21913267575861275
0.22085402845176771
0.2218255816016339
0.22296342574870096
0.2257109330491327
0.23027472630863943
0.23238913296173652
0.234521743554425
0.2349234373559841
0.23757516338179352
0.23948450570949853
0.2398636103488565
0.24005189932211735
0.24077628238463789
0.24184645799319388
0.24308278401632566
0.2461368006705692
0.2482433241349794
0.2497152132653197
0.2499123133588903
0.250405637583196
0.25134392877787737
0.25187008836864677
0.2532550204625097
0.2576198359274201
0.25768165719822134
0.25773128918161115
0.2583705765810521
0.26038182414690747
0.263174443776125
0.2654936161399015
0.26687457081187693
0.26821070959921733
0.271117870930387
0.2712746412791315
0.27354541244158487
0.2748954902720978
0.27724536812467326
0.28004822465905865
0.28234134757230744
0.28296758518375675
0.2858231379319285
0.2859731137450646
0.29313385649688517
0.293674658656374
0.29435935017107784
0.29499330619017494
0.29535151256456316
0.29613224647349057
0.2967517121029291
0.29691809882258335
0.2977858235932165
0.2984952255014686
0.3017123588008367
0.30317217831373255
0.30451226714551294
0.3072264511513716
0.30923049333813657
0.31052339212084634
0.31160916278435746
0.3116771765230123
0.3132464763744083
0.3134107391295047
0.31525003849365596
0.3164334503238928
0.3180668540951956
0.3188844711748632
0.32340436323671706
0.33009465595795845
0.3308678880787077
0.3316075676456632
0.3319170685542171
0.33317474799989083
0.3344710627015858
0.33475123811877006
0.3358647680928166
0.33668518223058075
0.33691185543407
0.3388422051988652
0.3389236522204288
0.33896047664595924
0.3396078567700104
0.34285555529015727
0.3432045252166046
0.34394428540738103
0.3448058509983738
0.34645793983841866
0.3471388845450788
0.35068015817806913
0.35121172643010334
0.35325158043357074
0.3535043961343157
0.3537946474284688
0.35414872114223817
0.35533233629352545
0.3557082723835394
0.357465066798115
0.36052594144458305
0.36388501284765434
0.36480082993698687
0.3652266308081126
0.3679717552927818
0.3681178055592864
0.37022348137784
0.370324510785771
0.37106130896852046
0.3710762143152124
0.37126539134849523
0.37611088683703664
0.378113657879135
0.3823882643333401
0.384012264693396
0.38427364110479856
0.38491705373364266
0.3858764338820457
0.3859692494222632
0.38723503183391944
0.3878958433476515
0.3885403628730167
0.39186184670501123
0.3943653098301009
0.395101905718108
0.395693364680053
0.3971053920821373
0.39830354964965
0.39981100495216515
0.40116272516885193
0.40269337785515374
0.40364202978996466
0.40616327794017304
0.4069025641487085
0.4069793700722038
0.4077172159073231
0.4083238863458887
0.4104307626515599
0.41124654611579303
0.4128837886225173
0.4146584727074699
0.4148288947350943
0.4152288449147703
0.4152289654697833
0.4174792637471729
0.41874666355968937
0.4190225261042422
0.41928497753445915
0.41971395774877124
0.4201485938260269
0.4208848985178978
0.42205519123647983
0.4236557102005855
0.42376819537590366
0.42411358006886546
0.4260852589380764
0.4263743334276405
0.4264036123204741
0.42782243665253106
0.42800620112578774
0.42819058784977454
0.42930839323850056
0.4336536718250715
0.4350847195369143
0.4358679711387271
0.4366652341122897
0.43688767099793513
0.43701134206748493
0.4374340909268017
0.4405029259483924
0.44141785471174416
0.44296412524536877
0.44411271147914977
0.4453029109434956
0.447670454020221
0.4478974836556704
0.44792797720707617
0.44820922326191015
0.44987228744318497
0.4528598007763045
0.45348962624587585
0.4540811755594091
0.4555116852153427
0.46416257705495223
0.4648332892095207
0.46724349916849356
0.4680433108329378
0.472810485063782
0.47408394232255113
0.47416104666681813
0.4766734603426869
0.47908209055372886
0.4837891048508869
0.4841328189649935
0.4878084742830564
0.48786587852062013
0.49218360524477056
0.49342908163411614
0.4935948962318224
0.49555153884010655
0.4962755843548025
0.5009000720019685
0.5010604045425802
0.5054240858810758
0.506036216216816
0.5086014293963843
0.5089067408056016
0.511802454823461
0.5121219933560759
0.5131027470130192
0.5136463324082441
0.5160855769714604
0.516152946607606
0.516856163830366
0.5174336510074494
0.5190319229711658
0.5192755730045113
0.5227718043500634
0.5245165854236694
0.5258666237020851
0.5262592280814389
0.5279974756524382
0.5292731807771983
0.5296092000128424
0.5312091007314108
0.5318152927123849
0.532565392891248
0.5328258767758121
0.5336472237750105
0.5342796575820696
0.5346324397306192
0.5350863697811534
0.5387993239517854
0.5403136336189418
0.5406935507717094
0.5410749073295085
0.543774320624848
0.544530201613151
0.54468535794134
0.5484870302034695
0.5516491040594039
0.5532832796248087
0.5557300282525461
0.5567795530820018
0.5573103070162624
0.5583824068496183
0.5588104289982834
0.5595294719336987
0.5595963897424366
0.5599096349015262
0.5614943347151928
0.5621646409614964
0.5685260570604251
0.5697282032688542
0.574091561534618
0.575417317807615
0.577601532092451
0.578539700377856
0.5792606545236497
0.5818138021285144
0.5870102588703581
0.5887713019219594
0.5903140160303062
0.5909170178202884
0.5911309169422141
0.591152848383057
0.5912186211231475
0.593369901475657
0.595081746144515
0.5951920703954499
0.5959323391181623
0.5962464775415468
0.607253196165512
0.6093424443495473
0.6093773347428877
0.6094502104112677
0.6096991819829721
0.6104339103853031
0.6143690371952988
0.61468450959336
0.6149385055217258
0.6163763751492083
0.6177279453424169
0.6182724172660573
0.618389304676424
0.6223765056642641
0.623191633113825
0.6234254490643151
0.6254992235387056
0.626607358612481
0.627023690772534
0.6282554556752267
0.6283441256303985
0.6294838606341094
0.6299397891714541
0.6320645366613191
0.6331892161999946
0.6331924595794487
0.6371422159626843
0.6400336256486702
0.6404096780378306
0.6422438676187866
0.6460505342099607
0.6465327947552443
0.6500042404755393
0.6506698574917693
0.6520634616270621
0.6558395740640228
0.6562703147593234
0.6564229273898534
0.6589698427634809
0.6632331440156846
0.6638806140242639
0.6647570184676704
0.6685469030820244
0.6686221431315226
0.6689416084566139
0.6692300280272896
0.6707338126178168
0.6707350998356398
0.6718198699862551
0.6719096436600789
0.6769874606456596
0.6777175769290593
0.6786436536609666
0.679329483341998
0.6815904425075003
0.6828818052828798
0.6837588221059412
0.687598503389256
0.6877173011295692
0.6907714551206442
0.6942721458463404
0.6943077476614453
0.694405639931571
0.6972940745297737
0.6986980841476866
0.6996624168881791
0.7003092698602359
0.7014013786125401
0.7073034138190801
0.7122182655958345
0.7133989897866234
0.7153428543423365
0.7166588378015397
0.717903202108898
0.71865265035849
0.7204165071700891
0.7222756370050207
0.7235744889234509
0.7277804324728337
0.7281435845674922
0.7290143735930839
0.7302070318032404
0.730443413514203
0.7328060122270832
0.7331814251469313
0.7368346202402274
0.737355900358474
0.7377588841181422
0.7378562670063196
0.7384021839643026
0.7438923333620576
0.7451916710449304
0.7457009470899499
0.7515789096407497
0.7523240555018362
0.7547268867755097
0.7569450585482076
0.7591205399166787
0.759890787616558
0.7604042380579032
0.7612275205649152
0.7638216228393091
0.7652374499559977
0.7660397058221625
0.7661692398449864
0.7670499560477866
0.7671970605092996
0.7680633230041357
0.7701591599043653
0.7705237334906048
0.7748660303595702
0.7760611652366206
0.7762305597006087
0.7791064815430124
0.7792216312061659
0.7843981556208206
0.7862749487443979
0.78829372018508
0.7893297263125927
0.7893662647115018
0.7901436533186876
0.7909964304967421
0.7922637421444283
0.7928255527353929
0.7947766237572662
0.795445002403733
0.7990955779384941
0.8002260579898748
0.8002459751052586
0.801769223828108
0.8026327962138486
0.8041409906386449
0.8056434471934226
0.8077841933631458
0.8088791668288338
0.8096293833244639
0.8206440296456543
0.8221677825301087
0.8228835861465855
0.8266231371147897
0.8275092118452778
0.8286353979800872
0.8297160785106545
0.8316319013391351
0.8317428342957425
0.836703028866932
0.8404567574812373
0.8428588276772196
0.8446680024019008
0.8467597459298131
0.8508253082086508
0.851772487107695
0.8525602405074314
0.8528910310328717
0.8535312756997631
0.8552382499829185
0.8554242461609046
0.856170585392791
0.8581569650735383
0.8614702339656065
0.8683600247236155
0.8702745467579162
0.8716505022114399
0.8720378871647664
0.8745340774878434
0.8755391106441697
0.8766951198463113
0.8785395388094859
0.8800013255106999
0.8824371427665736
0.8828760465798582
0.8847017628489436
0.8854102711200045
0.8869654535905731
0.8892500233467224
0.8893101918112776
0.8923858972305263
0.8930633948920828
0.8932450304019814
0.8933894222123836
0.8946543153004269
0.8975184455559314
0.8995658266312108
0.900005426825646
0.9004806363052056
0.9008229194961266
0.9025127138251792
0.9030385161107742
0.9037795016840059
0.9038332784313835
0.904593789085656
0.9047807809327404
0.9057104703140288
0.90863132324175
0.908960391083722
0.9134721820288629
0.9153647218270576
0.91673437459679
0.9243735070223948
0.9249796769349298
0.9275173315663724
0.9277042906340404
0.930259280383769
0.9317183658440974
0.9318805493631058
0.9384131865367569
0.9448792543471488
0.9472801615568631
0.9550512241798619
0.9590464373401321
0.9604244597287829
0.962302811800738
0.9651323904282616
0.9659666741326723
0.966111331032713
0.966433943860327
0.9675508654798691
0.9675941093264865
0.9685880751416206
0.9724776347946255
0.9728247910091044
0.974514892948241
0.9753939184782182
0.9777632977399556
0.9781585102844433
0.9783378147082586
0.9824546086794704
0.9857402397177316
0.9876756738694934
0.9896476584985128
0.99568110670005
0.9960619980801999
0.9961937996335349
0.9964227938591189
0.9988062779222187
0.9991545657575929
0.9995618132572428
0.9999815381726112
1.0030653742633824
1.0041315847597456
1.0045197860117996
1.0052115006428455
1.0053879702311308
1.0061094861167892
1.007313446530988
1.0101468447710937
1.0109083060443715
1.0114701189652353
1.0136810182898304
1.0155258283893656
1.0162507252096291
1.0165335589468936
1.0168759224754076
1.0178888799542203
1.0184254683979896
1.019789869030089
1.0208297955014682
1.0216842373078052
1.0218462246218427
1.0243077038001605
1.0286641477580505
1.0313177364195385
1.0324337249832336
1.0328386414005637
1.0328451790876603
1.0330831027668876
1.0339525133890868
1.0353294695456736
1.0365405456039167
1.0373159896221795
1.0434447237237505
1.044761432558944
1.0452448640783523
1.0486061316292752
1.0489696783241713
1.0491585177075176
1.0500172714547804
1.050726574736949
1.051363507739474
1.0544505671019737
1.0556893809609855
1.0562967664365357
1.0572454397993734
1.0577514851288787
1.0614009560660276
1.061469869007283
1.0625013672576917
1.0656025930731228
1.0666885183973625
1.0667764574248133
1.0682049269492764
1.0690131534536162
1.0695693301959004
1.071001614398555
1.076442843081506
1.0829488888263405
1.083469547487071
1.0838431598372704
1.0872451979090423
1.0873815371016946
1.0896782458588785
1.0916908880231904
1.092026298378237
1.0923717478529018
1.0971213722848057
1.1021363202114933
1.1056151073341731
1.1068878858285824
1.109082220226859
1.1094775881415684
1.110392755469564
1.1112478020170986
1.1122464427805883
1.113372652154333
1.1137682029358646
1.1139228944790538
1.1170136700408746
1.1184140426606999
1.120177345217742
1.1202860171240194
1.122594048285971
1.1240384794838199
1.1247080230289448
1.1248196926785616
1.1303477309653753
1.1361867540580115
1.1373896223763549
1.1384307046778244
1.1405653986777915
1.140928840839484
1.1431297448379023
1.1438690518682957
1.1440756269735006
1.1461833280768667
1.1509660097610381
1.1518382145032449
1.1534016574697605
1.157829097041641
1.158004284093979
1.161411369835832
1.1632677237962918
1.164516916534053
1.164535487357326
1.1660448753951003
1.1676972144887487
1.167875873346503
1.1682601607477787
1.1698245689548423
1.170036929959174
1.1713253409586537
1.1717513849946322
1.1750143294608868
1.1754254608694588
1.1790653861364846
1.1791019039474864
1.1801933686732442
1.1811546914748297
1.1812364970638782
1.182613072505151
1.1828603017176522
1.1842501422715224
1.185377902229853
1.1865441290242682
1.1866055450374495
1.1892965005097071
1.1906093870902001
1.1923957293372227
1.1948725112069292
1.1957720065480397
1.197048287487431
1.2003073500922607
1.2039844700731783
1.2089222647380902
1.2091731884385797
1.2093073504054352
1.2102491854872952
1.2113992942925749
1.2156901919302106
1.224628437289588
1.2299840781273128
1.2308747702820313
1.2322868397297069
1.2385987928206026
1.2414893033182044
1.2422730202970191
1.24349116995059
1.2464200446840463
1.2465601600160856
1.247627800196781
1.2481731478185596
1.24894653610704
1.2496644507277275
1.2540760139544833
1.257812708183386
1.2585251956189394
1.2585267399989037
1.2612548824830632
1.2622459673148936
1.2652956390823005
1.274268590984008
1.2742823960361738
1.2752955671509243
1.2795862279833337
1.2796294275883793
1.2797127094609695
1.2848995212639047
1.2863809553132446
1.2866955124999868
1.2876145563481058
1.2907751377844399
1.2957718974089538
1.2961844144208163
1.2974124760850951
1.3012099328783677
1.3036902734172797
1.3059754785000346
1.3069525343886979
1.3257655447628638
1.3260306990574988
1.326382827184036
1.3315532357079638
1.336124907677763
1.3373155731316926
1.338612075585948
1.3393066286759272
1.3410193360867013
1.3435349164999404
1.3448023303286591
1.34520987660885
1.3467981993348306
1.3478094953477666
1.3520294800491048
1.3545144688510677
1.357175924251096
1.3607943280600128
1.3611009760969948
1.3618826999458984
1.3624687960706698
1.3643780200031674
1.3658483252666065
1.3661520113477932
1.3665590854094818
1.3710262293548872
1.3727550953427663
1.3759802375133008
1.3782635230608804
1.3842556877722667
1.386000278153042
1.386215078570911
1.3890090478662123
1.3900371615780798
1.390087860893825
1.3971627544666343
1.4002527259326807
1.4031707804968467
1.404139894262791
1.4077477539499723
1.4086370438152538
1.409063462987764
1.412832188446965
1.4129268679510463
1.4160133887423427
1.418220038479114
1.4189500919333995
1.423192982001186
1.4330670883300327
1.4332267142848973
1.4341164621185938
1.4354796341305134
1.4377627168058673
1.4384151911925274
1.439503876297882
1.4404434390697223
1.4414704502311397
1.4428160805211359
1.4488153989886192
1.4503347824879422
1.4504881889740473
1.4568043609917967
1.458978128582333
1.4597397455270618
1.4620346154503014
1.4634870503391428
1.4673477729667164
1.4729202096848906
1.4747498593548602
1.4751600930734423
1.4769061603658404
1.4801215261638179
1.4870776033791784
1.4877314522692935
1.4884598976877195
1.4941177629411915
1.4964929806144474
1.496833608844259
1.5009614935081061
1.502675031751759
1.511679185171849
1.5122561510093824
1.5168419186176703
1.5178713431366107
1.5225735303219565
1.528603503274486
1.5320157864102244
1.5357133238268998
1.5377903244789737
1.5409628705628635
1.543945701267765
1.5446016985392546
1.5467300452704487
1.5483975772176874
1.5595554194709167
1.5599766574734755
1.5645580894614022
1.5657704224277968
1.5665432980806409
1.567852533754846
1.568141768503946
1.5684790575487217
1.5694238252769186
1.5715648693925632
1.5785496877503182
1.5821452938459148
1.5857237974295373
1.5867098497946444
1.5886030024326985
1.5905421310178727
1.5924369979788873
1.5974466141140926
1.5986004611068654
1.6011340940891587
1.6060647815514106
1.6134074699022984
1.613692342374587
1.6187301889177164
1.6195384118202236
1.6223809453147187
1.6233255974808585
1.6258391424453116
1.625939057926871
1.62764781185495
1.6304099655361828
1.637103541500753
1.6376996932056604
1.644996010300766
1.6466275690586807
1.6521397164960483
1.652962293920333
1.6548940412739885
1.655266618576281
1.6573570135471702
1.6598339321637907
1.661162710127149
1.6647424997457785
1.669975917395714
1.672116008153047
1.6734434534941578
1.6756326148660365
1.6851024827084937
1.6865885774514755
1.6880781431001746
1.68941978155461
1.690681183670999
1.6914889545990923
1.6915457545085508
1.6926124610053286
1.696210001672287
1.6999427038190529
1.7059067168916495
1.706481206102121
1.7066067464825747
1.7077220875030679
1.7089132412804835
1.7120456902018284
1.71278505184338
1.7201268362504378
1.721205445595731
1.7283346746868815
1.730508582337344
1.731128501027377
1.7379222239569578
1.739772559456231
1.7409290624665708
1.7456893535020037
1.7463064599284306
1.746458655016729
1.7470696165192185
1.7475344745382233
1.752205311223498
1.757327425531026
1.7587930082058567
1.7641058539281556
1.7673545178851948
1.7685343448895552
1.7688549495464945
1.7711240421161139
1.7743267762334205
1.7758098798779507
1.7854583115648093
1.7868074794999038
1.7879982199412507
1.7902668072540933
1.7974922550378734
1.798368868005586
1.8011747368140516
1.801495672516612
1.8041362974030593
1.806316805760942
1.808575872540851
1.82097167004047
1.822698770490192
1.822811801506452
1.8283472558515386
1.8303001464726498
1.8324393022151528
1.8334032192656147
1.8348412651069075
1.842058783582805
1.8481428422983086
1.8487724715257683
1.8494168668468136
1.850550026659142
1.8525188761036435
1.8561729954284334
1.8577990038789316
1.862626783704584
1.862952611097778
1.8638137515484376
1.8657861156181084
1.871517822348475
1.8723460779526726
1.8739325679924772
1.8752448366646104
1.88588352820868
1.8900239317322556
1.89161140156425
1.8932680732979494
1.899035171694813
1.900329326330012
1.9004814039754836
1.90612537394893
1.9075162308071514
1.914366352287633
1.9163421108288645
1.925679254618431
1.9356329126648375
1.9358297209675817
1.9435893187156288
1.9547395209530405
1.9552200774761155
1.9629301997535769
1.970445893047784
1.9771862636611095
1.9778961597714533
1.97816520309794
1.9786026617658319
1.9972205526813887
1.9984856900321728
2.0070647696532395
2.00797389090366
2.026540884906041
2.0272099817091513
2.030852688058744
2.0329134521780303
2.0340769355674952
2.0443010933994175
2.051824453690393
2.0519631002315126
2.0542056516593856
2.0566710676833995
2.061144404672177
2.0691250278189632
2.0757723446778087
2.094422633109163
2.09836110354805
2.0992457507968965
2.103882949032377
2.107482475908653
2.118962819273042
2.1247567215857073
2.1359904667581247
2.1456067243994723
2.1545919138177183
2.1706157178822294
2.171258939611041
2.1737808770998477
2.1747258131131137
2.182739178861121
2.186374727308161
2.200134874629201
2.2203550574488577
2.22047383170577
2.226608239965274
2.231592213516244
2.2432448396416915
2.2569812749028197
2.259248914131534
2.2633973341985203
2.2691112786733956
2.2738757672615093
2.292141718972607
2.295380864360835
2.3012192139249166
2.330182312182585
2.334791238847736
2.356019686542565
2.363801368942718
2.3963088179273284
2.434907042962826
2.4617284281790317
2.4675682779299164
2.4814185509180264
2.4885728704913896
2.5135127798384667
2.622434185713328
2.6468621668078454
2.658153743066781
2.682121392052729
2.704819190326381
2.7664688750368427
2.8312885831249885
2.8403049082260265
