-4102.221076439771
-1645.3084372793035
-1371.3626730325914
-1029.2369917597257
-504.4395115658555
-423.56296553705624
-353.5749584985397
-346.6663928580476
-264.20092377658045
-235.2665961923025
-233.5307208633638
-211.19184951367433
-204.680355401981
-167.5134583225167
-161.03415125790656
-160.65627125371523
-157.40324533134975
-154.9715328897991
-150.4433527014456
-143.1787560787909
-129.43485496100243
-124.50505699115068
-124.01798729502678
-119.64516661378227
-114.81676537351697
-108.67783061867789
-103.40256793898689
-102.47266413248443
-100.86746277677022
-100.84607468968082
-100.5744541059646
-95.79571462712448
-95.20456122412011
-94.01805246394665
-90.78242356515344
-89.83448556338237
-89.58761618302489
-89.35977433923335
-88.02028695530444
-86.55603800195999
-85.45321684484473
-83.5058928112075
-82.65162005947575
-76.89764747071513
-76.52399988675124
-76.28880706229506
-74.63174875622592
-71.5428059607571
-67.6396747664179
-67.52814592311788
-67.4863827904383
-65.95118932532485
-65.78052186804229
-65.29035285324464
-64.93487642920682
-64.16889950798011
-63.5291928021959
-63.31568365585276
-62.1894463715948
-61.08532661389487
-58.9004012331274
-58.50519552099851
-57.755402498156954
-57.312651225158156
-56.78491948380162
-56.703119162062315
-56.62460907725344
-56.3782423728912
-55.2258598251215
-54.72739345058832
-53.7596891239739
-53.491108416460456
-53.30117739272515
-53.194540322317046
-52.813350956113
-52.60156223215754
-51.84293485972389
-51.7968610258151
-51.623487270317035
-50.80826682197656
-50.5268014998194
-50.47642205591168
-50.45456047898875
-48.49476790358118
-48.35707006254156
-47.49406534623564
-46.31389625166753
-45.950226055992765
-45.792137906658986
-45.2615263525839
-45.24894763381842
-45.130288326351554
-44.90538327332093
-44.89464237978124
-44.68190883002221
-44.31245031080368
-42.97827822798251
-42.41884621136778
-42.07822243293627
-42.01884813957105
-41.51739012642653
-41.48511961022098
-41.32632242821375
-39.657166224593
-39.4376199278129
-39.16841468484277
-38.97578824971382
-38.75363393239902
-38.127896435009454
-38.06327993357966
-38.03380960576167
-37.748856466385654
-37.64615465763733
-37.64502766203717
-37.55345021080859
-37.07258712424381
-36.90794513333545
-36.67652273539122
-36.34476156348396
-36.221898415079245
-36.1811848812276
-35.595876323367534
-35.39764471185975
-35.35898501721621
-34.55871740877054
-34.54928693486297
-33.75937287822714
-33.54273897588063
-33.53521813125993
-33.48237894367584
-33.26767347054257
-33.03900240740884
-32.69876028831473
-32.57572945245513
-32.371135554109735
-32.31921266313151
-32.30369679664332
-31.937514142114342
-31.73098620205948
-31.212165848831468
-30.845923613141068
-30.683831979728087
-30.458772469344037
-30.406072471362744
-30.121199714952244
-30.088285590188608
-29.840769266133172
-29.528749387236466
-29.491723169556945
-29.474494950281667
-28.984731427359097
-28.923572170585242
-28.88568761625194
-28.745028137422548
-28.601749999661543
-28.331635554811246
-28.13537150152669
-28.099843762373105
-28.09308268419703
-28.02080787468079
-27.852764516812755
-27.7618276921051
-27.741212266934408
-27.40989003978465
-27.249106404516283
-27.080726157601376
-27.030101835825747
-26.810636563243236
-26.683969846946187
-26.679500686888108
-26.43491442981444
-26.30818572981453
-26.142678687664578
-25.58341228221653
-25.540547306222603
-25.495356436339282
-25.44830953906399
-25.351857959182176
-25.226139563776403
-24.74477319725295
-24.668970403356454
-24.48762705462886
-24.41091955278737
-24.340960201776348
-24.299974866021067
-24.21840850150086
-24.06987096658645
-23.52987259881734
-23.016204762709297
-22.96560369374505
-22.96159696881222
-22.898021033676816
-22.796601589453203
-22.69789230707565
-22.614826483157458
-22.610378455992876
-22.544744680215572
-22.523207657200444
-22.48470927999567
-22.45765183866203
-22.357820323421336
-22.30625371729444
-22.295855698546152
-22.206034064065427
-22.074295994813102
-21.70732970417088
-21.609322407115823
-21.557195903240025
-21.398023985566482
-21.242242359723964
-20.98745674253748
-20.93073800189893
-20.75476003348276
-20.610464263845156
-20.567048882245
-20.42583848835144
-20.400602631240094
-20.274123226928776
-20.21810153746093
-20.18179991554929
-19.995831250901624
-19.990118535484385
-19.924323471969615
-19.923203851296975
-19.625830938622492
-19.47427562470478
-19.472073660076216
-19.46391499529447
-19.45881039855777
-19.37550580184017
-19.308525034278503
-19.255738751976775
-19.25013470614302
-19.04569578713015
-19.023515567238068
-18.75120635317858
-18.6516567708063
-18.52098575712428
-18.495987637929904
-18.26526611686065
-18.233761988237113
-18.1091409478217
-18.024046445561424
-17.819825949676087
-17.791353390644844
-17.78457953724644
-17.680922800150878
-17.67217528858326
-17.55384821872075
-17.54206345494626
-17.530227819762672
-17.42179790493187
-17.31378993145389
-17.26428141856989
-17.166638538008492
-17.154749554284088
-17.13053694023801
-17.063208478542773
-17.062481450007635
-17.043950308583284
-16.978220859489394
-16.975082396712885
-16.7561995824238
-16.683478072751313
-16.67648145247871
-16.52464719341575
-16.514738368930487
-16.409903983073654
-16.3671854041704
-16.365874499724256
-16.205335383534994
-16.18027529830967
-16.16323700654457
-16.10934819086969
-16.07693941295764
-16.066293172916584
-16.044626399002254
-16.033856841120407
-15.987113854758157
-15.980478477043615
-15.969724176835285
-15.964753004585488
-15.885164225264539
-15.881250601901662
-15.845907401778652
-15.80738711689347
-15.805857581981082
-15.76409317553378
-15.662795556141468
-15.651275735364344
-15.487924750909585
-15.420125106769824
-15.37381494101523
-15.325142646757913
-15.30151547173483
-15.236665328730881
-15.216579335174973
-15.21471822656321
-15.127230158572695
-15.111580604267953
-15.039912859603229
-15.031532405875433
-15.01884469088085
-15.012136191786468
-14.946722342901115
-14.924215605135537
-14.919418608287193
-14.8701980294309
-14.855382343726848
-14.612307216320579
-14.57016235551567
-14.543840663238697
-14.538191162107431
-14.53312454206508
-14.512862097962826
-14.393114837527982
-14.3495719577544
-14.33167261551251
-14.254117368551562
-14.238644260269592
-14.121749938401555
-14.10185366989743
-14.09289704156672
-14.079732286665227
-14.063162864294295
-14.056396553767797
-13.987060632605518
-13.983362681425888
-13.976711367061313
-13.861749474745254
-13.828719806797817
-13.808378833784134
-13.789527453889072
-13.78179212999435
-13.761558171936846
-13.729126580753155
-13.70653749362239
-13.520973931030344
-13.49096966598388
-13.364219045387305
-13.351462040354189
-13.322322334915535
-13.309994327940094
-13.290036506977907
-13.284534845705101
-13.23749496352102
-13.182177932725562
-13.182075294833346
-13.180233741517338
-13.098056491436743
-13.08657261000257
-13.016929223672415
-13.014888438761375
-12.992949364039212
-12.956639929038616
-12.911963652288296
-12.897426877179061
-12.897296083633409
-12.861794629443992
-12.849578185200812
-12.77705624148909
-12.712764559998757
-12.703189327362102
-12.663806931002913
-12.636061496871658
-12.596806664136256
-12.586021557455926
-12.50266601221092
-12.495045008589818
-12.443560157873558
-12.394023229833099
-12.392318445637958
-12.374042929339726
-12.370460860067283
-12.331016365236394
-12.308699678431765
-12.30665923567985
-12.302372417381614
-12.293597033535406
-12.289509034726265
-12.28534674468607
-12.25134104215611
-12.233871500961966
-12.183990234093516
-12.134726661016526
-12.11413465565317
-12.107710274052582
-12.098776096959067
-12.060778717480297
-12.02506902744089
-11.988436942598295
-11.986218963734107
-11.976553919652613
-11.92856793955802
-11.91963295544818
-11.917812488251364
-11.869958266641287
-11.853259446841996
-11.836427984365875
-11.746611044686482
-11.704402114899882
-11.70260215377805
-11.697238719400637
-11.69175573273707
-11.661989175027822
-11.643810398534075
-11.58596576744969
-11.562566336662073
-11.538720570095593
-11.535237660923794
-11.502323430209007
-11.492758906935697
-11.473317503104083
-11.470479200058904
-11.435142413983629
-11.408372239375185
-11.369016145216825
-11.335958541487184
-11.33437690620843
-11.305908536000043
-11.299566697806373
-11.227197541320203
-11.225204582128585
-11.213803111700228
-11.1894196014895
-11.090337113616387
-11.082034025686628
-11.075230569272705
-11.073445316798882
-10.992505220552514
-10.906789024253545
-10.88740510470774
-10.844453728445114
-10.842849791501337
-10.824253027287657
-10.822836667664005
-10.806224686376703
-10.805152419657047
-10.780262855725296
-10.745315323597325
-10.736161337345186
-10.721973348144
-10.687077138957088
-10.651971455292031
-10.640093060309265
-10.576161635241936
-10.535746097064582
-10.520360135411586
-10.501784480971956
-10.495095509833074
-10.484415928608978
-10.483501600603223
-10.468263043902637
-10.460421370643722
-10.431953337009823
-10.41793902922463
-10.40835968610937
-10.345580132262082
-10.33299963472094
-10.329956096412618
-10.30241452669176
-10.298318544535771
-10.24909946826211
-10.225143641055732
-10.222474097044396
-10.21903387033291
-10.213577714872141
-10.180785491900313
-10.170243271463137
-10.166870076497045
-10.144349849512626
-10.105183530252319
-10.090832403102516
-10.085917991262589
-10.011388360905391
-9.966046356961126
-9.927456337050902
-9.910936545890934
-9.894037278210497
-9.87694588545131
-9.842119705302068
-9.838194093571254
-9.836797347568877
-9.827691797269084
-9.825936388341017
-9.822331119444243
-9.813016719053339
-9.812253356376662
-9.762488896994961
-9.762233981114118
-9.736714645364962
-9.727895947161688
-9.722274178431892
-9.714745457847725
-9.66941171519444
-9.65614845659892
-9.641080911097434
-9.545098347782007
-9.544486156601037
-9.542327687177067
-9.496556801993895
-9.474200124234516
-9.448385671532712
-9.444578455142361
-9.437666432512756
-9.435015356009288
-9.412305455162223
-9.400349502286803
-9.388578139055221
-9.387149391442573
-9.371949966696176
-9.365120924235939
-9.357536468716832
-9.343025165502533
-9.322798079630113
-9.313660017805102
-9.301597370602146
-9.297244574015577
-9.273845898728817
-9.235964384753368
-9.203913003548575
-9.182750320964042
-9.153448634123825
-9.116563455373445
-9.113824774570233
-9.070184662184952
-9.05066754819666
-9.02556136726297
-9.012749622485934
-9.012018262678447
-9.010789773951508
-8.966242992685597
-8.938022081604185
-8.932389728720256
-8.901235891238622
-8.887822757789015
-8.85748222943024
-8.841673114857679
-8.806711814083803
-8.803789855008777
-8.791288223657084
-8.778949634146137
-8.771864726657576
-8.763622043533095
-8.75438684245731
-8.752969808471178
-8.739161127308769
-8.735310553147343
-8.726153580538888
-8.66819571812266
-8.636759563170985
-8.61014883210455
-8.608115768311173
-8.600596232050716
-8.587969436825338
-8.585515488764019
-8.569781051110622
-8.560971946180093
-8.558708060976855
-8.556993703390418
-8.556810058739279
-8.551720189422655
-8.533000475476781
-8.509398511829815
-8.500397249512652
-8.468232086720882
-8.467963519775502
-8.455524567773239
-8.444325555364278
-8.410163766439473
-8.401789732056429
-8.389889069853547
-8.372232710039896
-8.37105173801789
-8.364822907913284
-8.315312490420974
-8.313072089113465
-8.265481017881807
-8.252791577196776
-8.237726475097531
-8.229868870188014
-8.201983765744624
-8.183499434299016
-8.1780646275181
-8.160488767836194
-8.160340125569933
-8.155770542957171
-8.155716179032831
-8.138875984347191
-8.131432836241576
-8.108202737858143
-8.107702893145733
-8.057539607241544
-8.04721505554827
-8.020941670731982
-7.994986801336633
-7.98247706904225
-7.975539301142919
-7.971640024055979
-7.969009498144866
-7.968991569772038
-7.960161728327384
-7.933074339536537
-7.929576129142841
-7.91411986960523
-7.881336672509252
-7.8708449872405675
-7.817871889500621
-7.805490744904752
-7.804180687013186
-7.798051187840549
-7.788126910673079
-7.773056659356342
-7.7486905407579165
-7.73572120287019
-7.734864665602548
-7.7263012606265375
-7.725595432828978
-7.722196096524046
-7.7157775339116075
-7.706248590486153
-7.694870754327168
-7.674114465372896
-7.661691339647858
-7.655118225623699
-7.644839046703109
-7.621575313719969
-7.603227993396314
-7.6009813300499145
-7.598440885716541
-7.5935929237608635
-7.588239932187587
-7.586174556299781
-7.584144477979823
-7.560915896912597
-7.560294052915068
-7.547558500309468
-7.544198257248031
-7.538797411794446
-7.532644190421137
-7.5316520239975695
-7.517097935407949
-7.511892757740874
-7.511329018338494
-7.479472987106398
-7.473495753676377
-7.463230414209075
-7.44921669341884
-7.425821101294098
-7.4180385307098335
-7.4164108875944255
-7.398963648809128
-7.39858646785332
-7.35877577200122
-7.354507029194522
-7.343298531786374
-7.342617153305069
-7.338505843889839
-7.329136452026578
-7.324544641333284
-7.315329569877341
-7.313352764250735
-7.306583964401613
-7.300046486710169
-7.281683831948262
-7.256837153877695
-7.245698999662963
-7.238568564056435
-7.205169719854273
-7.202611159983777
-7.171512380121468
-7.161821256577547
-7.1465069841816256
-7.134581147747591
-7.12609747230661
-7.114485153816553
-7.107201805557147
-7.106156584231768
-7.093771316245111
-7.082144502136422
-7.063649704002044
-7.060610807304704
-7.059147595842868
-7.0571760929183975
-7.052868084629209
-7.05058637331328
-7.033314424570154
-7.026941313960146
-7.025695895512162
-7.024134640510441
-7.017553030555742
-7.016496080332037
-7.000185325863654
-6.995250375868123
-6.991939052007733
-6.984130485865622
-6.980331989510385
-6.9544100478946
-6.9519800121827515
-6.949646805902491
-6.935638882963119
-6.928378331888328
-6.898480674728009
-6.892229365768888
-6.882795027824108
-6.864402167278238
-6.861880071251605
-6.861688588707471
-6.847888544149949
-6.844618688174045
-6.844576936429717
-6.84415949033446
-6.840879401794742
-6.820433893245497
-6.807765619888852
-6.799476276372309
-6.784238934154192
-6.775880244688251
-6.764249600226637
-6.743009790137762
-6.717909361645589
-6.701009415966478
-6.696867998592433
-6.6855821713167405
-6.671443111016066
-6.663298721568812
-6.652622626065989
-6.647373512157504
-6.645809682301042
-6.621023268127695
-6.615841816765043
-6.608646333976093
-6.597722366085785
-6.5934524817170175
-6.57793011939296
-6.559897592735344
-6.557729759349568
-6.540314587255591
-6.521279726375397
-6.502576181570208
-6.498009421444769
-6.497702351372714
-6.4861605930162405
-6.476160155444946
-6.466137244518394
-6.452228809502082
-6.450565154126837
-6.433919211187834
-6.4312598942254935
-6.428659227020262
-6.425924190446447
-6.418672055132867
-6.415992495144621
-6.407590575123031
-6.396009929423399
-6.384977356705544
-6.372698635684433
-6.372287508163975
-6.369231794500062
-6.346700248351121
-6.341444866740211
-6.340498008296734
-6.336100935770032
-6.3351575519819825
-6.3330086306034525
-6.329194149230345
-6.32436981891492
-6.319678265318869
-6.317166848438062
-6.295545095124348
-6.283148299625216
-6.278574652158147
-6.224559760316058
-6.224532302054472
-6.223681182616074
-6.222171121551879
-6.219212909149899
-6.197338179653045
-6.186756501328707
-6.177008994323909
-6.176249956752156
-6.168176203968434
-6.162569089195978
-6.14895938198811
-6.1389233825027505
-6.137453476640689
-6.131823289950216
-6.120267549197966
-6.1159783888219135
-6.107903471349079
-6.10697033191719
-6.100289681171199
-6.080921674228863
-6.079611308152906
-6.072248992649356
-6.065873933314913
-6.05821254881352
-6.055176564369155
-6.0511941787550905
-6.037690729561438
-6.033214799941442
-6.010816567014659
-6.00865124006586
-5.994655302166677
-5.983308122801637
-5.964750866205064
-5.956323331640031
-5.949222486450812
-5.9431739939941215
-5.940681802611264
-5.938732872701747
-5.9261463676297845
-5.919854023683665
-5.916345697978645
-5.9134792928987485
-5.89997920283557
-5.879432995904139
-5.879419739232975
-5.868115657066754
-5.8626335970755115
-5.85712591967002
-5.84813327404992
-5.844741696869839
-5.8439329687478825
-5.835565722182146
-5.817687195655557
-5.807828174017892
-5.804956802008998
-5.798800687068201
-5.79842477438268
-5.794356135791722
-5.793060244322721
-5.792197407176018
-5.790580933768785
-5.786082734873685
-5.777890709898851
-5.776658590077702
-5.7678557129629136
-5.76717451516186
-5.7574259232419225
-5.73119187224783
-5.729697290856874
-5.709875214793021
-5.708576156788609
-5.700762642585754
-5.689283217492006
-5.686277073079918
-5.683645084011445
-5.674708635099805
-5.6714423005314885
-5.649931395406143
-5.647913440267951
-5.640753228264609
-5.635171728826515
-5.634858327773613
-5.625766210590218
-5.609099965643981
-5.6089664812426125
-5.562971598677232
-5.554394269513505
-5.547805929828181
-5.533370374142417
-5.528064242599443
-5.524629461964102
-5.524537620563544
-5.5243664661502105
-5.518319903317919
-5.510529152756646
-5.490170132618752
-5.485998413031217
-5.483574030628571
-5.472912568697831
-5.451515640357622
-5.448102907267859
-5.440476330039243
-5.439895709783283
-5.439438482825214
-5.43219551923713
-5.429732541593843
-5.4292315133858144
-5.420662035656071
-5.418762242183401
-5.41516222245674
-5.399207880387078
-5.396409649120484
-5.392077620778972
-5.386594298597522
-5.383569682588682
-5.375689845721428
-5.373478364730824
-5.371999206573587
-5.371469664028746
-5.351113240739703
-5.344548410309262
-5.320734366042213
-5.312110296476437
-5.310057043089788
-5.308734371913802
-5.293068721354638
-5.28079671243623
-5.277738122154548
-5.268164222421275
-5.263147936611779
-5.260155549806257
-5.256718313347831
-5.226597565225029
-5.225637526009258
-5.219918994262769
-5.216052878238987
-5.215615443895503
-5.215061335539204
-5.198408959040235
-5.196009871192221
-5.185748099412303
-5.165171469773332
-5.16113313000243
-5.159763937017403
-5.143902879837871
-5.143442123508203
-5.128700545205545
-5.117316427655024
-5.109439879863345
-5.10640507947109
-5.092305356298036
-5.0921664737445465
-5.088482158539321
-5.08592908685484
-5.0850138517083
-5.073054599343987
-5.072741358984092
-5.071497421693013
-5.058959713240492
-5.053086136222112
-5.052125014547357
-5.050465565821693
-5.039139018669042
-5.03642072286379
-5.031180351182858
-5.024421768790151
-5.021598839162431
-5.021292900092133
-5.003889822201754
-5.003762213649935
-5.002468597370823
-4.987577074715659
-4.979744138944186
-4.973263567060693
-4.972226198870782
-4.971952796450221
-4.970278486053749
-4.965032039961774
-4.963927624496641
-4.946489847672945
-4.933995629067728
-4.931470154244704
-4.925777849030791
-4.90306573056024
-4.89779078261797
-4.897532855715734
-4.884907049487867
-4.864729660606333
-4.864042545781558
-4.856812771870001
-4.855322659335458
-4.854552053933855
-4.853327260703301
-4.852150258184778
-4.849925057225379
-4.8490065202289605
-4.84889136825095
-4.845454569913474
-4.844752951754225
-4.8418838010025045
-4.8382242063262435
-4.826360738256463
-4.820664425115574
-4.817241820398895
-4.803962072633109
-4.796593499867954
-4.795921169985715
-4.789891920412766
-4.783926199699108
-4.765881274450755
-4.760893586160976
-4.7602186041024765
-4.7566402491135875
-4.752666461358579
-4.746295574777505
-4.742887787581458
-4.741133708622556
-4.735802654236195
-4.723994422833201
-4.721765917223732
-4.715663533001701
-4.709691384556222
-4.70545453689539
-4.705087636303693
-4.70036051066317
-4.697104454720464
-4.696779281951606
-4.689162332534886
-4.681850121110038
-4.673030326839292
-4.669113071850486
-4.668855289693618
-4.667404259941993
-4.660238996218132
-4.656722894820246
-4.653628274044019
-4.65036966012444
-4.6500924425068355
-4.646620743405663
-4.636257113266123
-4.632032417299296
-4.624965532494932
-4.617455437020293
-4.616217126495716
-4.608167837248027
-4.606462073784405
-4.597881357972462
-4.592507225939738
-4.578807419141858
-4.576808557920701
-4.563037368387882
-4.562313508583217
-4.556328854935171
-4.54813434468538
-4.528054938129201
-4.524045259307373
-4.519996944254643
-4.51438343140671
-4.500761172056269
-4.498767896463703
-4.493522841622468
-4.488778591702964
-4.488297772808784
-4.466663433993254
-4.46501283225634
-4.456681561014411
-4.455875858194608
-4.452534779605909
-4.440314194796044
-4.438567113030475
-4.435880103479071
-4.435137533140816
-4.424691980909186
-4.416966969852697
-4.41298563056991
-4.408464539403565
-4.380176332242466
-4.378922306340751
-4.369312000843967
-4.359184748361198
-4.35888395565857
-4.3526142887071355
-4.34239811046995
-4.338156970371927
-4.330142777286222
-4.311700120279983
-4.3066925105038365
-4.303040313196659
-4.300122621942458
-4.298615414465461
-4.296230829541319
-4.291070316482657
-4.289685597438551
-4.288191709073249
-4.271310082769145
-4.271098605709808
-4.256564606050707
-4.250296355077915
-4.245573723277669
-4.232502296253038
-4.230345857582775
-4.227294609632452
-4.225404970509
-4.221425361502725
-4.220439176774783
-4.2202576090497255
-4.219404288763769
-4.214011612485393
-4.20943533161742
-4.208997066489933
-4.208254597500419
-4.204730201258009
-4.202161036754273
-4.1921075949878475
-4.1815519102700245
-4.179804169884742
-4.174280145190239
-4.172547547862
-4.17179433339516
-4.168886252550756
-4.166458337538151
-4.162751366452761
-4.160520497422308
-4.160377240614509
-4.153115338954587
-4.152819658213145
-4.1446615759361345
-4.135362144692072
-4.131746681025959
-4.127426846382232
-4.1254515197997215
-4.117074864452847
-4.112804095326929
-4.105676608948535
-4.10362754212802
-4.099420797934434
-4.099086818736823
-4.097604045996253
-4.095665784595737
-4.089901599195687
-4.085920456180877
-4.08305515195325
-4.082474690961361
-4.078556784350426
-4.076588239608744
-4.0696929636685315
-4.064973216461139
-4.054033150332142
-4.0496126908041195
-4.048958420463929
-4.028575933607104
-4.026070216103001
-4.024131933869567
-4.0172985972422435
-4.016456751290825
-4.010118184724957
-4.00505701537541
-3.994123850548305
-3.991281809771431
-3.989924219871965
-3.9895466937895283
-3.983102313719444
-3.98013891453528
-3.979368816933786
-3.977636520382716
-3.9654788142895048
-3.9639831662257303
-3.9585635385980797
-3.9500807954028647
-3.949334029801223
-3.947869054829481
-3.937650586860238
-3.936001931251188
-3.9287787974239405
-3.923869397677248
-3.9094038182764352
-3.9082218790958088
-3.8965669179291145
-3.8957172512710163
-3.8953756516897213
-3.894632834456215
-3.8942292321649363
-3.890380056054238
-3.888397931927588
-3.8712931587936072
-3.8645078093394574
-3.863292029547791
-3.8631356152856013
-3.8628317092954485
-3.859911371388774
-3.856660811187368
-3.855961227493606
-3.8528850236526475
-3.8489702488756503
-3.844938958295005
-3.8428982750048335
-3.830276217318556
-3.8270615946576205
-3.8222943431108884
-3.820869193937486
-3.819980024194762
-3.8142334332942944
-3.8094945131652254
-3.8055056861205965
-3.7895771964330294
-3.782529463557484
-3.7813385385570566
-3.777347976652031
-3.7708429921637894
-3.7619714693594255
-3.758031294575243
-3.753023090486662
-3.7429560402900934
-3.7419414294539965
-3.7405057940651023
-3.73930647229388
-3.7336836841916883
-3.7328349748856455
-3.7318228708118713
-3.723404609092201
-3.7222976335041786
-3.721240363187798
-3.71391704454843
-3.712511183626779
-3.7056998672954986
-3.7008302580143306
-3.699061223049328
-3.6978308771498893
-3.6878402342690704
-3.6819714867389126
-3.6813873894727487
-3.6797380436145923
-3.6792787463472916
-3.6738074194551245
-3.6733871768442845
-3.6571394259491745
-3.652123715243401
-3.6487039720220986
-3.6485790391529607
-3.645327046948402
-3.6439059088175085
-3.6432641200581477
-3.6414926990415326
-3.6345738389922646
-3.634481648652035
-3.6275682674389143
-3.624459327607372
-3.623596181726488
-3.617150556888898
-3.611311567857636
-3.607299164841763
-3.5818627913090104
-3.5797053382947466
-3.578112763319108
-3.5762010491178327
-3.5655919910471883
-3.560509719153336
-3.5575399289799963
-3.549881926119741
-3.547214196183969
-3.54359078416163
-3.531619666312794
-3.5271742392929886
-3.52530003914033
-3.5252294893936744
-3.5248771404874315
-3.5157186343316957
-3.5098554366506254
-3.5069177383529127
-3.5047697460293756
-3.503420620239993
-3.502475745135294
-3.501546636059339
-3.492849376260304
-3.4894319520214188
-3.481949708237142
-3.4755011732248544
-3.468322041903499
-3.466994060956887
-3.4628373935611294
-3.4615684277103016
-3.459800139522083
-3.4596753147598793
-3.4569410071408235
-3.4568577690599334
-3.4565099450651062
-3.453859433316725
-3.444530352436795
-3.444223226791891
-3.42752861064474
-3.423933377898764
-3.4204269891541736
-3.4186632671109716
-3.404701738988369
-3.4023602856247708
-3.4023243264722156
-3.3979425215671606
-3.3936736126203098
-3.3871051323958126
-3.3871035669660383
-3.379310867289674
-3.3738369595905433
-3.372952701626011
-3.370832957129776
-3.367949003413402
-3.3657499653308096
-3.363775966267276
-3.36256775084706
-3.3620701903898444
-3.361087037261525
-3.3581850792609877
-3.3563382000067534
-3.354849686814765
-3.352647433521238
-3.3446678700082018
-3.3444998810025552
-3.338392344524072
-3.338317581069052
-3.331034468347384
-3.33005984678287
-3.329913026301645
-3.314230606182101
-3.3127624658090293
-3.3028666017479216
-3.301921008678167
-3.3017184733493776
-3.2954512287338766
-3.2898212070588437
-3.2857190293052634
-3.278703564464429
-3.276345086564441
-3.275717953289617
-3.2721884723297796
-3.2683198638149245
-3.264951290208182
-3.262121632923801
-3.260395714818969
-3.2561579602848614
-3.2531676440784403
-3.2502607812054456
-3.248811329372058
-3.246639689580437
-3.241214696680053
-3.2392744969201477
-3.2360876636879494
-3.2359994190096923
-3.2359269688993075
-3.2248965344494875
-3.223549645567415
-3.221890415313177
-3.2207325858614673
-3.2110712489468014
-3.209255491707047
-3.200354872331453
-3.1910739742795013
-3.18789320864345
-3.185448749676948
-3.1830904382517913
-3.17881308614024
-3.1777472127852358
-3.17733007736065
-3.1751227509448876
-3.170467018300018
-3.1680217930061327
-3.1657737251561198
-3.160741332716232
-3.146762938655243
-3.1433643320769757
-3.1395790898332456
-3.138494612744079
-3.1351280559555295
-3.1276333908824885
-3.1267765395576865
-3.123639596659643
-3.1193781225997474
-3.1178668870822026
-3.1177274409424864
-3.1093899196188435
-3.104321092906013
-3.100901607811834
-3.0973510743623853
-3.095409181309217
-3.0903992660900697
-3.0839539729320395
-3.0770917850201256
-3.072789790282334
-3.07170683671679
-3.059305126848937
-3.057689298813787
-3.0572385451699553
-3.056326154996142
-3.055756969177426
-3.0401125898684316
-3.0401069618943635
-3.0342790094131225
-3.032251558441526
-3.0307733792287905
-3.0234242810293206
-3.0166818677411333
-3.015157050526606
-3.014391726285151
-3.0094619239874825
-3.0071948764882706
-3.006519624831938
-3.0041946213727577
-3.0032366798257915
-3.002625177384487
-3.0024215782046806
-2.994832499277374
-2.9906885160810845
-2.988684282219433
-2.9849153527177146
-2.9814040756766516
-2.9794927193659984
-2.9727195200827485
-2.972217350541521
-2.971727866520115
-2.965419385679157
-2.965326145343305
-2.9649586329872184
-2.963157211895066
-2.962680539119109
-2.960879967917422
-2.9564054156653947
-2.953819844241084
-2.950151326599509
-2.94998402112386
-2.947919876206389
-2.9465588604321833
-2.944275149458734
-2.938278326952639
-2.9349331707010284
-2.934801649839746
-2.9347557865460336
-2.9228209059190835
-2.9226967947679663
-2.916943376487343
-2.9159084182388995
-2.911380901306969
-2.907278127153221
-2.9069211143299247
-2.902592710854386
-2.889180360503087
-2.8814627622920352
-2.8803669649588315
-2.877093699165556
-2.8717887183601625
-2.869728398086924
-2.8645024548079947
-2.84634105403279
-2.8398199804222304
-2.8384671043153245
-2.8374793307468638
-2.834251978680274
-2.8335546664782485
-2.8295944503115855
-2.8278759353287604
-2.8233373171237934
-2.822555285420705
-2.8195049149986344
-2.8163176660426767
-2.8049986547658685
-2.800479266012271
-2.7940079120780084
-2.7904284839467577
-2.7852537835363798
-2.7845660224117808
-2.7843201507313196
-2.783152038370361
-2.783123898311578
-2.7812471665881975
-2.781008240698009
-2.7671905976799116
-2.764846469553159
-2.7625637503925664
-2.757570662819557
-2.755898708627725
-2.7542270105404034
-2.7531340611841673
-2.7483864056393763
-2.748295117131841
-2.7453008007825734
-2.744243593535949
-2.73359925432694
-2.7325592278389657
-2.732017340682201
-2.7303438456496822
-2.7240479305199936
-2.7173424876100167
-2.7165121695834085
-2.713205818285488
-2.7130925226484233
-2.7110588985834974
-2.7086792206623223
-2.707925795399074
-2.706891861958999
-2.7012433737097776
-2.6997022523623544
-2.6996641938050954
-2.6984649227004853
-2.6883018632318327
-2.6867196790651935
-2.684944750606911
-2.684784693594299
-2.6820011256844554
-2.6764617453093296
-2.675390433614428
-2.673755725418377
-2.67069820476044
-2.6696559972984617
-2.66777870826657
-2.6630237841352025
-2.65917595102201
-2.653498111827774
-2.6524428036042225
-2.650429993098813
-2.6467957281812833
-2.6432051633519182
-2.6406969186246836
-2.6367856563175947
-2.632991607997388
-2.6321126265605037
-2.630467928577528
-2.6304221682251763
-2.626338210290544
-2.625375166660696
-2.621553034097617
-2.6206041822627375
-2.61958774518335
-2.6168204256107455
-2.6131426204313972
-2.6124370394701417
-2.6071785985033933
-2.60626239425936
-2.6009050352199576
-2.5949704224695016
-2.591050443845025
-2.5875735835152085
-2.583168968880151
-2.5829484271551526
-2.5808846924362694
-2.5803956615131614
-2.578104079461603
-2.5753685022321045
-2.573981679159723
-2.5733519599869212
-2.5714232437780615
-2.5705766778357066
-2.5641722181959565
-2.5548250299135806
-2.554715851027707
-2.548726295733507
-2.5465547449348733
-2.544939524596215
-2.5392186881129506
-2.5376923821610013
-2.536903231177159
-2.5341058588200833
-2.526959167345179
-2.5255018594438576
-2.525090065110743
-2.5247293946475025
-2.523763458059425
-2.5231573753069374
-2.5209022371358616
-2.511369503749
-2.5013189058225294
-2.499998031842165
-2.497858942670637
-2.4914075099503896
-2.4892447815210366
-2.4882590948772707
-2.4840491135070346
-2.4769085354641387
-2.4758928913027285
-2.4739314079855967
-2.4688206551295875
-2.4671431171819904
-2.4665929569279443
-2.4635668484621123
-2.4588338854274854
-2.450345884255787
-2.450013050668538
-2.448891964409596
-2.443666127185988
-2.4408276823621424
-2.4332024976685624
-2.4329313677761912
-2.430213185894158
-2.42627040059063
-2.4255159755697338
-2.424287713921856
-2.423383642190898
-2.4196421878341536
-2.4169467546463195
-2.41437457344386
-2.409520697930017
-2.40843856626571
-2.4055287491952138
-2.405221618959436
-2.398287088260795
-2.3943528479421534
-2.3905002601971077
-2.386129564208168
-2.384287775928258
-2.374434295317732
-2.3726454097332574
-2.3722670733407805
-2.37076064292315
-2.3656507100395006
-2.3653087761215765
-2.364489250859478
-2.353966448542554
-2.3535190242506108
-2.3533815770810134
-2.3531426830591107
-2.3531368047727304
-2.3480428353897933
-2.347206238730225
-2.343010868550459
-2.3424977998826306
-2.3403576637716976
-2.3402067556095068
-2.338165676345602
-2.3349049163109936
-2.3329509650940503
-2.328640961636746
-2.3239437647020154
-2.318281696758639
-2.3042741988890922
-2.3033751789538495
-2.3033094516661796
-2.3014584555321105
-2.2972859547810667
-2.2957096279460205
-2.2943863792329116
-2.2793491223772224
-2.2768693020680506
-2.274586565529794
-2.268784586799723
-2.264598202417515
-2.2635467445624577
-2.260647025590659
-2.2575268346592825
-2.253666546000896
-2.2535463843911794
-2.25309064577668
-2.2519249068227403
-2.2483912376878017
-2.2455462911526145
-2.245316055425673
-2.2444319804218344
-2.242732826027108
-2.242040138217447
-2.2361074173621116
-2.229612513227341
-2.2277759491437905
-2.226206087982751
-2.225395303943384
-2.2174280365356767
-2.2100146448040006
-2.2085180943842406
-2.207966406912572
-2.2073163891895966
-2.2057326397807357
-2.2049335796362426
-2.2036694132323134
-2.1963513558880523
-2.1917360932253858
-2.1873374272528796
-2.183082987138938
-2.176892174611029
-2.1755485061281328
-2.1644193886929664
-2.1639436954806364
-2.1629052921560468
-2.161937634134988
-2.1582023057766087
-2.1574232146430647
-2.1542727597802362
-2.153776942923535
-2.146736108638507
-2.146540443130306
-2.146232565262918
-2.1446888348404562
-2.1423508307382244
-2.139955107987759
-2.1370121167683447
-2.1357965079048578
-2.132269911600403
-2.128976196312634
-2.1282285551031803
-2.1275010022947067
-2.1265799118290407
-2.1263055168740763
-2.125086846475507
-2.121516437435616
-2.120677342105629
-2.1066767093920515
-2.1045173715105774
-2.0971554576196314
-2.0954257737566095
-2.093029217647991
-2.0880471160498777
-2.0825311872573598
-2.0775415905089516
-2.0758569340238555
-2.075115582534643
-2.07437748656163
-2.074056634408597
-2.069476032426562
-2.0667742293908025
-2.0648402486141135
-2.0628004265064823
-2.0606391739039647
-2.0559823585620145
-2.055868691771074
-2.0440060699367835
-2.043170989090567
-2.0426191639192717
-2.0397416138483258
-2.0396289860830517
-2.039184394359879
-2.0345080839590235
-2.0329020237908324
-2.0286191095101143
-2.0283717420525793
-2.026311818321392
-2.02441236492299
-2.0232862176463344
-2.023256631287152
-2.0185319630964886
-2.0185039272234366
-2.0169623509628543
-2.0153532476599367
-2.011401913200323
-2.010686450685919
-2.0098866936802557
-2.0071763151400503
-2.00629281359182
-2.004669768436978
-2.00352780848485
-1.994927972812772
-1.9944802368240564
-1.9919399915465568
-1.98727540571282
-1.986405136001132
-1.9861448540607403
-1.983793401894081
-1.9810056814997936
-1.9809236305225915
-1.9743512564152228
-1.9705644131899522
-1.9685870274984494
-1.9641061830355282
-1.963796683416814
-1.9600027215985707
-1.954238984739606
-1.9519067002684491
-1.94568412717459
-1.940082543903776
-1.9352516572497782
-1.9327200997007594
-1.9300394097709748
-1.9272274648403718
-1.9263712090002993
-1.9263056716748759
-1.9233687352419895
-1.9211382212662595
-1.921084137640724
-1.9208951310087987
-1.9159400446006711
-1.912766048662371
-1.9102556462776077
-1.907232816276077
-1.9025946719374338
-1.9019481547998003
-1.9001718324003443
-1.8970082007900464
-1.895857219805931
-1.892611317655631
-1.8909601737348178
-1.8898792916692508
-1.8886677496379625
-1.888303028264119
-1.884630258231125
-1.8840668004061591
-1.88263314832612
-1.8824592528762643
-1.8824188826426456
-1.881977951353154
-1.8817933754250682
-1.8782901700080128
-1.8770131058185329
-1.8765638019793207
-1.8723502832634098
-1.869890778967457
-1.8684802261594409
-1.8666976056320248
-1.8657438182101573
-1.8628691407438118
-1.861733016330902
-1.860695549307183
-1.8559796478153747
-1.8549089409103545
-1.8543633383548161
-1.8520564493124327
-1.8508757926014172
-1.850587666450866
-1.849089650734142
-1.8490248227986
-1.8486948128173908
-1.8450987428809547
-1.8448686681752666
-1.8423880390362604
-1.8393900101022842
-1.8387853992503058
-1.8376486897365174
-1.8355554197798691
-1.832464647220092
-1.830337301878395
-1.825859433483068
-1.8237171215378267
-1.8235455333830621
-1.823526047031029
-1.8204549597309767
-1.8187698190282142
-1.8181228524965003
-1.817556496804094
-1.8156740042026285
-1.8115020444750298
-1.8113062004509337
-1.8092328409627123
-1.8076074894421454
-1.806349611405554
-1.8043655858111518
-1.7995830465350577
-1.7982867580401813
-1.7980376609392956
-1.7945206104376812
-1.7941619153367032
-1.7869943528417787
-1.7869431169962864
-1.7864714430995454
-1.7852790556840952
-1.7852616404573134
-1.7821634135061837
-1.7812799565933508
-1.7803805665063144
-1.7798766601563139
-1.7755350543163604
-1.7746784729615692
-1.7662121804798943
-1.7653238931283355
-1.7639566569969247
-1.7609766765825698
-1.7591766591873546
-1.757724599729932
-1.755497549519573
-1.7496303227013543
-1.7493552388959914
-1.7437926711443787
-1.7433201827406275
-1.7412185292723656
-1.740350141172072
-1.7395537443537863
-1.7394770616781559
-1.7390385362963008
-1.7342851480929338
-1.7292729680393744
-1.7263349834227777
-1.7262478909181462
-1.7238778281725913
-1.7225228773785881
-1.7199278759817282
-1.719640521065551
-1.7178063270916664
-1.7178015691909367
-1.715166534890769
-1.7150984974614387
-1.7114810636920663
-1.7100286079109688
-1.7074745652193164
-1.705560099072412
-1.705289215946048
-1.7048155018661948
-1.704427564122963
-1.704114363419135
-1.7020376083580337
-1.699782756651579
-1.698882136474043
-1.698329118278278
-1.6974655097304283
-1.693167750441134
-1.6910522325807074
-1.690533902428994
-1.6905129345304943
-1.6897296122966896
-1.6873812219399178
-1.6859920552021805
-1.6830987938322512
-1.6812084640079261
-1.6740116035428407
-1.6724306937941524
-1.6701509233295295
-1.669422705890471
-1.6693347258658247
-1.6637265685901728
-1.6630540443791495
-1.6599792512020128
-1.659464803362845
-1.6569986528414589
-1.6529254296205131
-1.651767257740676
-1.649326205647856
-1.6447182085867071
-1.6420332408670215
-1.641106898522679
-1.6343305618273132
-1.6341366349363833
-1.6331361195496785
-1.6328796083775876
-1.632431787989749
-1.6264533975634115
-1.6255020336989188
-1.6242060856214025
-1.6231268689120788
-1.6207656186757156
-1.6198126607221903
-1.6182218679470486
-1.615666079036386
-1.6146999298686358
-1.6131073100468023
-1.6109668462072142
-1.6059019695789416
-1.6056220855247663
-1.6055900649411798
-1.605253474154212
-1.6048143700160502
-1.6033117173015574
-1.60279461028692
-1.600002049340536
-1.5979196909945108
-1.5976930459405259
-1.5963138277397184
-1.595843692606805
-1.5951444721258423
-1.5936659494318666
-1.593071287101204
-1.5911511822950284
-1.590590647238917
-1.5893118081170925
-1.5891941693778988
-1.5864398172731864
-1.5860571807745223
-1.5839104101524804
-1.5835252218698392
-1.5828603365813483
-1.5810351396559217
-1.580892249862027
-1.5709736270496002
-1.5697480929525816
-1.5685399341844541
-1.5679077162818624
-1.5667589870457648
-1.5657903861497606
-1.5643161907904544
-1.5635148979778593
-1.5632441242185122
-1.5630806987005719
-1.561898531023542
-1.5613397732103615
-1.5583948659399889
-1.5573928698901476
-1.5565710192537692
-1.5552073268538067
-1.5532036215267209
-1.5516163925576336
-1.546447777584516
-1.546288343658657
-1.5456221479940613
-1.5425770968345631
-1.5409756130670689
-1.5386980911429875
-1.5372379899664308
-1.5356835444540484
-1.5340401584870218
-1.5316383065249868
-1.5313367787547247
-1.528943247202913
-1.5281320091057138
-1.5242131965376002
-1.5220606283072116
-1.521710331987508
-1.5200850522099807
-1.5193903944930782
-1.5172328462428417
-1.516710133152042
-1.5149522532341004
-1.5148995326425756
-1.5114477055261695
-1.5093040537599893
-1.5083689140875196
-1.5068668695785075
-1.505379607237692
-1.5044271676335739
-1.4998628547500914
-1.4994696429791559
-1.497537988899098
-1.4971268258886377
-1.495814444496734
-1.4942626114485593
-1.4939182163360112
-1.4907737461129908
-1.4900763659257654
-1.4880822174336998
-1.4880154945529005
-1.4865567210899953
-1.4849253320943139
-1.4830370050624735
-1.4830345978021489
-1.4818367860217834
-1.4814316338864388
-1.4786961181548293
-1.4772879829320462
-1.4766702510268939
-1.4699298880667282
-1.469193035739759
-1.4681456450175077
-1.466536154280339
-1.4654754692568308
-1.4648232433311668
-1.4636701312856053
-1.4582514945536131
-1.4542808566991978
-1.4509764952623796
-1.4508721052508973
-1.4437466899648976
-1.4385070742524364
-1.4348949880142103
-1.4346681772773457
-1.4342152036783158
-1.43343702831878
-1.4325724096301844
-1.431969034230185
-1.430682461794306
-1.4306368740126265
-1.4305769599389804
-1.4290600626781003
-1.4274333547137728
-1.4220195390035784
-1.4210522409233368
-1.4204869977755514
-1.420431079044002
-1.4167999836365872
-1.4138175763186789
-1.4112710650288713
-1.4110605994198848
-1.409540684516335
-1.4066623695838278
-1.4041554858992438
-1.4010080738519872
-1.3992549917408057
-1.3976997814570224
-1.397524314861697
-1.3973430781250058
-1.396957362988695
-1.3955374618004657
-1.389209388981047
-1.3890484569597414
-1.3868120611847348
-1.3864513938261864
-1.3852497071386018
-1.383895434094691
-1.3822475112180053
-1.380728558085537
-1.3806978007040047
-1.3799948872002568
-1.3746189644875861
-1.374417112211649
-1.373297826028102
-1.3720876809488867
-1.371721769684326
-1.3716285462521522
-1.3705453192233694
-1.3657494896461528
-1.3656820489410473
-1.3633568105003206
-1.3595017919271628
-1.3572242033994528
-1.353374865607719
-1.3495357247395687
-1.3462092277039828
-1.344457870940238
-1.343839891773951
-1.336708514508344
-1.3366424527350975
-1.3357060244002321
-1.3342328042576914
-1.3327983975948023
-1.331113536953722
-1.3301773954889087
-1.328133316213735
-1.3256266957782734
-1.3253013550907458
-1.324957624709252
-1.324137346629812
-1.322488846788645
-1.3212802730258237
-1.3203229144530633
-1.3181653897300907
-1.3179904221681604
-1.3171237852079691
-1.3148429901797125
-1.3147932837804457
-1.3145638135295956
-1.3137056459251795
-1.3121453719322582
-1.3112545541376288
-1.310886340500368
-1.3071183597012992
-1.3051792316905826
-1.3023518427103977
-1.3011514902987016
-1.3009927103910188
-1.29720978370205
-1.2925576708715667
-1.2914579075604893
-1.2910520916857013
-1.2899281199231902
-1.2843645353157267
-1.2830468453476864
-1.2820123769324026
-1.2818557303403684
-1.281784037820243
-1.279255893024945
-1.2789082927127455
-1.2780142290533516
-1.274931031181769
-1.2743537716430735
-1.2711122132175037
-1.269777116954049
-1.2678330263680142
-1.2659882824979782
-1.2654705219644564
-1.2630691041522863
-1.2614392601568534
-1.2608435714621322
-1.2595164134056058
-1.2559935714322854
-1.255845881111977
-1.2549172959818025
-1.254249865381409
-1.2516965298788683
-1.2498214098201146
-1.2468257003862715
-1.246438566376413
-1.2449558281790496
-1.2439617508989822
-1.2420591160876615
-1.241376198722267
-1.2384947617325683
-1.2367325937651452
-1.2361505724845605
-1.2346159040337934
-1.2337314915875799
-1.2336354934555094
-1.2319225733915014
-1.230028603128244
-1.2292999946262486
-1.229103011873565
-1.2246117337771416
-1.2202889930497096
-1.220032323133074
-1.2193388601671766
-1.218654495113297
-1.2128386841197547
-1.2122070608726225
-1.2113932170504782
-1.2077504877831335
-1.2070815462457098
-1.2052468340471898
-1.2016032420260678
-1.2012943058652976
-1.1954380953137427
-1.1939216324878184
-1.1935351308859303
-1.1934602238646552
-1.193081389881016
-1.1914407809334056
-1.1913366846443534
-1.1905993577771752
-1.189026422750391
-1.188619714633539
-1.188040371097144
-1.1873728762410194
-1.1870642587348832
-1.1867580483835103
-1.1857865160766177
-1.1854183417353243
-1.1830353067024497
-1.1791660654717122
-1.178187158901711
-1.1779478825713157
-1.1769396252397017
-1.176108763338623
-1.1747736127678328
-1.1700497757035744
-1.1685361030678336
-1.1676514798887814
-1.166898004738624
-1.166285293819416
-1.162582918897816
-1.1610825045918463
-1.1567049927015327
-1.1558968683296358
-1.1550678867423876
-1.1525705081149924
-1.151480221015462
-1.1508107965596102
-1.1499062978384647
-1.1482303626477908
-1.1420493364398168
-1.1376959582732575
-1.1371682519315471
-1.1369813909726822
-1.1361922375989242
-1.1351142113282564
-1.1341052759603512
-1.1303322165140357
-1.12783855050924
-1.1251441897495846
-1.123477195188988
-1.123187698427698
-1.1179977299305277
-1.115869324614692
-1.114817761651016
-1.1138415708761684
-1.1136196581150248
-1.112892079654439
-1.1068754255883186
-1.1054346045191674
-1.1007105736583622
-1.0987639522914154
-1.0963212059539156
-1.0947801816905205
-1.0946799227288246
-1.0873902736824488
-1.0857365285229683
-1.0846396312765474
-1.0842523428559034
-1.0805072316427873
-1.079933699778803
-1.078287421834255
-1.076838043605509
-1.075660402467181
-1.075042525907669
-1.074938831645303
-1.0728713625243602
-1.0717824865956693
-1.0665349217388373
-1.055858336940565
-1.0538181719682456
-1.0511339912177973
-1.0509773164219132
-1.0492773216944675
-1.0479850877968186
-1.0474437982916962
-1.045804497464928
-1.0443942051228632
-1.0431859158275398
-1.043015974018072
-1.0429108092905566
-1.0417237561829564
-1.0414630504889553
-1.0405149195133983
-1.0385019398073805
-1.0372447698555467
-1.0320482084904608
-1.0311912862917634
-1.0290532258541052
-1.028248916979041
-1.0278364195214245
-1.0277834982410574
-1.0260414318710405
-1.0260304406555445
-1.026026804500132
-1.0258095512187169
-1.0249621766532975
-1.0240132844218253
-1.0239007394171846
-1.021393573740497
-1.0172117859530327
-1.0150261996768928
-1.0145639069281014
-1.0131288891258365
-1.0128964628959256
-1.0118206596969705
-1.0095770885318496
-1.0062503611180529
-0.999894929010392
-0.9968635736053868
-0.9936883853652243
-0.98865417849264
-0.987729278676517
-0.9877151976762445
-0.9837932043331739
-0.9829285643542203
-0.9828729068473577
-0.9826293618160187
-0.9819648482992168
-0.9793716472537443
-0.9759895256683471
-0.9753181100764311
-0.9743972538431168
-0.9732234885493096
-0.972508716871333
-0.9721452305213687
-0.9705556800159896
-0.9703320504175792
-0.969235459892496
-0.9691192407610264
-0.967967091443953
-0.9678933245320968
-0.9647629440615536
-0.9619969475749534
-0.9616145461396235
-0.9597721368727186
-0.9592693743636003
-0.9585250848498028
-0.9584754515728373
-0.9490635695611426
-0.9490184744367502
-0.9484407890336704
-0.947813798910839
-0.9462340819389985
-0.9454038493631931
-0.9434856585461817
-0.9416774977576976
-0.9403390095417472
-0.9386822793693478
-0.9377571529320103
-0.9329833683199716
-0.9302023177296811
-0.9294094090335631
-0.9278634183270401
-0.9269844348090188
-0.9239393916202131
-0.9232992233319144
-0.9223356606986532
-0.9217076188794969
-0.9214671267113457
-0.9187272176420298
-0.9187166880191209
-0.9181683936464577
-0.9163567090278666
-0.91519136435041
-0.9094789419501792
-0.9091275861921176
-0.909107202843025
-0.9074682970649326
-0.9073055906665267
-0.9067135952677777
-0.9059249549548327
-0.9049262817873525
-0.9024689975946367
-0.9019628248235143
-0.8945319105483577
-0.8931598534463621
-0.8919246663077586
-0.8914884033506216
-0.8906233563172992
-0.8855469788852108
-0.8848642682349661
-0.8791088568177904
-0.8759252623009233
-0.8753229117918638
-0.8683581693851423
-0.8668786815652854
-0.8664697445662856
-0.8662224761958408
-0.8652508627228132
-0.8640991228567199
-0.8632151766176612
-0.8610638659456968
-0.8600998862210529
-0.8584697122184904
-0.856872359056025
-0.8566508877323302
-0.856259663958624
-0.8537694067512724
-0.8522109506741763
-0.851468297102631
-0.8506285720448319
-0.8458890697343057
-0.8453623197987425
-0.8439394843082154
-0.8427825499717116
-0.8413751946033624
-0.8372050773193075
-0.8353065834111972
-0.8339163397014914
-0.8338683824078538
-0.8338367844608284
-0.8314154022165504
-0.8297433290535391
-0.8247425475780404
-0.8241878825566002
-0.8241009979341035
-0.8210450524291439
-0.820287683619011
-0.8154747912636975
-0.8145317874807942
-0.8143099788465491
-0.8141832122809977
-0.8135817398334997
-0.8129645922895512
-0.8124870949638985
-0.8115769241732338
-0.8114593562402185
-0.8048971205072748
-0.8008286168007918
-0.7977588713990638
-0.7887284549260182
-0.7880979600395908
-0.7869254729155662
-0.7863412422543761
-0.7862818447153671
-0.7836731359939126
-0.7814305833712178
-0.7810522576338507
-0.7803815245358302
-0.7802378508437309
-0.7796886009190337
-0.7778128876619119
-0.7756964465516972
-0.7732617946773189
-0.7731607702772006
-0.7731517759426543
-0.771847014193586
-0.7700352892580329
-0.7699946037242813
-0.7682552025391332
-0.766669285043239
-0.7653281071476551
-0.7646696269730457
-0.7641240947860259
-0.7637369045782508
-0.7631596906274368
-0.7623089913513783
-0.7619823254278687
-0.761893711516285
-0.7612757241523596
-0.7602614792151533
-0.7566487904413098
-0.7506738438047322
-0.7501811075618745
-0.7495717570966598
-0.7481579861026227
-0.7480195342462707
-0.7435042708140664
-0.7403315017172705
-0.7388250905925564
-0.7381567742858386
-0.7375051272667548
-0.737330080343517
-0.7368042095598417
-0.7359299746974087
-0.7351661715904638
-0.7303811946175237
-0.7297496814475307
-0.7296324365532787
-0.7287456732413622
-0.7254488894587495
-0.7251544421378345
-0.7241142757822788
-0.7217769267219044
-0.7200202982001491
-0.7194276849662575
-0.7186119028226688
-0.7184920168438864
-0.7167818763452249
-0.7166587074086073
-0.7161909962805469
-0.7137106327455472
-0.7132955238670744
-0.7132555293657785
-0.7120590405489869
-0.7107913604989187
-0.7106050382510034
-0.7098312284290231
-0.7097633407271624
-0.7080524117249758
-0.70607657863162
-0.70278689770006
-0.6973157071313439
-0.6971183847573035
-0.6952592037701821
-0.6951255034072843
-0.6949075545350591
-0.6927151884846625
-0.6858923957142704
-0.6858023136435969
-0.6853633856710261
-0.6853576775904545
-0.6852486813968314
-0.6837867540065965
-0.6814938686979087
-0.6801820357675027
-0.6790082970956768
-0.6788273731711782
-0.67821491045205
-0.6773137982385169
-0.67665812618364
-0.673770563682903
-0.6730319979270654
-0.6728897322644237
-0.6693139559422493
-0.6675940579211035
-0.6664649726280135
-0.6656933526881185
-0.6600646140348387
-0.6582412571421109
-0.6570172668061782
-0.6546229547677267
-0.6534977883098311
-0.6519696556591624
-0.6508625798759102
-0.6495822584457094
-0.6491596318257855
-0.6490825257379937
-0.6480951721403453
-0.6445383635785613
-0.6432939079231951
-0.6430237692102497
-0.6420403163202457
-0.6398005331113895
-0.6326372749259941
-0.6320244854494532
-0.6306221193483889
-0.6302014250506878
-0.6300765137351205
-0.628497818904521
-0.6267372003729241
-0.6258219329924017
-0.6256036612131022
-0.6215430900896631
-0.616800485296606
-0.6165019550559969
-0.6138769620747899
-0.6137986354940198
-0.6123204392700614
-0.6090214572257088
-0.6048360277192822
-0.6047845961421713
-0.6027023601371786
-0.6002796334468561
-0.6002707754177562
-0.5996918084430476
-0.5988379314731065
-0.5986514468299129
-0.5980315176528619
-0.5921262600745087
-0.5911739134503431
-0.5845717459507652
-0.5828012171095772
-0.5800459731051943
-0.579985321948153
-0.5784388656314005
-0.5766280432664116
-0.5748531651210474
-0.5738082435359412
-0.5696941121072383
-0.5675266499386408
-0.5668459797166889
-0.5626885353876155
-0.5609020977133519
-0.5575841044465579
-0.5533527718387494
-0.5508804157127511
-0.5499332041694821
-0.5496949134610986
-0.5494105268512847
-0.5484991696162893
-0.5483918233501884
-0.546280388196009
-0.5450327431774844
-0.5430034370882965
-0.5424860067941573
-0.5424605321381513
-0.5421593008478692
-0.5415091024249117
-0.5376459741819912
-0.533121067727166
-0.5319168441992975
-0.531298209575544
-0.5308595528452005
-0.5304566706122743
-0.5302851933712075
-0.5261094796498493
-0.5260130605586623
-0.5236329948392926
-0.5211475255237891
-0.5198919493570913
-0.5197201314463733
-0.5191575670799022
-0.518390255127482
-0.5160428212461284
-0.5151683773331027
-0.5133471638485743
-0.5115133898638486
-0.5110673009404705
-0.5100089027686576
-0.5091920938739499
-0.5087202183462755
-0.5083794379682472
-0.5068128937468053
-0.5057638723991454
-0.5051602479409344
-0.5029063341446682
-0.4951302764938702
-0.4951065664301746
-0.4947757501518809
-0.49431964015060764
-0.49407532022505546
-0.49307262091437953
-0.492812870667397
-0.49034079311954115
-0.4901726916633685
-0.48911253989566406
-0.48624724043564216
-0.4839236158359502
-0.483220872910003
-0.48200344567875003
-0.4809388313433324
-0.48082989103843854
-0.4806374678087283
-0.4802527821005145
-0.47894173450600747
-0.4779383754984401
-0.47718768384651045
-0.4769339259766263
-0.4750468818971003
-0.47493691825215034
-0.47462711830926607
-0.4743466904503365
-0.4740943380534493
-0.47389615420491804
-0.47336526430187126
-0.4706219864835822
-0.47061882518620013
-0.4691510676237496
-0.4678955748577932
-0.4675609751228397
-0.4625910703301714
-0.4620808231533249
-0.46135135319039206
-0.46000895605790026
-0.4598510179839287
-0.459826448730496
-0.4584566855866081
-0.4576258370017435
-0.4570891549341087
-0.45331521600518004
-0.4511538215928198
-0.4499690870603426
-0.44923643036233174
-0.44644033465024513
-0.4449953705216285
-0.4432756754403907
-0.44296267129761635
-0.43726607968427655
-0.43695628881758486
-0.43693210996968157
-0.43430389626972826
-0.4333512087618347
-0.4319445737706621
-0.42975781203873686
-0.42784304193128453
-0.4270276194961121
-0.42595156057278005
-0.4246733797510372
-0.4237909395876944
-0.42276416877116474
-0.417266273310841
-0.41504360276809227
-0.4130496192065787
-0.4129042238049148
-0.41221559521323137
-0.410961849804259
-0.4073367280762406
-0.4046959455314866
-0.404287692958041
-0.399245421716109
-0.39851377174309066
-0.39769136089839374
-0.39678857069473294
-0.39564097302112883
-0.39415358585599314
-0.3873445760958104
-0.3806939173994215
-0.3794529677592383
-0.3776850011728997
-0.3772988216306319
-0.3766674747608925
-0.37624482451887753
-0.3744894115711558
-0.3739685799226282
-0.3715194026837224
-0.37024758577310946
-0.3700081689238299
-0.36904987553101387
-0.36861142850542694
-0.3677869623257129
-0.3573028408879338
-0.3556009434320557
-0.35490143610117564
-0.35330806212875143
-0.3518743171021756
-0.3492642047792586
-0.3485172437368429
-0.34835059576774074
-0.34813802534971056
-0.34679164450630323
-0.3421696057981106
-0.340101989952864
-0.3392767771411268
-0.3363951064039152
-0.33578868802049455
-0.3355985860415207
-0.3341557372935341
-0.32807831051564385
-0.32522787343183196
-0.32301225407959666
-0.32192475972954065
-0.3169851359539171
-0.3161300755900871
-0.31563133352072226
-0.3153864149354293
-0.314710978761754
-0.3113733806512834
-0.309660039423602
-0.3085402971005171
-0.3083891509695381
-0.30624621300778043
-0.30296776560894656
-0.3013093715763201
-0.2975173548197606
-0.29457565513552586
-0.2941400961444025
-0.2940003231053038
-0.2849901693699911
-0.28494353769976954
-0.28257066975365314
-0.2783090560414458
-0.2768324551092416
-0.2766823182725612
-0.27593275032626563
-0.273774373216062
-0.2737323481346352
-0.27342622984838644
-0.27231136052324845
-0.27089236399326533
-0.2706244236938588
-0.26903264330637666
-0.2675933003650496
-0.26619391845608653
-0.26591720396170815
-0.26359667105401885
-0.263265844834232
-0.2631693972065895
-0.2600416809303968
-0.258976309242809
-0.2581253153672427
-0.2508483854995913
-0.24972204653755448
-0.2491106928569673
-0.24889630198467694
-0.24790243910436438
-0.2463516642716821
-0.24581927911513957
-0.2446618089330268
-0.24386644915491082
-0.24327841118875282
-0.24252637808271338
-0.2404619683758814
-0.2382313216680807
-0.23729345064056018
-0.23633093682294887
-0.23599336573030544
-0.2353436150357462
-0.234395428941235
-0.23131170614523555
-0.2277608499444484
-0.22538146788746188
-0.221656791131277
-0.21893151040232717
-0.21643443588174427
-0.21478731488828917
-0.21284462844621566
-0.21083650346709537
-0.20999992692184055
-0.2092910331122666
-0.20658405054039342
-0.20545287468969142
-0.20453415034268102
-0.20438670427749694
-0.20399289377797558
-0.2028195036516136
-0.20260859159438
-0.20043696507172848
-0.19862576458123404
-0.19859333531248108
-0.19688361635782242
-0.1954745989642673
-0.1925427785890848
-0.191396676897866
-0.19049192425635597
-0.1895957386106546
-0.18899590798764743
-0.1878065126067482
-0.1826716979630203
-0.18235704853200063
-0.1810782046907119
-0.18100826611367696
-0.17652246998135812
-0.17652233828756744
-0.17450342547721698
-0.17277596003184936
-0.17125282732375346
-0.1681616394512585
-0.16735628363750588
-0.15873306874985366
-0.15688723474099753
-0.15573494837674018
-0.1553285763432899
-0.1549010588948505
-0.15202945177924876
-0.15037383874567822
-0.14899785378551023
-0.1488085150353441
-0.14732359494839964
-0.1472011293542076
-0.14696946994645999
-0.14696260137377498
-0.14648800617412283
-0.14416997885948965
-0.14239089164603957
-0.14126323712435407
-0.1406187780560368
-0.13980194545114477
-0.13878865021343573
-0.13491580519602378
-0.1348221553143285
-0.1345541822360502
-0.1340284317621473
-0.1323641474145908
-0.1305801374157396
-0.13031602904969364
-0.12621537945014594
-0.12566079288195334
-0.1243672397539296
-0.12211896717035459
-0.12172113013590213
-0.12060402039441276
-0.11922280486078929
-0.1155151309597966
-0.11372036110081668
-0.11347300489488632
-0.1124322026271215
-0.11121934209597306
-0.11112433707374425
-0.10772025261846374
-0.10572078390393913
-0.10537162294801694
-0.10511681194801187
-0.10081722362883269
-0.09949172087598801
-0.0976713283615514
-0.09680673791290262
-0.09304332776035751
-0.08758208579258686
-0.08757601749989863
-0.0874569345337622
-0.08676693052834769
-0.08546315244660614
-0.08483582961097103
-0.08419963585332525
-0.08360993988379095
-0.08193373388835823
-0.08015245436440976
-0.07788338278948603
-0.07634133647124244
-0.07407534194193058
-0.07313951155467524
-0.072273817897477
-0.07179463384608602
-0.07002947641686025
-0.06394837118816145
-0.06258304808776222
-0.06183056191285696
-0.061210348842317686
-0.05674257799157789
-0.053580546589380995
-0.05169278256973969
-0.051464583137859954
-0.049821673399618294
-0.04968278479822702
-0.048970910371364806
-0.0463895762661366
-0.04451662838624234
-0.04341857252154502
-0.04304802186926976
-0.03662300975234234
-0.035946918529379646
-0.03518173220503801
-0.034479159203286924
-0.032211109336378274
-0.0314585231985855
-0.02754794119838888
-0.026372407076776294
-0.026110435484915484
-0.02323243896516418
-0.021144490350574474
-0.01803916418503887
-0.015255932692809004
-0.014797474630680596
-0.01424257012988489
-0.012547863985380214
-0.010215190415522268
-0.009163198467110473
-0.008026051209702234
-0.0061342548168565325
-0.0050007345462083075
-0.003163282099442166
-0.0028289014705263904
-0.0009633705045225538
0.00809975373191052
0.011587616575855109
0.016091298288999356
0.01926987175143735
0.01936978731527096
0.021985939823937373
0.02392361551104749
0.023932851368510644
0.02414457007381199
0.025349904521000943
0.025460832759290564
0.025764250049402637
0.026253014157324395
0.026294138813093282
0.027220101597294155
0.02910363208147937
0.029625597151540783
0.031864015389241884
0.032594415021520384
0.033189640006048404
0.039564101969170984
0.0407666334357647
0.04262365056384276
0.0443681188807977
0.04473383397095965
0.045996638874150175
0.04755828086761826
0.04775829598053505
0.047861437518346664
0.04830700162941359
0.04921239208891259
0.049729202429105834
0.05240374811502613
0.05265463898870215
0.05360632973692969
0.05506741259937087
0.05724746984435536
0.059874861037901295
0.06127936642384646
0.06283283270763318
0.06327555363906978
0.0637256384730526
0.06440628314520391
0.06812982418811409
0.07088147470294737
0.07265925704764753
0.07274460422192675
0.07300936589248008
0.07501754641092584
0.07548871717329642
0.07662362993889693
0.07689200283000386
0.07700853087287346
0.07751906448174131
0.07754042072248768
0.0822814720666219
0.08310337889392672
0.0835028602585961
0.08375490679631059
0.08476641450050715
0.08618627133972834
0.08721173102248991
0.08740668880264996
0.08742609251336808
0.08801033544165138
0.08848199821256575
0.08863100774108768
0.08997128002911925
0.09100206727441995
0.09370285789090782
0.09619961945330635
0.09661028834698826
0.09677959914070677
0.09783095433403233
0.09783169390606539
0.0980865899299661
0.09832382740420875
0.09925322054044905
0.09952707704192394
0.10287471596186265
0.10477382205205454
0.10537222930371115
0.10653823577723984
0.10726771807182847
0.10730813223632985
0.10921127610764236
0.10936808593319958
0.10948770566672072
0.10996975459934577
0.11200489964984406
0.11354352196485223
0.1139370243426028
0.11507201919769974
0.1157688202523951
0.11654241479296251
0.11737171995807438
0.11975928022155774
0.12272893562808262
0.12317241923378541
0.12439251549743946
0.12632309774866246
0.12733128920186154
0.12739384297232176
0.13187637851302042
0.1367830859092941
0.13784524205315984
0.13856246777759562
0.1395111920774571
0.14050606115586106
0.14374364239696336
0.14633169138352564
0.14652505504575938
0.14887656637673907
0.1498847744418471
0.15185304860691362
0.1525893394964548
0.15376516456192546
0.15502177524482197
0.1591214175842009
0.16003662770979687
0.16032378150405435
0.16192843850821637
0.1649711681816588
0.1654257066070648
0.1681249000812557
0.16853930946711296
0.1692401633451448
0.16953700271051864
0.16982660683601114
0.17031696455373066
0.17229488443393715
0.1747274235240439
0.17817134320930006
0.179699122564268
0.18101207194853203
0.1820473674161247
0.18228647704897427
0.18255998277954816
0.1828263484451439
0.1837027899805665
0.18487690244848798
0.18583114194531214
0.18604710683822612
0.18690021195691642
0.18712940233721742
0.1892928890027319
0.19088654217833545
0.19170023940765446
0.19271302703118343
0.19314028352240975
0.19340027833507312
0.19363701967745128
0.19642881119662647
0.1968266302529188
0.2033923307505941
0.20363065298770666
0.20725698220173255
0.20953838305200367
0.21024916380595177
0.2109897441440908
0.21442892498841826
0.21466465797872047
0.2164644477044423
0.21758874867748257
0.22256822033015955
0.22334172956795223
0.2256438391224901
0.22566890223711455
0.22707324577246077
0.22840360347900734
0.2294801095800224
0.22965141176788242
0.2302901245082526
0.23434688647640645
0.23484473424629027
0.23569702944534043
0.23880749784828498
0.2391662859216609
0.24236862093784917
0.2447776444694658
0.24830577496183295
0.24859935940222067
0.24872739873483574
0.25224938115141227
0.25329280359028494
0.25629854389559725
0.2580204193747531
0.2586271156316086
0.26036571425211547
0.2604276149399268
0.2609103459604042
0.2639638573078643
0.2640438922216838
0.26440442448677026
0.26473762765449627
0.26608495132206655
0.26708929550041816
0.26836799119348687
0.26838927136325924
0.2698835755976666
0.26996097225878257
0.26996496328527697
0.27130405342259284
0.274506771547935
0.2765764991033097
0.2779585761817338
0.278172222446874
0.28079515894317997
0.28133022787525946
0.28133185479585865
0.2813822478125393
0.28248892068430165
0.28257275659415326
0.2832156287332016
0.28365817935448406
0.2858665716551121
0.2867532840279905
0.2879794664382491
0.2896473623716025
0.2897503181507529
0.2925067327113848
0.29280397997564994
0.2930399894566378
0.2943487179933168
0.2951241266276947
0.29545645268768017
0.29900878714209167
0.30146990361957493
0.3029421286522679
0.308358607315505
0.3085712925549281
0.30952733016653217
0.31039246584396446
0.3119905765348988
0.3122805385568631
0.31273542089606043
0.313041581384709
0.3133684371922391
0.31414708283493264
0.3174016528727905
0.3179091302593732
0.3190338620139266
0.3208987503075933
0.32166043052054216
0.32382408359642867
0.3253002126558586
0.3260103342918385
0.3264174783692317
0.3307114076238652
0.33214725297867426
0.33270699041624546
0.3345521483512679
0.3350548374208777
0.3382431563294808
0.34029294189519954
0.34061726554560967
0.3407122072946466
0.34096140033997546
0.34155655362301296
0.34772986896258096
0.3497084342511674
0.35035963061447584
0.35037558788939926
0.3509712421195532
0.352017626390592
0.35396682074193836
0.3546735569731473
0.35629833989312976
0.35816395731423667
0.3582567914385448
0.36542335975840695
0.36582876255562086
0.3660586312196127
0.3680281081408605
0.3697187323645954
0.3701894595505073
0.370242760785196
0.37385143555231076
0.3739455839012358
0.37495082693541665
0.3759352496330652
0.37670142241248017
0.37679115337406643
0.37852406575590686
0.3795080261901308
0.3798457940598155
0.3818096407595082
0.3826285438955169
0.3841970769419736
0.3852648785395315
0.3860849126092579
0.387014564250037
0.38703059538827594
0.3878426642993649
0.3926250211909176
0.39606316232193794
0.39700817642351927
0.398354111834822
0.3991269258642619
0.4016949009346179
0.4031338305030091
0.40330890896700244
0.40417107053580675
0.4043555897752478
0.40564031470867656
0.40624735080722285
0.4077656006026585
0.41073082092862734
0.4121921292386298
0.4124919915260996
0.41292385961372435
0.4134466261084371
0.41426597574303814
0.4154675757467642
0.41645675313296904
0.41834736937629463
0.42003975286448275
0.4251965809385857
0.4285787559879442
0.4298967400367714
0.4343288036286589
0.43681593885223824
0.4393158462147848
0.44429308760639724
0.44433101630397187
0.4450260765287577
0.44639894685208337
0.4476342013198316
0.4519574854647104
0.4522661806407052
0.45255744384887553
0.4529335726064322
0.45846330084765524
0.4604857948286062
0.4608278548590532
0.46155926920440016
0.4620220466700081
0.4624337211318306
0.4635717740514563
0.4651833843873994
0.46658660520005146
0.46863723996694184
0.46991771565424956
0.471094888601349
0.47594873936166915
0.4785273791125309
0.47900042544427907
0.4834246967075598
0.4835423025286637
0.48508265103028614
0.4860873523508803
0.4862184933658151
0.4871884100998974
0.48773594147317334
0.4883703910371847
0.49154724343463135
0.49165176615003475
0.4923167791705439
0.49251154067824915
0.49252882682669114
0.4931269793982901
0.49428547952679447
0.4950238154465388
0.4952234228952344
0.4956438396635648
0.49577356818783613
0.49696658412363404
0.4989391342751601
0.5001996928565688
0.5003879344561929
0.5017807654219322
0.5022928680832647
0.5030128166113078
0.5040551896868913
0.5075715204302642
0.5081794380702311
0.510148029860814
0.5124362955763364
0.5124369178802206
0.5134478701511391
0.5145349238333484
0.5148186960413002
0.5150674580878017
0.5155425740865955
0.5179132947265367
0.5180328534483856
0.5184986286760511
0.5197356033675162
0.5240301284396138
0.5270046799881887
0.5293499624166882
0.5310575768665103
0.5337060252112039
0.5342362015562574
0.5352303282163433
0.5354317301310076
0.5361376619507139
0.5361878051880745
0.538107019250928
0.5392042293626236
0.5395610695925718
0.5401178257261722
0.5425844745055339
0.5433942254102261
0.5455114583810253
0.5512237776483717
0.5522891293223195
0.553235991500549
0.5570506054299973
0.564427767028657
0.5669881199525628
0.5671298684267447
0.568637678707903
0.5698911470779554
0.569919901185844
0.5718911817704531
0.5731870491888735
0.5748417091646246
0.5754239438827329
0.5755994204100026
0.5768618408886982
0.5769869898214003
0.5786043319788223
0.5796275194040711
0.579904479174719
0.5801231523885049
0.5808137899976967
0.5809332868384345
0.5812859832832772
0.5818502756774883
0.5826118036256881
0.5837712685134993
0.5850706367773233
0.5862003593870209
0.5870926359938993
0.5887819765379384
0.5906982111370767
0.5938292435679466
0.5941883857801458
0.5967435056798744
0.5982957711746844
0.5984685649013941
0.5988660621886776
0.6000065008019158
0.601136475287367
0.6019551839369373
0.6036233354878136
0.6050063500348613
0.6091620350526374
0.6094702479884229
0.6101789446269712
0.6151743031686134
0.6154842870316692
0.6157487972705017
0.6158387026398413
0.6162323558411411
0.617728858435292
0.6194090522594411
0.6213192180215947
0.6218923445616453
0.6223234525562601
0.6228769109128477
0.6234696435791734
0.627058872188277
0.6280912270554672
0.6288679193720801
0.6325216299228255
0.6331544484758593
0.6343618472440828
0.6360325705449006
0.6370557317333809
0.6375175771999435
0.6381780340997858
0.6393665549171077
0.6394907064306931
0.6432597581632633
0.6449497914005412
0.6464785630828632
0.6496076429741258
0.6510750558488171
0.6538639123565657
0.6564051836576401
0.6567414780895521
0.6581677309239127
0.6588758469231657
0.6624883497646241
0.6643978772633578
0.6650254304694663
0.6651836670240794
0.6664738810517401
0.6678523969293296
0.6682370757878631
0.6723739900490331
0.6729213649149681
0.6740592479115861
0.6749948134009207
0.675025501341514
0.6775722561398212
0.6817325256778012
0.6819943276917682
0.682720397053922
0.6835483786760607
0.6854500666885044
0.6868631906670014
0.6871087999706929
0.6875149445707248
0.6892741123751587
0.6908992387856502
0.691641029125789
0.6919884088778423
0.6921708043182442
0.6925491071474277
0.6927411990196239
0.6948750896221431
0.6976672116450051
0.7007775215290021
0.7023200745197817
0.7023632185942342
0.7037613428152926
0.7038748471782689
0.7064368931663616
0.7069135922304924
0.7072447564146414
0.7076264010125817
0.7089595236884101
0.711214877790202
0.711346284530231
0.7151813397303844
0.7158751429040207
0.7169777002553488
0.71711181312453
0.7185549865188439
0.7188649109618717
0.7188899122838684
0.7193588120774079
0.71956777837352
0.7201065659094321
0.720832403198679
0.720915186648055
0.7227714370261751
0.7237739706656212
0.7242673025719205
0.7248351979153198
0.725009059125293
0.7251336818060733
0.7261603150683511
0.7303927723994786
0.730415736596912
0.7316680756589425
0.7319746346994019
0.7320964333218206
0.7337724436457327
0.735815402748192
0.7364890069845644
0.7386396125364105
0.7457032416228989
0.746705729566701
0.7468623409228468
0.7479476516493031
0.7479599846740268
0.7481323019707031
0.7519625361654392
0.7537907201959839
0.7559426122167483
0.75597166535259
0.7605407710572267
0.7610635853298044
0.7629487058503088
0.7630827486155236
0.7656739327795214
0.7705467036666251
0.7725834795756475
0.7740027357856392
0.7779906502164393
0.7813740526693238
0.7851069917585325
0.7885297248508294
0.7886360628550771
0.7915428296452599
0.7922891210837714
0.7932714410462849
0.7939732813210838
0.7944137673668686
0.7972442534853339
0.7976482922511373
0.7980867635111621
0.799637599522523
0.8004682668372515
0.802184464669944
0.803325558604198
0.8047883280657647
0.805223386391624
0.8057094484155172
0.8074580116561788
0.8086641984699526
0.8101213226565364
0.8125637146815772
0.8139236568221845
0.8140314893238447
0.8147951754950482
0.8202138140725973
0.8219225822033485
0.8224063831665548
0.822639305794545
0.8248189740887785
0.8256326418211914
0.8266674919212751
0.8272232618616
0.8272843860333263
0.8279601431339132
0.828663867554227
0.8300382058141706
0.8323536862738832
0.8340922509792662
0.8352973128283229
0.8382757203310943
0.8393321385906087
0.8414271296080411
0.8425261462303781
0.843938046059234
0.8476490316016594
0.8494152865613318
0.8519722361314822
0.8535315944777059
0.8537013466748629
0.8542986013502141
0.857186310809975
0.8581495067632975
0.8589504214755559
0.8589998114668027
0.8592651428471387
0.8612360461124895
0.8625866372227213
0.8634826082535598
0.8641036093050647
0.8663505549901609
0.867240451710198
0.8676931416600977
0.8685765455908043
0.8696568891953464
0.8705157628231681
0.871712961543331
0.8753228591732758
0.876823239035397
0.8769091238781553
0.8819563355705781
0.8824829135285105
0.8833675907227689
0.8895074303474176
0.890008148458426
0.8918615117984376
0.892889406343706
0.8930736316324741
0.8934501247752195
0.8944715826335508
0.8978390144108179
0.8986653006144278
0.9053071852354542
0.9141642028731087
0.9146888486316759
0.9159943894002902
0.9174458165910474
0.9209104701462276
0.9287203628221876
0.9292378230012595
0.9293092019116714
0.930717680655453
0.9335626597240971
0.9344929247926432
0.9346349620483012
0.9359924593917136
0.9369326277123157
0.9372183060879685
0.9386812036968255
0.9414790882811247
0.9431201751694207
0.9469141312965013
0.952065553698799
0.957834312030769
0.9582978717645142
0.9595041193864791
0.9596842881666008
0.9600541486329386
0.960529511668224
0.9626654023939529
0.9634319540627575
0.9668154268014771
0.9673620472815045
0.9697748896251784
0.970334822341663
0.9716904727578268
0.9724252253803364
0.9727081402194655
0.9769228527094853
0.9775324736842338
0.9786412030120326
0.9796128414690306
0.9799319207734175
0.9800021326473664
0.9800035525731777
0.9839684168405132
0.9867724908005758
0.9903720441169744
0.9912317233301152
0.9921472919145755
0.9959125841133158
0.9963331839173164
0.9986046643806511
0.9989156630155258
0.9992848773275781
1.0005315886877983
1.0059547672227094
1.0063473479898957
1.0069430322688857
1.0077333513985722
1.009916690969888
1.0115282865918402
1.0205463753729447
1.0209865668408884
1.0242306024338745
1.028707617876293
1.0307595613694098
1.0309774915818068
1.0320510386200028
1.0342631188750482
1.0357727321959564
1.0376219346576914
1.038074166219088
1.03866673834675
1.038865632651023
1.0431467706769564
1.0433382219801246
1.0483529331171975
1.0544983780717878
1.0594443788743617
1.0600473419849024
1.0603929839019774
1.0615163291519891
1.0636235702674754
1.0655674412944736
1.0683312818615665
1.0709888284575144
1.0732092196005891
1.0733671758030605
1.0761063265889144
1.076701398595731
1.0805274202037924
1.0827734999553893
1.0834733000193508
1.085565023072673
1.0876889036854551
1.0902064143310062
1.092121536051362
1.0937198286125842
1.0941421678010679
1.0942608158136213
1.0958301899910032
1.0965090292871358
1.096995235667995
1.0985991099425823
1.0987725891160551
1.0988937237273153
1.099469571995546
1.100405952578838
1.1021743645709936
1.1021919656547061
1.1063881207573383
1.1072919764038962
1.1076111104784523
1.1079871574743776
1.11437207319864
1.1160596106668974
1.1165784927171694
1.1264477662119545
1.1267630778746043
1.1277189064863675
1.1285404230975535
1.129414929579653
1.1297057338236662
1.1310402971569367
1.132255385742999
1.1330266013019339
1.1342840103192782
1.1375274527404717
1.1380539145829176
1.1415352654527555
1.142097460349269
1.142448678382808
1.1437132046167968
1.1444468517784145
1.1454054054839586
1.1479135690525344
1.14887726634817
1.1492324835013095
1.1503998853523114
1.1599129645951896
1.1604918120748942
1.1634414502008195
1.1678171685141965
1.1690264035330016
1.1713213540315328
1.1717522782485204
1.1742174383952013
1.1745164430441166
1.1770904371203859
1.178286094529634
1.1812610031527941
1.181970541464161
1.1846260482951705
1.1855314696946244
1.1901122398744
1.1936972673493922
1.1948167476848137
1.1967915952617427
1.1990572176972856
1.2002941756857308
1.2027104335511412
1.2029525314891838
1.2038378409267567
1.20438692842985
1.205205736696179
1.208044877556302
1.2082480768660753
1.2091215433033482
1.2101842030740757
1.210936057910055
1.2112339462230506
1.2116316374112246
1.2117178262159154
1.2118463606793672
1.217734471688447
1.2182914662079907
1.2200046345223827
1.2205769728872433
1.222978230996687
1.2238562625471054
1.2243931550937786
1.2270599136054012
1.2278132173754035
1.2284605198608713
1.2296479600329528
1.2320276349851587
1.2320873432929025
1.239122322026841
1.240229401792158
1.241503601883089
1.2417117613391482
1.242520926702983
1.244075490920906
1.2471966564917358
1.2506044134887446
1.2516865040369258
1.25199203226705
1.2530366546947038
1.253538986661368
1.2550104059833471
1.255612766797627
1.258431971459708
1.2593722574849298
1.2597488233387024
1.2612937110252336
1.2618233888658914
1.264074006487539
1.2653142082416622
1.265819888418682
1.2685119701143686
1.2693905783060917
1.2735810220063737
1.274162515982687
1.2760514371598122
1.2779554096396866
1.279100069345306
1.2814169078700681
1.2820265607645913
1.2838780359248734
1.2845446728383034
1.2856199545281664
1.286410587552877
1.2947301046860364
1.2963494584747626
1.299921615160672
1.303312076988981
1.3041207104713832
1.3045075583926424
1.3074381678521656
1.307701940421773
1.309780370071686
1.3109878649620796
1.313735045368643
1.3153239439462103
1.3174168005507731
1.3178729690082385
1.320952707531588
1.321510793356358
1.3237283075950004
1.332645095611186
1.3332293368289818
1.3333667308492845
1.3352004101269133
1.3352674061465328
1.3369706508971158
1.3373192834867051
1.3410880432706767
1.3416522997988825
1.3443182446614186
1.345357653592728
1.347906982214981
1.3497523885699625
1.3524375330588065
1.3525351087732662
1.3532372359679024
1.3540495827094647
1.3540883853933137
1.3542292086403398
1.3547621593716301
1.358189672432201
1.3583639707164017
1.3594982304088008
1.360608715753791
1.3627402437051448
1.3630059698747927
1.3648619094516792
1.3675915719880298
1.3684189373489382
1.3696967455066595
1.376886419661036
1.3787393276866464
1.3813154800780794
1.3877593119570106
1.3879650034473618
1.3891699142633058
1.392097068958644
1.3926847743378905
1.3956843972992916
1.3980446684111003
1.4016520177710663
1.4016793549020823
1.4022345493423936
1.4025314276191025
1.4034364963265662
1.4064495166119653
1.4122261350840983
1.4135273899854863
1.414683548000947
1.4180250152946527
1.419476132511392
1.4208640926309815
1.4300847593661212
1.43166491439763
1.4371014791302401
1.4373489132756725
1.4400684231029721
1.4402765434169844
1.4417675321616534
1.4418401969889338
1.4489727403698747
1.4493889830101185
1.4518273820564247
1.4553049775972138
1.4625970567877078
1.4660527333181768
1.4664566390932356
1.4667706370785012
1.4668523967660967
1.4734549954226583
1.4788321937152706
1.4792186048163392
1.4843079128575594
1.4862726579988106
1.4863162996854904
1.4892707873971627
1.4895100026067252
1.489769485365153
1.493122086132677
1.4944555714275067
1.4956651676453538
1.499329177312063
1.5014899209893418
1.5018648885993497
1.5020446289426457
1.5021699695849355
1.5024463427397563
1.502857459410997
1.5047430424584074
1.5051285054280164
1.5061209702860983
1.5121083331678364
1.5144494277483478
1.5167090841807231
1.517103165806829
1.5175968382801401
1.5183157588263043
1.5225936359476804
1.5230609733990965
1.5280888833441193
1.5354894324748456
1.5385768688519375
1.5426136416947112
1.5457366775351047
1.5493741969382806
1.5499113000680143
1.5503478212526385
1.5511677894623719
1.5540457142845414
1.5577105330966952
1.558775193471171
1.559708603567774
1.5609983224394481
1.5650130390612509
1.5666454886031707
1.5667371920056534
1.5684213695723634
1.571441924811582
1.572861953416042
1.5779890469385902
1.5782560406549904
1.5835889295426997
1.5849258081435327
1.5850650594230185
1.5877124564259182
1.58948862583659
1.590870265259273
1.5925324108012628
1.5955869021989955
1.5976887142814653
1.6006556052210288
1.6019427155371062
1.6078197716543823
1.607913521170106
1.6085546671410174
1.6102632875235372
1.6114815260723225
1.6150134574894923
1.6177079052745933
1.619195516749881
1.6214696589152724
1.6235208553045406
1.6306124384125553
1.6334336699846055
1.6350707826748816
1.6365632137175705
1.6417300569525248
1.652400084282692
1.6545361990413996
1.660807935661061
1.6615611995164103
1.6645018474023932
1.672755880724734
1.6762628806701905
1.676876164677116
1.6788529650346378
1.67946621150281
1.679999886487728
1.6827378895005691
1.683004413730047
1.683198582442957
1.684750676806897
1.688557498035756
1.689637830079739
1.6955730157932183
1.6980122135456062
1.7015773867721795
1.7027341847315338
1.703336363323007
1.7083775334206994
1.714626309995147
1.717537413015707
1.7182259233202046
1.7223838765966053
1.7347972696445653
1.736431603187923
1.7425760764591545
1.7570671020759343
1.7624014970411803
1.7656550102791657
1.7686131866837287
1.772375647528782
1.7723991213648382
1.7773940070947236
1.7778821971897532
1.7814161261315187
1.7891010992304328
1.789816869531406
1.7919208618072677
1.7978556827033154
1.8032443760958734
1.8034614854613804
1.8081899568054784
1.8085296243871065
1.8243993753725838
1.8244056526201202
1.8352699866144908
1.8420671804647484
1.8488974689996502
1.8489140699008915
1.8513078323118424
1.8533797661461011
1.8562167522613886
1.8644792892063244
1.8674301483457487
1.868383856697462
1.8839059796442155
1.8874648261172156
1.887731527857292
1.887831000770467
1.8972060383518545
1.897543781412855
1.9021492691601225
1.9083667341974262
1.9136120148120683
1.9153959427950755
1.9209874257839674
1.936669504372407
1.9383528022702423
1.9409006695791393
1.9442452563482702
1.9471306781941862
1.9587091047013385
1.971408671146245
1.9727066256473784
1.9757173901607756
1.9798400185970833
1.9813305885357826
1.9819835952555072
1.9887443193787295
1.9898060980983416
1.9910363054247417
1.998681896767058
1.99989326517671
2.0045754391987636
2.0052733837432375
2.008792991568038
2.0134269112514804
2.0163260948756525
2.0189843995537373
2.0195620557354648
2.0207861128770617
2.039953569795867
2.0447486571280553
2.0462176527251454
2.047609921533639
2.0510138615817706
2.0549583131177864
2.056864780756262
2.0648183771821538
2.0770946908341656
2.0784253428215456
2.079555559523433
2.0815788234024337
2.0910596249898337
2.1058584072622586
2.1079527416154957
2.1185480000162906
2.129666205209709
2.1352056249126643
2.1444662802656858
2.1517358036294523
2.1570423946963926
2.1599383347101275
2.1655480626530754
2.167026898674716
2.175914852671298
2.1771866163676408
2.1905618171906585
2.2149236942215715
2.2249165600691994
2.2405220817362723
2.2576833218487007
2.2602401875592073
2.2718476672405914
2.3022586380390178
2.306780690010202
2.3239696433241246
2.3257561729199305
2.3406360121899175
2.3748928772162583
2.4225804596620035
2.424225991999766
2.4713551291787708
2.480452960341965
2.5316635273960153
2.5804034181022257
2.6570925057642913
2.688860899857711
2.6976363832098715
3.0669771416684997
