-16392.924259241143
-3285.8427149523854
-2350.6334034007764
-1827.0900124116502
-1826.1003345181596
-751.2285506530163
-689.850281211376
-519.6395061024452
-501.9335166221632
-486.3288807117035
-407.62990854627986
-404.6645419064762
-368.97995706412985
-361.1757305013092
-340.4888606628682
-319.60713062156805
-285.7304700144325
-281.4544786038756
-253.97649697787477
-227.6082125353414
-217.2656675400806
-206.52886372879303
-200.15698909322907
-182.61861019127153
-181.45069021590362
-178.6332749679814
-178.12454593055466
-172.46347483929
-165.19403183332898
-164.58689962750506
-163.91197821139352
-162.6839700668044
-154.56777125355234
-152.85213308052502
-137.16214440821253
-135.71975504292718
-134.27152518328748
-128.87994911625785
-119.2781113222745
-117.42840523312286
-115.67546796319523
-112.8037462517927
-105.91146187182257
-103.80067844493108
-100.68932070039833
-100.31979011074324
-96.16242176762536
-95.56053743027176
-94.5449391899293
-93.7177213740738
-89.58393910946434
-88.96767418242032
-88.53630911242766
-87.89170661364096
-83.4795688969961
-81.35005773681081
-81.28717580082446
-81.01817134464122
-77.49329377838558
-77.02139924082411
-76.72588479243052
-75.87476822733285
-73.00383135022554
-72.83314470928826
-70.6177107100183
-67.918432028639
-65.04372023101809
-63.83120682617021
-63.21637756674336
-61.874694271932235
-61.53390127612102
-61.5246546693822
-60.335539776042225
-60.22050107861322
-59.43185661995345
-58.94530986726474
-57.3986323368851
-56.4162512205682
-54.33336615202266
-53.26183491648476
-52.74308425419867
-52.45203703158102
-51.660082819963364
-51.4466099053974
-50.81474166677664
-50.579469918633876
-49.876618400172454
-49.22648866569045
-47.15520490331699
-47.089103593321795
-46.08595552019648
-45.76447930614969
-45.07430600893893
-44.93763293863301
-44.930762750163666
-44.704034113023276
-43.38125980152941
-43.208609867383664
-42.11264416110466
-41.81503312740211
-41.081617367731624
-40.70234662049013
-40.135098976572294
-40.05821794594404
-39.77894534823857
-39.542019307765905
-39.423398692098544
-39.173811075160096
-39.039770760120554
-38.75715537508161
-38.147101408733135
-36.77760118550601
-36.69508177345156
-36.47910711216898
-36.30383083288786
-36.07178676409797
-36.07051690469768
-34.74585872828569
-34.60239543002081
-34.43645427276474
-34.228659077117705
-34.119271385936955
-33.60100386678057
-33.55054203253229
-33.52012172218701
-33.48653058844524
-33.37590370678357
-33.16419083881421
-33.02585562492213
-32.942491331849105
-32.941687364188766
-32.69329377210554
-32.46090560999574
-32.4382248441197
-32.40665929383616
-32.37525751091802
-32.29495854377032
-32.175087474415385
-31.92664112279222
-31.904723089781577
-31.879941880196874
-31.871804706862832
-31.492982580766988
-31.326159697550157
-30.7741127243468
-30.70603885746348
-30.6576026747935
-30.510212593684777
-30.488703376803755
-30.19633276756965
-30.01468670400052
-29.99724775118016
-29.992706073070455
-29.88581017334254
-29.795490850422937
-29.666468368723912
-29.40872820714817
-29.27700633924595
-29.086261400744363
-28.76013139415743
-28.537313652126684
-28.4594868897495
-28.41724373322812
-28.403476652079455
-28.303336484399154
-28.08176248942508
-27.78225342265605
-27.565127773341537
-27.247185917245236
-26.79175854988285
-26.532251671806762
-26.35041664210512
-26.21752844491857
-25.99687284174464
-25.922272975167353
-25.80252758656928
-25.741680261407147
-25.616287607330136
-25.61276908760146
-25.49494773499279
-25.22604305727788
-24.76707930788445
-24.73994816424545
-24.6776574313081
-24.359057729898705
-24.34547357733189
-24.33343427817928
-24.269258139635834
-24.23940598184494
-24.202801817987496
-24.172221450980462
-24.149684141943098
-24.081951623471124
-24.04015725970153
-23.954708172929234
-23.919958365801563
-23.834261297845224
-23.550165540731275
-23.541960219141778
-23.35339303547597
-23.116126379798875
-23.1142083956178
-23.027289727177447
-22.84674833621615
-22.677728778516652
-22.546464547904694
-22.326134858868997
-22.142192791190944
-21.972294561099158
-21.870073453960494
-21.740601800752238
-21.701210090782126
-21.58663338176268
-21.565854963131876
-21.522384680815914
-21.445285109535586
-21.408943923167907
-21.33656470366008
-21.293457365192417
-21.223142917371284
-21.19868215332455
-21.17236201665885
-21.01349253059025
-20.893781787820437
-20.80845801806449
-20.7118277426457
-20.689238581969928
-20.645962934768114
-20.555556435039325
-20.491045695227168
-20.485171958773407
-20.439013599308666
-20.38884876915077
-20.211547688681136
-20.059489297242553
-19.925214101131555
-19.848822507549574
-19.750040638243973
-19.710351321599447
-19.60447823231388
-19.586050865000146
-19.524444298
-19.485769008814934
-19.4801339603044
-19.466997128965982
-19.464293791831636
-19.3690425997749
-19.33612274030859
-19.320207132526466
-19.316969398666448
-19.281391266804686
-19.06732110687154
-18.995626242369642
-18.985626937963893
-18.956184028575706
-18.90400565065672
-18.81726669064568
-18.707683061673393
-18.57782638461788
-18.389098261550863
-18.377462466750956
-18.377241847847728
-18.33724893960971
-18.311314037027103
-18.251428193335993
-18.199622445848693
-18.10604365459937
-18.03754517624228
-17.968163924752766
-17.866607856734227
-17.851211188057867
-17.850498540366555
-17.39315815443995
-17.314836369601867
-17.312485914123727
-17.19211035664485
-17.172826137392036
-17.1547391307018
-17.119584494739843
-17.08835185726729
-17.080760803806754
-17.00859749443331
-16.96954264788007
-16.92285982887777
-16.83510361231388
-16.816190587670953
-16.748918992634103
-16.720869482545027
-16.70794425889765
-16.702080297120805
-16.666698478803973
-16.624513389581466
-16.51579623313494
-16.47918431429527
-16.428489460200176
-16.425920071787353
-16.370625108276254
-16.31375457745278
-16.18836122451356
-16.037904526135964
-16.01897506896084
-15.985049817898695
-15.973957858812135
-15.873759426462314
-15.79463235149791
-15.670777358414476
-15.668819137545164
-15.664177189188923
-15.589740224241762
-15.506058621490226
-15.448100510726333
-15.393706685823418
-15.26608424873168
-15.206245760130688
-15.10800238193564
-15.098555638416276
-15.08442523287623
-15.04030726445084
-15.009229547718661
-14.899757378593296
-14.879041786587152
-14.87857808831306
-14.860996916264268
-14.77142294069127
-14.759253970186686
-14.75156802946746
-14.718215083908332
-14.708751248644644
-14.654648648941661
-14.606020468190705
-14.562333724036426
-14.391110319561344
-14.37782185796345
-14.354281760521376
-14.280399406027717
-14.14628253371906
-14.103424241779146
-14.073373215174183
-13.946777035545416
-13.780043424735767
-13.760036741006676
-13.655257223569592
-13.581514612648887
-13.548470272985679
-13.545288321732375
-13.52760454676313
-13.498791389155194
-13.497493897871202
-13.446094424155586
-13.424377250031979
-13.361268910731111
-13.342282600607627
-13.303016904792154
-13.22323222338829
-13.208848571349277
-13.163582331088232
-13.097860687786772
-13.074190155588377
-13.059563277934721
-13.016282309710116
-12.98862710303178
-12.972566306982898
-12.956614850012237
-12.943026804404184
-12.938263835467183
-12.936665963695098
-12.928171212363196
-12.853646460387123
-12.849591867130489
-12.815514818967191
-12.811470751520844
-12.796313879537337
-12.745475232343868
-12.73018538248214
-12.707029681011557
-12.68547779853538
-12.668486091096506
-12.631670828144781
-12.620151448635916
-12.60594887272405
-12.563338696659809
-12.526528904071181
-12.499298552187026
-12.48937666736552
-12.467708698522696
-12.433831660874915
-12.41895414426897
-12.41333578745802
-12.410985341661066
-12.410159478645522
-12.391143270674771
-12.384583622764765
-12.381362674288358
-12.321336349518573
-12.139668185571253
-12.133283374065122
-12.116192233241435
-12.06501475481004
-12.038429462331104
-11.984291692354514
-11.968327158122483
-11.934945859850664
-11.890691804516436
-11.871061956943842
-11.71833283092232
-11.69776227721576
-11.663373661628164
-11.626216717917384
-11.62228424617849
-11.576068775659554
-11.571855439967967
-11.519161330784264
-11.515248198027967
-11.47597958240098
-11.457292312942146
-11.45590632257693
-11.438477310146332
-11.435699229702639
-11.418414940339916
-11.411006690634352
-11.378790194693368
-11.378727395331035
-11.37858386732491
-11.35210562359574
-11.34958967262594
-11.313018616065992
-11.283888083947062
-11.278537518167038
-11.269603283346434
-11.239766534239827
-11.2376611975619
-11.093483899057654
-11.091643615639555
-11.078400989305633
-11.054520604885946
-10.993322557485378
-10.98161838459306
-10.966943941012625
-10.954965039442795
-10.95203042499724
-10.917485090847753
-10.904867244682382
-10.8712936103325
-10.832123639842028
-10.82028678932361
-10.81104778619389
-10.798646054108628
-10.770139965604837
-10.769089740472511
-10.754942534225677
-10.753336392901069
-10.731374023154311
-10.730542672081178
-10.66361494584056
-10.623795354274364
-10.580406657158495
-10.541079004448912
-10.522890386821128
-10.512657397046308
-10.504125190040597
-10.498371849596381
-10.48932862209416
-10.461511841125775
-10.425671553828707
-10.38457953452998
-10.368763569692337
-10.319700782187883
-10.301380210950576
-10.30091177199903
-10.29848458784484
-10.28574100016365
-10.262068461533934
-10.255503583962462
-10.165416990153973
-10.023790527856457
-10.019952161339823
-10.018553353612763
-10.016047000434309
-10.006434502794894
-9.986723831856352
-9.982320480082246
-9.973807586517408
-9.950411717784245
-9.934777520436736
-9.840088591341132
-9.828062390467473
-9.78797099759076
-9.77538600021808
-9.767670429258455
-9.74345561102802
-9.731137203413455
-9.693465767394244
-9.686707055573365
-9.661987040241684
-9.629676591020937
-9.606035965872575
-9.598369897455697
-9.593038355832016
-9.524144297329837
-9.50801235927992
-9.466917151082942
-9.453670673383769
-9.44897653285346
-9.445890264344857
-9.400497065106688
-9.382267101967567
-9.377356809199165
-9.355185942725887
-9.353823070823076
-9.342761303008604
-9.329848770614305
-9.317783949974292
-9.298802698320214
-9.287445211411374
-9.268388845910305
-9.250948256841154
-9.242817680152822
-9.230971134210728
-9.219829129949103
-9.19444857364247
-9.169327020289096
-9.153316423186078
-9.148080040369736
-9.109329861987916
-9.104331119988965
-9.094980080768993
-9.090781073673869
-9.044078129004111
-9.031801834157193
-9.020702656306215
-9.002410180621377
-8.976133846480378
-8.942128520696157
-8.925266431521653
-8.919388392388315
-8.913250043394775
-8.909035123558757
-8.870765314448244
-8.863148311721783
-8.853428342876525
-8.832803965025379
-8.82286635927234
-8.810886113113988
-8.788954684565674
-8.778533456482979
-8.734348002080832
-8.727013722658187
-8.706784141195937
-8.706670098997213
-8.703201908527351
-8.687895862261701
-8.67209468355459
-8.659056816585952
-8.648844427346402
-8.632448552684568
-8.61841701936781
-8.615694400763042
-8.606651218305831
-8.606020531938725
-8.602156488621166
-8.582540364641345
-8.570290828780905
-8.566012475030522
-8.556742171596664
-8.536837114207039
-8.502218029999181
-8.4980246064687
-8.46309785117196
-8.441090276869417
-8.427906490570216
-8.366819169183666
-8.349498714751004
-8.344578888587437
-8.340299029838478
-8.334285300357259
-8.325633650616712
-8.318115455767835
-8.301775222081538
-8.28594833692498
-8.276836702580932
-8.275896980285582
-8.257678297172133
-8.239942352519542
-8.237880589489738
-8.213744104728036
-8.20310434015699
-8.148665006046931
-8.142223795006023
-8.120728891176986
-8.108605436569583
-8.10271821976894
-8.09475032964382
-8.086999000141162
-8.086573813086382
-8.06621448466897
-8.023560170218506
-8.003535961135793
-7.989662050660545
-7.962083186789585
-7.951747553766351
-7.94887832142965
-7.932915435385584
-7.924398939600108
-7.918556255136813
-7.912915106480569
-7.9112811337867175
-7.906985885176843
-7.905669832883667
-7.89014224070212
-7.840493730072794
-7.8312897845471605
-7.795349201163677
-7.789144550649143
-7.782928318532184
-7.777000101389757
-7.776069000551595
-7.7192548393519855
-7.714182197738379
-7.709419324116343
-7.706803259954137
-7.6964756495509326
-7.691631245648017
-7.6811189452193664
-7.678462696834179
-7.6773669862845395
-7.677047014379612
-7.661100435216369
-7.644952713689675
-7.637510963014204
-7.635733971540338
-7.5768105800097665
-7.55619693521282
-7.541593233259487
-7.530156940611185
-7.508926823624016
-7.502374866041621
-7.501950142716892
-7.4964893535873
-7.472676768074218
-7.472000689469535
-7.446806504922215
-7.436472908228641
-7.431303090792732
-7.428296380597429
-7.42778395712039
-7.418179920251454
-7.411237372963036
-7.401733405468179
-7.391685640418184
-7.3884372878957
-7.375817172425958
-7.357258944542713
-7.3509536104740825
-7.325742829988709
-7.325615346809311
-7.3171037031419015
-7.308801712598098
-7.2883489989427215
-7.259625192398954
-7.2575873330582485
-7.254438564328678
-7.253996399267182
-7.250482156988127
-7.238003576836082
-7.230241363177944
-7.217121924881486
-7.204675315491237
-7.196567107371552
-7.189904991194598
-7.187271789468237
-7.166148244931801
-7.154441048431749
-7.130281859595807
-7.1170746087443515
-7.096666394260036
-7.088325226304117
-7.085582746242
-7.07520054758286
-7.060509284071048
-7.0407362688962145
-7.027956411388079
-6.999087510650112
-6.994017725822155
-6.988356716799074
-6.9502364314907386
-6.9493244448889815
-6.919213819648356
-6.897188029727719
-6.8954999053539625
-6.894440606780178
-6.886189671859191
-6.8772539176409015
-6.863651663342408
-6.851610664671387
-6.826633139274638
-6.82281954117793
-6.816816410965213
-6.810903595358693
-6.805233988173312
-6.768901045283757
-6.757363337324248
-6.752168009061466
-6.749402230163283
-6.747028980245481
-6.722223365632151
-6.711378931569125
-6.70073607425066
-6.694758217739869
-6.655703973131924
-6.644497891818867
-6.627872523952197
-6.5943190996161
-6.584335412863846
-6.565760293246041
-6.553845121360041
-6.551761399829122
-6.534733841965488
-6.5335124674304925
-6.531005309104391
-6.523445010864656
-6.502071599156209
-6.50092474180661
-6.500897220644971
-6.48686834206074
-6.4687638491874395
-6.466929514958684
-6.46673020282612
-6.45110887479467
-6.421507042362679
-6.4211850345869
-6.419940545482111
-6.414996150696654
-6.411889429421515
-6.4107709170749025
-6.410385935593933
-6.409437062075789
-6.4075109723081916
-6.405630841051158
-6.401635685127114
-6.3907065225163056
-6.387034296903071
-6.383726461751101
-6.356339988778142
-6.352242019475666
-6.3337809644679695
-6.31652360508544
-6.3008663362792925
-6.300257042540152
-6.2659762773885355
-6.264560434805093
-6.2508939879743695
-6.248815096551963
-6.241420322445798
-6.233819631823378
-6.2164266835387245
-6.216120769378007
-6.206310964181652
-6.2012127427162
-6.200189476778796
-6.189914561527031
-6.189900218361881
-6.173197907456123
-6.164968920795312
-6.1375075503343535
-6.117714304093011
-6.108967410660366
-6.105990882900629
-6.105650834628731
-6.101060448055248
-6.0797578837428095
-6.074051020478462
-6.061733711229308
-6.054121691547966
-6.042930990805392
-6.042816091761868
-6.036905774258912
-6.026814151862406
-6.024388749414628
-6.005688672945664
-5.979838155465847
-5.970354822855178
-5.93014946707544
-5.92826598282931
-5.921580103071955
-5.89963824362071
-5.898962484052683
-5.898949807125838
-5.893448074794703
-5.883803016973024
-5.882602244107526
-5.864426121883449
-5.863988174653934
-5.862931194365565
-5.854758888815181
-5.852081764299946
-5.847229855517174
-5.8456463988994924
-5.8361507550755585
-5.835932353676876
-5.8186204972850675
-5.8074633549473464
-5.802608369276964
-5.801618167279017
-5.796066132465377
-5.791585021685765
-5.789493550675739
-5.757945488335765
-5.755585104731423
-5.7529558974901684
-5.752811391431138
-5.745415621430675
-5.735688427193267
-5.733583945442023
-5.724342484067769
-5.717624985589819
-5.707280550723905
-5.703055451186934
-5.7001886659921235
-5.695117291059866
-5.6844371035954975
-5.679649392307629
-5.670232622682749
-5.6640524238977275
-5.646981583845077
-5.635587385088499
-5.635062529796292
-5.6343248816718585
-5.623034531474526
-5.622570120056675
-5.60508925076776
-5.602642135702537
-5.60088850310385
-5.588725956503423
-5.586484844649033
-5.571994868649235
-5.5667853448158295
-5.564892865007722
-5.563002805391456
-5.560589583698807
-5.526773462249496
-5.521771353179886
-5.515791058080303
-5.500664872678761
-5.487255126079467
-5.480707984815404
-5.475560130643103
-5.475384261004554
-5.4630576533725055
-5.452762754175045
-5.432906957066444
-5.4291803043100435
-5.411946779707967
-5.387823692523918
-5.387023293011289
-5.381177146377146
-5.378171609175351
-5.376639066536853
-5.354020999509953
-5.350106328173437
-5.335511722724712
-5.32080615910313
-5.315911476520591
-5.308886393146626
-5.30831671162221
-5.307914604373538
-5.30532149260638
-5.301412362031471
-5.300341941114926
-5.298786534671755
-5.2841135423116885
-5.2713780685128695
-5.26983946667504
-5.263237829353921
-5.256339831493452
-5.251610849210143
-5.246899482617335
-5.238549174509766
-5.234315267719485
-5.23112027345741
-5.219563492641528
-5.205291274648718
-5.194408496701836
-5.160728370125928
-5.157089716828615
-5.149959417168562
-5.141530636850092
-5.14081486929448
-5.139473197858433
-5.12568579795614
-5.12406099768784
-5.094561062007845
-5.083925259505011
-5.075148044241405
-5.070447503158602
-5.065936632361581
-5.06365989567153
-5.056618255995739
-5.0529343700198615
-5.052216904024217
-5.052029270739614
-5.043973361206363
-5.040706914944016
-5.016827163223519
-5.011060635368608
-4.999823273585086
-4.998260638456474
-4.990375877991202
-4.98772879126173
-4.973367333468282
-4.970570897771441
-4.969465382815514
-4.964917439536611
-4.947273012382009
-4.9468604662155
-4.9366989067959
-4.9329894396489715
-4.93278865388247
-4.925759851898986
-4.90271834331607
-4.8851414405663345
-4.884770502206153
-4.8685620021023475
-4.846443349015819
-4.8393741208934005
-4.83241339938318
-4.829222054628378
-4.826434998241604
-4.825497945063306
-4.8250409148101
-4.823113473180266
-4.8148076094122425
-4.802395619041442
-4.769343409947116
-4.768854775036159
-4.751320907953328
-4.747895745827985
-4.736015287256569
-4.7307776639361965
-4.724220308315358
-4.723582747262535
-4.723561652216527
-4.722937241042162
-4.722038392606654
-4.704081821972648
-4.694575321713004
-4.684066211999053
-4.683943615496175
-4.679744450441715
-4.67306253659912
-4.672732326801563
-4.663183476895497
-4.661746475725016
-4.6559538867851895
-4.653234142991344
-4.652830097931836
-4.6514707210953015
-4.6436818105923106
-4.643141083912909
-4.641059566602789
-4.638048814996278
-4.63159793237911
-4.630959519045824
-4.622256575413584
-4.619464204682035
-4.615854831247704
-4.610787492933809
-4.608799471796864
-4.607820747436918
-4.607487792879162
-4.605334351368911
-4.60076610771652
-4.59052089330145
-4.581973898172404
-4.576082844431775
-4.571935770477064
-4.570109610756788
-4.56347661165013
-4.5587083222369085
-4.558373545244426
-4.5533595900981565
-4.550256043913203
-4.532628163127974
-4.532508090491586
-4.524785444674129
-4.524397463842986
-4.523593088814387
-4.5185046417438866
-4.511512016921243
-4.502132926766745
-4.501749975465076
-4.501221096375532
-4.501074545908343
-4.487387269140799
-4.485354892353709
-4.484954205856105
-4.479250125788213
-4.476179190707458
-4.472260116136414
-4.471540942363644
-4.46964771892971
-4.46870082066893
-4.468570418296287
-4.458449384539404
-4.452731103121737
-4.450265934236533
-4.445142380434549
-4.4349035133843415
-4.43407325119077
-4.430469327276211
-4.412616594498243
-4.411024522613966
-4.407810589006513
-4.404370866106669
-4.401371035893746
-4.3993557603822895
-4.394837477771948
-4.39319158269769
-4.390706561296046
-4.390593724318574
-4.381876203367024
-4.379275462842995
-4.375057386413078
-4.371314085676728
-4.3679416871619985
-4.365627091269731
-4.363129945854045
-4.334947514512553
-4.321370920662833
-4.319964160966176
-4.3127496303936175
-4.308368903122702
-4.307842439985045
-4.305863608909608
-4.300783125332805
-4.293426112688586
-4.289547558447593
-4.284009692110654
-4.266307185330676
-4.246209358400193
-4.241915495191633
-4.237533809550868
-4.237256322383882
-4.2274890637455504
-4.226810346890112
-4.224981954634148
-4.22365189562964
-4.222771807407516
-4.221773303700221
-4.215231694355886
-4.211858697365368
-4.204086903555489
-4.203853364071007
-4.2018853557321005
-4.198815001228623
-4.194939454684785
-4.183850542105897
-4.182139522427722
-4.181902783834447
-4.17112566815457
-4.169045694403392
-4.166950557282313
-4.166946432182029
-4.152060089568085
-4.15189640942987
-4.150286149712531
-4.149796562217286
-4.147532829072065
-4.146736087578665
-4.143906262292425
-4.142543401318534
-4.141303149012296
-4.139573367256687
-4.130736887561138
-4.1216861555315125
-4.120799491751301
-4.1182811927760925
-4.114412093461205
-4.093963015888464
-4.087452444425952
-4.086143633581639
-4.077613595519532
-4.072036749691927
-4.069513436905198
-4.0663043586444765
-4.066127563388451
-4.062304890856308
-4.061956608957392
-4.04822997438203
-4.047616682267268
-4.041375698384758
-4.033670949678266
-4.0285761334114
-4.028135541575022
-4.027054247294029
-4.01556418460717
-4.014496342945446
-4.005224816667344
-4.00381060505693
-4.00123400342177
-4.000354096152093
-3.994676328691553
-3.9930636997881312
-3.991438750431714
-3.98199906739108
-3.9793405293533173
-3.9788326615793994
-3.968790475456872
-3.964982551879424
-3.962103073312816
-3.9603145665051103
-3.958687529946128
-3.958101502083559
-3.953649757338399
-3.953531607030502
-3.949209777952572
-3.9478822256799315
-3.9383719228876
-3.9360131773980234
-3.9321349943820083
-3.9293660789625124
-3.922286886054119
-3.921508630728714
-3.920904279543527
-3.902760739117878
-3.901862553017332
-3.897043818224639
-3.8942359897372274
-3.8921049111023773
-3.8905162104330917
-3.88840611856811
-3.8875635836852824
-3.8838394350278933
-3.8796047921875
-3.8764953981807295
-3.8699831865731076
-3.8468965039578005
-3.836217015691557
-3.8360930766736887
-3.8336806524897193
-3.8326676091462817
-3.8321326195102947
-3.830645810615354
-3.822294681878273
-3.817940869437119
-3.816465888860735
-3.8119309161266983
-3.810346980580801
-3.8096734833020927
-3.808642366882569
-3.806822678610245
-3.806152749262346
-3.8060466805383584
-3.801057910737941
-3.8010189477225524
-3.8001849111387394
-3.7981263809796326
-3.7978253401177438
-3.7961126916747183
-3.792528514445798
-3.781392103490777
-3.7752786062281487
-3.7750510674177633
-3.770929091712401
-3.765910154317981
-3.7633648314293087
-3.7613870067045925
-3.7600845853162994
-3.7515202431830748
-3.7481057179889787
-3.7457191659470923
-3.7437840048144144
-3.7436840856274176
-3.743596748508412
-3.743573498517711
-3.7426410982236433
-3.7415879990514824
-3.7297470431439863
-3.7261490735744056
-3.726024061342167
-3.719080228678691
-3.717151930099745
-3.714091099256045
-3.712659021402681
-3.7113757510088887
-3.7056561733281304
-3.701373565620732
-3.683016838265618
-3.674638750920481
-3.6737704473452735
-3.673732107814615
-3.673502074735696
-3.6700941608359985
-3.6692198791156843
-3.6660101083379852
-3.66322072327698
-3.6558407494695078
-3.6535676178977976
-3.651494327118759
-3.648684636335995
-3.644917329862141
-3.6439290255311043
-3.6404060714054602
-3.6349583848149
-3.631759662411952
-3.6225332585104635
-3.615228674011535
-3.6071133611905304
-3.6057356876112454
-3.6050733481581925
-3.603826689639709
-3.5990646256070966
-3.5927052326440743
-3.579421646128516
-3.579017124340984
-3.5752078105502734
-3.574356699045286
-3.568519955163712
-3.560638730812325
-3.558023395088662
-3.5564242380947713
-3.5504892155200745
-3.546404383526313
-3.5432222997381584
-3.5408206418032773
-3.5387707533060633
-3.5366099581959447
-3.5218729347312117
-3.5183197251704663
-3.5160257117578393
-3.514108684303885
-3.501437371713421
-3.4983494843253764
-3.495615488550807
-3.486385438574885
-3.4821338482475817
-3.4779247047242174
-3.472240496779766
-3.466671501667303
-3.459251238736658
-3.4581161435620795
-3.4546331962209456
-3.4538789987282894
-3.451638169641678
-3.4469823842918625
-3.446191360696231
-3.443455128377433
-3.436574979607108
-3.4340386730710355
-3.4287012758492708
-3.4173791922357166
-3.4163444492930948
-3.4147959992015906
-3.413184145299202
-3.411181714616882
-3.4110212417191543
-3.410862348101504
-3.3963941735950165
-3.3942805811994345
-3.3938941755119547
-3.3907675542453637
-3.388794100285791
-3.3826729778748788
-3.379105340235292
-3.3750938116351756
-3.3698961903127636
-3.3658672190650543
-3.362213002930655
-3.360436015740129
-3.3601203007519387
-3.3576813793277154
-3.357253206680562
-3.3563905368894558
-3.3552213484509315
-3.355197237226061
-3.3498824906840348
-3.343828836443881
-3.3375858143441715
-3.336745730249931
-3.3264359154321865
-3.325549374287629
-3.3240028121909218
-3.322872603992135
-3.3200414317276286
-3.2991552777698656
-3.2988384629159233
-3.2957439293626094
-3.2907071538358594
-3.287912388150718
-3.2851112270069676
-3.2751704786074596
-3.2484901334345206
-3.246962795927106
-3.246762095966965
-3.241676428595698
-3.238709014035223
-3.2346717518476105
-3.2325177414142137
-3.228755378303851
-3.2240361033420575
-3.2119833867907674
-3.207761572412523
-3.204989980530089
-3.204623370342776
-3.203827596862275
-3.2020196159054066
-3.2012073557976786
-3.1915725191502213
-3.1787270472012477
-3.174836863465094
-3.1646596439641286
-3.163135888909114
-3.159545393454237
-3.158235239835406
-3.1568363621520645
-3.15404433212634
-3.1536902132079936
-3.1392064523552055
-3.1362248277230784
-3.135554897520229
-3.1343239671444567
-3.1259338798768206
-3.124524075590093
-3.1207095322324854
-3.1198588025342193
-3.119032094531292
-3.1072440999201394
-3.096459211274621
-3.0957869018437134
-3.0924743238517527
-3.0920367123013235
-3.0905235405426126
-3.0900961824456994
-3.088080693242724
-3.0877990605182246
-3.08618586185362
-3.0854334681509448
-3.083090168295237
-3.0779316389826263
-3.076535494282255
-3.0742029525760084
-3.0662787580198554
-3.065039476023441
-3.063259941734506
-3.0604344526763168
-3.0600048586626283
-3.0570887395732
-3.0495534531269257
-3.04617153993759
-3.04457267221885
-3.0389646317283843
-3.0376302819879255
-3.036712048084863
-3.029429069072169
-3.0270883562138855
-3.0258456975081716
-3.023535559532931
-3.0217454941989623
-3.020283256732632
-3.0147201797413814
-3.01033299024005
-3.0097168863959043
-3.004057750853387
-3.0030879812793208
-3.0002996890711384
-2.996856625128586
-2.9952881922402206
-2.9793599295384916
-2.977787834856316
-2.9755584181105585
-2.9656703670161346
-2.9655708359010364
-2.956188086605019
-2.9511026153557003
-2.9388456426221583
-2.9189912896331047
-2.918268814774667
-2.916262640493504
-2.913539061185037
-2.911275181053486
-2.900849095432154
-2.8990575602428317
-2.8944246872543116
-2.893790245810895
-2.886795592105492
-2.8866611161453526
-2.8840087977327764
-2.8768561976581
-2.8742562418799436
-2.867575667779349
-2.8672984169518223
-2.8669954845172083
-2.865415856352713
-2.8646325445358283
-2.857270809295938
-2.8550809802098387
-2.8457390983809967
-2.8454340742628554
-2.8448207397446383
-2.8435735324307942
-2.8427794081067157
-2.8332509357077598
-2.822646887777438
-2.8189615652114832
-2.818405749743201
-2.816029230753815
-2.8137443568666374
-2.8132853973413567
-2.8122795808131302
-2.80852444086006
-2.8032288259586484
-2.7999703067291124
-2.798914959664785
-2.7984223818877902
-2.7978081595773117
-2.7958855445664454
-2.793477714869255
-2.7932795909162227
-2.7905921360927706
-2.7896026453168914
-2.781956402874483
-2.781904344862805
-2.7797976455245434
-2.7781836319144175
-2.773395760650777
-2.7724602682624626
-2.769755822342761
-2.7613489646923104
-2.760635118377558
-2.7601070596796102
-2.7576173009479117
-2.753461676799276
-2.7403939527459458
-2.739443936829237
-2.7390425985646374
-2.7372980756497047
-2.7341107761553918
-2.727492306019419
-2.7246270333190807
-2.7231946519906414
-2.7214176159052332
-2.710234436716328
-2.7028982837040934
-2.6985689131399324
-2.69671954285261
-2.690920729671207
-2.6878496467843878
-2.6751508294410877
-2.669316253270156
-2.665053260130663
-2.6629694036972418
-2.6600835615901617
-2.6574483001793463
-2.657344846227985
-2.655073126350647
-2.654495004166204
-2.6494984368236203
-2.6475937534046015
-2.646288709472506
-2.6432134171531176
-2.642997353686848
-2.6382985244184782
-2.633259673683779
-2.6325224353225614
-2.6295925189468243
-2.6274511618215652
-2.6254987856969487
-2.6244778808793034
-2.6239689172432312
-2.618995428574377
-2.618176503625435
-2.617716963403716
-2.616153773036636
-2.614406839512507
-2.613440155365925
-2.611774812168634
-2.6095855919811073
-2.6036845271334927
-2.6033073466804924
-2.601004845478322
-2.6005645074127193
-2.599845188646291
-2.5986782848702297
-2.5960197546753685
-2.595626144517397
-2.583303654053413
-2.579472266264418
-2.5776684988038623
-2.571810262166868
-2.570365076709042
-2.5702705415336924
-2.5692445999931106
-2.5674203907913458
-2.564652834330649
-2.564003655280401
-2.5633500222236396
-2.5627904968117
-2.5598466616016005
-2.5573116369554763
-2.556117205444659
-2.5559441664611713
-2.553598588320713
-2.551360172255552
-2.5495441027366064
-2.549104670854984
-2.5472311919987694
-2.5449748980142415
-2.5373023563183508
-2.53053446316933
-2.5259682858941703
-2.5103807200457973
-2.509169461544633
-2.504129569048526
-2.5035023134082794
-2.5013558508519727
-2.489094837283327
-2.4863854570372466
-2.484636845419135
-2.4804307909979864
-2.4729168015728527
-2.470847160825577
-2.4629359100439085
-2.4601838871765045
-2.458430059395927
-2.457964688976978
-2.457626639645804
-2.457594350548278
-2.4564150319235516
-2.4519649486696764
-2.451913409921811
-2.4498554849652217
-2.4475433667042092
-2.4468239733705133
-2.444202085273269
-2.440644217367178
-2.4401417158945393
-2.439296854387368
-2.4353273766073915
-2.4340355294354743
-2.4246601644954526
-2.423834359001863
-2.420281694259695
-2.400516349701812
-2.3971505437250187
-2.3882904736730564
-2.3872036267776906
-2.3691936151592428
-2.362354631471607
-2.3614721637765763
-2.361149138923629
-2.3596047309483215
-2.358914452156303
-2.3577592143451955
-2.3565319367043065
-2.3525000976200374
-2.3488156493952133
-2.3451407287976274
-2.344455173688223
-2.3395422617078863
-2.3357694970612903
-2.3345772542265237
-2.331513074645934
-2.325698129143968
-2.3172603598161676
-2.316831530669627
-2.3159289530876213
-2.3122461678303465
-2.310617633408926
-2.307804882073537
-2.307460635345948
-2.300758068765447
-2.29665021103399
-2.2965356561426216
-2.2933279870661876
-2.2900221350389494
-2.2874978501737
-2.284599465596864
-2.2815905706447843
-2.280555614571748
-2.2797308483441023
-2.279724267878498
-2.279456818809642
-2.278429977852184
-2.2780681645655645
-2.2772438343803536
-2.275076513907115
-2.27364400251989
-2.269524331226642
-2.264513790144572
-2.263111657579815
-2.262428606344062
-2.259194759667572
-2.2548214209941957
-2.248966048490509
-2.247827509067294
-2.247476291986571
-2.2458565953085055
-2.240637195413057
-2.2386268020139184
-2.238276233333012
-2.237402705232567
-2.2358293788366406
-2.2344140519079283
-2.233726476816437
-2.233034604400454
-2.230686167227618
-2.224500403095109
-2.2241863328770957
-2.223511599613456
-2.2227192240741154
-2.220436785429318
-2.2147439771208237
-2.2089302332542164
-2.2080435886487373
-2.2067240745933816
-2.200985829167764
-2.1955195365729323
-2.194311305169124
-2.1906380022916836
-2.189671018378729
-2.1881562360981497
-2.1865216887053878
-2.1863695940553174
-2.186056683180592
-2.1850128800806456
-2.184240221044333
-2.167363845115309
-2.163874172504149
-2.1598628066774914
-2.159640801047564
-2.157892073839291
-2.153249725310984
-2.15167505198859
-2.149744483133788
-2.1496453074851254
-2.1430904302565557
-2.1379398019176596
-2.1373095682666365
-2.1370067156235217
-2.1333748067446416
-2.1317222487655165
-2.127024768175991
-2.1267255121638935
-2.1263870604255306
-2.1263445084924104
-2.12151274085795
-2.119963182234905
-2.1194287271698844
-2.1170555460282046
-2.1169376001307167
-2.1128958158670184
-2.1067303026864614
-2.106016393037946
-2.103600934481015
-2.1013514069651147
-2.095753682027793
-2.0926059825334775
-2.0918535956390043
-2.0856400878583434
-2.084863523096861
-2.084862235276019
-2.082664005649687
-2.0811666709086323
-2.080757372923204
-2.0776119205311265
-2.073961046475706
-2.0703810716566142
-2.0693209074062517
-2.065154052494344
-2.0624322634360555
-2.056153560247299
-2.0559055305395937
-2.0498689101273913
-2.0439311337911414
-2.0433391317839633
-2.036904949272548
-2.0360425148751458
-2.0335929805804986
-2.029106982380229
-2.0283712258050848
-2.026708855923416
-2.0228830004049647
-2.016522045996082
-2.015810844917107
-2.0123274769126187
-2.0120604645794855
-2.0096969593734606
-2.0090808741271644
-2.007412814233632
-2.0035389411996163
-2.002748174302576
-1.9996043507476784
-1.9987593924855966
-1.9984525130053545
-1.9966705972405547
-1.9958379386218736
-1.9920457217076746
-1.9905545373113904
-1.9901543942968698
-1.989736326267323
-1.9892784871558846
-1.9876351987143037
-1.9871460102198029
-1.9866773880796351
-1.9811288770732274
-1.9786505280240583
-1.9775179894601524
-1.9768495017692678
-1.9754615480565727
-1.9750977136235162
-1.9744074817456048
-1.9732441461333918
-1.9714872249328377
-1.969895270382061
-1.9681169998142918
-1.9648737116626624
-1.9614311777089672
-1.9592649245189915
-1.9567542274306202
-1.9561587689328654
-1.9545763382736636
-1.9518939512520737
-1.949449270742876
-1.9466202042078975
-1.9407267003989217
-1.9402718533082695
-1.9396730115366947
-1.9364921048401849
-1.9325262020365637
-1.9279141132086766
-1.922860778859493
-1.9210496006202251
-1.9191331522448292
-1.9169932917094814
-1.915509169665183
-1.9149132385610272
-1.9113349941073055
-1.9110400599305986
-1.9105400846644747
-1.9065433874343132
-1.9041018872350128
-1.9038017812200927
-1.8969862153609083
-1.8940868950709908
-1.8887362423734595
-1.8882735816710088
-1.8802954962748362
-1.8798913950758087
-1.873037827254858
-1.869620947135715
-1.8685863781546659
-1.8665336648261839
-1.857968280912013
-1.8560043820301377
-1.8468054221308332
-1.8467078472350216
-1.8435014212406604
-1.842626763817524
-1.8424395172335613
-1.84156655827925
-1.8399963708927398
-1.8393891012505514
-1.8364230225765663
-1.8339420003384987
-1.8277451638436069
-1.8276638689841316
-1.8262637288183425
-1.8234748723631387
-1.8230742949455898
-1.8206767056923203
-1.8172472687583374
-1.8151109566990946
-1.8123646049324598
-1.8121725779682594
-1.8073991677811652
-1.8064769572638288
-1.802155810845719
-1.7997723422259408
-1.7991360569806365
-1.7970701931207826
-1.796444020353689
-1.7963910029944614
-1.7888798904609562
-1.7843960498061928
-1.7820387469025363
-1.7789979500051045
-1.771900768710009
-1.7672977624749022
-1.7640939209346913
-1.7610504468606227
-1.7590848601135207
-1.7587583579330177
-1.7585096172033705
-1.757856631267547
-1.7573611141283003
-1.7556495762337088
-1.753611900964092
-1.7489908455703562
-1.7486782406408983
-1.74848715369493
-1.7465519301314432
-1.7455626444915453
-1.744968335778562
-1.744592155099805
-1.7438375895866742
-1.7419374414361497
-1.7398335749091374
-1.7372747536162831
-1.7330507956005434
-1.7329624672779111
-1.7325912499925578
-1.7304926732544814
-1.7301981673137237
-1.723287505150734
-1.7223083070891458
-1.7199982913160445
-1.7177156024589495
-1.7142699857935975
-1.7119935681520615
-1.7117932539246041
-1.7105192328649912
-1.7095299922404021
-1.7076109306503424
-1.7064987455229828
-1.7051779089956076
-1.7028957506644353
-1.7017943655633374
-1.7008122195258493
-1.6948800828506112
-1.6926053325866612
-1.6920831879074658
-1.6905027900935985
-1.6894516701294298
-1.6889208007124303
-1.6884326664166665
-1.686927286033915
-1.686483389302708
-1.6855876242154904
-1.6846995329651877
-1.6823470800769842
-1.6822563055044841
-1.6803318693815639
-1.6786706902031119
-1.6764656844881096
-1.676233031381805
-1.6681407837135174
-1.6675579672386949
-1.665883264137273
-1.6642352773698672
-1.6634758719199414
-1.6627514162076658
-1.6622740930376025
-1.6596406436974047
-1.6517598501344923
-1.6513116771794407
-1.6453816652363136
-1.645238908021641
-1.643916720023701
-1.6433924761303547
-1.6409685758525998
-1.634523377806881
-1.6315358816546448
-1.6310473314977454
-1.6308942278650558
-1.6261352607668709
-1.622866586981333
-1.6186704581879565
-1.615779959809489
-1.6124491147866429
-1.610755234928799
-1.6102850284964
-1.6075061777358646
-1.607198230875357
-1.6061803217970403
-1.6032781071807314
-1.6025591110653998
-1.6011969478166441
-1.5997421928154587
-1.594536444390191
-1.5935395046740126
-1.5928794565815154
-1.5909687811313713
-1.5903010676192955
-1.590062568320103
-1.5871230909033955
-1.5855519717039832
-1.5775570454000527
-1.5769746355006147
-1.5748723212747704
-1.5722193894840575
-1.5720542478908195
-1.5683461732904767
-1.568251685646683
-1.5659163346957565
-1.5652737148679026
-1.5649344256458755
-1.5640782979332166
-1.5640315769973399
-1.5629496399996927
-1.559755564611345
-1.5587802529331691
-1.5584964852362222
-1.5557164797275083
-1.5535365852243381
-1.5485408973258723
-1.5470085045198716
-1.5445307786495415
-1.5439141103292668
-1.540518641928967
-1.5400908619642082
-1.5393816470197468
-1.5391620821169782
-1.5373943293638273
-1.5373929063175047
-1.536250613558598
-1.5352065824854924
-1.53517636603997
-1.5310213272015067
-1.5300914796884957
-1.5291154873304917
-1.5262563868976025
-1.5253977814515374
-1.5214613442271143
-1.516657716627501
-1.516199797814074
-1.5155672891018739
-1.514340493737738
-1.5137245841344893
-1.506860129001503
-1.501092649227099
-1.4999370718256273
-1.499208415103522
-1.498728448768797
-1.4976937376564894
-1.49729005613086
-1.4925656661663658
-1.4888615805716214
-1.4852068427979743
-1.4809378940912272
-1.480693853033901
-1.479438329851609
-1.472518767497244
-1.4650153601293623
-1.4628135968755824
-1.4624776238793014
-1.4589799061539885
-1.4576134421293825
-1.4548602706061347
-1.4527284938072418
-1.4504914097454633
-1.4466041261119922
-1.4458346684330596
-1.4452604400934976
-1.4439949126532508
-1.4422489864765637
-1.4422197291300514
-1.4395388143107255
-1.4360132238116055
-1.4329043721290604
-1.4311697942614108
-1.4293639675291874
-1.4261382508283733
-1.4250776145503643
-1.4245179333760771
-1.4222438974803104
-1.4213281149157448
-1.417505385999693
-1.4138800595426697
-1.4096280365510565
-1.408971374422783
-1.4071877930320793
-1.4035483173481502
-1.4015143530843326
-1.4001051339766364
-1.393915848817887
-1.3927278803950491
-1.3916607698666237
-1.3881247802802628
-1.3870446872758948
-1.3848806493659878
-1.3841808490954295
-1.379366296402569
-1.3766709476889327
-1.376537106599305
-1.3757330083979582
-1.375241712170487
-1.3743542110398146
-1.3737622008611603
-1.3699590006670903
-1.3684479147537323
-1.3639489850232085
-1.3638856623035411
-1.3631425930078906
-1.3583395846477484
-1.3567321860322947
-1.354038293624288
-1.353837299599955
-1.3493458434059389
-1.3484889956603179
-1.3478393112856197
-1.3474394968178642
-1.346746448305942
-1.346229336322704
-1.3434900477517506
-1.3393734686876746
-1.3387390004995998
-1.3384682289906544
-1.3350685640980782
-1.3290967106555314
-1.3277516053329932
-1.3230617787380108
-1.32185696101417
-1.317949247346235
-1.3162191202292854
-1.3103218330219373
-1.305832430490549
-1.305179240644642
-1.3026465609136233
-1.300076419581313
-1.29980661884069
-1.2980485287358725
-1.29697983095548
-1.2954318694203326
-1.295092722516193
-1.294869373798135
-1.2948627729538345
-1.2914374942026443
-1.2891957173396267
-1.2861360846131349
-1.2823251183042381
-1.2807800655584585
-1.2807709698369218
-1.279149950656334
-1.275544040454532
-1.2749582282028602
-1.2718558705693115
-1.2689242900164168
-1.2655110048165785
-1.2636187006283777
-1.2632157920349316
-1.2627378604887118
-1.262228865710667
-1.262122904456002
-1.261275001073519
-1.2607523381867556
-1.2593289883782022
-1.2587922184027114
-1.2548264096969726
-1.2493149465525608
-1.2473116576785328
-1.2454057362633226
-1.2425490611743073
-1.2419239746900503
-1.239031688743529
-1.2370578863604367
-1.234223404850951
-1.2339539281961984
-1.2334370311038252
-1.232690533703878
-1.2292772508647247
-1.2283103221543354
-1.2276709099021503
-1.2254754908898675
-1.2247485475831612
-1.2244974748472344
-1.223614044142684
-1.2231446966356199
-1.2185991291290577
-1.218475561502593
-1.2148311858411365
-1.2146626308288866
-1.2136039014500415
-1.211703808121229
-1.211436544789586
-1.2105503890563214
-1.2096470249680304
-1.205521061343532
-1.2033100622428783
-1.2020593162720883
-1.2004610067247348
-1.1966590596670885
-1.1958576886736638
-1.194354188870679
-1.192697722377866
-1.1923116145728294
-1.1914061765504234
-1.1884086099787528
-1.1881855234187022
-1.1876833521063381
-1.1851711903924556
-1.1851695251160308
-1.184546244349059
-1.1834753987188096
-1.1828192020902202
-1.1808756364773612
-1.1798099789571317
-1.1786005435574758
-1.175218797143951
-1.1751245549374079
-1.1744669594086519
-1.1690974711226776
-1.1666450997420255
-1.1656418011318677
-1.1655678360757777
-1.1635941110808625
-1.163323572079531
-1.1620917376657192
-1.160097905883469
-1.1586555881831382
-1.1556275780804524
-1.15554485088523
-1.153918063792109
-1.1516835759301625
-1.14913723938613
-1.1480929661200605
-1.147812817566225
-1.14723365639093
-1.1459106036782174
-1.145836100171794
-1.1407848889044672
-1.1399991705193189
-1.1382190521350768
-1.1363629782369737
-1.136064889667564
-1.1354181253616815
-1.1304989090868298
-1.1286040374974895
-1.1280072801685912
-1.127564030326458
-1.1271571580117945
-1.1267417192349753
-1.123898371018707
-1.1233715430230635
-1.123365237740759
-1.1142083474875908
-1.1080016952126759
-1.106615559088502
-1.106088676148058
-1.1024613634236586
-1.1000567546932896
-1.0988919101508925
-1.0937240462758215
-1.0914222375252316
-1.086296109407852
-1.0848366984392226
-1.0842938884034083
-1.0819893248747734
-1.0788943229823502
-1.0764861855365262
-1.074467056917364
-1.0734859277592659
-1.0718138805588255
-1.0707019090287875
-1.0629767963946737
-1.0627602324240812
-1.0625673824040678
-1.0618320447452714
-1.0615161983359582
-1.0586099739037087
-1.0547928565992506
-1.0534134669843012
-1.052083703567852
-1.0510507408345688
-1.050510193175487
-1.0497695872496604
-1.0493644842553278
-1.0471041322445962
-1.0460018113236669
-1.037874833755272
-1.0356762894069942
-1.032716725832489
-1.0325841480718896
-1.0316791529782463
-1.0294805428754308
-1.0292777743705614
-1.0284957966215253
-1.0277411649735972
-1.0271105666668685
-1.0268100388076125
-1.0243288251960898
-1.0226556744881843
-1.0191449460710085
-1.0182950574218008
-1.013882104399566
-1.0103179404734397
-1.0093664051050766
-1.0077276214090038
-1.0009813360458482
-1.000654050604899
-0.9995412848612568
-0.998132979288516
-0.9980193439762571
-0.9972085028520712
-0.9959759857429603
-0.9953591422293501
-0.9953312335837017
-0.9903538872585199
-0.9899634802796302
-0.9831810547527127
-0.9809961193871892
-0.979190617336476
-0.9789459594489085
-0.9781284267028306
-0.976329081813019
-0.9751735636747656
-0.9730621545570995
-0.9700787768852519
-0.9696379222627862
-0.9693089391853215
-0.9690706415160419
-0.9678456534507841
-0.963538200479257
-0.959318495566808
-0.9560306932931467
-0.9555258242291134
-0.9549360101562808
-0.9542197560928328
-0.9496972270106865
-0.9484226097303585
-0.9481087826929728
-0.9477569825163865
-0.9477228058285032
-0.9473901208924244
-0.9464615443471376
-0.9449118828627412
-0.9416066157510916
-0.9414941796236849
-0.9367726440507631
-0.9330388212766813
-0.9296816680297934
-0.9293342843124607
-0.9289370708321324
-0.9288710937800099
-0.9282256956807712
-0.9252738740016951
-0.9240040096691589
-0.9235556687547116
-0.9224714027819377
-0.9222098372601419
-0.921734331422277
-0.9204316578676879
-0.9203944447880169
-0.9183022893622912
-0.9157021273919295
-0.9153725426908873
-0.9130254633213871
-0.9124355227521106
-0.9080393820576678
-0.9075309925577165
-0.9032333197047575
-0.901777055828126
-0.9008793390353381
-0.8990214067919332
-0.8954628328895947
-0.8949585514347511
-0.8945855954491839
-0.8924404676323041
-0.8923040438706633
-0.8901665848630279
-0.8900972946296688
-0.8874857029309675
-0.887031742754693
-0.8825584908136722
-0.8805874872036201
-0.8803029348470583
-0.8793180687518038
-0.879160897942602
-0.8784321108450401
-0.8779801019134384
-0.8752430900344689
-0.8717896469489935
-0.8702236440700212
-0.8680099695432335
-0.8667057597616853
-0.8662821354625662
-0.8644198489364329
-0.8637317099102553
-0.8635892183851996
-0.8632456500060717
-0.8627495325900145
-0.8621177980129019
-0.859862532110227
-0.8597618490820472
-0.8593938951927216
-0.859275227645368
-0.857316653323526
-0.8564676892415966
-0.8548824096632194
-0.8541669044550559
-0.8541348026103629
-0.854089505067198
-0.8516249377266498
-0.8468361184027535
-0.8420100852254027
-0.8394954825887769
-0.8391065460091055
-0.8383961075885589
-0.8383680480567512
-0.8375351481122324
-0.836708295251252
-0.8345926515759776
-0.8325544584795975
-0.8320297920455677
-0.8315476738334233
-0.829224410288327
-0.8236158941313778
-0.8217747672096247
-0.8217359876780413
-0.8194363335047415
-0.8181767831569998
-0.8166050267012053
-0.8160627663099879
-0.8155231874213007
-0.8151880334213828
-0.8148958368018218
-0.8144561926362159
-0.8119180064267796
-0.8109459579716334
-0.8105980299852388
-0.8084225717393985
-0.8077618138652022
-0.8047249720775538
-0.803759141397834
-0.8037320535777488
-0.8016920867541397
-0.8012353679990142
-0.7972135198351892
-0.7929887220421277
-0.7904394566886002
-0.7902435596590878
-0.7885962465270584
-0.7883582181008758
-0.7843386416414524
-0.78392367209649
-0.783365731013856
-0.7833070151689943
-0.7829056462075115
-0.7823020995784503
-0.7823020850522665
-0.7806587226410981
-0.7806043274681134
-0.7797410694235531
-0.7793062165810906
-0.7790423852754538
-0.778842499374067
-0.7779716204636966
-0.7775752480202826
-0.7774172383601564
-0.7773959322794615
-0.7726162470397535
-0.7721703382909306
-0.7675117238176979
-0.7665540484348385
-0.7627802896334344
-0.7615380435822077
-0.7591641291093605
-0.7587187923805107
-0.7520930657351362
-0.7499535621425302
-0.7480308920951448
-0.7448472679842644
-0.7432249477446744
-0.7432069808711688
-0.7430378355265722
-0.7404222366680239
-0.7329587823480131
-0.7315489146829643
-0.7311894297035552
-0.7308789149714896
-0.7308441273468314
-0.7296652990542704
-0.7281740013531649
-0.7277285473453768
-0.727168906122268
-0.7265877586485796
-0.7262889459695185
-0.7260169413562929
-0.7256928101772755
-0.7255430899376718
-0.7240572355014259
-0.7205491502090798
-0.7189353999234304
-0.7176466729199873
-0.7115137302642353
-0.7104653173897294
-0.7099467168334347
-0.7094873590438369
-0.7079354501079601
-0.7065142209292296
-0.7062066268089384
-0.7050533096215644
-0.7033784900902111
-0.7026699019976557
-0.701503149375193
-0.6962490971146008
-0.6961659395447695
-0.6957351841279138
-0.6957295023748518
-0.6955834740115705
-0.6947586106808562
-0.6925667549521227
-0.692122235313894
-0.6904702537221113
-0.6900173359227433
-0.6875138058130336
-0.6800134044925116
-0.6794212282121246
-0.679265444411553
-0.6785602507728312
-0.6757154448477536
-0.6744699188990256
-0.673296542575555
-0.6724551704074976
-0.6712858250138902
-0.6709810076401922
-0.6692423419587556
-0.6682769140671114
-0.6662364609200152
-0.6660341728155237
-0.6645492371898789
-0.6566270212950895
-0.6547813868352614
-0.6535142179613992
-0.6497413636476492
-0.6485039741386035
-0.6392071636079357
-0.6376019791277819
-0.6362107869144514
-0.6360450795766585
-0.6350453529539266
-0.6345657307491788
-0.6314150964857209
-0.6288857629131411
-0.6287751029271113
-0.625474221264502
-0.6236513153553526
-0.62307794307229
-0.6229821798471042
-0.6226557168847875
-0.6211250982295147
-0.621021159879703
-0.6207716167271857
-0.6188630063382989
-0.6181797039358913
-0.6176438976297187
-0.6151514108777395
-0.6140675452263074
-0.6131646307134393
-0.6122588569396734
-0.6096932084231532
-0.609692868935015
-0.6092665464790894
-0.6086745329940552
-0.6038692384706097
-0.6034512311654588
-0.6007822147318495
-0.5992429676471853
-0.5942548615332595
-0.5897717238715541
-0.5897013344023015
-0.5849148162086587
-0.5841980627298848
-0.5819982409371489
-0.5798823276852687
-0.5791439992146714
-0.5790031941080591
-0.5758691380295307
-0.5754476505329318
-0.5744537689144397
-0.5743770621487077
-0.5722165333800363
-0.5719729574523644
-0.5702080477667926
-0.5665563530544029
-0.5637389616084388
-0.5625349854938057
-0.5624729466117793
-0.5596520021302562
-0.5555402433603763
-0.5536853354718351
-0.5507361797623683
-0.549794567001563
-0.5480585536284615
-0.5461338081931462
-0.546111169069683
-0.5439392736748541
-0.5435308061786258
-0.538141086830906
-0.5356269376062974
-0.5305648807918792
-0.5293952389374734
-0.5293341199869211
-0.5293283538067687
-0.5269914691810373
-0.5240473280930685
-0.5202378246836248
-0.5175546026425322
-0.5104706050265267
-0.509758649690442
-0.5086340566679375
-0.5043988969441128
-0.5034633106878963
-0.5034327046862282
-0.5032228877605034
-0.503118085732815
-0.5016811457399999
-0.5002574470719588
-0.4974896744681586
-0.49432079525373573
-0.4937207881609168
-0.4903790605565531
-0.48819320119891635
-0.485660253211204
-0.48512486397582844
-0.4846663655294775
-0.4844732596078739
-0.4843344648495722
-0.4837506053294701
-0.48370010629126536
-0.4832210228879162
-0.4825079458257827
-0.4821937907916128
-0.4805757953789912
-0.47959004817787143
-0.4783222059663965
-0.47824630956019987
-0.4773545209129113
-0.47624432398765404
-0.4760965045062885
-0.4718218473567444
-0.4708559809047007
-0.4670992739549264
-0.46612700005357754
-0.46301231631302064
-0.46114570344453976
-0.46021126861673023
-0.45925477627164346
-0.4565607914106232
-0.4553591931718327
-0.45338188514505173
-0.4526210169955906
-0.45112657320945504
-0.44962973531953415
-0.4478276066187115
-0.4470166788764728
-0.44634329662257494
-0.44588967651702227
-0.44517333527150105
-0.4440766373729621
-0.44352653681680865
-0.44341417874331035
-0.4428186286524389
-0.4421827415357633
-0.44204771188263153
-0.4380486226119673
-0.4370697709398027
-0.4364153398198507
-0.4356390132825664
-0.4341529883606364
-0.43403199399711334
-0.4290360826768137
-0.42886665096686705
-0.4258839580371687
-0.4247122232939493
-0.4239492350651409
-0.42241874169255256
-0.41976485112173556
-0.4196314560616464
-0.41953578867572877
-0.4191083507014909
-0.41711230702277935
-0.4168428313195246
-0.4129721398912717
-0.4116562822609814
-0.41105830393976117
-0.40583563244640863
-0.4049001174893766
-0.40268537906373036
-0.4000484824565884
-0.399976798607518
-0.399059963277274
-0.39884250496096507
-0.3977311781002748
-0.3970014576928972
-0.39582877344071
-0.39460212363100916
-0.3945400541816504
-0.3939145755646287
-0.3918298616126757
-0.3898400800856703
-0.3878393643912498
-0.386983991144555
-0.3866638902283509
-0.3863835515931734
-0.3854427543932777
-0.3846742962313088
-0.382912919691353
-0.3825301595651418
-0.3807550406885827
-0.3775739810591858
-0.3741884990044908
-0.37313220930168634
-0.3726103014822426
-0.3718749623979307
-0.3699484070081842
-0.36988002529966907
-0.3663931736129331
-0.3641118141552051
-0.36090324346756036
-0.3604606248674319
-0.3591394368216637
-0.35905640398807726
-0.3578132573768832
-0.3545276230165365
-0.35441410011766383
-0.35310339966012716
-0.352068138717174
-0.35139563667188867
-0.3510760075588024
-0.35102429137802954
-0.3497862434297604
-0.3493856942514153
-0.34899838377987213
-0.3487241595606714
-0.3487216432500198
-0.3476324402594156
-0.34527592904128634
-0.34331167178327704
-0.34178222878815684
-0.3417088944417944
-0.3386044493092424
-0.3302532513476091
-0.3302136447109846
-0.32910635463296845
-0.3278433001562264
-0.32744013574005904
-0.3251960602725517
-0.3244767998032235
-0.32370513511542715
-0.3221435229457017
-0.3186311313185269
-0.31641274326270025
-0.3159558863261457
-0.3158656241029832
-0.31528756330675706
-0.31496689967854974
-0.3118174380873744
-0.3107113957327421
-0.31058604697531733
-0.30928106942770195
-0.3087556060029111
-0.30846719928235355
-0.3064494104332285
-0.3056731833974673
-0.3041387548754698
-0.3040239791490019
-0.30336233987543226
-0.298366711225984
-0.297140043120576
-0.29685596074785314
-0.2963262816396457
-0.2959661509407294
-0.2959532891600011
-0.29592078735266636
-0.2937334265459177
-0.29289984079668907
-0.2928445838882928
-0.2910380679154012
-0.2901054249447248
-0.2899728436124006
-0.28960948559017385
-0.28772166963194
-0.28771515143922854
-0.28623103117338217
-0.28612695355925877
-0.2851955133593374
-0.28432532240148134
-0.2836835932621085
-0.2830397186142414
-0.2789789942892682
-0.2769524111070165
-0.2759804425324983
-0.27545796175492765
-0.27352191309509694
-0.27314712426537097
-0.2712528149803309
-0.2704634029063736
-0.267930641567113
-0.26748575878031244
-0.267270339316633
-0.2625294264525794
-0.2623120038318215
-0.2619265689506357
-0.26052244662807617
-0.2602549537407529
-0.2583778886448075
-0.2572228811993457
-0.25083823175602776
-0.2497235504423717
-0.24702823471802227
-0.2439747109692747
-0.2425161560484955
-0.23856463224635124
-0.23775329873306503
-0.23681373400288996
-0.23436149727492495
-0.23416114852025993
-0.23405317095424472
-0.2334020508851462
-0.23273233082927303
-0.23264619465683178
-0.23173915684208402
-0.23106378930915772
-0.2273353277358493
-0.22720952158931448
-0.22661871341256398
-0.22630864414175475
-0.22622035773720284
-0.22299703627335576
-0.2226322019357384
-0.22244689980695564
-0.2215372519783388
-0.22069160475242025
-0.21970398334902697
-0.2188907952221606
-0.2183213323729275
-0.21767531428974107
-0.21606146287865458
-0.2110770363097335
-0.2052585583195077
-0.20490115105647994
-0.20371340659504444
-0.20166493399701368
-0.2001233067468614
-0.19870216927157502
-0.1980726344978449
-0.19710962695339856
-0.19697777534935457
-0.19693453888225487
-0.19546764897077196
-0.19536033924226281
-0.1951853039371788
-0.1886553336114668
-0.188298902308059
-0.18526412937691805
-0.1833004466638125
-0.18092177023470224
-0.1806704907821161
-0.18051224129096755
-0.17566917807721827
-0.17500307818587102
-0.17425456678039275
-0.17178014844482342
-0.1715000093274075
-0.16808738368710952
-0.16758052241577603
-0.16507607813828223
-0.1626537189458075
-0.16224813323163134
-0.16016487750431208
-0.15716861186917708
-0.15587415158425522
-0.15529794243385664
-0.15453692725749457
-0.15305465464114515
-0.15149510425066437
-0.15127962739943368
-0.15002665037206608
-0.14701342773938852
-0.1465166122255451
-0.1459428334022705
-0.1448003809670263
-0.14445589393975578
-0.14444722765467555
-0.1415356665183644
-0.1405557145986972
-0.14004920949644395
-0.13446135412974014
-0.13132891794262602
-0.13072835189170448
-0.1282620311358793
-0.12732775197280555
-0.12707381291362185
-0.1265076824978999
-0.12279849527688562
-0.11769926378144324
-0.11736298454822047
-0.11493202222433802
-0.11453309690486202
-0.11414967447283597
-0.11290821394492856
-0.11027509775077993
-0.10999080220437507
-0.10953519993692468
-0.107628582480357
-0.10679046777773482
-0.10637491295653068
-0.10557528265511233
-0.1049621287827992
-0.10290187708847665
-0.09899927908185135
-0.09785595169456723
-0.09661893617933381
-0.09611841275570232
-0.09537053759521608
-0.09131462556958625
-0.08819038515147373
-0.08760703980731954
-0.084819429640832
-0.08276076698477008
-0.08163868743238656
-0.07999719128770691
-0.07897970347680884
-0.07844500359280182
-0.07703612389988418
-0.07637922372144706
-0.07462672376218549
-0.07427969564431569
-0.07076732330432622
-0.070622058005546
-0.06891972726681583
-0.06718600867542723
-0.06536633857713475
-0.06498605092819892
-0.06337938803731635
-0.0633683888413985
-0.06295574787154473
-0.0629273090242568
-0.059836478167447305
-0.05788606159722928
-0.0555831941771569
-0.054218177432830084
-0.05373793421279516
-0.053637533003141336
-0.05052747244968697
-0.050157286096289555
-0.04983575796263162
-0.04819503706744932
-0.04802159284027538
-0.04531446977480613
-0.04448273125649001
-0.043363586706895996
-0.04285079423118532
-0.041577032218663934
-0.039803736257402744
-0.03959531216719847
-0.03742959036701721
-0.036617745755045505
-0.03648857279360651
-0.035060439740138616
-0.03493807512654923
-0.03324273791017583
-0.032796163091710406
-0.03228275233210243
-0.030798223045693587
-0.03040998450860377
-0.028869750638085168
-0.02849291883043048
-0.02757697768659484
-0.027398442780150134
-0.026253222261738096
-0.025130474818042314
-0.024429846309207637
-0.023948358011613657
-0.022446735685669794
-0.022191898768633228
-0.02013784237766658
-0.019169750637547556
-0.018933921987964487
-0.018742521345301966
-0.018682153393185796
-0.01843093562016751
-0.0156642432745292
-0.014906601734150593
-0.013377759975801817
-0.01312172923008248
-0.012411234511836455
-0.011985854331748369
-0.011189957984843707
-0.01051468770435579
-0.008693253569690529
-0.005065148845622702
-0.00010577841563430557
0.0004992936456381658
0.0027734689252074674
0.003462159963795508
0.005111392187851824
0.006197577252459396
0.00754505987731563
0.007806220077536952
0.008321628880376242
0.00935817987746701
0.010111882032134645
0.010165367127930813
0.011775149392438677
0.01307822071263931
0.013871280116290685
0.015533376591743142
0.016011923857259136
0.01874641244625297
0.022126896921877623
0.022363071888687802
0.02345076904633281
0.02522357940408554
0.025484055557765672
0.026925999845869963
0.02778973340854113
0.028686718718163307
0.02881201726188143
0.030033670154027692
0.031914260230333946
0.03204616507861835
0.032926469685558235
0.03439799310625366
0.0349148634969767
0.036570633667611555
0.03819881292677807
0.039740208058396065
0.040121332647759245
0.040856586254408134
0.04181639190726144
0.0444061130692498
0.044827740771279045
0.04649887351676002
0.04841732584998193
0.048507564709882045
0.04859966885578476
0.05015793482165985
0.050385744922479186
0.05052555627173194
0.05357907280323959
0.05410184008950969
0.055908759165095745
0.05598240700257273
0.057297487028466376
0.0575141988984193
0.058145542553956986
0.06140623627405528
0.06360536157275576
0.06361635666117282
0.0641627592954438
0.06437501564018733
0.06725545068384264
0.0675107929601571
0.06780822968154399
0.06812382834958708
0.06834135252997353
0.06977915351927938
0.06992751799802444
0.07106552046080838
0.07190523768783341
0.07192780363913143
0.07226625679419496
0.07328737428249779
0.07512799145383597
0.07683958683529735
0.07685701497601993
0.07743606796869518
0.07856875051317014
0.07876360752973777
0.08054785713700202
0.08392671414285569
0.08598884502764731
0.08611700987064985
0.08726784914925967
0.08862648269288265
0.08908663446737575
0.0899898253998258
0.09001663033367246
0.09040293758272433
0.0910081731278949
0.09339821752285404
0.09359071562906959
0.0937107167831297
0.09379344777623155
0.09412094146012961
0.09597399310972674
0.09678726381350145
0.09899034215005409
0.10017074754532714
0.10239999850485981
0.10313796136077213
0.10628579154173201
0.1063526705653478
0.10659968161061856
0.10816915317485098
0.10978031040646341
0.11169402642175756
0.11436499327066352
0.1148531489084319
0.1154553761645743
0.11653957759883693
0.12114493127373768
0.12124131158326108
0.12174453880832148
0.1221889617854457
0.12264979599977724
0.12444474914831218
0.126244708822408
0.1281233254123253
0.12893525563538105
0.1320519160237058
0.13511113362222438
0.13557004218057733
0.1360007597777687
0.13957723713078474
0.1434916729460059
0.14394551994010762
0.144822456151113
0.14490366674167898
0.14749317436273623
0.14794870017718698
0.1482983573545491
0.14884936980227803
0.14889742455440302
0.15263146549876916
0.15333885061883068
0.15367321973345005
0.1546474614682401
0.15523424195038607
0.15587521035281043
0.15596332310191896
0.15643189177448835
0.15650568321528174
0.15737940525656569
0.15795591523911845
0.15881400542283886
0.15983482225111423
0.16242357214345848
0.16573020147602624
0.16574327310861597
0.16806211356218562
0.16895267070698716
0.17128772379958768
0.1724903705597548
0.17284117841031865
0.1729687889383706
0.17305333676904522
0.17772460552648273
0.17775658841145592
0.17892295419922413
0.179796103397628
0.18007557825366627
0.18114095369178584
0.1820831034524624
0.1827430782210097
0.18308923918029502
0.1856308362856134
0.18575875064549685
0.18586298944673552
0.1881044594549407
0.19289782500455038
0.1942437033244594
0.19568375057823018
0.19591314761491807
0.19616778868480766
0.1965884538245941
0.19951286434884818
0.20188117461312427
0.20512955299300661
0.20612296442601832
0.20665259533421898
0.20966912667793847
0.21149115400252858
0.2117362884394669
0.21173783320890138
0.21441435241251697
0.21711162012378238
0.21732224753858687
0.21822376644262187
0.21988884614170706
0.22073008585435966
0.22155527105077033
0.22255903116397252
0.2260488033621595
0.22643528183714656
0.22689552055422268
0.22691746926403855
0.22705682734008403
0.22762900679718173
0.22998012833981646
0.23144973653696443
0.23170291602431817
0.23203817259195095
0.232070179090349
0.2340691557124428
0.2349950313439847
0.2352207175297225
0.23552768812884317
0.23603659000530453
0.2364688322877716
0.23954805807412055
0.23996498422571388
0.24026165611470762
0.2406682577456015
0.24430372528748368
0.24475263203359865
0.24504640117011545
0.24566458385890066
0.24622776459085738
0.24758254306964483
0.24951122439404924
0.2519195154293167
0.25313246415309765
0.253402632899966
0.25556327435362514
0.25694502310507594
0.2571263785236881
0.2572449887700632
0.2574702957556313
0.25776763460446905
0.26082617183434464
0.26409930963936284
0.2656493521087713
0.2664252665577509
0.26677600481759967
0.2667901439555851
0.2668134872362573
0.26682737036599413
0.2682221292373171
0.2684960877112657
0.269974271491906
0.2706991908277077
0.27072858744530753
0.2707345956008814
0.2741071028991927
0.2777216283618458
0.27856190346031934
0.27896287831105837
0.27912368720512387
0.28085560931722686
0.2814286234508909
0.28235629618941777
0.28362080902942194
0.2844578220000906
0.28473597936771905
0.2870551390351988
0.28768947346401863
0.2889439330497395
0.2938897854316318
0.29424154151394044
0.29439225580296124
0.29451610090746344
0.2951495681140476
0.30057253717032445
0.30165511529773525
0.30428815900612916
0.30434148972677183
0.30590332670361253
0.30765479250197053
0.30979866586909155
0.3116325283739402
0.31331966209322776
0.314763740852564
0.31505849858815815
0.31565889774822775
0.31610277475981075
0.31677131355186694
0.31722922351516475
0.3182001039522796
0.3189822820939794
0.3199410017715068
0.32169946266861893
0.3239476230731272
0.32469926181043607
0.32668808740584787
0.3269517563648505
0.3286487616404997
0.3289560094366274
0.3308885131561997
0.333630530393892
0.3349707424682492
0.33864956613415975
0.33942789129772677
0.3410123323578441
0.3426501428123961
0.3427030267964484
0.34349449511167873
0.34477575015676076
0.3458612798227615
0.3485464331634518
0.349629609083672
0.3516435222682368
0.351771550617192
0.35463536447179983
0.36099054199454983
0.36203669076633943
0.3623411947435798
0.364508591207895
0.3673491790823971
0.3685135884328593
0.36860844684228633
0.3687410774662632
0.36939758680850443
0.37107845906769177
0.3711805624290788
0.3722165696938842
0.3750301538457219
0.37935514201399767
0.3795802223116837
0.37994602535532174
0.3810433791974013
0.38195181480415247
0.3829269095874974
0.3859267815645632
0.38750108908482994
0.3880132658966772
0.3888914650851056
0.3943865091316946
0.3977059489588297
0.39804994224681356
0.39969626400603936
0.4066664698844865
0.40738085932324425
0.40780412794199233
0.4109596788484956
0.4110074562160628
0.41112007397467815
0.41641679057500425
0.4177841691066012
0.4184069184615327
0.4204836186527969
0.42160414639653704
0.42178697558346306
0.423005499218082
0.42314581515565874
0.4239501504557059
0.42529645122152016
0.4255566896984869
0.4265830853884011
0.42868399707854365
0.43006749329179883
0.4303254671245575
0.43267925625962833
0.43695437897790235
0.43798294159475637
0.43932667723942254
0.43938543973647937
0.43975538207701137
0.4398080866979517
0.4409222386777708
0.44205841413476443
0.4431791080597614
0.44477868123808273
0.44627293199488577
0.44709493946903234
0.44928772180952625
0.4506227921196819
0.4521158813559919
0.45252217642957404
0.45449653925358713
0.45558473374470965
0.4565824387999925
0.4577137936449413
0.4603881011456765
0.4608811947504614
0.4617209667141436
0.4621791700502612
0.46224049258021116
0.4624272732245549
0.46243778458631335
0.46434456851069134
0.46513547403916533
0.4658008326469707
0.46754347186022605
0.4677249419227491
0.46795912271314916
0.4683576873843581
0.46854292107588286
0.4696399661695384
0.4697215504816509
0.4703224462364294
0.47493406957580947
0.4752550885856669
0.47555652882244676
0.4766510076224926
0.4769809546197599
0.47871627857361737
0.48181545751883903
0.48200715236337693
0.4826703174398912
0.48274037105107714
0.4835012185714136
0.48594435984655826
0.4862070839887485
0.4873060509033201
0.4875811246823172
0.48972049475597657
0.4900617346006336
0.4909327513657626
0.4912124944114181
0.4918731697205492
0.492273683209897
0.4950901049764538
0.49623365413540127
0.5001893857897044
0.5004246287136787
0.5006818391588728
0.5030788282484969
0.5038712688314098
0.5049043263352126
0.5051011388161657
0.5057541790169416
0.5058687950602373
0.5086242658707794
0.5114257547327073
0.5128020914954826
0.5132817881003486
0.5146301287351259
0.5157651549113156
0.5160715794237338
0.5163246056927143
0.5165375494066572
0.5190015920467116
0.5208301438148593
0.5215304502119664
0.5224251154300689
0.5230412188083704
0.5235173347788618
0.5253676334737936
0.5262988139276672
0.5284164528825006
0.52937311578235
0.5300540020332984
0.534934309707704
0.5362268260126457
0.5378986739205077
0.5380021548243255
0.5442884204937178
0.5447040463240627
0.5481670239948928
0.5498419543698998
0.554222767624478
0.555833142019843
0.5568805237482022
0.5573221541511919
0.5579372155486142
0.5590934763222299
0.5612780564894004
0.5625712502726988
0.5629660509091869
0.5630518985346029
0.5636571840665108
0.5646933497732138
0.5662805872721628
0.5675519771270452
0.5675964113861945
0.5683121802995326
0.568573715459139
0.5690448136863361
0.5701583927620621
0.5705591897609588
0.571332130400469
0.5716896573092428
0.5729315995667525
0.5732364739292091
0.5740675227470632
0.5760055156583339
0.5765655041936051
0.5786050542824492
0.578811296579387
0.5808682388453492
0.5828348323229411
0.5859044201113695
0.5873485508937584
0.5892842670789111
0.5894090643447154
0.589517238156572
0.5914433408240773
0.591803170986699
0.5923103317582193
0.5966889661682689
0.5977702867649364
0.5999224477213456
0.6008751362674375
0.6014173573843437
0.6018226104271691
0.6021873233860943
0.6026184549813309
0.6048539897860581
0.6051683773921608
0.6065308553508009
0.607144729605189
0.608502895325283
0.6095281895026713
0.610758111687012
0.6141844492812777
0.6147354661294009
0.6156797730680477
0.6165315084784089
0.6171700412134868
0.6188836969258177
0.6195604160688829
0.620241903207911
0.6208301654353898
0.625060222063915
0.6252067950145609
0.6283204871316482
0.6294476164197468
0.6295422739755182
0.6304208739301516
0.6306537955789169
0.6308228512183294
0.6328864163534443
0.634405733943671
0.6347637073895016
0.6371169827330855
0.6380037283143511
0.6389823090742974
0.640190662958544
0.641353760807709
0.6414451960773775
0.6419681712820763
0.6422695915413098
0.6452011084672102
0.646715071383584
0.6475407740094388
0.6476187597234531
0.6485051332967191
0.648730129854101
0.6497468068272795
0.6508337909595585
0.6523594482579625
0.6570723415437826
0.6578289890729826
0.6586880524654445
0.6593717806449844
0.6618919895548416
0.6625254964589273
0.6682252564671629
0.6689629471780211
0.6713819799676926
0.6726559185203312
0.67629512266796
0.6796760445605987
0.680069105403772
0.680856226679898
0.6817244037951844
0.6850735091719032
0.6874872996064405
0.68878360683748
0.6893659820346857
0.6896117470644609
0.6896797879515612
0.6900016585634686
0.6904414640243285
0.6904767688474599
0.691075126770948
0.6913468143564441
0.6919561167083069
0.6925583484798468
0.6927949077598778
0.6935206285348592
0.6940375881143916
0.694258394085128
0.6999309668963851
0.701189253314042
0.7038233655699802
0.703841834803518
0.7038684894973181
0.7068709337863478
0.7076964258188484
0.7080117971607969
0.7115457457981902
0.7120897149915569
0.7125165106708459
0.714345919845667
0.7146780037658745
0.714828687935771
0.7150443362604826
0.7176201978758207
0.7212897387378732
0.7223914318512441
0.7244683221175163
0.7248990045561323
0.7303737338227063
0.7311970048665413
0.7315012196022457
0.7341809981697784
0.735385412630001
0.7363826399534891
0.7371005630036103
0.7376388204121507
0.7382918001244354
0.7407851653430055
0.7423633849834375
0.7436919662979569
0.7461144093488622
0.7498437728236453
0.7500295158852194
0.7508027145290019
0.7562270256841398
0.7571936556705705
0.7581110773977487
0.7582160754365195
0.7585709960785655
0.7593617765365444
0.7601760374365093
0.7649227186436698
0.7655290988141193
0.7673683813091939
0.767638831534778
0.7690074574910906
0.7716851893307418
0.7722480818039683
0.773574254667452
0.7750830949746803
0.7761950698969631
0.7772198225155458
0.780189671886316
0.7806942355731146
0.7819547463252184
0.7821026533147057
0.7844401914268873
0.7856514743823502
0.787187797602049
0.7879858118833727
0.7908153253866202
0.7909293043666763
0.7910043418090374
0.7962950390652568
0.8047511011316663
0.806896313287573
0.8085805024141792
0.8092352979501524
0.8107361294237938
0.8107696283289616
0.8150079513208479
0.8157522796800277
0.8167319505847429
0.8195630136640991
0.8214642432398883
0.8227217054741423
0.8248664493384429
0.827882839350107
0.8281555157590063
0.8293957627091145
0.8294184713343484
0.8318539267485673
0.8337781009428454
0.8339462960667176
0.836083645524248
0.8387120902560076
0.8395214848606661
0.8413329334497647
0.841355664389128
0.8413633099858724
0.8417910696161544
0.842533106373917
0.8503903850662615
0.850722691993663
0.8517702214281093
0.8544365576621236
0.8547919698379659
0.8565868984248522
0.8570856003000863
0.8586440933532048
0.8629241491414968
0.8656697423881083
0.8658688922646272
0.8700655647826125
0.8701173164448603
0.8771508157287654
0.8784348998072258
0.8794846571044779
0.8796705557040347
0.8830477126256178
0.8836138443411437
0.8845030607574897
0.884985765403845
0.8875237522037281
0.8911134424691868
0.8940116930081713
0.8949348315517107
0.8989605858349368
0.9005749548280468
0.9009374190287158
0.9016576146645745
0.9022170280844903
0.9023400405252435
0.9024146103937538
0.9028790610219075
0.9028807716964761
0.907444890424348
0.9080416487561414
0.9082553682330279
0.9090659763245543
0.9125110733241794
0.9147377723275901
0.9154420676638357
0.9182160633385373
0.9192186527745267
0.9207956580404733
0.9230993534803088
0.9255251481726394
0.9276257394790913
0.9293041082470539
0.9303976174051949
0.9312128988850921
0.9345879898912339
0.9349465558402207
0.938199996232214
0.9406354808800684
0.9409266820494486
0.9422606862979149
0.9424845529947184
0.9425069212092932
0.9437520640081283
0.9439730578455474
0.9451575246460198
0.9485170700108677
0.9499694031659618
0.9532424276740927
0.9563510076492903
0.9580603833504908
0.9621582132651342
0.9653341030966878
0.9671114074508738
0.9682963246709457
0.9686250147444252
0.9688980821566371
0.96991148110276
0.9703446511255309
0.9734104263011923
0.9746566781164085
0.9746931523191638
0.9748137141850141
0.9774396232830298
0.9787894498691662
0.9815186002152866
0.9837798920932944
0.9843785870927243
0.988007200819364
0.9893206234241098
0.9893787926036638
0.9893934878200702
0.9895792911842899
0.9902458987877385
0.9902780452017668
0.99313167145139
0.9952140191767168
0.9961663275218818
0.9984908133853524
0.9991164830073962
1.0000443571452806
1.0005826892617786
1.001550621481854
1.00181711788586
1.0027855375692811
1.0066149986070583
1.0076698594050424
1.007680232593593
1.0079313642731893
1.0098463250882572
1.0112221993534958
1.012721923911593
1.0155794863447332
1.017443879486793
1.0187347149453678
1.0187502877231083
1.0190939536794725
1.0208037905447511
1.0211578231285163
1.0217105928802241
1.0239963000286294
1.0283909540089624
1.02866220911545
1.0305864608255353
1.031787363040579
1.0337525837331565
1.035468623335309
1.0373462444865875
1.0378694583502852
1.037924348363764
1.0384882279943939
1.0395580261370774
1.0406967955396214
1.0411782532463032
1.043925064029011
1.0445648208278797
1.04529383832289
1.045591868734209
1.0482954988268531
1.0500728488719573
1.0502374047925076
1.0520292393706547
1.0580818402060572
1.0680632803932477
1.0703289805083671
1.0711307180861338
1.0729296138048374
1.073655038793463
1.0738198913545802
1.074052791666629
1.076607842317166
1.0770241462996775
1.0771616633423005
1.0796374197092882
1.0798057040526707
1.0807811197788344
1.0842242607983081
1.0860453894506703
1.0867443405371013
1.0944362696131784
1.0947131365017073
1.0947197861793843
1.0964490037221575
1.097561843804506
1.0979180584158352
1.0995782458259118
1.1005659085963633
1.104021940645146
1.1043827625575064
1.1046199101765335
1.1059774380365528
1.1067179214320586
1.1088919157555437
1.1107523935498722
1.1128510995011567
1.1179373643302708
1.1194566632901577
1.1240390316336097
1.124340371398447
1.125253271328846
1.1263266793693592
1.128623097298299
1.1300587205657444
1.1307298138755741
1.1309377525243107
1.1317917671327624
1.1347131664162597
1.1362502742608294
1.13721798477617
1.1376806371327288
1.1381015871072986
1.1402909731306572
1.1439361977019034
1.145206653038937
1.1490497065220695
1.1523906915318558
1.1524786919552112
1.1547681015227225
1.1547861891069506
1.157010668307658
1.1571449625964523
1.1574326804337605
1.158939080147273
1.1603402055091547
1.161812695811548
1.1626116288993553
1.162863264089234
1.1645257773300155
1.1653771954926098
1.1663421867223296
1.1708000905333313
1.1739557298177412
1.1745104577995948
1.1785396972959856
1.1803872189509095
1.1807776074830636
1.1824985753425394
1.1827524080589271
1.185393286364967
1.1859992524864564
1.187469659248226
1.1876081651498518
1.1877663993537844
1.190307504461273
1.1912435498740959
1.1921392382417324
1.1924586704347746
1.193784817321247
1.1952523167639657
1.197001377974293
1.2014674179360247
1.2091981170047055
1.2098128055290944
1.211238337735811
1.2122883157116264
1.2158258096981935
1.2169278385458804
1.217295168005911
1.217863755184167
1.222137210543849
1.225399020420764
1.2263246689868164
1.2293060822178585
1.2310962316498575
1.2319142189501813
1.2325505384675264
1.2334644920100288
1.233955218773401
1.2355899078425665
1.2379724584719582
1.2384032470903577
1.2434006166701916
1.245725603024075
1.2458978831277838
1.2466318146970294
1.2471294161812352
1.2516176048190366
1.2536070543258173
1.2576351879383074
1.2579648720058247
1.2588574908168184
1.2593821085114545
1.264197510475351
1.2729288860380852
1.2805389956800788
1.283161299892736
1.2846518061063472
1.286178948699858
1.2903556050632736
1.2935987216327371
1.3048012743053825
1.3069878084827922
1.3072704641842454
1.3073233853791364
1.3090005637346747
1.3091783532768824
1.3112306944945074
1.3119101829463293
1.3142270490486727
1.3154449994764918
1.3174769738298608
1.3201639421276747
1.3225454395903993
1.3269246680343119
1.3272546083663201
1.3284565116267042
1.3287301562802618
1.3337113651253332
1.3390481779862498
1.339385832408832
1.341783192251997
1.3457797818152046
1.3463005761780547
1.3466854367896688
1.3487909761743575
1.352233414377627
1.3554148722493258
1.3567516367655394
1.3571485114636788
1.3593483589970792
1.3599902210320713
1.363191404305963
1.372345807736212
1.3742629285758483
1.382324374166026
1.3827331670632976
1.383251014288924
1.3856381664687851
1.3859200311096815
1.388269531323103
1.390420557634037
1.3945782533332634
1.3948072892407315
1.4004077669442774
1.4021585510602148
1.4095813923933331
1.4124936446259648
1.4135080978098518
1.416156692516655
1.4165896983648445
1.4198121385546998
1.420599282284944
1.4216298141379924
1.4242398684281756
1.4251721719146584
1.425602991576167
1.4281782973367116
1.4315518520791841
1.432136594726364
1.4347284464025447
1.4364720486199913
1.4418257450063152
1.444341153193107
1.4533869936397936
1.4557805359593685
1.457127266903132
1.4614858479794275
1.4625002221095704
1.4633785458264932
1.4638803412465633
1.4639966414727008
1.4654866694621993
1.4666576542510463
1.4677482596412523
1.4688134715873842
1.4733087836646788
1.4750815461519617
1.4776207672203392
1.478441733725481
1.485640224098494
1.485698193314112
1.4883672098380774
1.4898593149396002
1.490546641774975
1.4906109539615389
1.4973189984009643
1.5017560038999875
1.5035183663951295
1.5070950089905755
1.5087507454409124
1.5089164247708384
1.5099783711297854
1.5177120521820835
1.517902226960223
1.5193484426678614
1.5200518384014694
1.5201903819767701
1.527645856776298
1.531016501167047
1.5375929253811194
1.5405590935680353
1.5417659222528899
1.5455490290394929
1.5486245302378303
1.5504758724817593
1.5530085745717115
1.5536069043584972
1.5539415116182762
1.554522924758237
1.5548047996013796
1.5637892533652131
1.5710710201359985
1.5717702882855145
1.5746589004867313
1.5774740096382058
1.5897487911248172
1.5922579232514287
1.5963278722789722
1.5972386603185849
1.6001029661630524
1.6024404878556107
1.6030441394328778
1.6041605944054405
1.6109725295907156
1.6126438376378744
1.6228516599988208
1.6233694751421122
1.6248365654053045
1.631660933886881
1.6340907573149073
1.6366686872730727
1.638948108353783
1.6393691421947336
1.640935098070435
1.6414253081007115
1.6433825172300924
1.6464119947207951
1.6492621199777515
1.6509779656152863
1.6518001279770682
1.6549421830969386
1.655605818553723
1.6569567500660547
1.6660991883324965
1.6709484311482834
1.6729129333944421
1.67870388960939
1.679225596935904
1.690998953327881
1.6913225746695113
1.6933649630903236
1.6964914109917888
1.6989578499524725
1.7000642715901355
1.700857426238113
1.7016865614607437
1.7031090558635247
1.7095665322307378
1.711297564247197
1.7124600890424961
1.7125704943349938
1.7181632022788471
1.7184122657036545
1.7190959289270755
1.719633501951339
1.7226663104291804
1.7238372532636224
1.728229186255151
1.7389311185413154
1.7419549538382402
1.7488531142351236
1.7547190124981915
1.7600463351265732
1.7613326292358003
1.7645643317128685
1.7665980155776992
1.7671975796290278
1.769052626117713
1.774686221994227
1.776677211772295
1.7786748634395577
1.7831875908243626
1.7875996186312149
1.7887989941804212
1.8009918427031748
1.8013604487368848
1.8107158107509376
1.8114193938699614
1.8135381242031379
1.814237063429712
1.8177308927943951
1.8188794046492855
1.8209617037441395
1.8249812607200064
1.8251469702873233
1.825368171092331
1.83057226740585
1.8428413693167114
1.8446667031208581
1.8496078691557427
1.8530140053726156
1.8577073329593579
1.8634638630547014
1.8642931466963255
1.8699826978079495
1.8817555074030394
1.8838510785795495
1.8853185494112994
1.8872588539150041
1.8874647169215928
1.8965584058607565
1.8975710223918365
1.897613985222724
1.9001048088477486
1.9043043424177442
1.9082343632437504
1.911594528399534
1.911884667467379
1.9120105821384847
1.912978141055833
1.916630041843987
1.9246225219615063
1.941150324269492
1.9476404694170633
1.948655914331018
1.9524111223372822
1.95534311752716
1.9568869779229714
1.967372196768428
1.971677313459404
1.972294538278687
1.9763518786062706
1.9876221622347399
1.989086127826746
1.9925707018182757
1.9941517088880183
2.0066408652211223
2.010186100750163
2.016114213939296
2.025798467426403
2.0429034172113156
2.0591878072855825
2.0808196823972027
2.082163276329142
2.0992718158829944
2.1077658672837765
2.1085252861509907
2.1443319551707924
2.1674459262380137
2.1786775756696595
2.184133903155919
2.1940871894339504
2.2112557942680127
2.231842868552336
2.2388251454600554
2.241776617910199
2.256009128640856
2.257781930324806
2.2625808689012104
2.2871302762254544
2.2959325485249664
2.3230749024918094
2.3308718041650764
2.3346881878446055
2.3367475190904834
2.360521262530639
2.361910529177475
2.3746654257642836
2.3831271904491045
2.386136332034682
2.4436621502833287
2.4574575163281733
2.475150379013071
2.5433003271367576
2.543303435154579
2.5650944873106396
2.5851790547988833
2.5988961547138327
2.6363627102669622
2.719741832474939
2.7598678101475795
2.875660589032932
3.077757344518758
