-13114.688146295
-1686.9246512966906
-1400.6178160854645
-1267.68513543542
-682.9141320598994
-660.9197277077944
-616.2234822511583
-550.2056963650864
-508.12319355873865
-446.4641682464007
-326.8009045503427
-324.0062591097437
-291.36325445126494
-264.39006540596745
-236.7790816818504
-226.4508571313389
-216.84546041482432
-178.13391107962713
-167.92801580905356
-167.4247817335475
-166.3061062333917
-147.1898465876404
-146.468342910001
-146.29080639601565
-143.13813726175712
-142.40334311908742
-142.34417985583397
-141.99516333515726
-138.3284195989593
-137.36904448029998
-133.99703859883977
-132.2420429330401
-131.67743747248096
-131.2571382461178
-129.58019341730107
-128.1071332764217
-121.79724212912393
-120.95916791611286
-119.92391273410239
-116.67392961758202
-115.46141693462312
-114.27659911606578
-114.05158518999082
-108.29714901818605
-104.89440500774127
-100.31797463889828
-100.07731763981782
-95.3187242200912
-88.01301453660683
-85.80482399374772
-85.04052407104186
-83.98419821718828
-76.35297608584536
-73.1616110414933
-73.01773095791661
-72.41400171735863
-69.55817472422379
-69.40652269416564
-69.32622048220477
-68.98168509996964
-68.5889789971921
-67.40110067997205
-67.23935982802084
-66.24080102264323
-65.04891636173997
-63.60494021085228
-63.28518132962335
-62.85046103895314
-59.19023566654843
-59.0044567695719
-55.301291013291994
-55.29891924355
-52.56379120484657
-51.899688516709034
-51.85096002331689
-50.97331006992435
-50.421118479425594
-49.58271985247973
-49.48297393875355
-49.43748159316829
-48.17511723130927
-46.979170005338645
-46.769441105912016
-46.23512651428362
-45.92649111149216
-45.87662354000666
-45.768649993516455
-44.179088006547985
-41.82686273022768
-40.987302893456665
-40.91699546547921
-40.55090887580613
-39.9934168840612
-39.2815466821561
-39.176586976518664
-38.31770292904568
-38.21257261971075
-37.963606334964396
-37.91731669547931
-37.79340149762962
-37.342577235858535
-36.917520570286655
-36.163935829329425
-36.02101564060514
-35.99360168650662
-35.95120717019556
-35.88130742513441
-35.53417185879289
-35.42950695576046
-35.08469604196615
-34.97891609364053
-34.69170455849983
-34.40314925651912
-34.28359849265513
-34.260832434677354
-33.81863331022014
-33.59392122990697
-33.26139817421293
-33.227694224558626
-33.1109824946565
-32.840705386948436
-32.83222451752609
-32.58437387518312
-32.447749784130075
-32.41665922422496
-31.94014976959849
-31.814213222825973
-31.77857752893847
-31.4787470212236
-31.173734080194844
-31.173695821245452
-31.126507993628735
-31.058733801577002
-30.884450743152982
-30.878837087834196
-30.774521279100387
-30.633999445687177
-30.225615194122373
-29.996996657657682
-29.77260543485905
-29.68576848861357
-29.55031223518021
-29.179155714449493
-28.549656750332378
-27.8910585254853
-27.569140059223518
-27.21936636816444
-26.897352948857876
-26.878998814806216
-26.35703438226513
-25.885398448730815
-25.488076478450708
-25.295789655073744
-25.25366115112796
-25.22799248964932
-25.01379282432976
-24.945007758773887
-24.723923726886355
-24.356772945314567
-24.29501824734328
-24.186099332878314
-24.046465267377744
-23.960222626904685
-23.837315990395624
-23.661025567429597
-23.611104055705486
-23.45379049801876
-23.362317501617756
-23.31969206431868
-23.272416381638184
-23.235605424219575
-23.16607423947882
-22.77046280555858
-22.64557768261966
-22.638843598763277
-22.11024129975287
-22.085675701390908
-22.00548681486942
-21.872697014921208
-21.83028648922438
-21.82870009344732
-21.654538754089856
-21.557412568622645
-21.521231850098083
-21.425265671161245
-21.17797551831229
-21.109299722317473
-21.0625433352095
-20.965506764454336
-20.783106316758733
-20.696542766065328
-20.44937656761471
-20.414797326818036
-20.375894678279714
-20.374129364440584
-20.35310667493411
-20.232620158673882
-19.959247263496973
-19.952350627996122
-19.936571058972053
-19.9300764151801
-19.91172384603
-19.865198128393494
-19.73070673415036
-19.719616480536754
-19.679312900043914
-19.660241093171663
-19.649904682331325
-19.598081115860754
-19.532069824674664
-19.44510142241925
-19.425969591965277
-19.32266056539347
-19.309769013660695
-19.23658079178812
-19.229355949023898
-19.149570825689192
-19.104484527486054
-18.93888495062552
-18.727730756753157
-18.602370557997947
-18.49513036853933
-18.468232793849193
-18.432633277042566
-18.194275241141888
-18.168521929377857
-18.051155977323024
-17.971983663345686
-17.9572179932982
-17.71292737042809
-17.646736800109764
-17.61913685534432
-17.431793951627945
-17.306230978524653
-17.261195994857694
-17.12920165908023
-17.04908931123516
-17.013609529951566
-16.92932398524596
-16.833803273236118
-16.82050100052667
-16.78687552607487
-16.66363529686322
-16.660798211372626
-16.61443318665534
-16.599770059146355
-16.574626284895164
-16.568656419198216
-16.502786778161585
-16.392389015068122
-16.295118444014648
-16.24479858645327
-16.142950583312725
-16.107794862323676
-16.102901007020122
-16.10258719642749
-16.057519815639758
-15.872144806841586
-15.855086897867956
-15.808966875093748
-15.753435934277771
-15.564527197389712
-15.450700231196617
-15.331355516820754
-15.250170385133684
-15.193192156005896
-15.147172667987075
-15.111137300117365
-15.005807627242053
-14.999095025070272
-14.991043686421623
-14.975297834729048
-14.958365805387658
-14.90134321386821
-14.842801448307807
-14.84263938720673
-14.83203428441344
-14.811357428399987
-14.754115669882218
-14.744349077398034
-14.586955729855081
-14.52248374698019
-14.50941258650483
-14.501142487329144
-14.498747280041181
-14.428443378545326
-14.405165304067857
-14.35214152713242
-14.338312877570512
-14.288049758903139
-14.248989420523209
-14.22706801969337
-14.214590795497358
-14.162503190852359
-14.15561125152465
-14.112353319347111
-14.110251545740638
-14.09898606859143
-14.031292307505005
-13.933683204325412
-13.858162052758997
-13.838255462732342
-13.82777933314907
-13.780552796841295
-13.765144236250695
-13.764038554051604
-13.732110074000063
-13.563755261227156
-13.528597538223117
-13.525379003460845
-13.449745717127911
-13.41425291052559
-13.401936977222773
-13.367535180432762
-13.364720559523757
-13.364409872381803
-13.332326269603199
-13.318264462404489
-13.314323365067901
-13.292897878211983
-13.134955186806621
-13.076545507350584
-12.908900737631743
-12.87523518202038
-12.864950100586393
-12.862001719461217
-12.817958421073179
-12.812052301041167
-12.789519768092347
-12.78756300820268
-12.745680484931562
-12.673189461575726
-12.659397481432126
-12.64353522097272
-12.566582038827484
-12.536977278865917
-12.499103009436734
-12.462692190487928
-12.455044065830943
-12.448124140599822
-12.42995037878936
-12.426049599444923
-12.416491118275367
-12.352110404666597
-12.350775479847474
-12.313119792764294
-12.305244150308358
-12.295112037876182
-12.29163960888426
-12.26053403007012
-12.233752535435775
-12.221371327631296
-12.214151879227062
-12.189383565553046
-12.168884212270807
-12.15572937270557
-12.14952539538267
-12.145083204481288
-12.13279667503892
-12.131526584195973
-12.065812466614421
-12.060159419777893
-12.049757556376512
-12.046249560191203
-12.043064312786147
-12.028898887659043
-12.017953391986353
-11.983647795717253
-11.945772839857565
-11.856756967244525
-11.765550513201187
-11.692200301975573
-11.655253683616309
-11.640164227006462
-11.624970267503143
-11.607560487895132
-11.57993500978795
-11.528778877521358
-11.501020593402085
-11.47225946666859
-11.456819987187307
-11.42306361635928
-11.421574730929688
-11.3259990571139
-11.27075227861883
-11.247149083850886
-11.229480632389967
-11.212079789078976
-11.190049755462075
-11.161983991203334
-11.129586306741707
-11.097417245469453
-10.948613721620385
-10.873662374736213
-10.8637669568633
-10.863154040845028
-10.801671042227836
-10.787504915658
-10.773598501120404
-10.751726775848745
-10.737615228247474
-10.725172206891633
-10.725169030793252
-10.69309006300116
-10.627152276980787
-10.62472391362133
-10.59087395558624
-10.511488862782524
-10.482808412713476
-10.448588890885409
-10.43840158313977
-10.434851686784626
-10.41595587877759
-10.36224175565885
-10.290798796550655
-10.260633067962656
-10.246007720673258
-10.196564609244685
-10.175865365296003
-10.10371872856895
-10.086858355558167
-10.081626827045142
-10.069994256874311
-10.039026659374153
-10.025281371283711
-10.017400869388133
-10.005396024060014
-10.001596672121138
-9.96396669315829
-9.959266998596984
-9.953095714801105
-9.950480638899782
-9.942892817086499
-9.925109544836161
-9.87188399199139
-9.87176976535627
-9.860874458181712
-9.825610543025697
-9.819206846322878
-9.787826414006002
-9.775262182407468
-9.772296182098364
-9.73831383072018
-9.727535035070687
-9.680819119483234
-9.638714088707886
-9.587891257268495
-9.546912404540148
-9.517891847903927
-9.502475536940166
-9.496672427067422
-9.49254401435774
-9.476941271217086
-9.47605077616845
-9.46149389467115
-9.45256092436457
-9.422256803182256
-9.409926770012667
-9.377872123070906
-9.352164261446664
-9.334456147768261
-9.329508905736903
-9.320510201312889
-9.254298805466922
-9.228919654241125
-9.222594891014714
-9.215158467972815
-9.211129518641693
-9.189385448613676
-9.15487024028361
-9.140082045065668
-9.139298848309643
-9.13885555827202
-9.127987860253077
-9.098196124375926
-9.0524479368358
-9.04520637123587
-9.029137772049097
-9.017917083279919
-8.997572071957324
-8.996277677006532
-8.994739127311124
-8.977899923971584
-8.975329758409677
-8.968817337745236
-8.946195287857245
-8.903817883505571
-8.902091236393266
-8.853640311701385
-8.818789688226236
-8.780935009074302
-8.765544057128471
-8.740960297488684
-8.737555333701067
-8.72579213153344
-8.719145993753502
-8.717122886313744
-8.71533723140282
-8.710929944693037
-8.702041938817354
-8.697886068922722
-8.66393634828679
-8.645742609415025
-8.622145677182356
-8.597544654163311
-8.588927834865375
-8.57060909538005
-8.570125907838227
-8.559883024236944
-8.554018742639277
-8.55363849523333
-8.520478717019607
-8.5037734899995
-8.497072206757613
-8.484018946090098
-8.47157015648563
-8.453946901775765
-8.441684928371068
-8.411265219683871
-8.399263830776317
-8.396259334236634
-8.376244920787068
-8.372286740330187
-8.3623626296526
-8.340572236581092
-8.322285607384291
-8.320757608210815
-8.296683348681555
-8.293908837264626
-8.257324254546322
-8.250705739325632
-8.23867110166276
-8.22757833361651
-8.213224950767918
-8.208153455743036
-8.199504364387256
-8.160723390212837
-8.157967920315317
-8.147137618329776
-8.143520969517919
-8.126778062661195
-8.12594663399505
-8.121730342124197
-8.119248967803406
-8.110859032196464
-8.095579326241502
-8.08753679861265
-8.082866054342006
-8.05859768140418
-8.048285854108377
-8.045852325042343
-8.045561774331375
-8.038018299809453
-8.032293477173395
-8.030730111629822
-8.020043070931198
-8.01007280890725
-8.003472227376948
-8.00173921710654
-8.000936328226592
-7.996906739607366
-7.97584171695167
-7.954987067943154
-7.932541469152886
-7.93013789142317
-7.918715976024659
-7.908253000576874
-7.8932426410108505
-7.8860065484984165
-7.85690791944989
-7.8540086570094125
-7.846242348718173
-7.822056244303527
-7.806782353409655
-7.804235868544985
-7.802032654579754
-7.794614611693692
-7.788514706360385
-7.786198568546236
-7.770116226825099
-7.739025393445452
-7.724612136302899
-7.682831185912063
-7.6798158092517586
-7.674673219062065
-7.665678915604326
-7.64552408145429
-7.640897815896205
-7.622599342928722
-7.603553141098249
-7.573419167667824
-7.562959474441543
-7.558263246007431
-7.543610760804016
-7.539711805525487
-7.514372868364342
-7.479093706537011
-7.455862577763641
-7.438397200762266
-7.4363512095804225
-7.424811388927333
-7.408805216093264
-7.38239989346286
-7.3610765761282275
-7.35710233526188
-7.348522159738851
-7.342019291847111
-7.335558565968931
-7.3045584720853745
-7.301224629193859
-7.291137471867869
-7.288575065609868
-7.286393761291109
-7.266538219446728
-7.253840628810202
-7.253388711251817
-7.249578922714825
-7.242395581552522
-7.203577008227226
-7.177496741179548
-7.172371729364257
-7.169788716410995
-7.169308358719483
-7.143740615699169
-7.10782755438685
-7.088833174402647
-7.088531530210961
-7.084130240274135
-7.073015560503908
-7.067471592254751
-7.042082825257622
-7.022413361159877
-7.01526932514533
-7.006487181041915
-6.999617403349827
-6.972723458725619
-6.965432967912763
-6.961033410837231
-6.960068181035312
-6.959570334716375
-6.9480662049976
-6.947351657860959
-6.9347215622394
-6.917867893126002
-6.913497456779031
-6.907756393967288
-6.895443065811494
-6.871471412570278
-6.85909144397312
-6.84662346937569
-6.840460883847768
-6.839302101418443
-6.816000333791928
-6.811568838477592
-6.775612716845745
-6.765243131657577
-6.7500886240954525
-6.749739265263701
-6.742215910981045
-6.731101188378817
-6.727906371534672
-6.723983417704009
-6.71483172389262
-6.711546153413554
-6.710463319701632
-6.687082987012021
-6.638599704070305
-6.638253067672764
-6.629967442071122
-6.6165143584576365
-6.60680430538288
-6.600464257748522
-6.600312742246616
-6.594543795066745
-6.586006876958183
-6.58337404220717
-6.576085196790454
-6.559961907583178
-6.554187352800469
-6.549461925331428
-6.5447682688665205
-6.542602558223569
-6.526118117360747
-6.51709948190085
-6.502637894812698
-6.501553496642021
-6.496030784434897
-6.481664064979827
-6.474113053431258
-6.472755791802722
-6.4686354539170505
-6.429943534795706
-6.425802679982023
-6.415883611454389
-6.391846139499359
-6.387066871245663
-6.385778046376002
-6.3640266314373966
-6.348478437721405
-6.338061748440489
-6.3339619330660195
-6.293968652889722
-6.292098201613928
-6.272909565268144
-6.272835732840747
-6.26773090011042
-6.2479261039093785
-6.242115957698104
-6.2166501707767114
-6.212752729329869
-6.2089099929888185
-6.208479083895607
-6.201416294776971
-6.185815613320861
-6.1727012737680695
-6.1693438812616295
-6.163939765923805
-6.145800075222144
-6.1455139393876905
-6.130674694999774
-6.130663612882839
-6.127045834787998
-6.1248826924873825
-6.1094135450058085
-6.109134719911015
-6.10468535348649
-6.098213619723431
-6.07266763690064
-6.051705130139016
-6.029065714340337
-6.023923692150208
-6.017503571488647
-6.014804432810424
-6.014243500009991
-6.007025010361755
-6.004941693371902
-6.000971722969549
-5.99422079804802
-5.985506231495144
-5.9842837828841535
-5.958955784511836
-5.956244941719787
-5.952293735237671
-5.916507205483697
-5.912384855027998
-5.89660849855028
-5.891615373071273
-5.889523096206604
-5.882628818132494
-5.8695821884587644
-5.86455128563101
-5.8638307136769106
-5.863555999157617
-5.84607912586417
-5.833264383963929
-5.8189110608862915
-5.81669862629123
-5.8000145739094275
-5.792126895973761
-5.783383072926962
-5.773223049129865
-5.763987235595654
-5.762691714253227
-5.759900788525551
-5.7461146260242355
-5.743997153992236
-5.739135908807993
-5.738577342070346
-5.732869905876013
-5.721266897900163
-5.719444204714346
-5.717525629366829
-5.713610634324551
-5.713574760318485
-5.713095827740432
-5.710165859757474
-5.70922755172857
-5.697660151598983
-5.697151664865011
-5.696620270192616
-5.69560030023594
-5.6941926982490765
-5.680015897540829
-5.675181835638038
-5.669843233531656
-5.662763895868547
-5.648352619691687
-5.642924045197005
-5.631753125577507
-5.616694722757008
-5.608205735947571
-5.607438290465286
-5.602017176542115
-5.595639446435028
-5.591010716666063
-5.586492556535472
-5.580545022398578
-5.5757837902118865
-5.575042987849629
-5.574850778242832
-5.564264864821041
-5.559207218465779
-5.552765580839742
-5.55121019960241
-5.5496793464982
-5.549317564822523
-5.546647284483818
-5.539849594838001
-5.5393686104169735
-5.536211093004411
-5.53074130685347
-5.521832833017308
-5.5212412444624235
-5.517945361677997
-5.510179837928311
-5.505786266752205
-5.505590284059709
-5.492484435912517
-5.484688165750958
-5.484573721564055
-5.473244667134573
-5.472883834820211
-5.462485038662404
-5.4399863077849995
-5.438003333549946
-5.436064296551201
-5.435728535576561
-5.4316893050294475
-5.431487414643711
-5.427758280352924
-5.417231239210545
-5.414416800542039
-5.412885440342924
-5.411881378055652
-5.406978366311377
-5.404154313004904
-5.395952313691057
-5.393983205402028
-5.392771155955186
-5.387663488070504
-5.383979836585589
-5.3799999956280775
-5.369733351967172
-5.363737399428097
-5.3610765690186675
-5.358913585704253
-5.35501772626985
-5.348622436535273
-5.348305618773439
-5.334280156215079
-5.317104847082974
-5.306511911531439
-5.301864144678475
-5.294257432067367
-5.294190353042047
-5.28355250450409
-5.272634513477605
-5.268726097703048
-5.255788651651939
-5.250919008918045
-5.240135299923001
-5.239828920761115
-5.235481990724193
-5.230482343245244
-5.229734888166615
-5.2218013287276275
-5.220684181763863
-5.219165107272862
-5.206568922001033
-5.204832081079379
-5.198752422102037
-5.196385024097421
-5.164764594076214
-5.155779075072768
-5.154407953793758
-5.131918151207499
-5.125209447347295
-5.117260255518046
-5.116445963287731
-5.110751758738769
-5.1073051797296225
-5.106509312727851
-5.102054024687879
-5.1020442630426945
-5.080353845192937
-5.077022305681977
-5.07252904284197
-5.0719577558332265
-5.071419851877669
-5.063095704199055
-5.0627791571152
-5.059237759381094
-5.053324225467197
-5.039604475940434
-5.031559458635671
-5.029211431255517
-5.012582704889319
-5.006867010634847
-5.001690520345666
-5.001004779020237
-4.999842526635984
-4.9962515923839295
-4.992657694502545
-4.9878525866837595
-4.9868302493533525
-4.985283116744991
-4.973202756627719
-4.9725986121912795
-4.9608880749503
-4.956367421978161
-4.955660865731104
-4.9543203957104955
-4.950300222649294
-4.949780711816506
-4.928014855007223
-4.919496118809557
-4.914244280670056
-4.906567488176654
-4.902763293330342
-4.898811471641451
-4.89045809455035
-4.885523178587988
-4.873845713971495
-4.872441929439166
-4.870691536858667
-4.868399888537485
-4.852657443338069
-4.8516592638805465
-4.849921814236229
-4.847161268182071
-4.844072634256448
-4.8371192492833295
-4.834482123384232
-4.8273327622674245
-4.8217665639641485
-4.817591859543951
-4.817308253540815
-4.8131102066027704
-4.809093462238114
-4.801305570505485
-4.799634168849981
-4.794760555354681
-4.791088699329099
-4.788304047231943
-4.785111984421749
-4.783622006865594
-4.7761697376001155
-4.755561523271688
-4.752939143005677
-4.74625131989205
-4.744267413849069
-4.740630023795334
-4.737355046025449
-4.733300698794834
-4.72394696917755
-4.707940606538889
-4.6966092902333525
-4.6955931308527825
-4.689290044920536
-4.688903906392798
-4.680066872671434
-4.666983509659739
-4.658998170063817
-4.649861923243959
-4.636397367884749
-4.617942242577102
-4.615880251604821
-4.610052081824404
-4.609633758189951
-4.603326530167438
-4.590994959344803
-4.579924857365324
-4.570800437757861
-4.5611150553113875
-4.552963383817474
-4.550072527476471
-4.548012095129042
-4.54605081121765
-4.535781512452181
-4.5277027053925645
-4.506008156460101
-4.504182291092177
-4.502965241782883
-4.50084830666116
-4.500433499548683
-4.497166229227407
-4.4946305381476614
-4.493517603493553
-4.490261913678217
-4.473931400465327
-4.4667206428529145
-4.463712399637538
-4.456949174065712
-4.456517583257
-4.4563147635147535
-4.45482744046754
-4.4516993002304055
-4.445223905023731
-4.4354747764306
-4.426467398819934
-4.420018760927692
-4.410417552634955
-4.399165013095009
-4.3921803935950745
-4.389703790877391
-4.3890756748683
-4.384738049399319
-4.382639962297883
-4.38232547132578
-4.381195555634019
-4.3762380535710115
-4.369723803441007
-4.356345932458413
-4.346952903614141
-4.345875312370559
-4.335352777550344
-4.333157168748753
-4.3302707305319155
-4.316034040211745
-4.310480848435186
-4.307646980390726
-4.303258652325744
-4.300045482557842
-4.295945458126958
-4.2921160183325435
-4.285104659884733
-4.284307164587089
-4.267710216998227
-4.266838003719293
-4.266530134860009
-4.258051581315434
-4.257451652532788
-4.256233891906092
-4.250064086416192
-4.235642932667825
-4.224559133589426
-4.203116445879634
-4.202131479677799
-4.198793266717002
-4.194414835185911
-4.192629413315434
-4.191913966345376
-4.190709004711255
-4.176511296994986
-4.153846004444443
-4.141318387555874
-4.139579572989174
-4.133504237933237
-4.127306581430011
-4.1271007597907605
-4.126828622098255
-4.122095170840395
-4.11144959428395
-4.1110455472423855
-4.110719420334403
-4.108150093958091
-4.106802153283424
-4.105212904886219
-4.101045275300601
-4.1001176557134
-4.089506721073841
-4.086767220462211
-4.084508428874782
-4.083826957298675
-4.075531347564771
-4.073801011686017
-4.072262079601195
-4.055559319426794
-4.050619955423504
-4.04570031939583
-4.044925023499122
-4.04239578600171
-4.035657227522263
-4.028761196959689
-4.022571044452384
-4.020753197060599
-4.0133279486709466
-4.011298960305732
-4.011268530284092
-4.009450529337517
-4.005150859705425
-4.003776012833882
-4.002767707646933
-4.000107281223819
-3.9965905143723077
-3.990890325041266
-3.9882928632334815
-3.983328223437893
-3.983308079734246
-3.982185069820379
-3.9799155445050687
-3.978499088664168
-3.9694387217552762
-3.9668639728517627
-3.9659271758422445
-3.9609467554151165
-3.9599069709027006
-3.9588135578886043
-3.958474054526728
-3.9564822974912675
-3.9550140299553753
-3.938598116422688
-3.9292392805654037
-3.928296034995742
-3.925030811873217
-3.924015734654085
-3.922143042936119
-3.9217117734034623
-3.9214249700577817
-3.920733501149158
-3.918525711805764
-3.9172697121381646
-3.9115169232547955
-3.910035793371965
-3.9041624000217197
-3.8998987166955477
-3.897033547839131
-3.894357427318414
-3.8752148291718775
-3.8697808668617197
-3.859697161632501
-3.8596449247146367
-3.858340005210226
-3.8566872229319973
-3.8481629586613812
-3.847942175246483
-3.8462149300487676
-3.843570105782545
-3.8412875106418882
-3.8399066799977524
-3.8347184158073553
-3.829712595027414
-3.8255269437234776
-3.8235088095097307
-3.8181066489137447
-3.813039898549798
-3.8101276917500218
-3.8101123247212483
-3.808950106263836
-3.8078310252322374
-3.807575973860075
-3.8056127521792336
-3.802317412783621
-3.8019297795493
-3.7863479633829105
-3.783359128257164
-3.7788612126983785
-3.7744248127513425
-3.773205023172524
-3.7703677311995527
-3.769949284966688
-3.768651087120319
-3.7656249652496263
-3.7594543981479758
-3.750929132638247
-3.748714427358251
-3.7456980931538126
-3.740875599828324
-3.7331872866988407
-3.721915148237664
-3.717737394522982
-3.7131818615621155
-3.712546783746782
-3.709341133397838
-3.7019196089273096
-3.6997549212873206
-3.6967557816807624
-3.6962064630791676
-3.6943124991856866
-3.689201139588595
-3.688284972743556
-3.684522540225875
-3.6839945438283244
-3.6760068638851617
-3.6744328100267207
-3.669332939082069
-3.66798149049609
-3.665414267565458
-3.6621721589179375
-3.6577289480311386
-3.6472610286724976
-3.6433609554647552
-3.6418378964663782
-3.640433536093801
-3.63987732896803
-3.6365252468811846
-3.63587843348121
-3.6274173385490434
-3.620198452281328
-3.6157675845586383
-3.606028856610888
-3.605855679559784
-3.603098703775471
-3.602815396929071
-3.601063507686
-3.598749754962888
-3.591054732395133
-3.585500035852747
-3.583046386669939
-3.579052640586839
-3.576542074147679
-3.5731567516348153
-3.570669040932782
-3.5668318937675916
-3.5635613773713937
-3.5625918749650465
-3.559440145781968
-3.5580282686976767
-3.5557429565411565
-3.539166615309145
-3.5371615765701954
-3.5317899316525665
-3.5316400232405005
-3.5262812619883195
-3.5212010211241287
-3.519500098049705
-3.519190079204981
-3.5038552178607576
-3.5034575434307484
-3.5007072985874563
-3.4943182246119795
-3.4856639350092697
-3.4822712179914435
-3.4788050773892065
-3.478334421069576
-3.4774470681848593
-3.476514235067255
-3.475594746974331
-3.4751544397208507
-3.4737307181067987
-3.4689755842739025
-3.4664368033907587
-3.4563926064731705
-3.4540157398242877
-3.4456163871666687
-3.442724755133548
-3.4365813753574184
-3.4347633593853573
-3.43083675185278
-3.426484978036159
-3.424266206426527
-3.417767809250803
-3.416265919757987
-3.410229305614184
-3.4071727981924442
-3.3998560278720067
-3.3939233941525617
-3.3918894903778694
-3.391686314465934
-3.3899128608406457
-3.387097671016405
-3.3821612403712056
-3.3783234559241015
-3.377039996994175
-3.369509153388104
-3.3683163848060493
-3.366192808442231
-3.3528398576377216
-3.3508632201700346
-3.345375845970818
-3.3453115476714843
-3.344311346536897
-3.3393244821987462
-3.333311083330309
-3.328627859451158
-3.3273651228364587
-3.3199728076429103
-3.319538872724234
-3.3143190987348623
-3.309969415881386
-3.3056137843066304
-3.3044982339757434
-3.304464631137954
-3.304311962252103
-3.303894003339618
-3.269011442116705
-3.2668090497764335
-3.264905172943274
-3.263416144535423
-3.2620618846413607
-3.260435639655999
-3.252131147544697
-3.2476580242963244
-3.246850706026791
-3.245621380590222
-3.2427908027639694
-3.23721630308318
-3.235826516620927
-3.234333947924738
-3.228525317517512
-3.2235988081658475
-3.2234433221393157
-3.2042464263002364
-3.202460460159725
-3.2007347420349896
-3.2006890268889903
-3.184262519183531
-3.1835570876062755
-3.180458877113746
-3.1770983969030526
-3.1768442896520366
-3.1711320681130326
-3.1687079041532993
-3.1633664697702613
-3.160273511694812
-3.154618217107373
-3.1537842228039263
-3.150052645004969
-3.1497277705791644
-3.1363550369583186
-3.1309384460131517
-3.120647898218423
-3.120035315921748
-3.118411352650306
-3.1179311624570314
-3.115618416831761
-3.1033370163384744
-3.0967064632358063
-3.0929234039074673
-3.0916679388744654
-3.086351787712723
-3.0804774989864434
-3.078691054740351
-3.0759930055389915
-3.0707590446778115
-3.0619675825460373
-3.061269489497938
-3.0611049901605103
-3.0575791172177773
-3.0573188150714126
-3.0567139683952775
-3.054053066391414
-3.0523873631991174
-3.042624533535919
-3.0362715883888867
-3.030950561097407
-3.0167159494878772
-3.012405829676723
-3.0088654252929445
-3.008030284109282
-3.0074432221443725
-3.0074412240234216
-3.0051586370958265
-3.0025347974832806
-2.99971748547988
-2.9942538768112517
-2.989585340091294
-2.9849948184016037
-2.979659794811016
-2.9776857882237415
-2.967181621035787
-2.962908806309743
-2.9539175854608146
-2.9533850946229245
-2.9533395606039283
-2.95138777390312
-2.94805523695908
-2.9458053523241556
-2.943663320807546
-2.938085192034006
-2.9249218883543606
-2.9237923459886694
-2.9192195901802886
-2.9106221028826065
-2.909840719911873
-2.902062835758241
-2.8999105603965663
-2.899804844896156
-2.8983842882037303
-2.8976462272601413
-2.8974601783131795
-2.896624796490911
-2.8956729091170557
-2.8917809069371376
-2.891040628110079
-2.8861631768480263
-2.8805484763286002
-2.8725000804071263
-2.8724566018012903
-2.8684582034267363
-2.8668910186375784
-2.8660691945825834
-2.865080085955326
-2.8601996794120574
-2.853563291268722
-2.8506318417848306
-2.8498732769053547
-2.8488958322395215
-2.8487546559508212
-2.848717856282252
-2.8475835154463245
-2.84704758790689
-2.846899374639866
-2.8411585764245997
-2.838520201985209
-2.827063248022334
-2.823759162826713
-2.8236614094547643
-2.8217919727624663
-2.821326967319865
-2.8199952511792103
-2.816593594649669
-2.8157755307353396
-2.813963430664626
-2.811886815011242
-2.8043870288028216
-2.7919207697023536
-2.782038705547954
-2.781939358358218
-2.781467049501292
-2.7814209641901506
-2.7812883170545106
-2.7784931195867393
-2.7741063649659896
-2.772703254391276
-2.768925965357771
-2.7634301752300314
-2.7612022890051175
-2.7575494201212556
-2.7551888506395867
-2.7536563567593713
-2.751435456881295
-2.74650460108298
-2.745447553678915
-2.7451269154919
-2.7446119246411675
-2.743949325013967
-2.739934402364945
-2.7380873939606696
-2.7372158192210594
-2.735191572954394
-2.7347418295440686
-2.733777533496898
-2.7290774484722466
-2.728320677975706
-2.724966216011945
-2.7244419600235212
-2.7239266317029758
-2.723295700197929
-2.7232156710197803
-2.722826973089405
-2.716500143313604
-2.71532579108724
-2.709806471775366
-2.7069542078396043
-2.7057885710073895
-2.7050179801586545
-2.688509424037512
-2.688487360433238
-2.684124564936269
-2.682649221402437
-2.6792507399341274
-2.677138232117734
-2.675654407291724
-2.6752921968350862
-2.6752105417048493
-2.6742315866826107
-2.6704999143122548
-2.6694270255351036
-2.667076329615463
-2.6651260891189996
-2.6626092113454236
-2.660367761408598
-2.6574019496282593
-2.6554064601932272
-2.6518963198280368
-2.6514002453817405
-2.6497208307780378
-2.6476145786248786
-2.647346641177382
-2.6470909231172235
-2.645602863089996
-2.6448617480135943
-2.6396213513530817
-2.627669272538234
-2.626724159000867
-2.6247638652186778
-2.6246204176247563
-2.624568528135999
-2.617265322633153
-2.6158185510606016
-2.612677933305473
-2.6113913740722894
-2.60214166989917
-2.601792046568547
-2.601748430689811
-2.5987179732368606
-2.5955954850362017
-2.594891055442207
-2.592960213780353
-2.592523477273993
-2.58996423752853
-2.581501418631186
-2.574276405271533
-2.574171239734492
-2.5737461917571247
-2.569414946817623
-2.565721415876018
-2.56306126765642
-2.560322269479595
-2.5522159812418863
-2.5501467060594716
-2.543160696354321
-2.538944616992924
-2.538882272187096
-2.5372677827351184
-2.5300760091556613
-2.5242361373705506
-2.523165849363816
-2.519709400106609
-2.518542579012785
-2.512087063562757
-2.507621418845593
-2.5068575083155364
-2.505416220957344
-2.5035583413677576
-2.503087578893683
-2.5029370673444467
-2.496875999379773
-2.493114648775625
-2.491954791615533
-2.490482840760658
-2.4904483216632967
-2.487903413461323
-2.4871911320666364
-2.4841496683345237
-2.4838478532257824
-2.4825687466912
-2.4797722811878975
-2.4775145009978226
-2.4760267264018934
-2.4722612091813856
-2.4698494788770127
-2.4658675849490788
-2.4649695400562734
-2.461084962118079
-2.4578765369331474
-2.456535138577378
-2.453028557950743
-2.449786372309468
-2.4484097164425123
-2.448149861835303
-2.447468978091437
-2.4473070318677905
-2.446728780262389
-2.446600575444011
-2.446476285531781
-2.4461352682967843
-2.4456673901298647
-2.4428129913631693
-2.4389980439643892
-2.436919957606988
-2.435883171060087
-2.4341693624686687
-2.4334446066303252
-2.428064278594815
-2.4264245136631093
-2.426288874426405
-2.4225986054022233
-2.417330806163211
-2.41716580936165
-2.414909477698636
-2.4143707256897464
-2.4127331283258426
-2.411701692147914
-2.4075682664910816
-2.4011660470704252
-2.4011405960550514
-2.3994082361189855
-2.396768524389568
-2.3956450042161226
-2.3934499588341493
-2.39100726184486
-2.387599642658525
-2.3850537074201252
-2.3834986474342923
-2.3796911570676507
-2.3767028823149126
-2.3742829309499363
-2.372133501135086
-2.3713816118492765
-2.37067208565983
-2.366163389743537
-2.3647572113466677
-2.3606081981447384
-2.358737970504486
-2.355150963172722
-2.3548148485164693
-2.3504006321915045
-2.3474755906019684
-2.342357246244952
-2.335940774096493
-2.335750561115448
-2.3344823475061625
-2.3307639914401275
-2.3298750888346023
-2.3212113816117528
-2.32083619590516
-2.318042526218051
-2.315097197826222
-2.3089910523319284
-2.308675595564129
-2.3031978483726023
-2.3028900054359953
-2.2968608607848484
-2.2965346956268884
-2.295621546995455
-2.2927740861852453
-2.2876347383627937
-2.2774271370711587
-2.27633976620844
-2.272631630394549
-2.2722206209491933
-2.265416301033487
-2.2636383227508157
-2.262990540793772
-2.2582631803266526
-2.253616070605414
-2.251560951863054
-2.2480608413244756
-2.244712240690149
-2.236201976359422
-2.2338792853546887
-2.232764929759537
-2.230436659667713
-2.2302385900737836
-2.228842059201514
-2.2280966512134324
-2.223777280942572
-2.217897038799955
-2.216977488495117
-2.212719730950738
-2.212336636147152
-2.206223493374864
-2.2025458515313687
-2.200385337882835
-2.1977067341977135
-2.1970815485085113
-2.1967272814354617
-2.192869279516005
-2.192209112427988
-2.1859855727133923
-2.1850350485474475
-2.1850221797223752
-2.1843341828854084
-2.1807259879948604
-2.1794856281442265
-2.1780234811668113
-2.1768816182549413
-2.176842881898811
-2.1704163373120275
-2.1691767046025374
-2.167340255477595
-2.1671779743633928
-2.16381686210774
-2.16303620005753
-2.156519895401142
-2.1526673819118742
-2.1497705608093867
-2.1487553856585357
-2.1482991258766164
-2.139250050915706
-2.1364339504520564
-2.135830355389424
-2.1277629024789095
-2.1188442456122125
-2.1180339161794968
-2.116572195177565
-2.1087366912778727
-2.1084906446924165
-2.1059791377273394
-2.1048058274632346
-2.0953611720111143
-2.0950575501236077
-2.0909981334303027
-2.090624140068632
-2.0886584139138784
-2.0816132587144507
-2.0780347280934564
-2.077268856719815
-2.0771075449318994
-2.0766831134909656
-2.0757518305941653
-2.075580303304817
-2.0737467491831287
-2.0728914101991034
-2.069836792582461
-2.064212683450604
-2.0636370571286995
-2.0630587115192633
-2.061906676924643
-2.0582916166493215
-2.057461724490305
-2.05697643330571
-2.0539038405340193
-2.048565165374941
-2.046299707830176
-2.0406594365918727
-2.039037762484397
-2.0386778011141904
-2.038112810626428
-2.0356456220318657
-2.0355175464954702
-2.0344427687735904
-2.02850866319777
-2.0267939350313338
-2.0256727958700314
-2.0223624049353233
-2.0222535678897344
-2.0187000707800946
-2.0164068273224425
-2.0156915362523082
-2.013320633635116
-2.0122494036296255
-2.011489730401826
-2.0114615011095824
-2.0055994159615422
-1.997603348838976
-1.9952389123873704
-1.9935296788956838
-1.986864511926437
-1.985968334588264
-1.9855189197698244
-1.9851145812752686
-1.9840244360251034
-1.9789579632582626
-1.976462341750875
-1.975190120551751
-1.973613376766381
-1.9725997018144426
-1.9642553412124952
-1.9619209486474216
-1.9606877494215669
-1.9562614125649178
-1.9537607536733743
-1.9531355007696194
-1.9484881029321541
-1.9464321469202444
-1.945329271188426
-1.9445310650830536
-1.94444530532036
-1.9438669164705376
-1.9432722664245436
-1.9387534189460052
-1.9314063896309026
-1.9300304377529975
-1.9270889724289786
-1.9255256310027216
-1.915183461593627
-1.9149216830892213
-1.914396086142484
-1.9120201910364014
-1.9082036599713417
-1.907906780613597
-1.9069809573643162
-1.9047100865804296
-1.8973349699242907
-1.8887289020881592
-1.8816102440283862
-1.880062940919435
-1.8775395493324871
-1.8728087076432292
-1.8727067677034777
-1.8662229858766497
-1.86504195486084
-1.8635360089054278
-1.8535704821264336
-1.8532149303314422
-1.8530339773791114
-1.8511331486804152
-1.851043848258921
-1.8508339482561091
-1.8493508069320044
-1.8409807287494728
-1.8391787921538314
-1.8359213041028788
-1.8352577568529322
-1.8336183278312532
-1.830385673281762
-1.829341680509651
-1.8250786369738787
-1.8219139722448867
-1.8195101202106345
-1.8182056250942633
-1.8175678138893825
-1.8174826200875929
-1.8141478640668103
-1.8115601076109087
-1.8093165197192946
-1.8069270931959043
-1.8031144945339324
-1.802410731265183
-1.8007859409090492
-1.7993835892703887
-1.7975905423600786
-1.7972902216892914
-1.796870478094616
-1.7965876334007433
-1.796293323093996
-1.7947145917999276
-1.790961347333585
-1.787417190090369
-1.7833142006366036
-1.7832171998578799
-1.7809130492382514
-1.7774417735632186
-1.7766087319945183
-1.7750769508817519
-1.77493272210608
-1.774790730706906
-1.774308741899926
-1.7698147404875626
-1.768248602091146
-1.7648313367607842
-1.7624526288781355
-1.759916210603059
-1.7585100096047277
-1.7545979519063137
-1.754298529929047
-1.7540652047751024
-1.7527294816592331
-1.7521882086854892
-1.7484089931022309
-1.748038586665467
-1.747121061627243
-1.7425409190064804
-1.741883815969337
-1.7377977627817542
-1.7372562185265217
-1.7313188674739068
-1.7308933554356258
-1.7308511394580819
-1.7233415130155612
-1.723340795540334
-1.718835542861862
-1.7152479683471251
-1.7132407345590264
-1.7125854609670754
-1.7101125417516463
-1.708561097099258
-1.7069569833728087
-1.7053969256557262
-1.7006584014920432
-1.69700290479966
-1.696519510923083
-1.6903966260037382
-1.6869484870872817
-1.6865106949104105
-1.6859280972044446
-1.6824693407503504
-1.6812966608267284
-1.679594561134523
-1.6794829130850686
-1.6764388693349268
-1.6740179475428798
-1.6736702431595272
-1.6691748063044871
-1.6618350996102502
-1.6612848296185918
-1.6601618096136592
-1.6591957225905027
-1.6529614739227145
-1.6487507262265912
-1.6470496541452673
-1.646592639203749
-1.6419685083831692
-1.639747532374146
-1.6321077885909623
-1.6311401358943576
-1.6287333812503366
-1.6261252584289259
-1.6185347590672436
-1.6164104601117018
-1.6162147356107164
-1.6143502753420398
-1.6137891502661181
-1.6123805600678531
-1.6087646652570116
-1.6074180488598169
-1.6056973931938794
-1.6052363521347428
-1.6044691888949592
-1.6042329370963924
-1.604108371241829
-1.6038457762192515
-1.6025101921204645
-1.6009130269794007
-1.6008316631572042
-1.6007170947880198
-1.5996733786394652
-1.5973761370194541
-1.5959960409620115
-1.594166522425648
-1.5916886082869919
-1.5912153897644026
-1.5904518111039656
-1.5898686955976369
-1.589025415240418
-1.5884651200670914
-1.5847648559787557
-1.5842073872166287
-1.5835491347326776
-1.5816857969433527
-1.5814404062061982
-1.580542445371543
-1.579942975314272
-1.577797699647857
-1.577169692070652
-1.5759555964731595
-1.5751350748318576
-1.572385662124156
-1.5699124938347317
-1.5697872629925609
-1.5690440937796022
-1.5670136182016507
-1.5655259397000874
-1.5654230450400253
-1.5649828317964947
-1.5641831131498911
-1.555089602820964
-1.554597150746189
-1.5501206724803762
-1.5458541412103164
-1.5441540905403601
-1.5426565649369315
-1.5404762446449836
-1.5395356506409796
-1.538240801965546
-1.5376881527409096
-1.532144167162841
-1.5283083424472597
-1.5240105463303693
-1.5232497067277446
-1.5228568073802524
-1.5209958381673827
-1.5178767014892265
-1.5152177515604734
-1.5143798891647806
-1.51341797069795
-1.5116095251930852
-1.5093461451522439
-1.5081716043093647
-1.5037379171036827
-1.5030332517718108
-1.5001841088793275
-1.4981357408815694
-1.4979845418587685
-1.4975386551932393
-1.495204710734595
-1.4908622183926994
-1.4901294202922633
-1.489537478557685
-1.4828297852455603
-1.4804302322658776
-1.479289373656125
-1.4789400711724778
-1.4752412709365204
-1.475189948058623
-1.4747553038502819
-1.4737483245053016
-1.4698147564262563
-1.4650844896821769
-1.462964763346284
-1.460003639970897
-1.4590827090946075
-1.4583367616860194
-1.4583303720174077
-1.4550526173124751
-1.454019376495827
-1.4537390994831025
-1.452848639136794
-1.4507569004020064
-1.45013484007839
-1.4478902002305418
-1.4475164131738403
-1.4473906860669419
-1.4468260177292829
-1.4417229457149126
-1.4380369702135827
-1.4347144615633556
-1.4340229455225355
-1.4322678068404389
-1.4321226005903112
-1.4307439045233137
-1.4306228108039838
-1.4296406174039649
-1.4295639975161205
-1.429449635640915
-1.4265797020564208
-1.4227359934772759
-1.4226607565223226
-1.4210785784253557
-1.4208924801454206
-1.4175557489581374
-1.4172360711587944
-1.4109314796544945
-1.4057518613121793
-1.4055918751809318
-1.4051397542009396
-1.4050092112063044
-1.4039097670692828
-1.400710042918744
-1.398491414939904
-1.396057658371683
-1.395054526653202
-1.389507852342668
-1.3879412088635616
-1.3846982577881857
-1.384295513923676
-1.3838910730699372
-1.3827844623626069
-1.3769788189432945
-1.3758667252108985
-1.3744172081304007
-1.367166200821527
-1.366604476213558
-1.3664052914046283
-1.3659660086615222
-1.36562055685381
-1.3637457643523043
-1.3635834765114274
-1.3593385809321368
-1.3586871626215402
-1.3577549083632094
-1.357332986567845
-1.3560156125276532
-1.353440785132587
-1.349599737006401
-1.3495154326307115
-1.3452655501583959
-1.3431266215938795
-1.3429576876244622
-1.3418190670822403
-1.340380531878591
-1.3387231003880369
-1.3377933577769867
-1.3371625677451702
-1.3239392546762558
-1.3207794494783156
-1.3167451054781405
-1.3154087501806706
-1.3151205060166236
-1.3114260671903248
-1.3108069312370336
-1.3097453232003957
-1.3095081035317173
-1.3063250228377603
-1.3059539843406531
-1.3057177254991075
-1.3045590741631061
-1.3043961962171253
-1.3040959164016548
-1.3033126212776671
-1.2986579702778343
-1.2980660639059545
-1.2963957612277908
-1.2955612311316689
-1.2932886322201442
-1.2928937210762745
-1.2915462070021988
-1.288064980692496
-1.2873286803839137
-1.2865620974828236
-1.2859631068587993
-1.2845434033015304
-1.2823057304583978
-1.2816867360063744
-1.281481581818401
-1.2764671583410667
-1.276397359301106
-1.2750774281239985
-1.27447692077769
-1.2724210409033172
-1.2708032543071048
-1.270644041329901
-1.2705237772106002
-1.269268737360389
-1.2682993147612982
-1.2653126125437966
-1.2627407989296664
-1.2593339078425667
-1.2590617659470102
-1.2540324567569543
-1.2523288217547346
-1.2497962597349888
-1.2496988872785326
-1.2494392075225766
-1.249085461361587
-1.2484570167386917
-1.24826569686772
-1.243728152701647
-1.242654611968757
-1.2422601787596073
-1.2404076281766083
-1.2397432387113252
-1.238814187903466
-1.2376323992521039
-1.237493065474271
-1.2344866102675958
-1.2316688331107264
-1.224220711606797
-1.2238233069610067
-1.2229531384769174
-1.222469761467884
-1.2211200598440162
-1.2198890392207025
-1.2194308673220333
-1.2190058670904067
-1.2181604532398285
-1.2139649501713101
-1.211795935427682
-1.2105994459556821
-1.206094005213015
-1.2060393297429792
-1.1985305694117936
-1.1983341998804646
-1.1933999220670157
-1.193356403863405
-1.1907825668486076
-1.1893557799125087
-1.1888176599885103
-1.1860973408631543
-1.1832212545352436
-1.1829600048568127
-1.182509428899151
-1.1797519896545632
-1.1786779842109798
-1.178051604940131
-1.1749811513896566
-1.1731337350339341
-1.1731027591107883
-1.1698601546520513
-1.1659672786771602
-1.152929859366771
-1.1521921009343212
-1.1474382084984858
-1.1457887910943703
-1.1453145053719904
-1.1448405180295937
-1.1369151194878995
-1.135443685727418
-1.1349724657970426
-1.1339145404132585
-1.1336365233951056
-1.1334641626330133
-1.1330128410962677
-1.1320423192577018
-1.1288082209401564
-1.1268799865640013
-1.124595131633592
-1.1200340287775412
-1.1158512359163393
-1.1151825878773143
-1.1148860908613445
-1.1117661281439983
-1.1112700590386355
-1.1095650756092779
-1.1076274004213693
-1.1071892068594549
-1.1067409304911076
-1.1012135727443606
-1.1007751836029618
-1.1006349068190857
-1.1003189472714032
-1.100228086153615
-1.098096619744576
-1.0967404280823099
-1.0959027389225788
-1.0943521288527456
-1.0904712741939555
-1.0890574821604022
-1.0879589164499808
-1.0877210540027478
-1.0839675412381615
-1.083524920338664
-1.080734796524315
-1.0781414455150298
-1.0743145177739575
-1.0716556733153353
-1.0710128116547257
-1.0682411365055366
-1.067738727802005
-1.066667289877526
-1.0666172577461228
-1.063115774904901
-1.0600274875467521
-1.059374129854489
-1.0555007413223325
-1.0534983081409832
-1.0511408642789095
-1.0504298617332686
-1.0481539884660973
-1.0440454079089825
-1.039113983729257
-1.036998902757288
-1.0307695686106277
-1.0301018665687314
-1.0299880038809615
-1.0229382328052694
-1.0208251013550944
-1.0191278999043072
-1.0176298483129118
-1.0153557276695757
-1.0152677644068284
-1.0149504628406207
-1.0145803052642852
-1.012601544945336
-1.0123273090090015
-1.0105032957545736
-1.0076821445035822
-1.0071877099135709
-1.0032255317083962
-1.0021438635634652
-1.0008086084504073
-0.999425204386632
-0.997316680839126
-0.9955090556013716
-0.9949269465700529
-0.9947455197835183
-0.9917240500554427
-0.9898982219576876
-0.9884814714533391
-0.9873481127623621
-0.9848404920718086
-0.9837375554040171
-0.9827651425131647
-0.9809689401667685
-0.9802052500571834
-0.9788871004603978
-0.9776034055355667
-0.9764152975927601
-0.9746700032143845
-0.9725875204382052
-0.9720317538679795
-0.9697240648378438
-0.9654075642763934
-0.9639962923756016
-0.9615552236562248
-0.9614654904034836
-0.9587678268675689
-0.9587593541850012
-0.9580637895491747
-0.9572648788907718
-0.9558502069530301
-0.9556355236739937
-0.9555729297060366
-0.9548905493254409
-0.9544033078055985
-0.9519678032615915
-0.9487027179761174
-0.9475846165580137
-0.9462175077831985
-0.9460367359955213
-0.9460288528687961
-0.9418431693605505
-0.9395052704314052
-0.9388122463326607
-0.9386799248566172
-0.9360058028509529
-0.9326251819078724
-0.9271351787229327
-0.9268094674859321
-0.9263137017710596
-0.9246427517584004
-0.924277254297739
-0.9236917357537828
-0.922770913982627
-0.9218317937190293
-0.9206050561520165
-0.916333330278406
-0.9151925952930352
-0.9125313484955582
-0.9116647218385501
-0.9102007501463075
-0.9097877872647676
-0.9076249697538743
-0.9060522791288466
-0.9056970907644957
-0.9047718448200613
-0.901918190337572
-0.9012453953116447
-0.900862187381235
-0.8998560835833204
-0.8996699267794261
-0.8984893555638319
-0.8958313889348046
-0.8910052059725109
-0.8878287120670051
-0.8873416864531474
-0.8852914959410065
-0.8842232461487305
-0.8801979431787768
-0.8792672039659107
-0.87772888009745
-0.87701300202179
-0.87681306123388
-0.8758336208509897
-0.8751129579972924
-0.8731429901434415
-0.8728966543989113
-0.8728741505446906
-0.8725449947283439
-0.86666472154954
-0.8661657805262004
-0.8661290393565115
-0.8657004575900213
-0.8653568324650167
-0.8646099517059439
-0.8638609376047364
-0.8630831332454172
-0.8627545169921785
-0.8620753649614906
-0.860233052563888
-0.858704033279534
-0.857942867700379
-0.8564890198409467
-0.8557081479907744
-0.8542950049668628
-0.8533673135412788
-0.8523771624925297
-0.8498648046956131
-0.849117676607359
-0.8438163798739793
-0.8397717070591443
-0.8390630453733903
-0.8385306907592229
-0.8380670222697318
-0.8374079480032559
-0.8371780060173686
-0.8366523922062352
-0.8346211002144424
-0.8342088985874673
-0.8296142603855099
-0.8286550729279654
-0.8280351494741991
-0.8261303015371649
-0.8248630035702751
-0.8233299327015776
-0.8210245491346894
-0.8203487276700516
-0.8185894185445532
-0.808150676846484
-0.8078740599710985
-0.8069748298677615
-0.8040999191808976
-0.80405651043678
-0.80119111676506
-0.8004691507400865
-0.8001451515327572
-0.7957391156623246
-0.7949369373225104
-0.7942285613483051
-0.7923907020474267
-0.7920428886987168
-0.7910626253072277
-0.786126795771036
-0.7844533263460707
-0.7827890575515961
-0.7818220690919475
-0.7805586285072815
-0.7805349678097295
-0.7785988527463081
-0.7759163483116637
-0.771718038476616
-0.7691527371635954
-0.7674746021693056
-0.7663906149042155
-0.7640151450583889
-0.762199704597589
-0.7621813595983541
-0.7613758997976174
-0.7611152291348033
-0.7598865374390168
-0.7594699868725366
-0.7568752607452383
-0.7565568788474605
-0.7564199555662048
-0.7555986263462
-0.752495890906654
-0.751518663651191
-0.7477534678236906
-0.7455983760684677
-0.7453347966110596
-0.744725676605229
-0.7426857366737349
-0.7424753582673022
-0.7387470626403511
-0.7377259418870995
-0.7348790764408826
-0.7337540218838943
-0.7336381049294999
-0.7290004120136329
-0.7288411050894763
-0.7286954340064054
-0.7281586938730701
-0.7273664086242525
-0.7244224136503503
-0.723527392667753
-0.7220982604165697
-0.7201913357530995
-0.7189717499887275
-0.7186022279386919
-0.7185525013264027
-0.7166098779068454
-0.7162929218567784
-0.7161077776427568
-0.7157836640714772
-0.71451997611921
-0.7119701114963952
-0.7102947408266357
-0.7090487290141786
-0.7067701971221045
-0.7063481512066008
-0.7060149941308964
-0.7024767800598897
-0.702143846742889
-0.6991844139759203
-0.6987731808780006
-0.6986133023291823
-0.69800158999023
-0.697662237287833
-0.6957532284173004
-0.6954228710402772
-0.6939969736869834
-0.6935455842312547
-0.692567410652072
-0.6913915568933613
-0.6895045102631188
-0.6847571294849703
-0.6819700157333659
-0.6818161894950309
-0.6765792439327867
-0.6762826342763048
-0.6727420944779781
-0.6724845067970631
-0.671150828772646
-0.6705472229962977
-0.664927351507163
-0.6630509272901371
-0.6621431085443461
-0.6614122653575678
-0.6594668371468592
-0.6586599910428482
-0.6582934642212406
-0.6566955369563507
-0.655394233867322
-0.6496160872021315
-0.6495881898998237
-0.6471937024259691
-0.6464292434405082
-0.6461865680441732
-0.6449116474452231
-0.6436698675235843
-0.6436162018045587
-0.6432897650460814
-0.6431470132492145
-0.6429790149572732
-0.640954730302362
-0.6406827816347108
-0.6395760548967125
-0.6365849411992656
-0.6365342702746724
-0.6354446776072507
-0.6345273864040398
-0.6330802374501914
-0.63266411343331
-0.6316656775616595
-0.630566651292907
-0.6287780033786458
-0.6277167236622508
-0.6252211030001468
-0.6238282717656545
-0.6195684506838997
-0.6161272184300639
-0.6110156344227864
-0.6108056276256821
-0.609759854464607
-0.6090795133793772
-0.6085693576683162
-0.6077650513986299
-0.6057920282059104
-0.6043482077413056
-0.6028974291963868
-0.6024753939510539
-0.6015442611681902
-0.6014036438468696
-0.5957643274097822
-0.5952077156555592
-0.5936885600763856
-0.5934380343741346
-0.5933216184342259
-0.5927271466832221
-0.5889220965982338
-0.5888381631657216
-0.5874989463950715
-0.5872669773822851
-0.5868813063809798
-0.5853620370508794
-0.5839177407471736
-0.5832836089652635
-0.5780862234850862
-0.5768961090241447
-0.5761478688989524
-0.5741311233813561
-0.5715590087747271
-0.5685025008225064
-0.5683416362413325
-0.5665759892642871
-0.566237722896793
-0.5654743323196233
-0.5653304804627246
-0.562472385566564
-0.5606942594169259
-0.5566432720271263
-0.5565522662049585
-0.5564214474831457
-0.5562737416065888
-0.555853443880854
-0.554104976769389
-0.5532883483881932
-0.5526903082050889
-0.5526482793267649
-0.5498966797201481
-0.5494096591054142
-0.5476352349096447
-0.5472957752104577
-0.5463479768505348
-0.545785771064161
-0.5438081983093827
-0.5433726280201445
-0.5428452071225515
-0.5426973604847887
-0.5425935419457365
-0.5421372787214572
-0.5391699844009653
-0.5386647841881892
-0.537180253168354
-0.5356448196181821
-0.5310527647093973
-0.530323493905391
-0.5295152793192621
-0.5291594448211673
-0.5270882151099733
-0.5257520038920198
-0.5239545617138063
-0.5234838137065372
-0.523022503151453
-0.521922686368048
-0.5213975067744829
-0.5209080379639238
-0.5198296235996287
-0.515517000397411
-0.514894836313837
-0.514787952516858
-0.5135912175529725
-0.5118732981109027
-0.5110510420003364
-0.5097877280641847
-0.5095448341713901
-0.5091192970696574
-0.5088936404613598
-0.5079666331353057
-0.5059077765570852
-0.5057475044258585
-0.5054495922198419
-0.5053461114995025
-0.50426971129893
-0.5033331570409907
-0.5032167011927007
-0.50289086961483
-0.5024793102383603
-0.5002139824079682
-0.4981182703012682
-0.4979392048178501
-0.4949809753599498
-0.49329320192235027
-0.4926461104949467
-0.4913753628524101
-0.4903135258429774
-0.4891391592716987
-0.48876239326901283
-0.4863950200411098
-0.4857327050584366
-0.4855486235342853
-0.480725590341457
-0.47683881542318296
-0.4749985902084821
-0.47393236637502667
-0.47280986596166663
-0.47242775517277535
-0.471058379319504
-0.46977446718397053
-0.4695493604137952
-0.46844860415672285
-0.46778897438316747
-0.46600834428523935
-0.4645924681529988
-0.4635578773356356
-0.462927976930554
-0.46096055917937395
-0.4604436779782217
-0.46014165990024003
-0.45941943826626896
-0.45844555929531317
-0.4577880356357784
-0.45766330254995463
-0.4570776482174803
-0.45635505075677235
-0.45528462995291274
-0.4543571169999715
-0.45368360649165684
-0.4515300980597666
-0.4487772456484441
-0.44872228876465436
-0.44834226296116586
-0.4481052125601475
-0.44733455542506007
-0.4471750953885062
-0.4467367426904907
-0.44556682942257986
-0.4444667445393846
-0.4433517898842146
-0.43809776553698315
-0.43804227659371975
-0.4355035057067137
-0.43494351224658623
-0.43125114790083185
-0.43093342036159055
-0.4306193367189281
-0.43008332245981984
-0.42696605223744244
-0.42693464894000527
-0.4229469316512995
-0.4227056143651512
-0.4209699970923103
-0.42034449533652285
-0.41690694169619946
-0.4144986265428454
-0.4142598174115063
-0.41221528064806634
-0.4094112041170781
-0.4087734855342743
-0.40777910820587054
-0.4055118941603304
-0.40354405839447144
-0.40236879660118097
-0.4001577313882252
-0.39915844127112854
-0.3989101306109491
-0.39715287463913074
-0.39699650524691255
-0.39374297371419775
-0.3927751252226366
-0.39226334271454333
-0.39154467402833126
-0.390970073837942
-0.3877051833198395
-0.38667875265640417
-0.38518332723161786
-0.38436834530415265
-0.3805703828956404
-0.37803889231350063
-0.37757249522750824
-0.3769831763458751
-0.3760039273682386
-0.37452143640236474
-0.37364774902834114
-0.37081364099247205
-0.3699853196320322
-0.3679338699226435
-0.3627846596519496
-0.36265701673226747
-0.36201910919422875
-0.36022248173785043
-0.3600577654949244
-0.3589255016865167
-0.356301053834127
-0.35610691702752273
-0.3559350969850734
-0.3551495868552358
-0.35494100911785187
-0.3524678021144336
-0.35210242431511307
-0.35207674000612604
-0.34758481009602804
-0.3472035105854576
-0.34605548228031235
-0.3432609010416602
-0.33620914470107377
-0.3341790650214972
-0.3337825695506094
-0.33242656373496904
-0.3301693366129632
-0.3273698508359824
-0.3267517341006858
-0.32631333122549266
-0.3256348257321124
-0.3243332222751072
-0.3230116851892224
-0.31937181276557525
-0.31912937070437775
-0.317776276169992
-0.3145980041012384
-0.31335253022578574
-0.3127511396411188
-0.31053657240071125
-0.31045111644295587
-0.308849852540664
-0.3047334885735161
-0.30436777675775173
-0.3026952884505209
-0.3017456405112794
-0.29884993638605506
-0.2985433164497221
-0.2974707139823958
-0.29270360437614185
-0.29188023323598833
-0.2900542202394952
-0.28999050044814473
-0.2871550654298798
-0.28711548406339926
-0.2868461431383791
-0.2831874737172638
-0.2813167749062754
-0.2803538713937226
-0.2801924660584828
-0.276637203604469
-0.2762284466795085
-0.2752800006970584
-0.27440243451872154
-0.2712667220085996
-0.27104401554426116
-0.26944098309348374
-0.26914476000865284
-0.26839040236353506
-0.26655057524820147
-0.2664403402042523
-0.26517430611441006
-0.2646231352983719
-0.2638401810214016
-0.2617676529364683
-0.2613567955266668
-0.2612563394589936
-0.25999448406835535
-0.2593593319891292
-0.2582946165397405
-0.2578845704315338
-0.25787996752079717
-0.2549202954883697
-0.2548881368590118
-0.25469832683946025
-0.252672144896918
-0.24801474815912516
-0.24763123009506183
-0.24726880924547612
-0.2464763033937228
-0.2434650667615001
-0.24042660777381492
-0.2398382028585398
-0.23822123889211058
-0.23778725769141484
-0.23340590652768867
-0.23231690220914997
-0.22724872782389188
-0.22645451704775432
-0.22632663337897485
-0.2251159607042209
-0.2242228842673426
-0.2235783018240322
-0.22294899684072367
-0.22251236194967883
-0.2218710163253501
-0.22182492565819123
-0.22081989015986958
-0.2203074615215897
-0.219605662810348
-0.219379114892862
-0.21770009025198234
-0.21746311940544139
-0.21637185583440965
-0.21430644849370845
-0.21345102153859644
-0.2119986282140064
-0.21148341181032818
-0.21025594580864282
-0.20967684151829702
-0.20841575255756428
-0.20731561436420415
-0.19991369408631932
-0.1996753687621392
-0.1990969477962628
-0.19862331673784922
-0.19771916555805102
-0.1969110744875598
-0.19622379468844886
-0.1948955597025983
-0.19413575211892442
-0.1921768578068619
-0.19112755139775162
-0.19101512261811124
-0.19033895112740448
-0.19026692499377462
-0.1895279241604284
-0.18489368482407953
-0.182722788794013
-0.18180839316732633
-0.17912495906878476
-0.17769072853419987
-0.17616471040030168
-0.1737213590700143
-0.17304519304324262
-0.17096868790182762
-0.17081248136310206
-0.16973634412079397
-0.1670037416569471
-0.1638135195891386
-0.16338080520010412
-0.16217724872643202
-0.16061906410599025
-0.15829787754469327
-0.15699044392837433
-0.15468582305371115
-0.1525430973942301
-0.15059228430748384
-0.1480357395684485
-0.14801034579836825
-0.14622647090197738
-0.14512071032919283
-0.1448826551157173
-0.143481571219232
-0.14226478523004749
-0.14022979627572116
-0.13874660430490404
-0.13674408475585853
-0.13592016329187417
-0.13575193458919083
-0.13550698746904155
-0.13529979090303226
-0.1333603255973561
-0.1323160101449351
-0.1317481847778399
-0.13137123978767698
-0.13134205037830757
-0.1288930759670156
-0.12554898249550772
-0.12370103645331143
-0.12286165975722485
-0.12250372792605102
-0.12189221643668571
-0.1207311625481301
-0.12059378023467253
-0.12051550478826811
-0.12028765771995009
-0.12017027989232121
-0.11779073140561547
-0.11727920300207603
-0.11649655017453298
-0.11322365502053289
-0.11229461533567353
-0.10843200287612342
-0.1078844458049617
-0.10747105127563866
-0.1070943999191788
-0.10549126318576724
-0.10543534772380558
-0.10448406238408714
-0.10249787129697763
-0.10091195999204516
-0.10076879821303472
-0.10011790077747135
-0.09528341902831616
-0.09439558043062313
-0.09367409396892512
-0.0888312382863723
-0.08791936752873442
-0.08741536304235409
-0.08687425319273201
-0.08386545395344328
-0.08186449452549494
-0.08083722518912148
-0.08012846275391028
-0.07748635119367658
-0.07688842272498644
-0.07648529121576919
-0.07527960182420751
-0.07399442165959491
-0.07056347148432696
-0.06803574679767452
-0.06754424356633115
-0.06494462449027771
-0.06295135043065903
-0.06255019390187434
-0.06152698958130376
-0.05806623365889152
-0.050207123740371104
-0.049675827781711535
-0.04943786593555444
-0.047221829528325654
-0.045204463830660235
-0.04190368868090111
-0.04026403303771206
-0.039383494859036805
-0.03890930509200363
-0.03877716267645438
-0.03726019298768035
-0.033454363016201416
-0.03176984557426721
-0.03121141699152985
-0.028160499270088568
-0.027989373423175923
-0.02726326018503497
-0.024800521723479796
-0.023996253886857086
-0.02281748867241562
-0.019108468932192646
-0.01836701627699361
-0.01635478341990826
-0.013352052600706932
-0.013303657748195363
-0.010293411768846378
-0.008699493449883189
-0.0077381744265223595
-0.00766788466060675
-0.004818386483638248
-0.004108163692385536
-0.003909768867312591
-0.0014741402251175484
-0.0013024896153616128
-0.00101659582039898
0.00011968562884590028
0.00032456727301954924
0.0014758217868499068
0.0015496798414286195
0.0017964851581858676
0.003399807215749062
0.00933145637673477
0.010870747295941443
0.011296638651606794
0.0120872907039008
0.012426665587783492
0.012654157248748993
0.013475141681123626
0.013490889376924442
0.013600540439209663
0.014881294191712802
0.015093355892363602
0.015738354080779393
0.016680914811065872
0.01828008739335718
0.019903900703058364
0.021792723687877547
0.023040760193543952
0.024569133054367254
0.02572242017947579
0.02601660895783986
0.026262043536882107
0.026430839578144183
0.02806703758843726
0.0303427404859945
0.03285599549140461
0.03333411883641335
0.03600670216514168
0.03623459041406106
0.03814607549644938
0.03858725872440183
0.043412305434678444
0.046307029796013865
0.046505058828640033
0.047595012778679224
0.04785330912114871
0.049412481741524295
0.0518062981334928
0.05324457609145633
0.054183446057003315
0.05419640537757747
0.05519703317786362
0.06014458927404848
0.060552300248931816
0.0610605648368967
0.06213357873982858
0.06443203265967146
0.06466639223158122
0.0648209433691253
0.06785167143541834
0.07223083823040277
0.0740641656435087
0.07574787980751396
0.07589822042404437
0.07723566147718541
0.0776826529655244
0.0813646650388491
0.08475871951025385
0.08736734565002424
0.08780842166952241
0.08928275130872343
0.08995446549439821
0.090485106135205
0.09077980428560567
0.09202055991117308
0.09218093765454138
0.09385648791903034
0.0961989291187626
0.10250962546654463
0.10252103572816086
0.1057530106145137
0.10621544169378472
0.10804562779248592
0.10824557803199741
0.10840092614967456
0.10874620962618231
0.11244815190318513
0.11602376902008371
0.1162665854861428
0.11631263966447358
0.11777036344311165
0.1178371347373991
0.11999291977375814
0.12042130098410106
0.12096925708666047
0.12270466260589252
0.12346146314686879
0.12416271586949057
0.12490388263505947
0.12513308409031154
0.12624918090311932
0.12643064749670474
0.12671456205096324
0.127183616592209
0.12892599372216762
0.1293301769882853
0.13198229919732896
0.13332872774280702
0.1343415610981631
0.13660638743392262
0.14048391800798843
0.14071173702002615
0.14153424040721052
0.14278567617848303
0.1447776143086636
0.14560191735831096
0.14569240215944268
0.1473766864572007
0.14855047940078658
0.1486488529897132
0.15315229278500275
0.15384332817087087
0.15448446018932283
0.15487721690837175
0.15550440515024078
0.15576234987582788
0.15844255109008518
0.15996517399655263
0.160758562625542
0.16218575046730138
0.16248256253678472
0.1673296852788102
0.16766137084733812
0.1683018766705543
0.16848726843990758
0.17236863657156432
0.17263533121560404
0.1740673561205276
0.17633048574301147
0.18021167174174765
0.18190770241754406
0.18272159074641214
0.1856750639749689
0.18653937532518294
0.186695140903421
0.18721077337750636
0.18845002945143174
0.18912559383326644
0.19011097237256092
0.19211078019467143
0.19262171622987345
0.1936599931865537
0.19516032714205372
0.19564256702606525
0.19588456472087656
0.19682679271007386
0.19939631274142833
0.20014429335989936
0.20025844672178755
0.20053065120183178
0.20095094297871563
0.20160041045869048
0.20206342275471073
0.2029241555716399
0.20329201505685057
0.20486134518631227
0.20750911210362244
0.2094318673463767
0.2102894714684238
0.21159930062040622
0.2136027336353129
0.2142673211506625
0.2142872231585063
0.21594767966394512
0.2167333954586101
0.21761861145278594
0.21768385861770478
0.21776575043032154
0.21895075615637194
0.22152750272920985
0.22899369527613866
0.22919122633970018
0.23003051048910655
0.2317182639707841
0.2341051211007719
0.23577324534910815
0.23798408299963913
0.2383784299443961
0.2383917674892594
0.23942361465815382
0.2418703411183074
0.241939448273227
0.24298761054445406
0.24423942270533316
0.24565982318708818
0.24953968061529858
0.251212620406679
0.2516779302105624
0.25182309565583827
0.2518795792572195
0.2524484131376358
0.2529035142023144
0.2572214676059561
0.2576103246797282
0.2595026244783532
0.260482969616027
0.2612515587641925
0.26387253838442787
0.2641813296117906
0.2672927034197978
0.26771093124443646
0.2708549554739693
0.2710471010924994
0.27115373961306577
0.27271372793248705
0.273409443175822
0.27363300307494864
0.273933883536898
0.27756671445589665
0.2786549034540279
0.27875211867657707
0.2805896821042789
0.2843756785234731
0.28492228503440364
0.28776962677732376
0.28916985518055344
0.29132893571744845
0.29229485516873843
0.2925510274656675
0.29331213779610726
0.29474507551375806
0.295173068956441
0.29624269461247765
0.29817311801650903
0.302353718391548
0.303692885193074
0.305189095510152
0.3077786232050459
0.30906244570916686
0.3092009293946315
0.3093202388187899
0.30947425543187257
0.31086159189071766
0.3138145732782189
0.31431204729434425
0.3145466208290888
0.31513808255478115
0.3164049010439665
0.3177638060088872
0.32060757539147045
0.3215631487233834
0.3233475990487896
0.32528725971187605
0.32573899338176515
0.3257920007135713
0.32691877021246535
0.3280352448773801
0.3283860437342906
0.33094707272060053
0.3311023476912294
0.33156368104920086
0.33513300838579996
0.33733889776462644
0.33764411843178904
0.33807618457717803
0.3390028575356254
0.3392567507141342
0.3406009249549231
0.34457721244419487
0.3455996823844709
0.34665640960815813
0.34915481212915955
0.35060737194536984
0.3532894079293075
0.3545932536144756
0.35487511999041577
0.35849603682191
0.3605709521719147
0.36118122107246087
0.3619224770206001
0.3649542951965211
0.3669205694220155
0.3675348373366265
0.36966336601359484
0.37019158168043553
0.3702211701435344
0.3705405392412917
0.37119623558593157
0.3732513892980513
0.37338681730288675
0.3741627589135543
0.37581548976019996
0.37645483484405506
0.37670714638119107
0.37863992047123174
0.3790282863214091
0.3794765497050794
0.3799464574844834
0.38022532364416084
0.3810444357361548
0.38349874063784967
0.38580599793746506
0.38727110146523325
0.39378045769154657
0.39592954618845944
0.3964699567754129
0.3975408921877726
0.3999746073628806
0.40061517889512616
0.40213120297606547
0.4058418281931778
0.4076681503904377
0.4117350227706889
0.41271003835475534
0.4154613406030744
0.4192192409264514
0.41986076118264704
0.4201956062699883
0.4214543708963171
0.42204796812320344
0.42431813714385297
0.42775255249577876
0.42821629210993206
0.42951970722829724
0.4317817538377821
0.4340811230905838
0.4349710764043081
0.4357941018193756
0.4365870293875751
0.4375408146876776
0.4384399093422936
0.4395230330831624
0.44025743738553214
0.4406756775499012
0.44541130907754656
0.44568956486369193
0.44596776112439196
0.448012431237373
0.44864298089522875
0.44968786296863417
0.45318238800933386
0.4537647564474089
0.45527276848663806
0.45655948431692006
0.4605390686956619
0.46422026669493177
0.46683640844598884
0.4694512434955991
0.4713632335482977
0.47229356719006904
0.47239792786092616
0.4724570952818913
0.4731579327783217
0.47392004418055
0.4774786727786015
0.4819195346927947
0.4830264902237179
0.48329416809008635
0.4838358482028796
0.4839088537465964
0.4893373234078279
0.4896530728300883
0.490834310830795
0.49218767662282015
0.49525628779741426
0.49939303504926147
0.4996011936654057
0.5014656938352426
0.5097454478644204
0.5100186593766959
0.5101285033743984
0.510753579298528
0.5113691393187181
0.5156215314140935
0.5156680878696979
0.5164739425764961
0.5180753573654397
0.5182538309574581
0.5186067552998288
0.5192810190915866
0.5197919880191366
0.5203587213708032
0.5243342812564274
0.5243758882101153
0.5261567498660977
0.5285946474461825
0.528745625101644
0.5297994796733319
0.532024383836146
0.5325948496586597
0.5336018054291216
0.5346154357580504
0.5362975129106469
0.5367194847047562
0.5441836842444323
0.5456502618786587
0.5482671134792918
0.548304486875089
0.5496211711903276
0.5520348634132066
0.5528465176529738
0.5547445014585323
0.5565041837439332
0.5566024248240942
0.5574241972001153
0.5575076106362515
0.5580352763284322
0.5584991440245702
0.5595170972986323
0.5615302435098128
0.561911868149864
0.5623578625096991
0.563026298762023
0.5636322970138594
0.5636513004090722
0.5636756818633142
0.5638150131407502
0.5642730612406142
0.5652591967618339
0.567483133331069
0.5676754687354206
0.5677839946192416
0.5683675386204339
0.574536852761941
0.5748753474884521
0.5749353204737007
0.5762526669327739
0.5776094247974094
0.5777267481936866
0.5801818379933967
0.5815416228333462
0.5832138714623667
0.5839294864526625
0.5840642317464806
0.5841987909904294
0.5850543608754173
0.5863464028239216
0.5866409976218462
0.5867430333624835
0.5873209528459752
0.5874518662938157
0.5890197484226871
0.5916399844787009
0.5918724511547921
0.5929486914045947
0.5939482703862033
0.5968354028383439
0.5973742608541299
0.5974085718064771
0.599099553117882
0.6000896179287092
0.6001006156058448
0.6012987289753671
0.6021452656294493
0.6054916997724533
0.6059738279780205
0.6076508250445081
0.6082994983148301
0.6102216375611138
0.6111680634293146
0.6117645240933471
0.6130541820166089
0.6142318035155818
0.616342186131753
0.6182192197586911
0.6258147761013736
0.6290495764815178
0.6293238068860397
0.6334117171917353
0.634285110494841
0.6366450251504374
0.6368389204076806
0.6386395309302482
0.6390312771326419
0.6407622135529462
0.642808243903724
0.643158324927022
0.6441898838545641
0.6449034468203916
0.6450005541784181
0.6458162425060825
0.6460600545547168
0.6478190989791918
0.6506073201629656
0.6508398773312594
0.6524128023662834
0.6524367505656908
0.6536300734598461
0.655705764785375
0.6558970556826518
0.6564716019235831
0.6574800721645415
0.6603558590588341
0.6605406110475183
0.6609458046065848
0.6621685523748779
0.6637493343809053
0.6660283092705314
0.6686440125240243
0.6690329988779729
0.6774992467865533
0.6780399616484868
0.680443231477955
0.6819444816188045
0.6842453362010843
0.6869743538829742
0.6887265867189363
0.6899599707521314
0.6904176500214361
0.6906964861428984
0.6946358846932869
0.6948961070344195
0.6962312851056053
0.6988817216032359
0.6990490001356681
0.7009490199800823
0.7011791563132255
0.7019046597498558
0.7042770735831232
0.7070369132976175
0.7078812443096119
0.7101396700363746
0.7113822003981795
0.7139135149493001
0.7200107044750217
0.7209642586300637
0.7217046800591638
0.722204347462841
0.7245024880174975
0.7336070459693462
0.7370653407550263
0.73935256841176
0.7403455533378089
0.7408744232701889
0.7436032651028259
0.7447969786059855
0.7449170559803118
0.7451030069859857
0.7475668210355991
0.7482508518291006
0.7518883218079331
0.7541021331853496
0.7554669016610316
0.755592319440352
0.7588918056506713
0.7589434012528743
0.7592394247909315
0.7599278479390775
0.7637496151092651
0.7642304707464453
0.7645884806188408
0.7660585695869977
0.767093781184071
0.7716917390822244
0.7725096955222477
0.7765263213708493
0.7769019003392696
0.777847331233814
0.7797602269396487
0.78025403870621
0.7825354530873322
0.7846376351103238
0.7892963079294327
0.7915420639798155
0.7920514144574488
0.7921532281132612
0.7935689672321895
0.7940153532502975
0.7941425105492345
0.794577416628744
0.794742409829172
0.7949811241757414
0.7950019542938513
0.7956996694935051
0.7965799581584979
0.7971053659694864
0.7980988379108322
0.7982625595762993
0.8008497671350536
0.8009368847012291
0.8020879617886278
0.8024624839253541
0.802795893433706
0.8072943681808842
0.8075082858747622
0.8094930292189473
0.810552411449603
0.813842786479724
0.821076027691467
0.8219773090042695
0.8223155776866874
0.8224767204751435
0.8263436678408956
0.8283589514495076
0.8289785610780966
0.8294666245225941
0.8308666173816199
0.8327037219717276
0.8330287169272823
0.8332739419295799
0.8332941900772625
0.833456884150273
0.8346298941042526
0.8347439237398595
0.8359739248638295
0.8365663392054696
0.8369585025968038
0.8380043165034606
0.8395665355571884
0.8401619292772079
0.8431360127784266
0.8445758426600821
0.8447021133210939
0.8463319472974964
0.8488031936100777
0.8542915158938661
0.8577583784488669
0.8599050932308759
0.8602124799618572
0.8640268397121786
0.8647391192224629
0.8648975874741321
0.8665888612355162
0.8676278847359404
0.8684158732394535
0.8687648482214972
0.8722395460150407
0.8732134574870594
0.8760423285988338
0.8766001205617704
0.8774896977076573
0.8786483222593924
0.880056500934179
0.8818781892145375
0.8833963920632784
0.8848469900320832
0.8854369840342053
0.8861653421751816
0.8863044784003337
0.8876194569912264
0.8889199631033234
0.9028805675074714
0.904813602629143
0.9058222496766308
0.9073485283631653
0.9086806469328204
0.9091840535341635
0.909334466553513
0.9097560281107477
0.91136663761526
0.9127030199259981
0.9128415760710131
0.9131067882282939
0.9147616453460192
0.9195963551471906
0.9199549801341392
0.9201480178198849
0.9251859278020002
0.9300087159235483
0.9305874772157756
0.9337822378785704
0.9338038991193605
0.9392142442711103
0.9410789308323695
0.9435986299651615
0.9440439774313287
0.9446249594158863
0.9449973918904073
0.9478065354128864
0.9490538424707354
0.9510835431921096
0.9512796640217762
0.9542627726963607
0.9554690490704624
0.9592609049985111
0.9608188509853395
0.9620768997206488
0.9621954846646594
0.9636496379827983
0.9709268265831391
0.9712633935871224
0.9720671378069949
0.9733486065105155
0.9734014405508034
0.9750875072557659
0.9771073467902716
0.9779955650197361
0.9814938176441779
0.9828529593918862
0.9847707199158506
0.985994357886923
0.9861913018181632
0.9866898095345946
0.9872968772526927
0.9878309686957927
0.9912286018481086
0.9919694811480557
0.9920527894966344
0.9958234936482719
0.9967155271240797
0.9972704696160695
0.997475156205488
0.9984035777511281
0.9991942538011132
1.0013419983816108
1.0020680035529415
1.0071372227769189
1.007417811142234
1.0084325055322951
1.0098545349421126
1.013734966514063
1.0200330452533561
1.0209265233973217
1.0223437422746522
1.0231715824505456
1.0256999320719395
1.026746370721156
1.0269169456820464
1.0283465122431696
1.028776411156016
1.029760655237936
1.0301676320935709
1.0318415578860116
1.0337375044877601
1.0365450203755127
1.0386484000809963
1.0389322050252612
1.0394623029906558
1.0400728113050848
1.040138154319188
1.0448441903073709
1.049369660675416
1.0495889491128878
1.0522998627075888
1.053641243131491
1.0539821181345497
1.0560510473929106
1.059126212755502
1.0606568551988955
1.0607032422237295
1.0630786639046765
1.0641974757255954
1.0652740800509006
1.0658984679190622
1.0665362275060497
1.0679670886764596
1.0790146699264647
1.0813108794253325
1.0833036992981144
1.0833294218759935
1.0858383456617964
1.086200550083323
1.0867865844910445
1.0900133635344267
1.0938396894133338
1.093994695922625
1.0950107018479676
1.0950282222127306
1.101531560350039
1.1031099039166898
1.1035745084262332
1.1039000789584943
1.1051267045641424
1.1067963392676252
1.1068712152629105
1.1112880691478875
1.1118408131967474
1.1169166706423967
1.1170265314532348
1.1184097084888474
1.11934183548454
1.1228147023407355
1.1239684980227325
1.1266561762040395
1.1276359757712138
1.1290491265137637
1.1305862662805115
1.131022792981589
1.1318168077054709
1.1318916108284554
1.134778265775459
1.1348587466007243
1.1351835869913152
1.1379654226951144
1.142141003447357
1.1439186959787861
1.1442174627759554
1.1457825214262618
1.1548810130931468
1.1558450386856436
1.1603373440409865
1.1615739829785148
1.1628888095468712
1.1635487695414632
1.1665290773032795
1.1665471619300454
1.1711438812016033
1.1719590856027147
1.1747502965567456
1.1753795134486662
1.1776170278055915
1.1779320447194273
1.178126037820493
1.178679396424363
1.1792231386564334
1.1793890755917509
1.1803991530199782
1.183778556477623
1.186967956049136
1.1875997578440232
1.188035343603623
1.1910060048385605
1.1945602097907386
1.195206826786147
1.19683770560541
1.1977796581584874
1.2031728106088009
1.206462162452852
1.2095458699049009
1.2104735729403198
1.2170637193007994
1.2196242871725098
1.2237343772418496
1.223778382596678
1.2250804198367895
1.2282456631703118
1.2340655121521957
1.237421152246476
1.2391583807482933
1.2396258193770202
1.241886699727806
1.2419571320613052
1.2434567951430593
1.2436295115295568
1.2448076111755784
1.2533523122501018
1.2563776991509958
1.2603384671092335
1.2621291788497757
1.2655874187301657
1.266036967083921
1.2665566745724668
1.267591940420441
1.269036770406652
1.2697476156336527
1.2708696428865571
1.2721372028108688
1.2747833552896486
1.2763343727934713
1.2798108054022008
1.2798375673909566
1.2806240579985924
1.2814799404387758
1.2843045412081813
1.2864631698524218
1.2882252354956976
1.2916336141991331
1.2925841498249855
1.2930630322483143
1.2968084847785282
1.2971185494919764
1.2986143558940055
1.3078338290826392
1.3083315123305503
1.308931235907901
1.3096632369298749
1.3115000672525963
1.3129867791933298
1.3130634843510642
1.315211780536832
1.3154613696917707
1.316446595405579
1.3217666037335647
1.3255765298566888
1.3292781038538808
1.3303837466665802
1.3310066773994236
1.3311749625301592
1.3347123988358929
1.3351701746738611
1.3356027058010653
1.3362976571385217
1.337402233911411
1.3395736948498782
1.34114552362177
1.3437461388634568
1.3460354592822605
1.3479398334934813
1.3513821395070749
1.3556887103147492
1.3559098113660002
1.3578279721969522
1.3584033196235592
1.3597525021828452
1.3606823726976107
1.3625247547481094
1.3648489960005608
1.3669294180024518
1.3677126588784367
1.369019106112571
1.371159215108566
1.373852455826425
1.3740160925806937
1.38049497308464
1.3808049935493028
1.3887797662368935
1.3936859521234264
1.3971864850334224
1.3976192337051847
1.3985417032203853
1.3990190008122594
1.400987758183748
1.4013775326153315
1.4032081321506946
1.4043931124443065
1.405486031995542
1.406679591918417
1.4082495951910867
1.4082687628640795
1.408858929104939
1.409173516721792
1.4113957554040977
1.4115015632612438
1.4133918860875714
1.4139991873901883
1.4184426963305703
1.4219814863070908
1.4226285979230715
1.4265008570233948
1.426870215778484
1.4304781169470264
1.431207901659278
1.4313852151149429
1.4315577930303918
1.4317824078052888
1.4320454500615392
1.4328071980249975
1.4331781355889777
1.4357227359691902
1.4373945006906377
1.4378089144936301
1.4401942177850013
1.4432929003273518
1.445228798439099
1.445587026082203
1.4458486977947946
1.4462654087795448
1.4492097341571057
1.4534339501157674
1.4561172489642003
1.4586758481259543
1.4594335747539868
1.4618446235381146
1.4645302825601836
1.467601899670134
1.4722034744283272
1.4724577517708837
1.4747775286144518
1.476616204977335
1.47664066544886
1.4806019613476633
1.4828012497238452
1.4837248555792217
1.4855457248261712
1.4911329965869475
1.494851929460077
1.4951712049055237
1.496468817357889
1.4972548926946292
1.5028806655253724
1.503329076199514
1.5116036636527468
1.5154004061313309
1.517075783895299
1.5215405119070708
1.5233138942396918
1.5251023492154023
1.52626960692688
1.5292125936561995
1.5300434995118974
1.5344175213359714
1.5387352817613102
1.540187767156417
1.5412944102693205
1.541976706427834
1.5444019228457704
1.5445565172314806
1.5463110625236185
1.546953871533498
1.54700295013332
1.5488935948137676
1.5504660234889127
1.5568360562388208
1.557470507320228
1.5598681971899206
1.5756349076635985
1.575777109777257
1.5776674710758956
1.5787670281641286
1.5803770051896082
1.5803771607024188
1.5805148341052238
1.5859834090322262
1.590026761436882
1.5903950595046077
1.5941711394152436
1.594539310816561
1.5946395414729189
1.5973734132090867
1.5976415240186976
1.5993833575069327
1.6023889412681522
1.6038704025112733
1.6047014972077367
1.6059753153182328
1.606632291890071
1.60962269607586
1.6097304645094042
1.6116882686777658
1.614163087343342
1.6179273752728731
1.618482538259471
1.6200958557535823
1.6241582349224046
1.6263179393581675
1.6264210326276762
1.6311346433060805
1.6322842873266095
1.634080897301983
1.634693841590466
1.6349537221713635
1.6351879067676816
1.6356608698322403
1.637657706192757
1.6503557556871409
1.6579139381318417
1.6624094068959456
1.6624339118785314
1.6668023209293301
1.6672499320282888
1.6714851558095156
1.671771885806931
1.6722031899554817
1.6744819305322918
1.6754684854884354
1.6770116396970223
1.678798144537173
1.679531544308698
1.683439542830524
1.687212418549168
1.6884045967045351
1.6983153865281033
1.7015809560792843
1.7076843037061278
1.7082149535277016
1.710243727605005
1.7115341377653341
1.7154258871817814
1.7157429454130533
1.7211396097090905
1.7222456643703543
1.7290015710847206
1.73119509730095
1.7319614537458792
1.7374987228815293
1.7394772036366475
1.7410512481554838
1.7417830553205738
1.743980752847405
1.7510917259012646
1.751233760137133
1.7520746572951906
1.7532189853805655
1.7532967843002245
1.7581343371150222
1.759861101482596
1.769745428314864
1.7717410095252426
1.7837318002831233
1.7918018275465202
1.7937489122828014
1.7947270678488563
1.7953052109429442
1.7977258892229906
1.7999197504252444
1.8072216451804666
1.8140331566518229
1.818678469314921
1.8233835406932994
1.8234129941002757
1.826978153545803
1.8452655118032704
1.8481541413946343
1.8493276380918873
1.8515580496658923
1.8538518679858922
1.8608824225006884
1.8690047476987073
1.8699451249517818
1.8718384405568065
1.8749181481649435
1.8771997049393598
1.8849882185163669
1.8861664753173621
1.8951637769061138
1.9074046300980152
1.9128447214817952
1.9169564032089186
1.9183178346299687
1.9200802696522148
1.9218865881260068
1.9224615511170922
1.9229060286942459
1.9248627179200306
1.9358839015570357
1.951577613866227
1.957163347822409
1.957220260336681
1.9593165571100977
1.9599501172929896
1.961945470463358
1.968312506214279
1.9707961911642684
1.9713231901221029
1.9813207277696712
1.9887880688213835
1.9894841065754107
1.9971502097722478
2.0067534779263942
2.0082017596408246
2.0127084041285386
2.0331151578712348
2.046749541991582
2.049150119829784
2.057421526304671
2.0732526001716325
2.0802397327941202
2.0881134393625254
2.09335089232754
2.0955037363223776
2.1031241082915617
2.12911318419181
2.129515857184301
2.1324970494557096
2.1391572761217352
2.1399927035333732
2.143779051356007
2.1608592864234444
2.1679161714616204
2.1907510681771707
2.2115569003539575
2.221226188420468
2.2487009981072013
2.257538782128597
2.2638254237661615
2.2792300792129576
2.2860348046563357
2.2873267511545485
2.310858559433081
2.3517630154057123
2.3622579322838457
2.3839485795683095
2.402423363668766
2.4303299153781954
2.484228451830978
2.52198884001155
2.526630041201257
2.5477602812413638
2.548362962957191
2.568789606333709
2.6738377355623877
2.7223653532009036
