-32776.150756247174
-1777.1502442883007
-1730.875412608533
-1316.478759314701
-983.8100586003379
-916.2514517523463
-786.2191913500316
-696.1249218428057
-630.7386608125739
-555.5274306575888
-395.2337062145473
-334.7709838949305
-291.16477970788327
-280.68254728157314
-279.13268027261336
-271.16413904518055
-263.71478615991356
-254.8864420956811
-250.71510964229432
-242.94092371348398
-210.4125793024311
-183.84764711249693
-167.59355051620585
-164.11037512976867
-157.08003819573156
-153.81863493616893
-148.78314004469175
-139.76433736194338
-138.21072627928885
-136.59647952685233
-133.31711235780037
-130.2599145848659
-125.3036414017565
-121.72802647577593
-119.46063569437021
-116.36470328682728
-114.95144765707923
-113.21429980915025
-113.12369754853123
-108.05791551869872
-106.06613326473186
-99.59246316740662
-99.3811332835268
-94.31574238953489
-93.25494407510169
-90.99401862034833
-89.37485213310589
-87.85501174254573
-87.07478736677496
-83.90710850469205
-80.60296055300734
-79.66516145146332
-79.15836548263438
-78.20809765622678
-76.29572176089532
-75.76811317898687
-73.03704268494648
-71.42200954044235
-71.09648985386627
-70.97497287937952
-70.28943781506626
-68.66835359646754
-68.22056400623903
-67.97602519501754
-65.40216051017984
-61.77033385717284
-61.39487378318849
-61.29120608171453
-60.135688470033
-59.86919502334992
-59.41329847449585
-59.01208741904293
-57.51269164862621
-57.512391385535004
-57.44214705593759
-57.35881618612304
-57.05854947238094
-55.314245321238396
-55.21554934329934
-54.03417867853114
-53.19303983892268
-53.08649617718035
-52.628408969751696
-52.54664987521841
-51.400173180625124
-50.61879760639495
-50.065897259955804
-49.84935551188202
-49.62621596650667
-48.80603067490101
-48.55770588423215
-48.21917328445936
-47.790470920347026
-47.6012005082115
-47.4256385655249
-46.6812108578989
-46.48098072111155
-45.799251139334224
-45.752490368855014
-44.77454511515364
-44.48825503695954
-43.98834313137183
-43.860207475804756
-43.128579583081574
-42.88724039194703
-42.513879860954944
-41.713672953017614
-41.630520119259046
-41.60691669902039
-41.48877511327594
-41.286438962672506
-40.86275066618791
-40.50138762197343
-40.47060551289763
-40.05205632912562
-39.76610105389557
-39.73085597992136
-39.567491599856346
-39.36148944089457
-39.04559614805184
-38.89956115574783
-38.47885047797641
-38.45419111505892
-38.089794725283554
-37.98753641437282
-37.562238765671786
-37.317538144028944
-37.212521397069814
-37.20800448232371
-37.17916046252326
-36.998245762972736
-36.90051606332991
-35.86117480644592
-35.75594023242974
-35.690514894030514
-35.56347626243101
-35.106480141601885
-34.632547526919254
-34.54135141565767
-34.265478911968444
-34.15718853296561
-33.586027706293976
-33.493046334099375
-33.20788101095619
-32.98664699083777
-32.81076372056645
-32.63190855964116
-32.60383970634892
-32.57446625272662
-31.98604935481025
-31.805081410508265
-31.59744840551177
-31.594894698964147
-31.588850928636557
-31.517056565737054
-31.33751350892132
-30.718468399608742
-30.40039943525264
-30.34778445438617
-30.338565103447596
-30.33055344614771
-29.58235164642597
-29.384798720505326
-29.36030856239003
-29.289148827020824
-29.268711731249024
-29.179568699260045
-28.917285531871833
-28.73256224133241
-28.645806817048076
-28.593887785782297
-28.293393688987706
-28.27013695102538
-28.128111217839496
-28.03783940701931
-27.893764185003167
-27.837994019065192
-27.63551745822388
-26.842409900065803
-26.82541283142338
-26.598976479374716
-26.476078504415447
-26.413159524631304
-26.172980847747976
-25.648759724385105
-25.598626858831164
-25.212321424845857
-24.999140651073432
-24.5125751445883
-24.4193885630564
-23.988414871204398
-23.948163752192887
-23.84858910940539
-23.766255700809246
-23.34904099413912
-22.866532177970083
-22.76221431420534
-22.728872075820277
-22.71893775040346
-22.709456812672837
-22.41518193086509
-22.375014549004266
-22.364304751485594
-22.262459297107643
-22.180043276999807
-22.110288297414456
-22.07914202819299
-21.719576851626954
-21.646084075714015
-21.59449499317623
-21.34321737597939
-21.3422003272732
-21.25386670795147
-21.249765366248106
-21.012870263697135
-20.970858806312194
-20.8832633001648
-20.802704292321767
-20.563317711213863
-20.371119624327473
-20.370075392298073
-20.332063989200908
-20.27561493438531
-20.267133417933092
-20.163595960077032
-20.156938893331837
-20.002747913870284
-19.815163245682065
-19.732788953205887
-19.656588538597322
-19.656085123613707
-19.34956224023201
-19.243299116289343
-19.204808473248185
-19.132811318835202
-19.07621749130486
-19.035970672968443
-18.97787539915165
-18.928248911275535
-18.874141481360045
-18.79560895581326
-18.520721724125973
-18.481124006796996
-18.4510342277674
-18.44414007735467
-18.442303511076172
-18.435693488568926
-18.367442461073683
-18.266795936082044
-18.264726420676922
-18.24851045671747
-18.139471553004807
-18.139330377645695
-18.064221277558104
-17.998931573065686
-17.97100636262017
-17.888842182672644
-17.77538732548177
-17.674875369064363
-17.63919796273106
-17.568679078413403
-17.39315301244709
-17.300221719306787
-17.298664838946326
-17.16365549035431
-17.14592616670224
-17.138444087214932
-17.1035479203192
-17.063036435475187
-17.0354939789456
-16.966003614903297
-16.938205105010393
-16.901605883087875
-16.863925225848615
-16.823736129936982
-16.676293720983548
-16.652373557240843
-16.523580552255975
-16.359371652490037
-16.32272526053709
-16.280574118869158
-16.27072718118475
-16.257753678482345
-16.114396446697384
-16.061638046948275
-15.978070787600238
-15.967242519025874
-15.865873877035668
-15.856655063447395
-15.81444169724286
-15.808983875557423
-15.783958737842871
-15.597076381326854
-15.485498183599121
-15.426137130490181
-15.378580841819243
-15.291874210503728
-15.287872022120613
-15.158088328236442
-15.129293548521831
-15.098351279317558
-15.05705405511734
-15.020831798576394
-15.019235317489294
-15.01244376757819
-14.902987202251833
-14.884537479272703
-14.857992424703996
-14.815300907315846
-14.800868840114722
-14.779468648238748
-14.755723992630818
-14.60009272011112
-14.541392044200519
-14.540395627223326
-14.535025247224263
-14.45729587772678
-14.413674884936304
-14.406285343147104
-14.367484397740602
-14.346995095059448
-14.316022991909023
-14.24920122527492
-14.232706049726374
-14.232328154556004
-14.152224380142169
-14.1378788714567
-14.123289575051329
-14.099119141047014
-14.083212550115881
-14.076025195893827
-14.075523055171354
-14.016125606321662
-14.013091999215561
-13.994253184844338
-13.994054090880146
-13.934829308903026
-13.911787194521834
-13.846590760758371
-13.809298076933148
-13.70985256817945
-13.599177734559621
-13.525027056364294
-13.520864205161434
-13.457501723642398
-13.420853547521245
-13.378965044653494
-13.374072400044977
-13.371031102346805
-13.36263316841708
-13.309048730766383
-13.30642275359234
-13.301731946732158
-13.297083418828016
-13.209990126258678
-13.164299573310185
-13.145213884971776
-13.134089650556856
-13.093249335411702
-13.066024250150083
-13.039287422897738
-12.89504263052024
-12.875134421618103
-12.808147910268215
-12.80539712710197
-12.77772845120654
-12.760446680332869
-12.75985048581979
-12.755326938239767
-12.717791135629769
-12.709688902080991
-12.689677262251841
-12.634389255477462
-12.581389124919982
-12.559501337876009
-12.556541136428013
-12.553164350896271
-12.501138701694124
-12.492545566556723
-12.466022372262934
-12.453286105964107
-12.408620701480501
-12.36924738938086
-12.366639683770579
-12.317326950310694
-12.261895025937893
-12.258704435574037
-12.17621341458842
-12.163019627178514
-12.162092355438602
-12.131951565300817
-12.129488228375084
-12.028571893498908
-12.019521709885414
-11.982942612914076
-11.981017974852811
-11.97224657847288
-11.945623194428594
-11.942099798285415
-11.930768064218162
-11.92899050117872
-11.905644440249596
-11.881249667143507
-11.818613596918263
-11.754242494197019
-11.665500936175434
-11.63552383126786
-11.610903972994235
-11.602130529902771
-11.50884073742759
-11.506950722265138
-11.499210110370594
-11.494351715256105
-11.49225498299992
-11.440994554385089
-11.372772264386565
-11.36910261362867
-11.340155543372266
-11.315765172687986
-11.266374802245037
-11.261155655078959
-11.20221627389538
-11.183776776407491
-11.176968878141029
-11.159763587603686
-11.156768060918788
-11.035903976546113
-10.961785338099677
-10.930220082844794
-10.930024749104225
-10.923428727592087
-10.906979728212391
-10.889474530024426
-10.87461168012486
-10.870956538147947
-10.86670997223939
-10.865730903175452
-10.848818780275025
-10.846238227341566
-10.814023896701855
-10.795873767324577
-10.740675784265942
-10.740670192014488
-10.699527953695377
-10.69621217770204
-10.627975639151723
-10.581538857874687
-10.54537811854109
-10.531957234436053
-10.530057148762697
-10.505055885126765
-10.455662141505396
-10.452789930223963
-10.442244579087731
-10.437781298123832
-10.41987797055254
-10.356259850370533
-10.353468362931885
-10.347753440593504
-10.347193443299403
-10.32928543136001
-10.328174811843352
-10.317111384953792
-10.295256877210003
-10.29012868307877
-10.273763700048416
-10.273566994986297
-10.267251545991671
-10.23565027658931
-10.22490326926432
-10.167799211892078
-10.108941086797877
-10.092587825688572
-10.091411300038764
-10.072026647530196
-10.052898529376794
-10.010475395158515
-10.008799231951508
-9.972306051828362
-9.970229220775828
-9.930431904641223
-9.918597477903559
-9.886099441807403
-9.883444505367372
-9.878185054384051
-9.854472642470876
-9.838747801052307
-9.819822702485528
-9.718813872921974
-9.71772131119703
-9.710695303408993
-9.650437388427175
-9.630361848116786
-9.605020745285291
-9.598613036050985
-9.59755150176236
-9.592769226330134
-9.574460065568363
-9.528048060068208
-9.523834116159962
-9.52163188212732
-9.520388902707584
-9.513369295874643
-9.50580104209299
-9.416327545151882
-9.410168844193139
-9.373391706627627
-9.368286743258945
-9.367878451327233
-9.362482593294942
-9.361354994925202
-9.339460297149056
-9.336419479591154
-9.303451895860118
-9.274648346737099
-9.234472116428572
-9.209395622844552
-9.164516025853825
-9.163591961750392
-9.16019231810104
-9.150306435314134
-9.14969427825563
-9.130143751397435
-9.128213245452145
-9.105774258957403
-9.069631391832754
-9.063488921554933
-9.044720412272683
-8.988818899835334
-8.955073420025073
-8.951588289121553
-8.897321097843811
-8.869552976038026
-8.868215025529606
-8.86176371644043
-8.839566906251331
-8.839462644762976
-8.8197314363639
-8.80151905998164
-8.790358548226525
-8.790078833271345
-8.767638304630687
-8.766339430083837
-8.741440956255028
-8.729365705986556
-8.724996516914121
-8.72173145003392
-8.717286767171517
-8.713194552781077
-8.708821749843954
-8.697180173545153
-8.690721144153432
-8.690192250262033
-8.687379915510418
-8.687063288728957
-8.649139475411104
-8.626696607432
-8.606660935774956
-8.569941399762158
-8.553147666758267
-8.545334690079839
-8.482316898695426
-8.471094962918011
-8.459284864294343
-8.433976433395792
-8.415336613365604
-8.386624004614827
-8.372114624403329
-8.365527538216593
-8.340744915430761
-8.33588992200762
-8.327692956092294
-8.314960820288034
-8.31385193680981
-8.310442269191752
-8.288145215394803
-8.263911731832971
-8.244815183306692
-8.230823619342392
-8.230081745412033
-8.204841253837353
-8.191877547376832
-8.163549815832523
-8.149292570942322
-8.116421592477897
-8.07733823863802
-8.075173647823942
-8.073996141775478
-8.073044852818192
-8.04336404283966
-8.03896319390942
-7.989301748079545
-7.981584253515855
-7.967968103295756
-7.951920031954
-7.924732463470967
-7.920991706607261
-7.916475172856436
-7.91578136598551
-7.892288102503581
-7.89184218202085
-7.863099437913212
-7.849946831733601
-7.826292757376801
-7.824950379879276
-7.819554935510691
-7.810498495729075
-7.807437002711485
-7.800876626508555
-7.778221164489279
-7.743766703816995
-7.743448310495103
-7.7130305942137705
-7.707833972082293
-7.677507726707545
-7.613686093024336
-7.601144017730691
-7.583654284475127
-7.576688189539779
-7.575237560878923
-7.5658232635434715
-7.520638154762246
-7.504334209964638
-7.497208249212892
-7.4908988408414015
-7.46796817036939
-7.467645978755084
-7.453569479204562
-7.446063293830546
-7.429905225955503
-7.412627497781008
-7.402151761880271
-7.348110757156643
-7.30463191492038
-7.291141576197229
-7.284973846635012
-7.276061061450809
-7.2632226086880705
-7.2367358870992735
-7.227738856013747
-7.2151399029656185
-7.210157516351918
-7.2074165507433765
-7.194012842286385
-7.193353649395163
-7.190594433572747
-7.188706726787883
-7.18298451126604
-7.177199828989104
-7.175975866310519
-7.146492175612861
-7.125164401578383
-7.100942555116487
-7.097695366451782
-7.094119899862154
-7.080449577038507
-7.076070996759828
-7.056802632061585
-7.051416221354186
-7.025248289725445
-7.018753662281018
-7.006031422124893
-6.9729434340543435
-6.968511573628817
-6.959061145840308
-6.957975940141886
-6.931237320224211
-6.927773049392298
-6.919071895411433
-6.9186644827399535
-6.915943760017678
-6.901718764774412
-6.88326609836644
-6.87740347847677
-6.87714777055493
-6.846351411223768
-6.843945202690869
-6.832904158163226
-6.81004074186285
-6.809474381402324
-6.8084410723766045
-6.808390682726246
-6.80007623277799
-6.797118561215202
-6.796483305477983
-6.790263857304163
-6.758024386439675
-6.756899188273808
-6.756168783735166
-6.751313301545537
-6.7428883273794895
-6.740298476681435
-6.727963030241584
-6.699456286194131
-6.694588739706269
-6.689591611571089
-6.6821333836005765
-6.682057544131284
-6.67714970100781
-6.6760978479463855
-6.675364193682457
-6.664365121125586
-6.656950010709405
-6.647923375804312
-6.642026881194196
-6.628063112000323
-6.622847663104575
-6.613181718184706
-6.600429712177299
-6.575001848955015
-6.570502893043591
-6.568701024863359
-6.556945363462079
-6.556414027009068
-6.5503017981472595
-6.544205488913398
-6.5390919100347835
-6.537842805302496
-6.527051914863218
-6.492722078239922
-6.472471233493438
-6.459742332880777
-6.45239808975232
-6.449449208712634
-6.408196167219664
-6.400507400078941
-6.385468686206003
-6.380068179464603
-6.360358230293195
-6.359932393155017
-6.358690017596274
-6.356030501643958
-6.352595076398835
-6.340884844643357
-6.324928661344577
-6.320096066913278
-6.3170166019729095
-6.2808174141565525
-6.277079753695535
-6.260759166171302
-6.2360520802473145
-6.2191235467544175
-6.213759865567999
-6.20996511902079
-6.184900010098935
-6.159336308641544
-6.130626556564238
-6.127840135936165
-6.123815495708241
-6.119120941227511
-6.113893949424291
-6.113788700047218
-6.1062690290925055
-6.080251986907747
-6.053024594297464
-6.04626882244607
-6.040983728084531
-6.03310835893801
-6.031542408173521
-6.028605126201477
-6.027760569039402
-6.016265817034721
-6.011892868076086
-6.004662302624273
-5.997811104267251
-5.98737552666713
-5.98491484996856
-5.984310128738441
-5.983382631223395
-5.979130701026959
-5.973248533096672
-5.9591857111337525
-5.954500179639782
-5.936692189180507
-5.929868729089096
-5.924786213718288
-5.918771069751667
-5.917998185231232
-5.909439203801451
-5.905395417742491
-5.891252279516928
-5.886112421701605
-5.87459136187069
-5.871630945356072
-5.870504757958237
-5.868764593011129
-5.8568422446206725
-5.846556485517308
-5.835209050650297
-5.834052212172425
-5.828179396758028
-5.818440404189304
-5.8037999365422
-5.802556849070181
-5.733774643832103
-5.698902368887247
-5.695057915565947
-5.681637157013542
-5.68042401326484
-5.673353606562463
-5.66341269268048
-5.657938204285763
-5.651539597146883
-5.641868242386804
-5.639060271287773
-5.633336926381283
-5.616336426069076
-5.614628423067047
-5.609538956108681
-5.6084540314250075
-5.606491886022567
-5.600169434781453
-5.591390846282284
-5.581015262011491
-5.578194923383388
-5.57638946413938
-5.574540681133137
-5.569260421260461
-5.555179768424554
-5.552185987652225
-5.549890457050575
-5.5482077777451195
-5.538509403528932
-5.535812893276254
-5.53014284003382
-5.528176735680134
-5.519062926159334
-5.518775454716215
-5.516175292326414
-5.4975856197686515
-5.495461653193683
-5.466502589709865
-5.464216591956329
-5.458058218878026
-5.4391857570108115
-5.43737117185419
-5.435549339758875
-5.433051580272835
-5.4314956176341465
-5.427598859981058
-5.425808539350317
-5.421894116053235
-5.376363068847017
-5.36510819302265
-5.364591128513158
-5.361007515618987
-5.341778378735617
-5.329757421788716
-5.3296139541209175
-5.327543741484397
-5.324259463439496
-5.314095445899314
-5.313428488915166
-5.299961080411464
-5.29222577585615
-5.2608627446737355
-5.258233224689153
-5.257030518291756
-5.240929732588651
-5.2385901504143
-5.235377275174054
-5.222760180299244
-5.206393741267783
-5.204622574446201
-5.20376924770475
-5.202793660209179
-5.197747429967884
-5.187498847383457
-5.187299775087782
-5.181190685013446
-5.180607943669871
-5.176114579459908
-5.16602642363757
-5.152283887955948
-5.151572115190437
-5.1498237983814965
-5.130108755236591
-5.112896840264224
-5.112063197928343
-5.104019644504408
-5.103564003570604
-5.091237266989947
-5.069617453404721
-5.069291070986769
-5.064817908139072
-5.064180494011204
-5.0619943377663255
-5.058288406470417
-5.055352751391935
-5.043392317412509
-5.042920034953345
-5.039015009352015
-5.017370520145324
-5.011703277766977
-5.00993413929471
-5.0063419698884335
-4.9989090050969445
-4.9885594711446855
-4.987950189500628
-4.983180644514887
-4.965930297087947
-4.965724658999493
-4.964493494101993
-4.962862598328458
-4.937114062352373
-4.935519933922149
-4.9247677664865215
-4.9242838446195005
-4.920774134150471
-4.919632395895949
-4.9132614155610534
-4.894850880214584
-4.888059510817904
-4.887671901196995
-4.878289728257576
-4.86481212103069
-4.853443250100035
-4.852224146494454
-4.833532094547583
-4.829882150406795
-4.822143181218553
-4.813421009906037
-4.812871149289073
-4.809440974237546
-4.804885950044472
-4.804387071273496
-4.801375519276168
-4.790576433133735
-4.7701209547073375
-4.753456252042852
-4.752527810643121
-4.746876553457541
-4.744799970306618
-4.742859623171666
-4.728738117053936
-4.7091730272346854
-4.7070655884794785
-4.701870731807889
-4.7014271780344234
-4.700101159953192
-4.690372790172422
-4.6878761686031
-4.673003589055591
-4.671031526283967
-4.670271725039508
-4.654112240911568
-4.653900990105566
-4.642371504111191
-4.642281340067914
-4.639624047123544
-4.634871272550976
-4.634648207635427
-4.617590181652988
-4.617053878795421
-4.6148480348902226
-4.606461192271392
-4.606180925486354
-4.60452292687771
-4.602520847864892
-4.600823803700218
-4.592444287196995
-4.5922003947365795
-4.591380683437802
-4.585751797988404
-4.579125200790406
-4.562475335075874
-4.557562572858597
-4.557186304017879
-4.553325244023868
-4.545980645079442
-4.544644385225409
-4.534306630403082
-4.53305299255377
-4.516825169396124
-4.505784768170605
-4.5010842988600555
-4.497449892688177
-4.489267545344374
-4.479071086298441
-4.478572160302468
-4.476482766335223
-4.472472359159607
-4.469859427608657
-4.464098788163472
-4.4598421841852804
-4.459029702569348
-4.4577802367714625
-4.443312274283055
-4.435834019660529
-4.4354620173869
-4.4265187605621845
-4.41909334730299
-4.418921499123277
-4.410583657218487
-4.408440120659926
-4.407107275391756
-4.40550357576106
-4.403240123699223
-4.402364838241676
-4.397645352177229
-4.391621306318015
-4.391002176806267
-4.387583621449384
-4.384872161991544
-4.373122110779613
-4.361848965826102
-4.36168874261805
-4.355066433640021
-4.352472790451466
-4.348543352819163
-4.345103944400512
-4.3173418301563204
-4.307936572481542
-4.303934000516194
-4.295577395751779
-4.286236075900498
-4.273150999927295
-4.2686310833638075
-4.267841774769536
-4.266136218558254
-4.263737848071692
-4.257774503630833
-4.257373766748243
-4.25510004001618
-4.254705777878099
-4.250789158835779
-4.249705838138418
-4.248155784420424
-4.23720252606304
-4.236257024439642
-4.221642210711775
-4.219558520500096
-4.210433066819597
-4.20978587483465
-4.208489911758106
-4.208111542502347
-4.2077817758671925
-4.203269062219226
-4.19932419282773
-4.195705745205964
-4.187388107501348
-4.186669556410143
-4.1858723610655195
-4.1851421074949595
-4.18088681942611
-4.180201207902993
-4.1781982955967765
-4.167672208489504
-4.164613655465475
-4.140615526807285
-4.137759425608624
-4.136043125121649
-4.1308937207243
-4.121678406352231
-4.1200447383276995
-4.111290784010405
-4.100157357349309
-4.099191996969874
-4.095716973653896
-4.09324938649008
-4.089817800882306
-4.084988072066512
-4.0833248318391915
-4.075203731010568
-4.070002130380154
-4.059446055346454
-4.055382729237069
-4.038138014591537
-4.03729923106142
-4.03463440983123
-4.0334111651969256
-4.031662593463325
-4.0277086307779655
-4.018038347732625
-4.002096256882815
-3.996867418701105
-3.996843091241681
-3.99393427841285
-3.992866462342869
-3.9915415059044026
-3.990038184317409
-3.9875260433912496
-3.982746984341258
-3.9776168909647045
-3.9761795011964467
-3.970515449069
-3.966569063477836
-3.9663978105519258
-3.9593081484071098
-3.9589789271879248
-3.954575334173966
-3.947308086687956
-3.942636829443832
-3.9421313994852776
-3.9325586435661246
-3.926557375943129
-3.9181159404213393
-3.914772303909362
-3.912230776900916
-3.911177992989063
-3.9093333098616503
-3.9063422927567837
-3.9057745614637858
-3.901662988555005
-3.8954725409816326
-3.8954635330983693
-3.89046282607576
-3.883576460496094
-3.870721573073973
-3.865262316276408
-3.860891102663347
-3.8594079912711594
-3.8436185214043777
-3.8378047578602175
-3.8351415582444113
-3.820889070310208
-3.8181409872851138
-3.8102057138277377
-3.805030459112323
-3.8040287066928506
-3.8003324259001587
-3.7898711764263617
-3.789202592014723
-3.787965924324924
-3.787594629435904
-3.785182841148428
-3.7844528927431083
-3.7802155182711186
-3.7712221742969687
-3.7682226363603917
-3.766101860954577
-3.766076161930993
-3.762633765187265
-3.7555219226148235
-3.7515446294953123
-3.7483656739928604
-3.743851006141918
-3.7424771852368472
-3.737745700084224
-3.7369909452052363
-3.733375374854396
-3.7325163640828873
-3.727004909124031
-3.726307243643518
-3.725368034561615
-3.7236944473305567
-3.7210165606600993
-3.7154123972619932
-3.7114146990829386
-3.7101128990071035
-3.709361307195289
-3.709141395605421
-3.7090278256071088
-3.7060048391683966
-3.701703334613409
-3.699520124158518
-3.6942454886324
-3.694231560325358
-3.690669948839621
-3.6861656903102507
-3.675217390853525
-3.6716827216888657
-3.6713434449987203
-3.6710837934539624
-3.67022863761889
-3.6694820199686378
-3.6665800403286912
-3.6665514014287894
-3.661011123004989
-3.6608892723171307
-3.6497764401990125
-3.6496758501223696
-3.633739356988407
-3.6297684295303685
-3.620207261731727
-3.617915620571267
-3.616915911533727
-3.6168605300485694
-3.615301892300087
-3.613405254271825
-3.608570459663764
-3.5966599971041457
-3.5924309113011614
-3.5678951994527583
-3.562750895342588
-3.5555243452340117
-3.5502435600727313
-3.545972843500064
-3.5443504823442358
-3.5431389095170855
-3.5389386188329897
-3.536982568309141
-3.5366493992147943
-3.5349938880206535
-3.53316971330003
-3.5315777134289466
-3.5307296126608008
-3.5275722472097297
-3.5207515357620074
-3.5155787490395496
-3.5087339206539454
-3.5040660671475474
-3.503427918923299
-3.5033529666637397
-3.5028079107220673
-3.50258020502656
-3.5016627511078173
-3.5012405060981657
-3.500318344067822
-3.484831631773572
-3.483021115170636
-3.481412434891462
-3.4784584884294905
-3.4767086422207134
-3.4754114691613385
-3.4678925618137093
-3.461511659719295
-3.4608062937011685
-3.460745328291856
-3.4565767610510125
-3.446768835975006
-3.44672289694137
-3.4301293935333472
-3.4253427725663945
-3.420918416339811
-3.4129901233586315
-3.412127918887468
-3.40821214896184
-3.4013271661260536
-3.399866967313483
-3.3981916846897815
-3.3965927896001196
-3.3882356388313672
-3.3850558457921713
-3.380915938369261
-3.3648996381893204
-3.362633078052635
-3.3620072343956107
-3.3593331526927166
-3.3562328378590207
-3.347432856217643
-3.343474419527816
-3.338709063038418
-3.3386290485949175
-3.3347978537061422
-3.333374614385752
-3.332802199937229
-3.332266188768693
-3.3297869603805657
-3.3288963040647106
-3.32788746445011
-3.32237151448423
-3.316420423232787
-3.312890005322997
-3.3122509323155946
-3.30155525441084
-3.30113120349718
-3.297326428466997
-3.294912698028718
-3.2949015617392843
-3.294757455954972
-3.287268888499877
-3.284658859757943
-3.2798294440034086
-3.2759341328054132
-3.2738379058483904
-3.2736376760650603
-3.272078972058758
-3.2687298542637353
-3.2679173950659344
-3.26309331212691
-3.2630825530291445
-3.2543312761260155
-3.2412315629220148
-3.2395143639600414
-3.23904721744978
-3.237634847792826
-3.2361385900846504
-3.235003760826708
-3.2332830808653976
-3.231558162233381
-3.2256649568446445
-3.2254297483140766
-3.2222213181966004
-3.2221562354291446
-3.2190250177730686
-3.213696993721917
-3.2013285545252175
-3.2000040806519428
-3.189642345664311
-3.1880957857578798
-3.185811137032222
-3.175471388045299
-3.17363864868275
-3.1718521165673232
-3.166269000466324
-3.165901667090634
-3.1532064056920386
-3.15123459747774
-3.14747885888745
-3.1406562259332254
-3.1406481955633003
-3.1367505340531796
-3.1330159412315317
-3.1329315801690365
-3.131523945389559
-3.131385745807511
-3.1241633306154277
-3.1172323011317316
-3.117156090671524
-3.1154257923722724
-3.112515022303181
-3.109282837271945
-3.1050434082273863
-3.099311781341283
-3.0921099883941037
-3.087522905006706
-3.0852304763143583
-3.07973524069506
-3.0789243313709838
-3.0749729255688036
-3.0714422079455534
-3.0689287293500476
-3.0684236537273173
-3.0657476079328307
-3.062817430001248
-3.0611864905246033
-3.059143277095592
-3.057865214199291
-3.0514535144266297
-3.0448924038637046
-3.0394912557113747
-3.035789919928565
-3.0350416400219453
-3.0330972272777323
-3.0271594401026256
-3.025582641594055
-3.023452532053433
-3.020975108098617
-3.020514219933909
-3.01764653632211
-3.009074859906017
-3.006861160762522
-2.9986290582112023
-2.994820631333488
-2.989196943962172
-2.98491936311453
-2.9810833666333987
-2.9784754672281006
-2.977317733191808
-2.973800809851693
-2.967802811255006
-2.966628764657881
-2.9598861929958344
-2.9585979234835182
-2.955330065388893
-2.953943279477781
-2.951346110043834
-2.951218233320873
-2.94511743934517
-2.9426622129368387
-2.9370350047884384
-2.919726077847054
-2.915329442269197
-2.9116228014940764
-2.9013018201799925
-2.900500002334433
-2.891351225751853
-2.8910139103769685
-2.8905313868215643
-2.8881396415181873
-2.8857523344878544
-2.8844397701869506
-2.880024697876423
-2.8753624996715024
-2.875337276607461
-2.8747671451476995
-2.867467616509417
-2.8665686447624665
-2.8642345988204934
-2.86343495091306
-2.863356891980479
-2.863158243368754
-2.856803123023876
-2.8519054177431404
-2.842267825018828
-2.839838877905944
-2.8369761751053577
-2.8368233576628104
-2.835877856867061
-2.8336278931046266
-2.8294239992960843
-2.8279216968345824
-2.827323863936371
-2.8256992514263044
-2.82355523231657
-2.822807882349796
-2.8200877716954
-2.8187459987293977
-2.81848115982269
-2.8173142063287377
-2.812820015900195
-2.808974177027176
-2.806223396913206
-2.798562881236669
-2.795023132598155
-2.794556316476101
-2.7858210785496125
-2.7854832243193974
-2.7835467745532094
-2.7779926339464827
-2.7763591534495533
-2.7729044215708245
-2.7706020270761744
-2.7656915226204846
-2.764186578484493
-2.7570945520099737
-2.7567327657441654
-2.75542606026563
-2.7494942186028606
-2.7476355434733657
-2.747588604070098
-2.7452906443420564
-2.743814090868045
-2.742628605827858
-2.738241153077103
-2.7358392116248345
-2.7356316021361837
-2.7284797794775324
-2.7262725327054733
-2.7252914322451547
-2.7246317625714784
-2.724616612663746
-2.7226915518518098
-2.721732578892874
-2.7199251779034674
-2.7184454175981108
-2.717742016274017
-2.7131752799329467
-2.710717227859686
-2.710124494627889
-2.7084395493317612
-2.7043654831334365
-2.70407278602318
-2.703202356137834
-2.7020801353414323
-2.701759253140648
-2.697988035508858
-2.694920152494348
-2.6937293295464424
-2.691621182251928
-2.691310660697036
-2.6770598713698375
-2.6729681492520037
-2.669228082764365
-2.6665480038168567
-2.662803239639625
-2.6593393612240472
-2.658999577680115
-2.657922753736629
-2.6493319953408156
-2.6492760417178194
-2.648819244133658
-2.6486663095694767
-2.647321739331237
-2.644245604469809
-2.6420559780368715
-2.6408701606799623
-2.6405433043819624
-2.633471410733388
-2.6322675760451517
-2.6237167037528293
-2.6234455152467455
-2.623082651178162
-2.6221532263840235
-2.617738855725295
-2.6168618147659637
-2.616413196531517
-2.6136213577877774
-2.611079980251608
-2.6084859949073893
-2.6029822719258715
-2.602683360661386
-2.6019245303334997
-2.5994502789408322
-2.5968813837757505
-2.5963027199997977
-2.595213914091354
-2.591260186840605
-2.5871737436939517
-2.585779591682188
-2.5845660470650635
-2.5779447100144695
-2.576123353560833
-2.5676511930411134
-2.5668482525319716
-2.5660010082907934
-2.5657142849779873
-2.5643762230153597
-2.5627712340571134
-2.562601144562602
-2.5619063978071424
-2.558036296196983
-2.5558190025720773
-2.555492045593159
-2.554095631632001
-2.544131292115237
-2.5364491878007707
-2.5336006180285393
-2.5315383575646035
-2.525936419955113
-2.5250291773314526
-2.5244295388426283
-2.5143588918733095
-2.511718143946771
-2.507100409606993
-2.4976669622110768
-2.4938871107859213
-2.4927038603159963
-2.4915064529786286
-2.4905538896169372
-2.490222886556166
-2.4889798953409246
-2.4820155292521293
-2.4783666723091726
-2.477614528884162
-2.472589446430187
-2.4688965167029027
-2.467858342363927
-2.4662582469749643
-2.4604409374357283
-2.4520319051585804
-2.4482365188705235
-2.439118104114867
-2.436269640177988
-2.432304680616685
-2.427394088264104
-2.424047689680565
-2.422413764210405
-2.4182232742897547
-2.4133339633473563
-2.4117114909000414
-2.4076219029399994
-2.406150567259496
-2.404989910839259
-2.4044838783514324
-2.4006542514482474
-2.396881119455175
-2.393199430057525
-2.392748732668208
-2.3917502750749784
-2.378729406158022
-2.3748662198500834
-2.373069941207012
-2.370029605349526
-2.3654772657442478
-2.365019746495693
-2.3615663462134218
-2.3608988769470076
-2.3608017161108004
-2.3515162156273104
-2.3428755963890158
-2.335281399659323
-2.335003830735925
-2.3314159814846107
-2.3268330294580863
-2.3217921549063587
-2.321632035932252
-2.318999492487638
-2.3168305399883544
-2.3158389117712086
-2.311614543585754
-2.3098646695742215
-2.307880679177852
-2.3009134337772634
-2.299057484177779
-2.2988970622709926
-2.2969675220560095
-2.2946433623238525
-2.2941931438602614
-2.292578937516244
-2.2924083232063697
-2.2918705313267678
-2.288169093644312
-2.2878569877138903
-2.285020365988533
-2.2834867041205165
-2.2832527504166036
-2.280063408797066
-2.2791509059851283
-2.2787536920839147
-2.278035102222666
-2.2777426687206637
-2.276037870793351
-2.275784734435404
-2.2749872574425103
-2.270980484784116
-2.2678453037835937
-2.2669273584304293
-2.2659823739870046
-2.265542340002641
-2.259658551880478
-2.2481662834944305
-2.2446529085088374
-2.241732913086695
-2.2392287576633665
-2.238623308857684
-2.2335121238110545
-2.2311140895748247
-2.228885226969491
-2.2244500327253527
-2.2149181906570075
-2.2145314566499463
-2.212306552311593
-2.2072403737905026
-2.2044132540856585
-2.1921890808840927
-2.191379255685247
-2.1913173947449676
-2.189086270588543
-2.18668216961858
-2.184654343052069
-2.182265009599878
-2.181342630948129
-2.179070723269592
-2.1783105374794345
-2.1767148928691604
-2.1663188843533834
-2.165309708906198
-2.1647447640240065
-2.162627045562706
-2.1577049548807388
-2.156034346595211
-2.155701040976012
-2.1486451342973854
-2.1478501814846847
-2.144784233916078
-2.1437488981369937
-2.143692734043399
-2.141672050826065
-2.136762506228526
-2.1358136419948943
-2.133312579925231
-2.132169209510254
-2.123269290709723
-2.1196149982298484
-2.114292699251714
-2.1140159519002695
-2.1123662892045316
-2.108706075624316
-2.1065493711004977
-2.1057733965711822
-2.0989176783634513
-2.098545350909418
-2.097854135443761
-2.0948719230391575
-2.0936306382060166
-2.093425449116295
-2.0867574727727214
-2.0802223732363156
-2.076448361052604
-2.075304449396526
-2.07480868426383
-2.0736054238576522
-2.0711693459496985
-2.0693949043430955
-2.06458214604631
-2.061546963305295
-2.0578876636896304
-2.0572847497021702
-2.0555254133609755
-2.055364325869741
-2.050690242972913
-2.0502915056383912
-2.0497666442112443
-2.0496007662007125
-2.0486476925758645
-2.044300711573667
-2.0430392362803023
-2.0429479187651802
-2.042628014070998
-2.042371566976282
-2.0421270883178053
-2.033092948966945
-2.0299647048517784
-2.02709427902447
-2.026392023632037
-2.026080080086052
-2.0252560081206417
-2.0244853498776254
-2.0240528026628275
-2.0227514275566554
-2.0215932816757527
-2.020408255880967
-2.01825987761854
-2.017274944835422
-2.01657267719069
-2.0164643864560134
-2.0136936744965075
-2.010833270483002
-2.0107843354101376
-2.0100669994923406
-2.009502390646617
-2.0094514054510313
-2.0035859141043297
-2.0015006376318896
-2.0014416853925714
-2.0004616263432546
-2.000406867693732
-2.0000733512097693
-1.9986019278384868
-1.9984059741832096
-1.9935445494218043
-1.9924100069327841
-1.9917049284081232
-1.9910771775678797
-1.99031289094928
-1.9870315987671892
-1.9870312701222375
-1.9868460112274364
-1.9806907184585132
-1.9780711648704388
-1.9777727847776738
-1.9746648918977354
-1.9726419724842659
-1.9681054430428737
-1.9678980941661472
-1.9645852332232745
-1.9642487289814938
-1.963746487857125
-1.957904757612683
-1.9560863453963746
-1.9559934489972854
-1.9553703224949817
-1.9500188271165948
-1.9464075041876405
-1.9459811115165213
-1.9433518021285685
-1.9426587537746536
-1.9404801526272157
-1.9377958023500943
-1.9348721677288818
-1.9334512085178932
-1.932963829843174
-1.9312950239321287
-1.9292819482072345
-1.9207637445882957
-1.913611191069867
-1.9070113022226225
-1.906999772712632
-1.906253592340422
-1.9059371930305744
-1.9043202984955294
-1.9011594272937042
-1.899469375697807
-1.8980841609570707
-1.8973848893922867
-1.896951258058092
-1.8943387795809448
-1.890865600667687
-1.8898053247579147
-1.8838962785403375
-1.8822069849596414
-1.8813362716863735
-1.8795859703959978
-1.8782881189958243
-1.8766630372662503
-1.874041605134428
-1.8717175893324787
-1.869379596660182
-1.8690025697115098
-1.8641417255037402
-1.856892943910246
-1.8568869164585953
-1.856862889533622
-1.8513411745633208
-1.8480020980242022
-1.8449057952900225
-1.8447156879296025
-1.8446236431916256
-1.8435099434168238
-1.8406466800740424
-1.8394404341707833
-1.8383708176567337
-1.8378257714117892
-1.8378240691457817
-1.8275383253227238
-1.8255129710329925
-1.8245596698430906
-1.8196936313470848
-1.8191461226591772
-1.8158549463510651
-1.814889868938338
-1.809318794173544
-1.8091340199055386
-1.8057212619070626
-1.8055217716100904
-1.8053838398099962
-1.8033513697094865
-1.8025657603496739
-1.802062667592124
-1.801336080903809
-1.8004470932838739
-1.8001774349594828
-1.7996789674101181
-1.7991317478970403
-1.7926114307977263
-1.7924457459983802
-1.79115378563794
-1.7904115203335276
-1.7898845464594406
-1.7888430883800654
-1.7850707804231813
-1.7770506283249277
-1.7748475068921454
-1.7692836277987236
-1.76908981665321
-1.7689558506239962
-1.7642911756776072
-1.7624516521131732
-1.7619956552553908
-1.7615235071231035
-1.7603065008075656
-1.759930405202598
-1.7583071098618697
-1.754342537113026
-1.7535193322851192
-1.7519649575125298
-1.748373458415498
-1.7451992913657755
-1.7447600110381891
-1.7445519643609626
-1.7339149556903775
-1.733823059484099
-1.7321917115173207
-1.7317235927354573
-1.7313750825406986
-1.7258664358703715
-1.7251399345445984
-1.723821758724566
-1.722020529949868
-1.719071029236623
-1.7162354834392342
-1.7158833522300132
-1.7157221485046557
-1.7153216316967843
-1.7096928182254985
-1.7084068271207222
-1.7061500541284556
-1.7038433493984257
-1.7037882160214621
-1.700652344794789
-1.6988270739170592
-1.6970584761272427
-1.6958811063595158
-1.6951229938424768
-1.6949978382037552
-1.6941537452271445
-1.688146985427952
-1.684494523438707
-1.6822014967611167
-1.681462917671773
-1.6807632043804182
-1.6793301166893901
-1.6740101633804731
-1.6701196130070437
-1.6688752171744738
-1.6670905265730094
-1.665265270271409
-1.6638833497610441
-1.6637757639899222
-1.6625297811739763
-1.661448920363717
-1.6559943578473044
-1.654219164215454
-1.651596778624145
-1.6499796419486423
-1.6482378526603503
-1.6475489980710543
-1.6445139445104666
-1.642007230479709
-1.6414449085782556
-1.6399764720127719
-1.636238543347517
-1.6332733400013328
-1.632464044942823
-1.632123605495131
-1.6316786142738287
-1.6315075158104635
-1.6311860240271243
-1.6289853781508483
-1.6285620742897324
-1.627421687112117
-1.6271049278043477
-1.6257597951371014
-1.625444951227745
-1.6245883081101615
-1.6212904963975303
-1.6201111011014055
-1.6182678392338872
-1.6178757617473816
-1.6164079093515884
-1.6098520515012387
-1.608968868107415
-1.608939247573006
-1.6080330098859044
-1.607702479579996
-1.602532317086835
-1.5992542805742733
-1.5980586846004448
-1.5954240887926938
-1.5947720023760494
-1.5945216245645388
-1.5924000327349057
-1.5914926832756813
-1.5911009361172628
-1.591076277163705
-1.5874974134678488
-1.5837970992657007
-1.5836265810122614
-1.5828894313782857
-1.5701586929881586
-1.567309054307464
-1.566997355049622
-1.5642936378915935
-1.5633077622952838
-1.5583818430258574
-1.5574733019724816
-1.557366885484831
-1.553955070582887
-1.5536418784275956
-1.5532019753267536
-1.5511460162928348
-1.548502316449192
-1.5392417881352558
-1.536844816144804
-1.5367179679194887
-1.5351399127860244
-1.5316199574768747
-1.52757549059364
-1.527446336583652
-1.5271440901981324
-1.5267915135749788
-1.526674224372604
-1.526494945952197
-1.5241257923549767
-1.521724008656852
-1.521499149122838
-1.520929564780932
-1.518382859078303
-1.5182087256200192
-1.509351271487092
-1.5086426596735465
-1.5077199973272524
-1.506797366930722
-1.4994646961964566
-1.4984075313486016
-1.4972245899037537
-1.4966788682115864
-1.4963946175187937
-1.4950888095748596
-1.4940741647693985
-1.49312324840677
-1.4929709261029622
-1.4915645180228059
-1.490426893914359
-1.4883846775405611
-1.4858240609973832
-1.4842664968786827
-1.4806185584044773
-1.4802725114418922
-1.4788773560151534
-1.4764024881222477
-1.4711833987581118
-1.4700791696961781
-1.4658168262451765
-1.46577532618157
-1.4652023233632117
-1.4647061047976893
-1.4637476770576914
-1.4611580493097163
-1.4580411639385185
-1.4557980396952068
-1.4545761114227698
-1.4532804385093014
-1.4514113376921234
-1.4499931833621869
-1.4484873192397831
-1.448179024272982
-1.4455500865704591
-1.4442458144786003
-1.4403457030009563
-1.4390630887154976
-1.4365931056522596
-1.4362379716892175
-1.435643208960208
-1.4337658184394069
-1.4260224211323664
-1.4217046435063456
-1.4209152989911957
-1.418938237251247
-1.4186437637430345
-1.4174018980486918
-1.4143149574946787
-1.4099845839945302
-1.4079496143893304
-1.4047533484786947
-1.4016890990532813
-1.3936621273167757
-1.3903568947860196
-1.3886574141363845
-1.3880347347319923
-1.3869956151186322
-1.3848534481459902
-1.3841750480534663
-1.3814002116467146
-1.3803399021522154
-1.3802210187107211
-1.3788742102129177
-1.3764150789802354
-1.3745903369250407
-1.3725320302920547
-1.3719245021370063
-1.3697116127691453
-1.3664900861587546
-1.365500227133325
-1.3652338798710888
-1.3632991452245058
-1.362067256540986
-1.3616323939183341
-1.3602383790063997
-1.360171263685574
-1.3524452058695895
-1.3507055378699675
-1.3498503796584966
-1.349737912627837
-1.348952623073657
-1.3456852426715797
-1.3428538778236236
-1.3389128364328933
-1.337117550038666
-1.3350164071433586
-1.334366328817787
-1.3340682144827898
-1.333466122603347
-1.3334383707208772
-1.3318723955751617
-1.3275653452027916
-1.3272880696088414
-1.3265274761440313
-1.3256962933573615
-1.3232342926463638
-1.3224157853930447
-1.3200111794492382
-1.3196910508348254
-1.319191449944599
-1.3181069809915713
-1.314486683070237
-1.3108100515198917
-1.3103321388723452
-1.3087256704403465
-1.3068648524587791
-1.3068360408722015
-1.3053295533160225
-1.3042924631876776
-1.2992047210417208
-1.2983742642751535
-1.295383169062068
-1.2928083041300744
-1.289648553102127
-1.289199760467573
-1.2868464785276454
-1.2848333890824042
-1.2846062978127233
-1.2836806349470118
-1.2828686287308515
-1.2826556525605943
-1.2805296041770544
-1.2800795756194374
-1.2782484955008242
-1.2780316481431246
-1.2773632879521124
-1.2766912504281125
-1.2733842567326015
-1.271005689107343
-1.2689397226086085
-1.26878945130368
-1.2684521163414892
-1.2683736684736084
-1.2673529211523777
-1.2656529449284424
-1.2617192496746035
-1.2563986207941076
-1.256059287733399
-1.2550324053320323
-1.2536395058222898
-1.2493581706449581
-1.2489970048972925
-1.2475306212933428
-1.247244744809136
-1.2449301782883664
-1.2443304033946188
-1.2440689583455997
-1.2437313227957154
-1.2424653442136635
-1.2424452679512514
-1.2413448964922635
-1.2410673979510074
-1.2403615420030936
-1.2396102904263016
-1.2377405022865982
-1.2312116800122386
-1.2308799808554651
-1.2298029768984513
-1.2279646791176728
-1.2277190674227145
-1.2275511705848117
-1.226336947156333
-1.2249161435638711
-1.2188426570793613
-1.2165040282997523
-1.2143002641731555
-1.2127840356293556
-1.2124180442933785
-1.2101627231097554
-1.210151649760251
-1.2089404937850636
-1.2042673148300762
-1.2023162260037712
-1.2016974818481088
-1.196690287376375
-1.1959478443058833
-1.1914116438210365
-1.1891307186730673
-1.186502038123369
-1.1863448197500541
-1.185366371931261
-1.18503177827237
-1.1825595844150736
-1.1807647736548095
-1.1805896726306326
-1.179627688304699
-1.178862946533544
-1.1778434911700681
-1.1738224774646342
-1.172262562605672
-1.1713126759001993
-1.1695143059380941
-1.1677786239633212
-1.167599919525867
-1.1670402244909956
-1.165764435439158
-1.1650984127564437
-1.1626909236954064
-1.1621764278754239
-1.1610609345285314
-1.1564859968613594
-1.1562344916222906
-1.153662281834914
-1.1520218782252956
-1.1496790803205656
-1.147562042739403
-1.1464569122344135
-1.1461362695333794
-1.1451751860969595
-1.1442473485078486
-1.1425051838652762
-1.1390894204450268
-1.138761288164207
-1.1384074078145139
-1.13814502095401
-1.1381051255891195
-1.1349415160742338
-1.1318708622509055
-1.1311897585613249
-1.1311117812075837
-1.126486981466459
-1.1233743883160212
-1.1233616863508922
-1.1219858739519197
-1.1206640893618312
-1.1197281126718055
-1.1174893699340243
-1.1153271464175247
-1.1149492925873696
-1.1121555945462875
-1.1067584596367763
-1.105611628072063
-1.105594174710668
-1.1005915576810927
-1.0978198438522488
-1.0975862983856288
-1.0974460386886535
-1.0925972411312528
-1.0866743846052798
-1.082802818992867
-1.0821021220478468
-1.081497934601546
-1.0806178937974955
-1.079202050569957
-1.0766418436064624
-1.0759863829068252
-1.0755988302097124
-1.074599958380078
-1.0738642598586272
-1.0722678890470392
-1.0710269455541792
-1.0680671512202982
-1.0673492406811993
-1.0662462125084031
-1.0647579945483407
-1.0643746844664117
-1.0603684057871072
-1.0589483590275544
-1.0587262463900289
-1.0573165859647637
-1.0548183751581357
-1.0521263882493772
-1.050664649669654
-1.0490792417273713
-1.0479418508166425
-1.0466465748687277
-1.0450838599616752
-1.0441514764571724
-1.0438055135458706
-1.037659211865173
-1.0357368319964553
-1.034703638181311
-1.0338577709615668
-1.032398245434217
-1.032163167872881
-1.0258328847896327
-1.0249885044765419
-1.0230578785773476
-1.0229519986676854
-1.021405804394141
-1.0191838179492854
-1.0159867689379734
-1.0146421707788518
-1.0137699256399997
-1.0129543636692735
-1.012243868103404
-1.0068121499353424
-1.0064954121372565
-1.0041060307910077
-1.0036505316047548
-1.0023610805551404
-0.9996552484339734
-0.9995821823275397
-0.9994925394318259
-0.9994374126781963
-0.998974355433151
-0.9981802238249556
-0.9952026768487725
-0.993494708218191
-0.9927015056370865
-0.9920009386023152
-0.9913828988338627
-0.9901630286935172
-0.989046777755668
-0.984730501397272
-0.9830333541572103
-0.9797794908212395
-0.9783132869140536
-0.9776169696065673
-0.9751280781214993
-0.9743142177100439
-0.9740998584384077
-0.9735626444111939
-0.9719365780103085
-0.9708276236140845
-0.9690153353853682
-0.9684030933859882
-0.9651347724273533
-0.9611473545249205
-0.9580871880360321
-0.9556011216955951
-0.9512746673818105
-0.9506779020087893
-0.9490426602933119
-0.947259308320398
-0.9470536668640961
-0.939945044851846
-0.9394788592327781
-0.9390754297551092
-0.9380802175379865
-0.9363811484311595
-0.9314914875033212
-0.9306706051774254
-0.9273226220013033
-0.9273176301040821
-0.9272684492667587
-0.926288249911972
-0.9258293884348708
-0.9254474233122025
-0.9239341156035143
-0.9235179489362491
-0.9223574534335977
-0.9217218321635454
-0.9204553934114346
-0.9170603071867129
-0.9147256566678376
-0.9145394273081962
-0.9127123917841495
-0.909235214682334
-0.9091259164567397
-0.9069126042097004
-0.9059006719327365
-0.9049290322594252
-0.9047075667752653
-0.9000386267041953
-0.8972198075135405
-0.8970019924782417
-0.8967703380518746
-0.896024537714504
-0.8956070189514457
-0.8943327285620337
-0.8928679340753182
-0.8923607639398886
-0.8910673223081638
-0.8855822531364416
-0.8795647127084288
-0.8750069672206349
-0.8745534705522645
-0.8729186074008762
-0.8694601840649053
-0.8691828034065793
-0.861981326140026
-0.8606886185089768
-0.8569188628218549
-0.8560803545332782
-0.8512767154720343
-0.8502769525041917
-0.8490717222447463
-0.8474446492481754
-0.8442945387619605
-0.8442705272673998
-0.8442299358926012
-0.8432745852723993
-0.842605475422309
-0.835723327561595
-0.8335225680959156
-0.8332234167433648
-0.832694387635502
-0.8307283254025153
-0.8270841591443456
-0.8266907548869948
-0.8265741890657812
-0.8261110842735229
-0.8258924430427443
-0.8255045822115186
-0.82362696998295
-0.8215857352852282
-0.8144855342675053
-0.8133342337018097
-0.8065589285077188
-0.8042090911892867
-0.80307312685885
-0.8029736817187497
-0.8026754202781313
-0.8023147006519763
-0.8008924104324673
-0.7980059529837765
-0.7972355299159419
-0.7956895781854924
-0.7946716750713217
-0.793468692111724
-0.7929468329783065
-0.7899221710060145
-0.7897775153314279
-0.7887439990180278
-0.7884655820819652
-0.7873711317053691
-0.7852113562758577
-0.7844066829649661
-0.781959895121174
-0.7810350484133647
-0.7807086927194103
-0.7707756773747514
-0.7704793369306895
-0.7692628404671031
-0.7666063639695646
-0.7612094958903721
-0.7600662132407372
-0.7600256224920068
-0.7596731443130771
-0.7579038510945857
-0.757293710759566
-0.7543586527732831
-0.7540876785636075
-0.7524106061485173
-0.7517568559837144
-0.7509569578533081
-0.7492661616358969
-0.7463102277047058
-0.7457072261031563
-0.7452758960735416
-0.7447477065700394
-0.7433888192547439
-0.7433815741563873
-0.7414506651069098
-0.7412295442318872
-0.7386300759792236
-0.7331361376293685
-0.7310796525602083
-0.7294560004264005
-0.7286067983412566
-0.7279581451087949
-0.7272616418189782
-0.7270003430338339
-0.7228573917561807
-0.7215778623322149
-0.7201980298638154
-0.7168547050997491
-0.7164768102089376
-0.715388450814711
-0.7149031220065469
-0.7148810950286294
-0.713764932645234
-0.7124566401913573
-0.708648646645712
-0.7084825612681379
-0.7069380151640147
-0.7064716250180447
-0.7060516444074206
-0.7052639487036039
-0.7048405132597401
-0.7042381943052156
-0.698699713691501
-0.6980551885565844
-0.6961311501837891
-0.6947120040178937
-0.692253518515526
-0.6922022462885769
-0.6857092670591777
-0.6853175283603635
-0.6834730585480253
-0.6826514633299052
-0.6795049452604107
-0.6776193148888476
-0.6772358689122462
-0.6751402729850906
-0.6722749525937963
-0.6721896286444449
-0.6720064544897839
-0.6713308847989412
-0.6693690445083239
-0.666930602558399
-0.6663939154650506
-0.6635682180004236
-0.6632472675058511
-0.6608906534972437
-0.657412199088705
-0.6566565855717302
-0.653388800102257
-0.6526120574918923
-0.6484601663873928
-0.6439895188080335
-0.6422244312252909
-0.6419714744451026
-0.6418412287018185
-0.6405858837131744
-0.6384071116669048
-0.6373054059519276
-0.6371343569093719
-0.6367882658195592
-0.6367243581930799
-0.6352185845556675
-0.6351521480047895
-0.6350763085710135
-0.6335377494258154
-0.6312320248587591
-0.6299020987153683
-0.6295210695675454
-0.6293683223605857
-0.6285265913671471
-0.6275844995528796
-0.6270960024942456
-0.6237520423988996
-0.6234830642913033
-0.6230456972078389
-0.6229223436988857
-0.6216129388397785
-0.6212306026463095
-0.6195783872889155
-0.6192750476724624
-0.6184734164372154
-0.6171356164982227
-0.6146669975488588
-0.6135861078716301
-0.6123168612974093
-0.6107985898793363
-0.6084610818417976
-0.6074192239025102
-0.6057676967314946
-0.6054947988909262
-0.6054398938016787
-0.6050487598716016
-0.6039793092583142
-0.6036878261402356
-0.6030329514090695
-0.6021462330981686
-0.5990562098940778
-0.5989208044678367
-0.5977015125989029
-0.5968759120112281
-0.596575583703591
-0.5960053182018429
-0.5958296564707167
-0.5957877871349079
-0.595679296610901
-0.5944123925396363
-0.5924839667959574
-0.5891325093632086
-0.5887896793393761
-0.5861397826101957
-0.5820062942168546
-0.5812576857095324
-0.5802318279707198
-0.5772625917657734
-0.5769400863226736
-0.5764604915342538
-0.5761488237086305
-0.5753438084425139
-0.5751375727252086
-0.5743639183225889
-0.5710720106405478
-0.569798447351163
-0.5682343033658015
-0.5673509131720396
-0.5659994110427544
-0.5641737218389964
-0.5632161428029985
-0.5624496111892887
-0.5606827293411998
-0.5588291151919877
-0.5567695776754608
-0.553791975762463
-0.5530546117429167
-0.5504620129102658
-0.5478677628112028
-0.5469963493745109
-0.5465560340856357
-0.5450809021997753
-0.5401366864511474
-0.5397418610270789
-0.5314717242756971
-0.5300308399244877
-0.5273356230474887
-0.5258622085776858
-0.5257317862277415
-0.5250319595236101
-0.5238424299882185
-0.5238065699666814
-0.5231884424704267
-0.51972125128046
-0.5187800779400196
-0.5180419820743032
-0.5164987451345159
-0.5135032777490882
-0.5095206709735528
-0.5091679829143888
-0.5056997005785308
-0.5048390260667752
-0.5033531532043926
-0.5002467261213706
-0.49913768007765785
-0.4991295781610275
-0.49729199102761656
-0.4957976532046551
-0.49363969200916424
-0.492129783687822
-0.49186147667110136
-0.49116212558168076
-0.48676130157951836
-0.485062002420224
-0.4825365887574462
-0.4817009251821519
-0.48056178557213136
-0.4805228739416536
-0.47894644752051563
-0.47844671049432885
-0.4770191950630964
-0.47346351195244507
-0.47280958363898296
-0.472417619506952
-0.47055744577950886
-0.46937433037999865
-0.4690083277649517
-0.46517170599391144
-0.46302075726082625
-0.4625735027795869
-0.46114351287901983
-0.46102582816247767
-0.4599697541115084
-0.4595120807219425
-0.4585538627267818
-0.45815929890942897
-0.45692370686570516
-0.45691362710459626
-0.45459031547038153
-0.4530160408569903
-0.44976763118372265
-0.44873997492476203
-0.4485384819289565
-0.44853227425374886
-0.44814302756944707
-0.44606696600317963
-0.44515352032536887
-0.4441047658059363
-0.4440435583560146
-0.4430518083175029
-0.44246826087387
-0.43524020719179257
-0.43480503876839915
-0.4321387090248826
-0.4318346093986158
-0.4302515125068833
-0.4289750525381976
-0.42776070889932294
-0.42497260782404633
-0.423567267780955
-0.4209195332178666
-0.4181161322322541
-0.41786285715006466
-0.41640632470392447
-0.4144815755482979
-0.41140834640450263
-0.40745818976106785
-0.4072265366959389
-0.40656902785598065
-0.40435411588037573
-0.4042557449295151
-0.4033610776503752
-0.4032893867217131
-0.4027741632419721
-0.3995866333864916
-0.39900848495764085
-0.3989261654107502
-0.398261585298006
-0.3977183279543278
-0.39651177458011533
-0.3962499915785833
-0.39569181581538926
-0.39153192905622564
-0.3885830015090316
-0.38735370551236037
-0.38685202029046883
-0.3860407007614962
-0.3844034620990569
-0.38217373335884586
-0.3820479953940509
-0.37683295659778127
-0.37581179628624695
-0.3712056230348175
-0.3701616795929821
-0.368349860744307
-0.36737128985799566
-0.36677601545353483
-0.3663943265502772
-0.3660114356789198
-0.36464860491664175
-0.3638436088583456
-0.3633948706398255
-0.3627086034220388
-0.3625887695231983
-0.3616835264392861
-0.3596538200440523
-0.3567834202320136
-0.35668540364224793
-0.3565283383079212
-0.3554862395530093
-0.3547737203788517
-0.35195729615214355
-0.3513136384257529
-0.3512607859706718
-0.3492217056069023
-0.3473697673444587
-0.34623895351785605
-0.34457904824700636
-0.34140830600693106
-0.3410723277036002
-0.3389984681290479
-0.3388547221643007
-0.33675019757390756
-0.33659542353469685
-0.3359698624315701
-0.3338847919935226
-0.3332037884916175
-0.3301929566701248
-0.3286756982258589
-0.32618063755776233
-0.325704874399653
-0.32317547400982705
-0.3211040330566752
-0.3198068360221755
-0.31910167275385326
-0.3188614215727678
-0.31645994683740203
-0.31640480032789
-0.31608168869440284
-0.3147195557411977
-0.31441233520658174
-0.3127095783046201
-0.3100083749333057
-0.3086924302064509
-0.30854244483421756
-0.30730132511272423
-0.30711981202882843
-0.3065390416513486
-0.3064561605293956
-0.3045614027438277
-0.30422298914981155
-0.30235097901683594
-0.30208432180563394
-0.30193106462226627
-0.3006141205867856
-0.30035494811680474
-0.2992613995820059
-0.2991541775762703
-0.29758980878693997
-0.29752334529326474
-0.29718198636586757
-0.29463388131775725
-0.2942977165607804
-0.2872059732501646
-0.28628678605164526
-0.28606797189675204
-0.2853142488382582
-0.2852007810851328
-0.28515287705145
-0.28309959599597956
-0.2829616745488832
-0.2828986289449277
-0.28114305888887936
-0.2805497404247628
-0.28045532836089926
-0.27824449362781684
-0.2781138750305206
-0.27706363732743855
-0.2758935048573835
-0.2749497195863194
-0.2715443195429136
-0.27044189509688343
-0.2672939480239729
-0.266857525929178
-0.2667806660839229
-0.26632928271505846
-0.264467145881081
-0.263147705559309
-0.26086231619641176
-0.2552631026046821
-0.2545262037202053
-0.25305264510172126
-0.25238681370420774
-0.24872627047727824
-0.24851134413874976
-0.24839034616746491
-0.24818765480180227
-0.24722500782227463
-0.24706464204431458
-0.24651940093238778
-0.2435601370358052
-0.24288764984203925
-0.24108902982386565
-0.237071076405863
-0.2351117153409722
-0.23416768678322408
-0.22986654964739384
-0.22463442025939662
-0.22459589456389195
-0.22110715417239724
-0.22076972971405906
-0.22030808461176465
-0.21937952402741118
-0.2173997419536543
-0.21694725661197145
-0.21678975443391862
-0.21637621990464934
-0.2161344289200513
-0.21559045274565036
-0.2134968987017687
-0.2134660464041549
-0.20713497809538983
-0.2058715632974547
-0.20540854280821919
-0.2035813654293136
-0.20335334330337784
-0.20219216527984685
-0.20088662215607134
-0.20013311296344405
-0.19979483359997585
-0.19848938005147582
-0.19786172285235532
-0.19565948339758693
-0.19396908662072032
-0.19325213788776596
-0.19281665336623427
-0.19121369328277893
-0.18699696875870114
-0.1868754454667496
-0.1833342796296722
-0.18192852658529507
-0.1812722538216892
-0.17627135248766296
-0.1749608170349426
-0.17243260265019442
-0.1713729297062373
-0.17125320085894402
-0.16906897975997803
-0.16904258281104678
-0.1685971089934516
-0.16808454810954032
-0.1639769538074599
-0.16243075589723843
-0.1602337664141804
-0.15835355113063454
-0.15746327116757086
-0.15721054400285872
-0.1557222192530629
-0.1544983940051684
-0.15284818752171636
-0.14986212594845627
-0.14971039018127708
-0.14910747090811716
-0.14892886372832825
-0.14861955372496932
-0.14576708362078727
-0.14559623663104249
-0.14507514517227915
-0.1443238571119143
-0.14323823529189572
-0.14318167221270986
-0.14220890503330874
-0.14166475513511756
-0.14124398240997188
-0.14001279668888889
-0.13973528591387432
-0.13821509097518847
-0.13811822693468773
-0.13789290910572372
-0.1371538795737447
-0.137092647615773
-0.13700436831245472
-0.13458047933455275
-0.1343071877591841
-0.13418374762860086
-0.13382478400016357
-0.1326081785178562
-0.13227874426671835
-0.13176266006128146
-0.13170705963641283
-0.13038996827167038
-0.12457506996018897
-0.12432198327207333
-0.12358939415395243
-0.122600157886533
-0.12222318609869354
-0.12120111622572327
-0.11771236182073253
-0.11679385671968034
-0.11656868227802586
-0.116111737106665
-0.11505104321748591
-0.1143801598385269
-0.11429304017766884
-0.10603499750229461
-0.10517633145683145
-0.10401725802696773
-0.10335048684418402
-0.10241870172589251
-0.10111934253110433
-0.10009568203718411
-0.09843528449548555
-0.09763815464171532
-0.09694835680596794
-0.09660846482357288
-0.0960057662951167
-0.09324456176437357
-0.09072776064705448
-0.09023847835918752
-0.08867479535943545
-0.08847272846074747
-0.0884041593094006
-0.08776241292560727
-0.08738142079554811
-0.0826203398051667
-0.07854483409494051
-0.07679068923483301
-0.07050602829005594
-0.07005170380818118
-0.0691646263374408
-0.06592849128801134
-0.06506359056199407
-0.06438435812846388
-0.06048257134322105
-0.05963382016997859
-0.05952628204011423
-0.05945451096549476
-0.057968661777148434
-0.056605697581880055
-0.055888987850481686
-0.05476489122692896
-0.05447333568851487
-0.052602633101691665
-0.050941243596179464
-0.05058891558326173
-0.05000084554958306
-0.04806486036525898
-0.04770290177883285
-0.04711337426171153
-0.046778660158097174
-0.044469544285981155
-0.044406323155184446
-0.039763243118448144
-0.03898999903354161
-0.0382000616007242
-0.03720166997982122
-0.03541603433751618
-0.035371740075548885
-0.03382505691085225
-0.03337612114708666
-0.03098187994354673
-0.029795772000573872
-0.02884799927652673
-0.027766543135087418
-0.026306182184922644
-0.02424034827041366
-0.023391425366863006
-0.022738376250801995
-0.02247548124695964
-0.018868114896291255
-0.017113801066103385
-0.016883076924544715
-0.01601764506210912
-0.01571819826148213
-0.012497770144823506
-0.012216603401602688
-0.009965100636064372
-0.009852969533258357
-0.009679580376708588
-0.008140578996346681
-0.00781674260564319
-0.007497141554288378
-0.005134153160014587
-0.004392353190239062
-0.004223822976759384
-0.003751698533451975
-0.0016492111295565437
-0.0015884765371170784
0.0029238894300569473
0.0032040791563899274
0.0032156465467528816
0.007803723253349069
0.007813186965938468
0.0081744548721546
0.009535142853309253
0.00956043502449222
0.012341724271816013
0.013324374936041633
0.014623228457704751
0.01624095930430214
0.01748613958952766
0.018696780480690234
0.018800570319361665
0.020237743102224814
0.02239884604142739
0.02307900744233493
0.02351774683876695
0.024929640549787968
0.025714924817314744
0.02688209582993284
0.028053267775059343
0.028176495501832433
0.028465785185499803
0.03040849255121092
0.03046560705851875
0.030715535374135128
0.03256270742431577
0.03424625199898543
0.034614589376767896
0.044602370196592966
0.04699352211635355
0.04723750765496293
0.04827911294127629
0.04958605277251782
0.053549838852322895
0.053712276152398264
0.05404645916559159
0.05518496109640175
0.058667583858645345
0.05957140352946527
0.061351904599952656
0.06154110793063616
0.06437184733208046
0.06733182878971478
0.06764481917479448
0.06904703015225039
0.07052245792805323
0.07119282113930192
0.07121451572939497
0.07125127102117707
0.0716134972157918
0.07197047653284006
0.07352909680699982
0.07458466200293702
0.07650140448265569
0.07762445533255907
0.07895055048378335
0.0792328047218458
0.08021306571294737
0.08140846588734607
0.0834305332831535
0.08495001593049079
0.0870624519461724
0.08731047337507503
0.08872487310893273
0.08926002689443999
0.0898340234509748
0.09104004482774591
0.09141146537977729
0.09327354638415215
0.0956344028105447
0.09596990847490516
0.0983517234708231
0.09918507962510092
0.10151322787456007
0.1023119875172532
0.10394237464884004
0.10484858415153403
0.10485601866714656
0.10573741848043627
0.109554547753687
0.11035068113689772
0.11053522151979678
0.11170954623755103
0.11220926318950863
0.11326573252306849
0.1134765192024152
0.11487725133305193
0.12075182449722585
0.12193842655481146
0.12474063073672337
0.1253367082561101
0.12558249749572112
0.12575585784994092
0.12602261249980223
0.12643120332740987
0.12726585884069386
0.12919042329339164
0.1307638142907993
0.13128972477187328
0.13994880843530688
0.14208033734808007
0.14236831265453231
0.14346101572767544
0.14346867501917926
0.1494827421732774
0.14974062201097293
0.14986773788945762
0.15010710662554472
0.15325325169947
0.15513594386663954
0.15658649926388746
0.15721088654816384
0.15891332483577647
0.15952878656071345
0.16219210581908616
0.1633524668598868
0.1686253235557048
0.1686420235022092
0.1701079389390006
0.17143606030928216
0.17217329357065314
0.17252883622468623
0.1734265939031564
0.175370268356222
0.17569022623932118
0.17581957631278505
0.17863694441753533
0.17935198941619085
0.17983403683466503
0.18083084313000813
0.18171310826826437
0.18187179409599613
0.18205804695708108
0.1827084911649708
0.18272918283466982
0.18282326455960832
0.1832484185002099
0.18407775188522502
0.18504793806567543
0.18834274871883055
0.18903785856236555
0.19191187006009325
0.19513649561030788
0.1969275156407686
0.19993586139781627
0.201519794725322
0.20175928199736218
0.20209200638698172
0.20514092858453403
0.20636090620944625
0.20678961114017191
0.2076294701161222
0.20793113346383385
0.21090491891887586
0.2119972070918119
0.2134199933162868
0.21524011481642014
0.21531513758520404
0.21646071792029642
0.21981285392721017
0.22115559431507764
0.2216635860791608
0.2223969518165385
0.2231676178585128
0.22319519232506288
0.22504933790769732
0.22708690148473992
0.22780234058416485
0.2284129747385013
0.22998985094849758
0.23194656365296606
0.2320686447602186
0.23219702189939495
0.23378318610835602
0.2346399779141109
0.2352736635432734
0.2391203564158847
0.23912253911956616
0.24606821258979675
0.24701713167751183
0.24864512980680287
0.24985428206515595
0.25008802374136196
0.25153867946016456
0.2516773762928502
0.2543982925014907
0.2546530236120263
0.25549945351816333
0.2585354670444814
0.2588480631338663
0.26153653057932214
0.2626508020624052
0.26333027235347406
0.2634729376759012
0.26414180463410536
0.26736034619485083
0.2686039152813434
0.2709803690603454
0.27149007605891373
0.2762837748109994
0.2790473531563159
0.2792429468162685
0.2799612740732643
0.28347729350893747
0.2835674632912013
0.28414415750521715
0.28458913151183773
0.285845405218517
0.2863674189462867
0.28733557263370013
0.28807832820852347
0.29098735469890635
0.29127507003812614
0.29292813003649926
0.29321245613731617
0.2936138079757311
0.29431937698340427
0.2973191774326738
0.2990606023679605
0.29932929081333715
0.30055007589492716
0.30343875366673734
0.30413573865554583
0.304255413578715
0.3048112346489251
0.3050375232279027
0.30896944859536624
0.3093579553002611
0.310263909399229
0.311486543841171
0.3132171785006613
0.3160695942137097
0.3165716397002748
0.3170192055018265
0.31780085671185976
0.31908765968093344
0.31955491621710974
0.31987419338499096
0.32187410424130347
0.32516038830082766
0.32621956162662324
0.326383463650668
0.32714808091606895
0.3332873357344922
0.3371761040053761
0.3379083521363308
0.338525729236518
0.3403576405683605
0.34230764983312056
0.34349571089340614
0.34367257402773854
0.3445834021844604
0.3462704534073494
0.34975947471580493
0.3527002272761304
0.3530175805389255
0.35440289115219026
0.355052930225997
0.3558673164958022
0.3561796522293543
0.3574305358661283
0.36029884028988757
0.36050786297447635
0.3613243387918098
0.3622276978587213
0.36298148957793075
0.3633182277780171
0.36352202865725947
0.364037577467348
0.3710179288853145
0.3718738375343987
0.37329399601276925
0.37333831313369636
0.37342297322878193
0.3749574770306803
0.3758675655089496
0.37695083546685654
0.3777723880567674
0.37837417898437165
0.38022595393542
0.3816954685993934
0.3818462863154787
0.3820816640440803
0.38259838398521656
0.38324581328473334
0.3836297249338271
0.3850029729332063
0.38617460035772844
0.3884316119945853
0.39371542821117145
0.3942838930715621
0.39471459079883875
0.39475418715194566
0.3957862906715778
0.3973987292469177
0.3985349869006986
0.4021273071193481
0.4051568944484043
0.4068003035991118
0.40694093517973906
0.4082491963883344
0.4104040934867572
0.41064405075638616
0.4115497341726093
0.4118626197271906
0.41363151721768526
0.41442427375610813
0.41883804703621585
0.4218999548989957
0.4236422174899619
0.4243518061429362
0.42654088478270086
0.4279184608061506
0.42931579954758514
0.4308390184293005
0.43095154451738993
0.441317356248973
0.4414084942284348
0.4424110634803551
0.4424926242129701
0.4455874367626648
0.44684934122902026
0.44973883128944214
0.45103841554423196
0.45182335496120873
0.4524962156356792
0.4529736406309317
0.45561781286858366
0.4618590616268372
0.4632205838471639
0.4637500258870422
0.465238378356432
0.46707285290680406
0.46880442744201734
0.46899948716058115
0.47047858434439965
0.4716288497010971
0.47254272153186644
0.47403968934194585
0.4769203482543788
0.4771345920110819
0.4774536525968513
0.4788420474278239
0.48284356263315975
0.48318336088585573
0.48432899025458365
0.4857398890265846
0.48721703112995973
0.4874915027417091
0.4882003202044674
0.48931625466938766
0.4905514637462183
0.490908484519179
0.49116036747566993
0.4948141712724298
0.4974357573419988
0.4998735222657458
0.504012759829024
0.5075701194205109
0.5123552339335347
0.5159983269277556
0.5162991425314101
0.5172913346473497
0.5173831926442743
0.5183311757898599
0.5200310536503577
0.5208346865886725
0.5214149778135723
0.5214627335329014
0.5262938970687309
0.5281448158906635
0.5291776338103032
0.5297646419096924
0.5301525421038936
0.5322222933135157
0.5323158030149036
0.5323736606166806
0.532676160519992
0.5327436695664158
0.5339318385619862
0.5344394153667371
0.5349260150593342
0.5355380629123954
0.5358974780985397
0.5419426029823775
0.5431603081309839
0.5433138564281226
0.5457024735780098
0.5462292278609279
0.5490906376525289
0.5506278298724716
0.5512064742751864
0.5515135660242056
0.5536575738249099
0.5561366546675302
0.5582036445204754
0.5594170154551861
0.5681816863475744
0.5704709982589136
0.5709282623800008
0.5719023656265956
0.5721528102692649
0.5726686757803353
0.5744815183737542
0.57557959865041
0.5765082068110668
0.577535797937037
0.5782541321123607
0.5790903107953622
0.5840348565364908
0.5846142299440364
0.585164295878954
0.5912395279233815
0.5935590422564256
0.5964489189205477
0.5977862696059387
0.5980793777186069
0.5988333670854629
0.5990600231183106
0.6012408800267591
0.6017539880087148
0.6019864160851683
0.6021535919046727
0.6027591560508286
0.6028369705535837
0.6038601822924815
0.6039535346509739
0.6068257018018657
0.606883195487718
0.6070506893052965
0.6071247051503257
0.6109569491240061
0.6110626754828722
0.612371387631913
0.6134071038731737
0.6148391148685686
0.6150803318100787
0.617682702960124
0.6187988470024497
0.6221855379692774
0.625120688692427
0.6282383807559546
0.6282431902325052
0.629123233331734
0.6332969705089461
0.6372226079077318
0.640065526627501
0.6427930251502282
0.6439993517453063
0.6447161839195643
0.6519910382807276
0.6524607275025971
0.6543926414921671
0.661578916926099
0.661770693260232
0.6637433481382131
0.6638550901338907
0.6656287204156291
0.6658083306691123
0.6659324385607572
0.6673864559326135
0.6676731093488625
0.6686093434987679
0.6688857274780917
0.6692921712318165
0.6697105937798193
0.6744789714640522
0.6776020639524778
0.6804353765267898
0.6813054111351671
0.6828705600315044
0.6831381649177557
0.6900060865193799
0.6910786896802185
0.6915653041770806
0.6918328850783784
0.6936691662845936
0.6961891971956359
0.6978469624141932
0.7009195244393507
0.7012966671605496
0.7033238855695141
0.7056141740462071
0.706574189480672
0.7067282781500972
0.707800140492701
0.7099315382094409
0.710873270079244
0.712450288822511
0.713205838463454
0.7139630741380909
0.7204335787352627
0.723415395804033
0.7235607238435242
0.7241620697098292
0.7256844838586639
0.7307433872791925
0.7308530523497192
0.7336851695747324
0.7347297656917693
0.7358841426121456
0.7360487159207166
0.7386629460694207
0.739117718206352
0.7397964905912963
0.740745226736033
0.7414872995588263
0.7422696540209828
0.7423326774549968
0.7446090325770484
0.7454169536552928
0.7458227687731892
0.7458548692316951
0.7468050101692612
0.7498248529010689
0.7511598029367185
0.7516160006323466
0.7519952998254302
0.7522153795232494
0.7538866643502848
0.7545258736436362
0.7554811878124351
0.7556101381782271
0.755702213902016
0.7567578306818864
0.757740635855197
0.7599534569827007
0.7608269422291565
0.7618184096586621
0.7632484603455177
0.7666429124512862
0.7676434322454322
0.7699775813150664
0.7705576901043508
0.7740181014394119
0.7758043929522848
0.7763528318934938
0.779441067825504
0.7795830099456094
0.7828353598918343
0.7837106808020969
0.7845764348787863
0.7858965591897534
0.7871254331369851
0.7891196311297738
0.7905237196778792
0.7907946222966289
0.79117486226942
0.7915912135144108
0.7940997027719356
0.794165295374423
0.7945002255528897
0.79498542948007
0.8016783303216619
0.8027100437389918
0.8030681883933275
0.8070486158971396
0.807652804564508
0.8114449303676462
0.8118444190256919
0.8130901906485791
0.8164492626393307
0.8178461359304533
0.8207339641361043
0.8210502894495701
0.823052721184551
0.8234273981228334
0.8253703308339663
0.8263647334977303
0.8280727863305031
0.8283772705938279
0.8285017708728976
0.8290207468426505
0.8296116493721548
0.8350909667135282
0.835757695720741
0.8368014056308948
0.8384154614671796
0.8386070946372147
0.8387060607350638
0.8396342827554755
0.8409658078702914
0.8424762788703369
0.8460832861830357
0.8510539201395957
0.8523285645120208
0.8530360519369361
0.856077093755104
0.8594515902588894
0.8595308897350395
0.8600261050573549
0.8620433905539645
0.8627624472462697
0.8637845783198457
0.8650624330769318
0.8651387723927647
0.8661501779724188
0.8662163647497789
0.8663269742987285
0.867656169067162
0.8699141172394063
0.8727822512651271
0.873409485937991
0.8750055983493605
0.8767144479841196
0.8801614965750141
0.8805268126503357
0.8808089620331442
0.8812978714793624
0.8825792016777707
0.8837267293540187
0.8850566693842703
0.8856899774109235
0.8880031385954671
0.8888434263725523
0.8903108880232136
0.8907689322286612
0.8914776694551709
0.8918538677976235
0.8938649180315917
0.8946114028304654
0.8946839644464699
0.8947961947196352
0.8961754448426689
0.8980821466250986
0.8993644488477737
0.9023389015525658
0.9036791368618631
0.9061033742913323
0.9084102249156567
0.9088066161365798
0.9091081782028657
0.9098074405243429
0.9113282748377554
0.9145406174339206
0.9176789942397513
0.9191231959679907
0.9203884119726186
0.9215874814925592
0.9231628342776566
0.9291430327485226
0.9329298429332118
0.9383757478342433
0.9385963989074959
0.9400698930563894
0.9414720210582278
0.9457313275481829
0.9457857014782526
0.9466385267520856
0.9466830769578495
0.9469568771804704
0.9482782944441268
0.9501113920682813
0.951084552193664
0.9511760615106073
0.958278744083595
0.9620528718602024
0.9625279602768888
0.9625423826974444
0.9629200745861308
0.9633774393892258
0.9660404450168256
0.9670159922579193
0.9671761802534958
0.970819182731154
0.9735166700832489
0.9739747322098132
0.9752036308585774
0.9759560662531976
0.9785900293384414
0.9800728661831573
0.9809305249919302
0.9809961446503054
0.9811090190680075
0.9834063016933664
0.984114632717909
0.9858647442681308
0.9940033757376683
0.9946752662321503
0.9947906949523448
0.996231776554357
0.9983569348302379
0.9992988678003017
1.0003885780748332
1.0019546546061173
1.0026505753429176
1.005107225177595
1.0105446914317135
1.0106769674181557
1.0109236956351482
1.0109545985814237
1.0110887478547623
1.0130648227937125
1.0133181249904382
1.0143105834043455
1.0144476227081063
1.015756864583323
1.0158652041862621
1.016740626627177
1.0218885430128495
1.0243069114664303
1.0251756587673386
1.0252023170716038
1.0277107975480697
1.0281672907532295
1.0285625162260628
1.0315911466450571
1.0323505789276461
1.0390486092560998
1.0394706925118267
1.039667477875899
1.0400757693036173
1.0465933599722912
1.047085023408437
1.0476272394772157
1.048009946872544
1.0517557006749176
1.0537279243920314
1.0553602051773079
1.0562526189533439
1.0632420596170022
1.0649476168444398
1.06521873053552
1.0656592961266913
1.0664204150219168
1.0709743257149484
1.072300114662607
1.0744513358420569
1.079048841647404
1.0806793621467263
1.0817101663426865
1.087497097167669
1.0878125050219256
1.0884636615217413
1.0914744241196868
1.0988969448783452
1.1025812137062383
1.1045606145453761
1.1047077232182871
1.1109534333837223
1.1122080729871584
1.1160309524121532
1.1162101450913053
1.1162135516517788
1.116423982222837
1.1167645821854992
1.1206577623463247
1.1225417335620955
1.122926186439624
1.1257046634203915
1.1285360512317677
1.1295063242105887
1.1303900364652582
1.1303902248573077
1.1310207283618645
1.1333681357032055
1.1367639136556276
1.137628267330038
1.1391292873915266
1.140627398388139
1.1420568943475213
1.1438401813378845
1.1439196147588873
1.1444541988359984
1.1500864668561592
1.1501324521882252
1.1531201834791707
1.1536773864543386
1.1538377325198996
1.1547113234032305
1.1565174702871697
1.156523119207817
1.1567464184799703
1.1584975801501538
1.1614670275576708
1.166269785410869
1.1747629257637096
1.1751474341042258
1.1752375301992068
1.1777392862738483
1.1791558915012703
1.182844699005755
1.1862083249328128
1.1876279233493037
1.19036658761841
1.1908155681799268
1.1913223197357758
1.1921588219255588
1.193722518446781
1.19932132136708
1.2007067513476832
1.2016214245594763
1.2032513100694093
1.203762340464623
1.204246459884462
1.2045448298293202
1.2064969731880357
1.2073025948763014
1.2080380048086252
1.2101508434727783
1.2101513063629634
1.2120837008966414
1.2170718856992624
1.2180049570625464
1.2209252435465268
1.2222500243439613
1.2224020076895696
1.2244673289694308
1.2269259608835785
1.2298060952789776
1.2300517043110881
1.2315982558509708
1.2332164123920686
1.2335271109012604
1.2364433324049764
1.2368362227556338
1.23889480944172
1.2390653714993953
1.2408902061768057
1.2416385209374834
1.2441065029323788
1.245533079364156
1.24741749763687
1.2497490218423957
1.252920249208007
1.2530872383863227
1.2550213561804302
1.2559963891289072
1.2599582470432351
1.2612524758706471
1.2630108394661061
1.2637351713080245
1.2686458780677614
1.2765349551128546
1.2780648953967786
1.280614619249315
1.2829091463872409
1.2872980322969436
1.2894534178815753
1.2895880849929102
1.2926902865283523
1.2947306074959042
1.295170747022215
1.2955378649593996
1.2984941794009708
1.3029622634567635
1.3057612851340235
1.307857936095699
1.3114322966874346
1.3148679708591335
1.3158940423307355
1.3172884441700794
1.3184142018485363
1.3262012506967205
1.3262310331562266
1.3276768075246361
1.3297413360134114
1.3304566436502716
1.3324008264844842
1.334959104212122
1.3358379001816172
1.336819583620052
1.3415829597242803
1.343704057998882
1.3437805520665838
1.344038012446969
1.344173303470608
1.3445370938939365
1.3446238006655904
1.3452883810641287
1.3474829556896608
1.3499305540096342
1.3562306755214066
1.3599079125813645
1.361018624218449
1.362989184836127
1.3634604481682127
1.3639726252204052
1.3645805584749833
1.3655839921858994
1.3663822183472942
1.3670060163573887
1.3730706025625419
1.3777033814924362
1.3777374686149417
1.3809941034874345
1.382083594806454
1.3839542181783844
1.3861670857649717
1.389101121700724
1.39027904355871
1.3929586153404057
1.3932457946190926
1.3934025821922424
1.4040770446702675
1.4093341574792984
1.4103533696901998
1.4105824394992972
1.4127881898313532
1.4150820398005557
1.4153493919906026
1.4170202705221298
1.4251109956289147
1.4265578077829553
1.4267606502425534
1.4276128644011021
1.4276228983459365
1.4276953040502647
1.430912106564397
1.4349177820285741
1.437944317698604
1.4395332147167221
1.4403590279276894
1.4405699408937358
1.4427282036328049
1.4435930754453867
1.4454931488519809
1.4526146911505555
1.4533267313808351
1.4539692538132754
1.4540197287954562
1.4542484200773151
1.455384624979017
1.4658980935387511
1.4660445321219824
1.4685633938499028
1.4741100731888186
1.4759244453537304
1.4761325481904575
1.4808158629100825
1.4831180191993862
1.4868183870662244
1.494958725529309
1.4954299047057809
1.5006079142861035
1.5042931390432417
1.5045671598582042
1.5046908303682556
1.507480945821587
1.5089913023793975
1.5181603163911217
1.5195685353851291
1.5211843962799971
1.5243424063894215
1.5289946659089613
1.5294047595148608
1.530461520855332
1.5309246333536644
1.5310343963490385
1.5320231764848473
1.5369856036550877
1.5380149864728367
1.5386361284457024
1.5395113716641668
1.5407341630456282
1.5475285373378656
1.5503342550566575
1.5504787520997314
1.5522828227008416
1.5546521437682668
1.5593799029478794
1.56080291112172
1.5632005038758323
1.565982441186995
1.568126896254017
1.568655799179652
1.5725762276365982
1.5740496196950655
1.5741516302915195
1.5773158449238085
1.577658467227785
1.5818524901891364
1.5861600855657476
1.5865889537305784
1.600742259042343
1.6021228957465166
1.6064335305418638
1.6119985747551746
1.614277834218836
1.6238590342619006
1.6320663596619973
1.6344780864359545
1.6353198231091346
1.6357075378250643
1.6395107504915476
1.6402054026771724
1.6428152114596228
1.6434097938450667
1.6457791272501587
1.646152317786008
1.6543518293195298
1.6579437296520747
1.6581385130067323
1.6604232146448936
1.6700220219872581
1.6726008445581257
1.6726496963354762
1.6735179191006835
1.6742878213679941
1.6759816203789182
1.6777366290771927
1.6875634936531134
1.688451679704101
1.6911548462002517
1.692366682541453
1.6930814387132518
1.6933387402655016
1.6952016714982423
1.6957500992625472
1.6973694748778843
1.702137558915462
1.7039655598226013
1.7081173392094957
1.7122310037429633
1.7149969193368806
1.717563263650813
1.7220398057313688
1.7265526629482233
1.7287411575435438
1.7356772324330643
1.7371792100732435
1.7391964913516669
1.7452309652082558
1.7453209401731091
1.7476040079649495
1.7514656545545728
1.759825801446198
1.7628276797681681
1.7639980960879185
1.7640459303627682
1.767802296580291
1.7719225624879757
1.7750632955561967
1.7793702206457809
1.782627306153688
1.7912880084554765
1.794138043180805
1.7953038557853436
1.7999229969895696
1.800645768685594
1.8007782820795597
1.8015883735812257
1.8107720016188324
1.8124827444286045
1.8134505951305044
1.8137225233120675
1.8151502844452208
1.8160246766768544
1.8175259838979336
1.8201308805080183
1.8288209259682444
1.8309569180814376
1.8327875672463052
1.8372101067019038
1.8420425998477243
1.843137267591345
1.8515056878999134
1.857175315400596
1.858599038557574
1.8586665769980613
1.8633386018701361
1.8634318062842388
1.8702403178722729
1.8710641014551657
1.8726648765453195
1.875898011834634
1.8885934098749897
1.8930777639726495
1.899541867115236
1.9053587244180425
1.9134305358112575
1.9373673517752823
1.9401411672107252
1.950717647901251
1.9510606741757885
1.9512571851535614
1.9586390277218495
1.961139166049961
1.9702740464177033
1.9815776351363432
1.9892870001639913
1.9956391063272285
2.0312285598807214
2.036988732572021
2.045383269460378
2.0472745844984193
2.0540558898417904
2.0610039623775886
2.0701557019661148
2.0829037967360255
2.090252179168547
2.0930459432533346
2.0935743566306506
2.104565224613561
2.105587369504659
2.110138019402146
2.113098436368066
2.1131112479469056
2.118100589158323
2.1299213180187264
2.140510518792555
2.156493893229646
2.164404842820632
2.171997349530042
2.1722766138527936
2.172431738251505
2.1768128834293634
2.1775998081876873
2.1801516311464146
2.18679291847131
2.1881626773124743
2.1932532916507705
2.2086409221098044
2.208933459385043
2.2170233529243912
2.220064550351945
2.2205709198181287
2.2302155900717873
2.2336700676474486
2.277991368103203
2.283951729804701
2.2989035998436966
2.31559016124364
2.3355452047071075
2.3674471136581188
2.3755766568113708
2.38342921743159
2.395098836682302
2.4039080698402584
2.42785874868192
2.4282301281898
2.474828875979037
2.4930078780753693
2.5732166382794133
2.591815367102385
2.619211890415171
2.6552634576725005
2.6635127533807075
2.716675036316727
2.723028840084295
2.7795215450703425
2.8356003228920716
2.936082925747364
