-10932.925695963739
-9369.991497736642
-7290.681439989659
-702.1480487134064
-580.3044381757038
-539.7050986774308
-487.3715500288999
-436.9547630571415
-303.6801799736397
-250.41632764219105
-227.42822093537626
-226.73380668645575
-185.2522887575639
-180.4540311177764
-180.38809376225453
-172.00976608994307
-158.95549165301853
-150.78183966840677
-146.74913499024294
-137.86204590624254
-136.78654705023968
-134.23368416978315
-130.1608037749702
-129.61748081459737
-128.9376975479304
-123.78096945587698
-121.11969084418385
-119.71497861890938
-116.49389037809779
-99.06097146923521
-99.05889607330153
-97.20023080143376
-92.33203226637707
-87.92157407998131
-86.99839108583542
-86.28551515424128
-85.93560032591752
-85.83483936564129
-82.24751575815608
-80.67326732400245
-77.61859800992323
-76.39196559215632
-76.27767107684133
-75.64074162207056
-74.10928300349556
-73.83600174271656
-71.68646668087983
-71.58926463516075
-70.26347840879576
-69.49520797878083
-65.07463050013202
-64.90332295487131
-64.61201717295455
-64.5060310664625
-64.28860012650226
-63.53052596098546
-62.87686907021499
-62.50927759722768
-61.88367579099753
-61.87167690242111
-61.459638155055785
-59.14136689109483
-58.91035295896538
-58.26009914343029
-55.69504202689546
-55.55128351880128
-55.54263471509208
-55.466845627675106
-53.16098600078971
-52.19272560746551
-50.76477859218733
-50.0545808339996
-49.82794446664683
-49.41825757406822
-49.34522341391116
-48.36304585347497
-48.07504069199996
-48.04967187377937
-47.573616843956856
-46.50390076199047
-45.93329263836794
-45.89456806679376
-45.74094772976937
-44.943038577427615
-44.9099437175492
-43.64249377307141
-42.985276481488235
-42.3955680950344
-41.94248395182122
-41.84693951297925
-41.45612785560878
-41.4340429624459
-41.33865768751798
-40.91204509645924
-40.60586399598672
-40.596901288739694
-40.23234149172803
-40.17262768489309
-39.414651007433015
-39.272370092936235
-38.71754972664883
-38.586662534527456
-38.518942826106255
-38.49073878182414
-38.2558101812576
-37.99505292321875
-36.96550522224353
-36.19488787391301
-35.25342737659408
-35.15061930644745
-35.07884027288009
-35.042983522099405
-34.94775550489743
-34.286120297926935
-33.6339805416285
-33.30409171201402
-32.614994761220046
-32.50428666113192
-32.28859958644839
-32.03034491742556
-31.927193356424734
-30.616154615289403
-30.552458186925765
-29.865810998788646
-29.774407317065887
-29.720940670389183
-29.695137708182052
-29.62686439549558
-29.57326977967944
-29.506072676439427
-29.05125566627098
-28.930454066341575
-28.81775823168362
-28.58535858540929
-28.54495473040859
-28.42271608225007
-28.394389231651758
-28.22720919935388
-27.994010914475318
-27.856685668960758
-27.56978039118795
-27.55608512033545
-27.530138922794844
-27.142898609823128
-26.847574904082315
-26.765625682105796
-26.712273665067
-26.541836210804327
-26.00791353252315
-25.894616562036674
-25.8556763307642
-25.71698068977537
-25.58973972948545
-25.45868434335491
-25.41955401478523
-25.119835355853688
-25.115865261281968
-25.084657583116158
-24.874506409269046
-24.614828394240913
-24.408371588889114
-24.28557544136091
-23.914337702723927
-23.838795406569396
-23.811753753523497
-23.719458817157438
-23.590910900281326
-23.427873414854098
-23.026579174513145
-23.008452799819405
-22.95630404771228
-22.951952642974426
-22.74813062877121
-22.54391672783005
-22.29298098963691
-22.232921676766345
-22.170916847124943
-22.1305524285643
-22.096724841522466
-21.629773146740774
-21.57492756130106
-21.52593584845866
-21.311603843602406
-21.298239968657587
-21.29704636114619
-21.26924442465897
-21.186339329114904
-21.154598272412912
-21.145263932499223
-21.056402740631757
-20.83836995051814
-20.809356555422486
-20.662348574339457
-20.43085360338721
-20.388578020296315
-19.929866993744668
-19.91393021904469
-19.873795489024907
-19.828997898112185
-19.708787001484485
-19.528243014370595
-19.51097856499007
-19.495436946716847
-19.483666598121232
-19.385311500836117
-19.24101019449136
-19.11161687777134
-18.969445028933713
-18.916016946220612
-18.892327023568694
-18.863553328286763
-18.836814567110746
-18.803666847619628
-18.791301511728044
-18.681223521775856
-18.627557791762428
-18.57150190301176
-18.504505788100076
-18.485938171858987
-18.284177573502088
-18.115577327703512
-18.017313488118504
-17.979386584636117
-17.756959380958115
-17.64143832666661
-17.61822402210036
-17.576962888659754
-17.521770860126534
-17.42691826588863
-17.360198621679963
-17.3174547226203
-17.296667179366604
-17.19829436898955
-17.143327491676043
-17.100462934571752
-17.00264530748644
-17.000556496742796
-16.857559717384053
-16.763470293919198
-16.743881396051933
-16.726807284289123
-16.652104106061547
-16.582848451689493
-16.568122164619325
-16.51411739749374
-16.475894645509644
-16.46950440052399
-16.46738574668079
-16.294766377179098
-16.293841796171243
-16.240983706175754
-16.20375306038063
-16.143747505439997
-16.139580342078446
-16.112122828731227
-16.10249560843417
-16.097015043526145
-16.054720231408915
-16.033682461943638
-15.993528489573322
-15.930532378203495
-15.641252932998537
-15.543642007704324
-15.378178632729512
-15.369560777402354
-15.367016403369345
-15.35168173637923
-15.30473242221055
-15.301443650404261
-15.273061018867848
-15.263919323254925
-15.227425542205456
-15.200390953688949
-15.179473972363338
-15.16927978610941
-15.105836587816045
-14.97255449287626
-14.96963969657598
-14.968510225965566
-14.921742869217983
-14.911220795185686
-14.893152689965756
-14.870332982875347
-14.863230001619025
-14.725056465804244
-14.62116563144757
-14.559962365502924
-14.555403999920411
-14.546660052573932
-14.429621606551741
-14.419805368990534
-14.405690217522542
-14.355743802046844
-14.32806493656386
-14.303552172074014
-14.279010336298905
-14.05077676600853
-14.037865303826138
-14.02729512383295
-14.01771965192971
-14.008533380516855
-14.00229840520102
-13.99208084740674
-13.91189947842868
-13.906558519810782
-13.8803310863188
-13.861992560605767
-13.854257521873876
-13.811426791977787
-13.763166844425527
-13.653281566125763
-13.62991892350676
-13.621485036345732
-13.613055625356228
-13.53070219123175
-13.509414079325182
-13.499671684775219
-13.429235147506095
-13.372411853489668
-13.293232536585524
-13.26556913224756
-13.241403458923834
-13.154366510295768
-13.038019437856299
-13.027721804998501
-12.969159867770111
-12.937447600923395
-12.918997480656891
-12.913561449734598
-12.906768199618455
-12.851962334269627
-12.85005750451839
-12.822227471674719
-12.820528878582644
-12.80708979455769
-12.78299230862065
-12.768350055319893
-12.76246787403247
-12.748365697435341
-12.721045988633927
-12.71436440260942
-12.707531388149986
-12.707392478675187
-12.691506496262495
-12.68713480202582
-12.687067451586774
-12.668688404880106
-12.637220400588234
-12.606498235819853
-12.58725343037711
-12.522228044212826
-12.500234129729899
-12.440643533992766
-12.435346921079569
-12.402767339839096
-12.400686025055919
-12.3645542852353
-12.351005989052066
-12.3136220225396
-12.297931134687154
-12.271664402662854
-12.256745381684098
-12.252566596240007
-12.23869071200966
-12.215214655964678
-12.190258536434209
-12.161324345398011
-12.151533024106804
-12.098089892461369
-12.092158920310048
-12.081463463906209
-12.028448356711719
-11.96139464927232
-11.960599789673523
-11.93931622763833
-11.890075827883887
-11.875869204574247
-11.85640552244914
-11.8527203090128
-11.84971148584619
-11.840701786982827
-11.755128096098796
-11.735008099696445
-11.716197717778511
-11.66068199965714
-11.636356833429252
-11.614846852283526
-11.603845805112751
-11.603680587301744
-11.592755433985987
-11.587987969482267
-11.57464207902993
-11.4632685689077
-11.436665147883296
-11.428027831645721
-11.408775911402106
-11.396770757308513
-11.315172371943005
-11.29957300463295
-11.24754910954614
-11.233760169119911
-11.221630016024722
-11.2132799545377
-11.17976090410798
-11.178484745915632
-11.175345993740823
-11.172853547843843
-11.141217984465182
-11.138484473043505
-11.114624672080247
-11.066206585310136
-11.061043524015387
-11.029166964957042
-11.011175060750325
-10.983513668274663
-10.959032096367824
-10.934598828851911
-10.91639505235379
-10.907916938291375
-10.907612001520715
-10.851315726100717
-10.850056973967867
-10.848050386091638
-10.842106129738562
-10.802031078657242
-10.764970667897078
-10.755178830217242
-10.724561140590136
-10.66584476893556
-10.659344321692807
-10.626807604893827
-10.607650959625012
-10.605795529107791
-10.605458392903131
-10.604880586465011
-10.537328900476787
-10.535900686035816
-10.513432336111665
-10.512865842590271
-10.501716593112686
-10.475778935403628
-10.469113491161949
-10.454194275098114
-10.437410504703205
-10.436274469447735
-10.430050924501616
-10.418625626442344
-10.417588244375768
-10.408948268409379
-10.40826715340923
-10.402355331752439
-10.37835240367015
-10.366376851886235
-10.366227970903433
-10.352227663217699
-10.34878677821289
-10.290789960866578
-10.284638939589867
-10.263446478234568
-10.167241526226888
-10.162815160730018
-10.153950439902214
-10.152617660065971
-10.113646833524882
-10.031752240137921
-10.028289315482162
-9.99707325060799
-9.990836636117718
-9.968593376328709
-9.959283806463649
-9.934772855564137
-9.901064517162428
-9.8932283850706
-9.891494167478694
-9.873522203365196
-9.85072581493549
-9.842272409566876
-9.753186294152435
-9.722939238527346
-9.722694430461518
-9.702790973465495
-9.681789234407923
-9.672949816834837
-9.60994866526594
-9.588773463936736
-9.584423098498663
-9.540732460870782
-9.537283549759152
-9.529833690305683
-9.527255738203577
-9.51258434275268
-9.508361885802973
-9.459775854130442
-9.450075883897897
-9.439395322641118
-9.42141631673774
-9.406308550475792
-9.400811030466482
-9.376526299707178
-9.374892562039662
-9.361765966326594
-9.359661947669885
-9.348381597185394
-9.336978122407322
-9.310291526932925
-9.300929350149772
-9.29911382128494
-9.265315956805138
-9.239829184482476
-9.201613236493055
-9.176662687481894
-9.137334290576241
-9.123603928907047
-9.122440905318948
-9.098214901421983
-9.083834282521902
-9.072640056969759
-9.069274670394648
-9.053127914819498
-9.032251645671078
-9.013667128646656
-8.99562887526874
-8.980410396348702
-8.948432709223821
-8.911075095104824
-8.902086697069173
-8.896822482786495
-8.896148638050493
-8.8514671731704
-8.847732917295142
-8.819075336397638
-8.814151355407937
-8.814111728697894
-8.805880073762633
-8.80311397460168
-8.8025245601359
-8.800557762738803
-8.786491307919864
-8.768253049438805
-8.732635332449632
-8.717798238563603
-8.710543996056828
-8.70046766597163
-8.696266696381835
-8.688230667817844
-8.65618194105518
-8.63632265543358
-8.63176938570667
-8.621150801293593
-8.616726239286745
-8.595983844326568
-8.58828767324974
-8.58712707228442
-8.58372378458746
-8.579672310398339
-8.539110818662262
-8.521155902582407
-8.510402206187297
-8.473647598337694
-8.471103494936125
-8.450935167985294
-8.446552337882718
-8.445867635343399
-8.435651903111577
-8.393973290523636
-8.382393451490284
-8.38096151299823
-8.371836594264549
-8.341615150015244
-8.33428855152025
-8.329922659244831
-8.325630330769735
-8.272530276112192
-8.26399263349338
-8.257385000826769
-8.254170988350662
-8.24760654022477
-8.227804124529168
-8.198966224918836
-8.19454392617082
-8.15508099385427
-8.142547477749053
-8.137810069266662
-8.13772744219149
-8.122732187199437
-8.108952094557651
-8.093332356612141
-8.090051996094763
-8.051417635892058
-8.040771126512208
-8.03594048934403
-8.03318364523173
-8.030035622068015
-8.027790450353963
-8.019879031751639
-8.014094574417477
-8.00888725860186
-7.981257516166204
-7.941390997328242
-7.934976183255095
-7.915249385970304
-7.9134503765358835
-7.905166547194703
-7.893034147996066
-7.887348028831346
-7.844624917534525
-7.832176958309278
-7.767800993316945
-7.763014907609498
-7.761746989509817
-7.755403112822603
-7.73508592900562
-7.725710093534994
-7.685968458487368
-7.670275861548135
-7.665445795926655
-7.656705281367177
-7.651593280508599
-7.6342282240007755
-7.608078545514884
-7.578543361854761
-7.57177990761108
-7.535888290773605
-7.522978283364853
-7.517314538437901
-7.501044517648184
-7.4900356585492744
-7.464771863151516
-7.4628419985911005
-7.446312096308511
-7.430334687394861
-7.419629983495701
-7.4195961004960544
-7.419005312313086
-7.411035326891638
-7.39828954179359
-7.366556621441403
-7.358079058380859
-7.3486689708390855
-7.348230668260417
-7.329581558879331
-7.32839814845728
-7.302551483642553
-7.291983460464218
-7.283828816489052
-7.264042596109006
-7.240001484607845
-7.226765494841981
-7.2209406128798355
-7.202682133251163
-7.197851766867282
-7.1814983382407425
-7.1784400182343235
-7.174849834355543
-7.168267087373712
-7.167775627417017
-7.144600940155032
-7.1349371342301255
-7.131307924314976
-7.12887988289166
-7.12175255945714
-7.110865885225204
-7.103508061401499
-7.101915295543879
-7.096325955679778
-7.093133701601554
-7.077196576094075
-7.055510077166912
-7.04979922448333
-7.046024673322977
-7.038741522540725
-7.024507935062079
-7.020543924672923
-7.0203845634796425
-7.017442472812704
-7.012816254595727
-6.9834282545782
-6.982737073947959
-6.9799285858703515
-6.973665915843268
-6.9730635548980535
-6.958703622298998
-6.946336609218706
-6.9359908863849125
-6.921540116107202
-6.913761609821776
-6.910598685642226
-6.908210209613401
-6.89601028066673
-6.895499968811191
-6.888493826356257
-6.888194814397037
-6.881984355379679
-6.876432260468949
-6.870904940443127
-6.868018108894427
-6.852960043568192
-6.847797131518027
-6.843465308688396
-6.838918526094481
-6.837306829923957
-6.818577149497422
-6.817059123185679
-6.809010450760428
-6.801427633096322
-6.795317330778969
-6.7885120893688375
-6.777765174236837
-6.774278836083903
-6.771889222063143
-6.757407289733963
-6.749842216653272
-6.742648119224793
-6.725790313507106
-6.718301287275408
-6.701750815087069
-6.686424789915897
-6.666038649732953
-6.655760246479485
-6.635774812211133
-6.625676971788767
-6.622961051842124
-6.6218160459473365
-6.608523479962488
-6.605995063564636
-6.587493831634725
-6.566792544234707
-6.562379713599626
-6.5510971116107815
-6.549130088726268
-6.534907529292177
-6.5223245428694385
-6.518199571280006
-6.517913729355539
-6.514772521956333
-6.504978645408404
-6.501755201164338
-6.501708964953379
-6.497543075797345
-6.492639156842442
-6.490211027039667
-6.488864066071384
-6.4876775191445635
-6.4683300349324355
-6.46023008583681
-6.449529573151842
-6.448406253194932
-6.4423544733444995
-6.4036271395166535
-6.401598011002962
-6.358358176246114
-6.354415589102073
-6.343387445698976
-6.322210144371164
-6.319287029397642
-6.298672359228979
-6.277975595783001
-6.27744554355096
-6.2446375230603035
-6.243369140470774
-6.242001812602841
-6.207418349989696
-6.2043310054836045
-6.201841439503517
-6.201273510870148
-6.188297775465442
-6.186348843093125
-6.16331390355451
-6.1521835808454925
-6.144244603517869
-6.142401712973175
-6.135534091388264
-6.133134190128757
-6.115618471784612
-6.115111487671141
-6.110743085226624
-6.103087731258959
-6.0955209847920635
-6.087100856334246
-6.082740952762046
-6.072456077378787
-6.065206978145032
-6.059460758787173
-6.027225693829233
-6.026256814564899
-6.019135551772451
-6.007995048469569
-5.997703284210141
-5.995226753361606
-5.988212119368455
-5.986597685963366
-5.985990792661928
-5.981897801914725
-5.981627649497362
-5.974794114937903
-5.97127258054833
-5.967370552611149
-5.962803465023601
-5.959614604965355
-5.959262738510018
-5.941376200386691
-5.923749328642452
-5.916572209148871
-5.910653144889588
-5.900672439144591
-5.8957199695976
-5.895374996376072
-5.8897268693841385
-5.887556617187557
-5.8852890932761985
-5.8805647798344705
-5.859564381443151
-5.856648516300822
-5.8524067918627605
-5.838839344821145
-5.831045110378582
-5.816057479442652
-5.815969862247282
-5.808719758660471
-5.799462326146335
-5.766478914654451
-5.762871931681866
-5.762269463275094
-5.748201784343018
-5.7410024478373565
-5.738112020040489
-5.705052389718991
-5.700186081643877
-5.676400138593709
-5.674726738615586
-5.672314577500706
-5.667439881376865
-5.667071193498749
-5.646327120611083
-5.643321126769413
-5.628797094737671
-5.625680736795002
-5.625213868463811
-5.609344772444976
-5.607897537754818
-5.603479963200732
-5.602702090117764
-5.598557908354866
-5.58542270236015
-5.58398603282664
-5.572961525980107
-5.5687130186067915
-5.567331364918439
-5.565554607697223
-5.5496008043859595
-5.532865336320815
-5.532436669908434
-5.528535220514471
-5.525957536901779
-5.522784644187908
-5.5150312636776295
-5.513107812907071
-5.5110067087701555
-5.507650441896136
-5.505756850895597
-5.505561384318569
-5.504170160639553
-5.492525929465053
-5.49056739976735
-5.489418685537211
-5.478151570398025
-5.477748250212336
-5.473786619857801
-5.471213893299101
-5.462770591057609
-5.460509855730645
-5.459976063222475
-5.459358126449959
-5.455598432515038
-5.450602140431336
-5.44296105845685
-5.441330769178689
-5.437365847992983
-5.428420248603229
-5.409880157147741
-5.407107760096908
-5.396246822993907
-5.389606187273197
-5.3857656423944125
-5.3824708643915224
-5.3765585146936505
-5.375328687704355
-5.364600108092845
-5.358521097748928
-5.346768135493986
-5.3407574243209535
-5.333915026539537
-5.333405110508755
-5.302320909601163
-5.299029292434558
-5.297675614613585
-5.275786822961205
-5.272808230537952
-5.269473949183653
-5.2667736744478155
-5.240578056310497
-5.233586310668006
-5.232285779229252
-5.231734051020083
-5.223087355222769
-5.222560653267191
-5.205158690885996
-5.197009138335295
-5.184508653743187
-5.184066548297919
-5.183487058362147
-5.1825408317223385
-5.181874003256697
-5.176573071742286
-5.158770242028159
-5.15505407776054
-5.15007775199643
-5.146210201094153
-5.143724055378176
-5.138990547857587
-5.125948693311331
-5.118516028645171
-5.116027589927571
-5.112250161786477
-5.094169155021316
-5.092946219936499
-5.069742165186316
-5.066653647052888
-5.061859498636776
-5.055580042128672
-5.044446133313825
-5.044137240749973
-5.040613143536454
-5.038851884614371
-5.022879760699674
-5.018933455914857
-5.017548404445996
-5.009318973926717
-4.999162469277726
-4.995069637244329
-4.9922871685963575
-4.9846841037020475
-4.981413905038996
-4.979750160959354
-4.967943258639602
-4.966141600541789
-4.963581511233526
-4.958690805630354
-4.931361624164238
-4.928614790787596
-4.926397813714952
-4.922646341368663
-4.9161560818106
-4.9125443836808325
-4.905254471787043
-4.900103957096306
-4.899750176788626
-4.89870004656001
-4.890626320496547
-4.875787843473692
-4.8672117468173886
-4.859912275017984
-4.859839325559606
-4.857877068979742
-4.8553698524538
-4.84692290087546
-4.8385501708596035
-4.837944721387364
-4.8144066113397574
-4.8120364608521715
-4.809903581109046
-4.809636773676206
-4.805828989745259
-4.801284904951738
-4.7961171462002845
-4.794407556615296
-4.789035088939014
-4.788642928521798
-4.777319017088574
-4.772926904175595
-4.767629864463002
-4.76539575411584
-4.762224595824006
-4.749325094066644
-4.746346100694653
-4.7412487026802825
-4.733222778248696
-4.732658597679537
-4.732304632036994
-4.729140642690326
-4.72657601828805
-4.7234124403186035
-4.721026808217655
-4.7164949622076
-4.710528888503406
-4.708784816111756
-4.701102030055883
-4.6978796983660915
-4.689701886503157
-4.688318869841091
-4.687729347188819
-4.687076286310403
-4.6792424063661215
-4.677547385762146
-4.674309590937045
-4.671443083638726
-4.665539272953766
-4.665427429197784
-4.661105605220488
-4.655205521334752
-4.6427213832526935
-4.642026637202068
-4.641145298659267
-4.635458087688113
-4.632051037386739
-4.626536763124122
-4.612694975873238
-4.603100416079442
-4.601097322853508
-4.591296845180404
-4.590452545454869
-4.5674648405251155
-4.566944180316228
-4.562808405492214
-4.560370116193711
-4.558155316148285
-4.557997577168972
-4.552184725036755
-4.54772683095541
-4.516179289456335
-4.515245366483489
-4.509495124017977
-4.508856206852235
-4.5046044279014765
-4.494948501822884
-4.4908639548709335
-4.483664178042488
-4.467424331233966
-4.462556288748783
-4.4624732846420265
-4.454922096900046
-4.451487827047983
-4.4510434968734875
-4.434450455185252
-4.433514213747506
-4.424587145160794
-4.419893668794851
-4.414174124166396
-4.409877063553184
-4.4077491512812355
-4.407721013941629
-4.406458098895814
-4.3987440873462935
-4.395513696541416
-4.3937124468407
-4.384367175427801
-4.377971697891851
-4.370604351402257
-4.355333168292653
-4.348284374806905
-4.341669262205084
-4.341463907940756
-4.340051984599137
-4.338431641205864
-4.329834463149518
-4.325896905956672
-4.306369155945153
-4.29878024545013
-4.298580116415018
-4.298019423143442
-4.296206083310842
-4.293410570759441
-4.291507828292897
-4.288884753353874
-4.2840836131700275
-4.283925402033027
-4.2821461987131855
-4.281331989048641
-4.28099920450253
-4.274618250263572
-4.262277657678097
-4.254034556635677
-4.253144532938782
-4.2470449753686665
-4.238327285501179
-4.229946282698846
-4.220477402408407
-4.2054351068045595
-4.204786710453141
-4.198515114047163
-4.197922936007489
-4.193475273533101
-4.19340844369579
-4.192677816767775
-4.169772659778066
-4.16922083321052
-4.1607549203608345
-4.156838028823804
-4.1564343144353595
-4.156266245412889
-4.154208315679456
-4.146234917970818
-4.1426712687275
-4.142048415077403
-4.133850817414608
-4.126758477561408
-4.125420394408298
-4.121098111078053
-4.117181647044671
-4.115202811542897
-4.104178920755757
-4.104175871446256
-4.101906765699302
-4.084132790229618
-4.0813997642959725
-4.080791307657444
-4.074862592749625
-4.061385098291081
-4.061287224727125
-4.053377381211205
-4.051374617372142
-4.051247102242158
-4.046890450717601
-4.039363154283543
-4.0371040509368195
-4.031083942550245
-4.022438283979776
-4.019169713707323
-4.017336123504184
-4.012769486702279
-4.011372306499179
-4.009279382096922
-4.005232006114591
-3.9968488218060227
-3.9961097511230457
-3.9853507767131515
-3.9808738471100042
-3.9807455128257643
-3.9803247985590198
-3.97843925431422
-3.973073982492636
-3.9541524734881595
-3.94464204734823
-3.9443798546394593
-3.9438545889918712
-3.938547452041343
-3.9375651922951684
-3.93196582423005
-3.929002565243017
-3.927764888654384
-3.9231957660488432
-3.919759246269386
-3.9154287350610817
-3.914125483311156
-3.9011193207310084
-3.899402522147418
-3.887783639679356
-3.8803036997555207
-3.8785898232806773
-3.874596910031854
-3.872141060210338
-3.871753559932312
-3.8706623928978585
-3.8693856311070647
-3.8684532779725274
-3.8613394522568534
-3.8441522833225235
-3.842999748110577
-3.842016664908073
-3.833769839463152
-3.8264637281778344
-3.8264107131127254
-3.8259403076716745
-3.809289330907582
-3.8072275880611794
-3.8058577273007006
-3.805824378706606
-3.80220750814661
-3.7989463477173206
-3.790727869515671
-3.785169204970583
-3.780020204918931
-3.778659925967569
-3.7767364135543313
-3.762456229467612
-3.7571561079900526
-3.7461601498731083
-3.743716423516756
-3.7433213674408377
-3.742536437312405
-3.7387458807128437
-3.737010982479714
-3.728720864017386
-3.7277873134455435
-3.7236819212556744
-3.7202271412564762
-3.7157237854284766
-3.7048467727523913
-3.7022117670556076
-3.6965793552278794
-3.6900749584590873
-3.682971386750053
-3.676075660117194
-3.6733062832136136
-3.6726586986855
-3.67222322829882
-3.6699369514812656
-3.6691661991510727
-3.6683905076438066
-3.6611017592668027
-3.6589514146833446
-3.6423357963699594
-3.638899484481046
-3.6384382859312785
-3.637376299976392
-3.6346126547932496
-3.6329874639273356
-3.6295917042615513
-3.6281107810200464
-3.624698095961985
-3.623785905128078
-3.621898655097226
-3.6171271041630586
-3.611172590822129
-3.610816026074091
-3.607814623869349
-3.6056499047876303
-3.602023136859434
-3.601144969804368
-3.599030603221369
-3.5984904202591474
-3.5957126521781193
-3.5854268855930886
-3.5848182602626686
-3.5801001307930234
-3.5702523050016723
-3.5690143557242826
-3.566583264618166
-3.5555110934537892
-3.5545026583910477
-3.55406552920698
-3.5502240987225875
-3.5452032262086144
-3.5445231322190187
-3.5425703808349045
-3.5139851806658147
-3.5081029883786554
-3.4992520792745694
-3.4906962876475456
-3.4854525924917428
-3.484949758457784
-3.475521365634586
-3.46973688426627
-3.469266151676851
-3.464875387156986
-3.4626103887661213
-3.4613247150570428
-3.456713803947192
-3.4538506789060692
-3.4532652710884904
-3.4502780635265844
-3.436512260820524
-3.4319682293514844
-3.431424552699956
-3.420411655163622
-3.4197183167421694
-3.4144358568334763
-3.4094617480135314
-3.4068698691401043
-3.4059749008919438
-3.4014829559156707
-3.3989034908194533
-3.3952747859117824
-3.3943783850680815
-3.3891910208110194
-3.3879925619829487
-3.387628970364286
-3.38716999292173
-3.3860361638121637
-3.3851153153890743
-3.3787476803321908
-3.363464945176535
-3.3633381946354515
-3.356391926768905
-3.345262424314465
-3.3427670512390075
-3.3362940824506677
-3.331407754192881
-3.3313798628651847
-3.324334662030296
-3.322781685824042
-3.317672578701928
-3.3087228753413003
-3.3056918605641012
-3.2980109777340525
-3.293239219329762
-3.2842086426261394
-3.2823645053659836
-3.282007997063388
-3.2740703722474285
-3.272501206329372
-3.260450557700949
-3.2555276849858985
-3.2476676408685865
-3.246794909689122
-3.242462891556362
-3.228146161522228
-3.226127840176959
-3.224170189624407
-3.2214040423361245
-3.2114109090259326
-3.2031648269608772
-3.2009239480143057
-3.199953371528098
-3.1954011704601557
-3.191739044810242
-3.186650798119401
-3.1851240593187655
-3.184318157678315
-3.181651413960661
-3.1814729904268724
-3.180299113233305
-3.172213960598431
-3.1622330121444384
-3.1605085003420355
-3.159973362499882
-3.1597364734073605
-3.159284755560919
-3.1557906765893455
-3.14191076094858
-3.14135106314018
-3.134221379009795
-3.1333754352832583
-3.1326344658632337
-3.131541443995241
-3.1281036329171608
-3.123583299839147
-3.122454708301147
-3.118196475918616
-3.11780668799101
-3.117410375420172
-3.116968699760694
-3.1161520612747373
-3.1161288038754145
-3.114683869788241
-3.1100161225211833
-3.108070191562631
-3.1027803680363997
-3.100269504411997
-3.0996578738832206
-3.0984093555610572
-3.0980869587216247
-3.0950775028395907
-3.092343310982543
-3.0917598991544493
-3.0888592583806775
-3.083468304996617
-3.0813554247865316
-3.0812696014958996
-3.0797236272518083
-3.078871894786085
-3.074406471916598
-3.0740993590026666
-3.072994613911062
-3.0724639005928633
-3.070270083510648
-3.068016891164373
-3.0614908485481225
-3.0611395566754727
-3.06095351177823
-3.0588339822369672
-3.0560712490828754
-3.054448033081632
-3.045664366858951
-3.025946410327143
-3.021374448588051
-3.016343639235645
-3.015243896498026
-3.015053585826103
-3.0099503177201665
-3.0096793400785407
-3.007995858140279
-3.007040650136995
-3.003605903327803
-3.002625604608334
-3.0025377821900134
-2.9989951735057145
-2.9957876008818936
-2.9942728144862722
-2.991511460145838
-2.9863735276937406
-2.983407891705566
-2.9831027071312604
-2.981204612760086
-2.9796667027044763
-2.977976315024774
-2.9692104404991873
-2.964312842811272
-2.947410083070948
-2.9390435076702195
-2.9345891557943267
-2.9223651057639044
-2.9213528628947465
-2.9155201800113932
-2.9108490547574255
-2.9075835067515325
-2.906908898146486
-2.8963728225190444
-2.8919105607398765
-2.8891206261588946
-2.8851595909521643
-2.881841733405523
-2.881490753204673
-2.878951548023533
-2.8689796567155073
-2.8671162212766013
-2.86253123202919
-2.8615628918628393
-2.8602531127420248
-2.8525481726979613
-2.8508986969097823
-2.849059390404775
-2.849049685058743
-2.848909340082672
-2.845637542186135
-2.8392806676494606
-2.837638962855982
-2.8357672298681713
-2.8151586568053215
-2.8146108040514726
-2.813652344105473
-2.8114835079972504
-2.808681300115443
-2.808642140673544
-2.8047138969862635
-2.802066692172807
-2.7995170944180803
-2.7982699250598797
-2.790925343611474
-2.789099717830083
-2.787763224156786
-2.7859924009972126
-2.7824361857429327
-2.781536999387126
-2.7789892700763428
-2.77844808581325
-2.7770483537693416
-2.77523775272139
-2.764756058939511
-2.7616964733566434
-2.7592321359666387
-2.7589960725127676
-2.757522830967813
-2.753145175083438
-2.7502099106199083
-2.7466927749281878
-2.7432126771182777
-2.739349068449044
-2.738879002151915
-2.7376079224199135
-2.7340721416559255
-2.7308779725080226
-2.7261017968297327
-2.7220774314312304
-2.7196927370487183
-2.719436125862271
-2.714832533366858
-2.7118509822516987
-2.7099297666231665
-2.7080524220084508
-2.7056540740245634
-2.702826814451384
-2.7025295686267703
-2.6980567438668794
-2.69380795471802
-2.6918823301965684
-2.691554754134854
-2.6877265723583172
-2.6867362218831405
-2.680699336846297
-2.6803899951209407
-2.6784382927545427
-2.673963942728476
-2.673193066533311
-2.669616391635779
-2.6687397739538796
-2.6642413636113167
-2.660435620611124
-2.6594372638900956
-2.657491438091326
-2.650858271009314
-2.649076088102327
-2.6471946351143645
-2.645972095418932
-2.6344874144394783
-2.630718140331652
-2.626391345594188
-2.618355391977469
-2.613739994003156
-2.6094041223155164
-2.6062853408327977
-2.604034879798796
-2.6019168684665948
-2.5997551483424193
-2.5955795264360884
-2.594009601509581
-2.593398054282024
-2.5802629486178423
-2.5760915652485563
-2.5744886977776384
-2.5622327901536965
-2.559293564192905
-2.5589613808993197
-2.556714058816034
-2.5530589867275406
-2.5522106023633464
-2.5514072492709454
-2.5480911628291087
-2.5471176221439618
-2.5440277847487165
-2.540328743790419
-2.5347813631243103
-2.534274686293684
-2.5339997050518965
-2.529285840140413
-2.5204231560679915
-2.5186264732342547
-2.517647864585002
-2.508376225314041
-2.5074337304630063
-2.5051024652540623
-2.4977738141501282
-2.4955080543230137
-2.4928501127434077
-2.4897953709393246
-2.4892999591793568
-2.4835752863800287
-2.481831014044931
-2.481471610874025
-2.4769231411634802
-2.475806017295585
-2.474568133319991
-2.472815757405097
-2.470513598709616
-2.4665014477588327
-2.4621345227670584
-2.459607874889457
-2.456501267824554
-2.45173381343412
-2.4506960569647545
-2.4477138183004685
-2.447492964821707
-2.446947317605232
-2.446565631655326
-2.446479496895832
-2.4459616557803145
-2.445241182727157
-2.4441129040264036
-2.4432631172428856
-2.441142535659478
-2.440428498813508
-2.4391066430611494
-2.4349047635008714
-2.434236279601571
-2.430151140419291
-2.428689802381217
-2.4282407267352064
-2.4243604279053788
-2.4227775025258524
-2.421029521419502
-2.4207900897310997
-2.4175544880046624
-2.415883456808203
-2.4156634503782617
-2.415587724814269
-2.4144286271984727
-2.413548904779735
-2.413206399101077
-2.410812358745965
-2.405189881109435
-2.402651210104604
-2.4010762329987156
-2.3977039636985626
-2.3943061467950484
-2.3925558994692566
-2.391473075860089
-2.3911874070692427
-2.385731381034104
-2.3848418368852045
-2.380256301618165
-2.376302265808871
-2.3701118160575922
-2.368544765449893
-2.3667524165556233
-2.366670964914515
-2.3647523056398643
-2.3644044153426997
-2.363368912867066
-2.3576112573589527
-2.357596955004456
-2.3575135041128927
-2.351329957028676
-2.350220729794939
-2.3446299203309904
-2.3395687445431967
-2.339550620150899
-2.338019125983737
-2.3344264838467432
-2.332731350156047
-2.3293400833185967
-2.3278598584629497
-2.3212490184543713
-2.3167097717405474
-2.316073672421117
-2.3110110223466647
-2.3087778763048012
-2.307700830696713
-2.302263234988798
-2.3005518535685425
-2.297705926361946
-2.297658402311514
-2.296022309419777
-2.2943619619316538
-2.288890384479978
-2.2868117708352855
-2.2845533870758543
-2.2833611504104483
-2.2815099238358956
-2.280636582622001
-2.278689827813327
-2.274914649156942
-2.2738339539183547
-2.2578812872242966
-2.2570512979099173
-2.2547380238830326
-2.2502925899651043
-2.249547051278532
-2.248298991218936
-2.248274301258477
-2.246502925070026
-2.243403218251815
-2.242852316496181
-2.241241966992409
-2.2399167144104117
-2.2380654787628487
-2.2366685072777397
-2.2364922242166916
-2.234602257356424
-2.233593229548522
-2.2287960817332455
-2.227451073192689
-2.225589739051801
-2.21946725991242
-2.216647029814527
-2.2154823354344515
-2.2149394049642606
-2.2036217705351273
-2.2028505482506433
-2.1993679034969342
-2.1971181900417256
-2.1925256732187384
-2.1905993052120833
-2.188912992290084
-2.18758613541463
-2.1858052043997667
-2.175883401231404
-2.1751287315094276
-2.1737046879530975
-2.172439856029987
-2.1724365510598718
-2.1697020495173365
-2.169617020186548
-2.16548417653458
-2.165246714007928
-2.163501876985536
-2.1604638348318694
-2.1598537140444614
-2.1596722493292755
-2.1583029903500885
-2.155701660681412
-2.1555460271222717
-2.1524601989249565
-2.152322801227179
-2.151816306395384
-2.14203680041647
-2.1413619349465285
-2.1293081061354084
-2.1283190563963683
-2.1282639573235778
-2.12673293639163
-2.118883943139106
-2.116639951751492
-2.114622954907801
-2.1140642145253765
-2.1127956272276553
-2.1077034945581525
-2.1027838016942173
-2.102625801617235
-2.0982818863957498
-2.0966818269324308
-2.0961536968563723
-2.095105781659986
-2.094351682054029
-2.0941431378209034
-2.091711528697069
-2.091686936353327
-2.0909289090135017
-2.0894107338632137
-2.0863026870037165
-2.086037920383219
-2.0852565667389666
-2.083805455827467
-2.0830658812927014
-2.0772074052921443
-2.0767705728894366
-2.072008495223789
-2.0587799610863393
-2.054758858633082
-2.0524766911304573
-2.0493472355998525
-2.049254136239053
-2.048388942050381
-2.0409567888380833
-2.0397897363960786
-2.038061951456552
-2.0376525751132957
-2.033030141487888
-2.0316718666623306
-2.0308230080261946
-2.030585549574161
-2.0254212900041084
-2.0212604961565344
-2.019467853477426
-2.016880216406138
-2.0156159587645526
-2.010703626983914
-2.009609079010085
-2.0056908678990393
-2.001795276417593
-2.0006209436504743
-1.9985461915162444
-1.998373564567003
-1.9936122275476056
-1.9931650091640452
-1.9909288592465086
-1.9891442531236154
-1.9889724120091414
-1.9878809488117295
-1.979875663228467
-1.975929351744997
-1.9717306055515977
-1.9667463548828972
-1.9648975366904315
-1.9632294414820737
-1.9628925773044998
-1.9563206840265868
-1.9559807732895849
-1.9548443282574834
-1.9522211192960184
-1.9492739394186245
-1.9458471848943903
-1.9409016585612648
-1.9352128186374273
-1.9345423807034483
-1.9332481060902524
-1.9322987081583685
-1.9312365695287932
-1.9309277201972583
-1.9294131256052753
-1.929195612024957
-1.9247804391677934
-1.9180011584714243
-1.916977282954245
-1.9152275021062648
-1.9139960614062677
-1.9135337043295362
-1.9106900373585936
-1.9097378524034305
-1.9068042528690112
-1.9064377539080333
-1.903188430037615
-1.9027683447254304
-1.9014139989689731
-1.9013079462745421
-1.8992591775674568
-1.8958615253986448
-1.894590746772307
-1.888677252181415
-1.886019099976534
-1.8856076484944895
-1.885013216263852
-1.8847683191453262
-1.884659549778258
-1.8833554832752744
-1.8816782539351204
-1.8789751259507674
-1.8776799746227382
-1.8774025446099356
-1.8773711437084066
-1.8708480450739913
-1.8648339007011296
-1.864617386198931
-1.8594597002479194
-1.857410043387638
-1.855360143356957
-1.8413888406986048
-1.8380766667587722
-1.8370456030148876
-1.8333551158021535
-1.8333361159489672
-1.8284136553875987
-1.8279861231711916
-1.8269872937874252
-1.8238243831522742
-1.8229718463189084
-1.8220146677499511
-1.8156434417907
-1.8108296973324067
-1.8080332057280841
-1.806798870218684
-1.8064582847797956
-1.8052505273408057
-1.8046747652478636
-1.8007726844499643
-1.799165236167851
-1.7991141123239731
-1.7922852028408192
-1.79151674858206
-1.7894383273996488
-1.7892797081630043
-1.7892059779856113
-1.7869347107612845
-1.7850213896116514
-1.7842345188298
-1.7828372847032756
-1.7816141020191583
-1.7788444058330986
-1.7750599314845097
-1.7747209766447876
-1.7734907661997115
-1.7672812150797934
-1.7669417925676605
-1.7663021027730688
-1.7659595307514275
-1.7655680548977728
-1.7653838491596594
-1.7637077015634235
-1.755621723237863
-1.7552864070317196
-1.7542509710641245
-1.7534580201388628
-1.752256486889403
-1.7502708896809638
-1.7499852957165314
-1.7485973929403886
-1.7470696283838698
-1.7457414725616807
-1.7438279401380292
-1.741342447765343
-1.7361933210497495
-1.7360967568474388
-1.7348733118196922
-1.7328487671101471
-1.7293180844168534
-1.728167807357599
-1.721912501304511
-1.7208770084417708
-1.718898819432318
-1.7157360647952178
-1.7108410009962651
-1.707655647707888
-1.7058470151998073
-1.7055019766814836
-1.70087373693653
-1.695269345880098
-1.6942809271618877
-1.6940334558922943
-1.6935913559159645
-1.6916626766381069
-1.687850883871406
-1.68503123269397
-1.684150646283321
-1.677960182800239
-1.6764560237577815
-1.6759289236835797
-1.6743952073945028
-1.6731556234024485
-1.6720224929666418
-1.6673793702483244
-1.6605097280053878
-1.6573136162993414
-1.6569598068066176
-1.6532315181473802
-1.6531571274622894
-1.6495128178546343
-1.6463403227701185
-1.6403124056905427
-1.6402485472564055
-1.6318011086079542
-1.6307444817972845
-1.62979772086744
-1.6263637463967737
-1.6262686611207058
-1.6248867042395196
-1.6243732557177084
-1.6235261425598961
-1.6228478767088772
-1.6206878369935278
-1.6206736349659263
-1.6192835434777888
-1.618603283060411
-1.6178686864504246
-1.6177078623434828
-1.616252121010713
-1.6149841803514189
-1.612432123537379
-1.611007123525119
-1.6106323166963565
-1.6086266346536273
-1.606290388298342
-1.6047219706520686
-1.6034610171514736
-1.602627721613652
-1.5961062181108054
-1.5960753445158338
-1.5936125376145442
-1.592938632231776
-1.5921891873062572
-1.5904698384233615
-1.584822001985291
-1.5839592622880825
-1.58360121239673
-1.58315400889051
-1.5789579053599134
-1.5753433405180197
-1.571436879650835
-1.5704722927037469
-1.5649366902338717
-1.5618278410676967
-1.5617475871952518
-1.5611937504003293
-1.5607263050900957
-1.5581945321824833
-1.5573969584310285
-1.556287451904865
-1.555283923369746
-1.5551597712201617
-1.5536127055498947
-1.5510465719518607
-1.54245955673692
-1.5411215429983505
-1.5406126406260445
-1.5362078547305984
-1.5361906329851103
-1.5352678436632092
-1.535072576105198
-1.533806978096802
-1.5325377536028546
-1.5322088754077638
-1.5314726394465064
-1.5290747518110015
-1.529032831196224
-1.5247500666688187
-1.5220046820618707
-1.5212003371096336
-1.5173948698112951
-1.5170279561752904
-1.5164230883970216
-1.516380708648669
-1.5157744310699115
-1.515467585236836
-1.5152310781821046
-1.5141799409478276
-1.5102604504330193
-1.5101922419226992
-1.5090751634668815
-1.5079501567713898
-1.503474016980808
-1.5034042016269504
-1.500547852884246
-1.5004467341202679
-1.499126696473371
-1.4959146503195218
-1.4952888225275414
-1.4929613200039467
-1.491210324006548
-1.490558441101979
-1.4892850223281608
-1.4851816182434034
-1.4837169973838833
-1.4836035518971666
-1.4787915718237425
-1.4775866619548184
-1.4752405224960743
-1.4719688044926593
-1.4716431989778087
-1.4715081841431892
-1.4712280060011282
-1.470112994463142
-1.4692106211505718
-1.46766756962743
-1.4667464046535403
-1.4664374146546173
-1.463402731275242
-1.462079627402689
-1.4571386946938434
-1.4561297043604702
-1.4526857901896886
-1.4511276109691837
-1.4494555966696645
-1.449363908693623
-1.4487793070736665
-1.4472894814125934
-1.446811838830956
-1.446343872997027
-1.445374501956902
-1.4450303486528666
-1.4437496078457803
-1.4399921898526054
-1.4373770444643612
-1.437349817454531
-1.4363195743542747
-1.4354434303485417
-1.4342776940869193
-1.4330176267683936
-1.431119905085239
-1.4270999100961004
-1.4247955305973243
-1.4220470268298937
-1.4200354763486673
-1.4176404060825525
-1.4158238683423363
-1.4143748893956756
-1.4143134716061039
-1.4139221846933079
-1.4133236515419418
-1.4091455609117889
-1.4090572564617172
-1.4077452872921827
-1.4062192736595822
-1.4034554168751505
-1.402979599226803
-1.4024189541292205
-1.3944051538203217
-1.3943335248227053
-1.3939663585405875
-1.3929982447363478
-1.392190073472214
-1.3888829024627045
-1.387287401588401
-1.3860598396637056
-1.3829057903064605
-1.382137291578966
-1.3810193576951264
-1.380918064266914
-1.3794981999560467
-1.3773031492734422
-1.3731133195083611
-1.3729103805180656
-1.372143692498621
-1.3679788140487033
-1.367583956366184
-1.3657505626400228
-1.3655058369341209
-1.3650471215679547
-1.3637315877380876
-1.3540117346774767
-1.3525957618649815
-1.3503858589218178
-1.3458405050482725
-1.3420625344637058
-1.3411109159911832
-1.3361145970824089
-1.335031827360726
-1.3338197061145625
-1.3326327002185927
-1.3301251927622761
-1.3298890540697208
-1.3293345454657097
-1.323527152554548
-1.3230256605126303
-1.317541200564683
-1.3160043159320773
-1.3143571204832676
-1.3138973714493665
-1.3124725097854606
-1.3089827257011484
-1.3077925542152964
-1.307427403405388
-1.3020331654299895
-1.3015726708119009
-1.3006638321910509
-1.300090337722556
-1.2982375316761452
-1.2960162273918554
-1.2953171829411316
-1.2919812980212144
-1.2771377380356106
-1.2730709761821024
-1.2680008874082334
-1.2620712588026042
-1.2617678068415947
-1.2582888825476197
-1.2538093251620888
-1.251270691185966
-1.2500180820785123
-1.245389260697708
-1.2433400407677075
-1.2420484771096163
-1.2411122310959533
-1.2401442828500464
-1.2400913822949202
-1.238842340234377
-1.2346745433653383
-1.2343124920865685
-1.2334763222132494
-1.2329980761070427
-1.2297162837390756
-1.2251235694673401
-1.2250230765915386
-1.2248703938122567
-1.2223939890447335
-1.2201250963889692
-1.2193649905979065
-1.218720378548635
-1.2164758682259658
-1.2078243484632856
-1.2066502433021624
-1.206545278766829
-1.2022287794389837
-1.1988026387597828
-1.1980559593137206
-1.1975523767148093
-1.1942180009753276
-1.1930398371420257
-1.1920456958196453
-1.1909577944801781
-1.1893552309329538
-1.187752751122821
-1.1825413542196976
-1.1764490951838953
-1.1764124670794858
-1.1757535862488844
-1.1723473221648313
-1.169821840725832
-1.1674631791493395
-1.1671646878848532
-1.166056544813042
-1.1655619285104248
-1.1625231224957109
-1.1602109759468502
-1.1573151501391925
-1.156308345222127
-1.1549245813186175
-1.154502369930267
-1.1543370566405964
-1.1513335077254405
-1.1497609921199081
-1.149198019163535
-1.1475426799585464
-1.1471520886548137
-1.1459843623602544
-1.1431678868803468
-1.1430751352243953
-1.142148571623159
-1.1383224292676473
-1.137942732441391
-1.1362966886955923
-1.129937230149511
-1.1295089377515377
-1.1266593053596092
-1.1235439368994553
-1.1217958866944135
-1.1207233762973465
-1.1205483752219896
-1.1197648920187047
-1.1153258293380124
-1.1141530462382312
-1.1138930698030909
-1.1138142337442631
-1.1111568782121375
-1.1092087118053464
-1.1089676450042278
-1.107565123927054
-1.1042648931536119
-1.102282247442592
-1.0987981167861005
-1.0981733237855311
-1.0952559681274203
-1.0938863601946731
-1.0919985756951498
-1.0918967887830888
-1.0917634025948013
-1.090887208435581
-1.0903238645795958
-1.0896527438042112
-1.0862228688586297
-1.0844381799374925
-1.0835259530718235
-1.080841378535313
-1.079987558069695
-1.0776644924650527
-1.0758607488427214
-1.071863591641859
-1.0711828596359607
-1.0705203030345647
-1.066161918676171
-1.0653907850967965
-1.062633409183702
-1.0595462814393635
-1.058747033563054
-1.0581908111835965
-1.0569426618584068
-1.0547032554217792
-1.0500233537234527
-1.0491019844962395
-1.0489335943256313
-1.048516432631561
-1.0479838929296108
-1.0475774909736826
-1.0470333323099217
-1.0452098875663947
-1.0444202571218586
-1.042109629125434
-1.0405460795726686
-1.0385234403512342
-1.0379632156688423
-1.0360704526329194
-1.0347840591062911
-1.0345914475510973
-1.0333321948837169
-1.0333225782428053
-1.0289904712074613
-1.028109860245623
-1.019144626067158
-1.0163862603552742
-1.0149615682431172
-1.0121982838237304
-1.0116676607674164
-1.0114135707336427
-1.0075534685533647
-1.0063755096913778
-1.0062864202912054
-1.0042068694288613
-1.0041961413891933
-1.0029176418019063
-1.0000807977528983
-0.999341483263441
-0.9974911339126414
-0.9971022256806273
-0.9965409258647064
-0.9959201686567541
-0.9930811470352161
-0.9929304573428321
-0.9927100992151825
-0.9926497218819527
-0.9899965173550984
-0.9898385606001534
-0.9895846855121485
-0.9878439409894717
-0.9846844101990315
-0.9846598773890949
-0.9798723589343028
-0.9797675229187274
-0.9794873540452698
-0.9774974113312639
-0.9772184466533032
-0.9771131410193852
-0.976927717472104
-0.97673345801718
-0.9746513821720313
-0.9729077910416952
-0.9708885423432898
-0.9704705537313525
-0.9655805308896888
-0.9646253662994579
-0.9623699287650511
-0.9620426796440995
-0.9604924250951248
-0.9603720289008912
-0.9580578256375549
-0.955508139573458
-0.954607380689408
-0.9519628314459933
-0.9508604692039192
-0.9501446685529575
-0.9500461603276968
-0.9494330595221706
-0.9483051102845594
-0.9470793501479275
-0.9467150616983109
-0.9462877005957
-0.9444722698556943
-0.9442576674121169
-0.9438140017221557
-0.9384687893176982
-0.9383857339076631
-0.936087966653354
-0.9335438986738926
-0.932230103940862
-0.9305246089869458
-0.9300370548913206
-0.9270965868173864
-0.9269017351496927
-0.9226626583112026
-0.9218632909270101
-0.9185646297127028
-0.9180037413918126
-0.9162885546794215
-0.9152195975907989
-0.9146880298666253
-0.9145894834742041
-0.9124795190560999
-0.9081010741548523
-0.9079373101067391
-0.9073889111740583
-0.9065497127994698
-0.9059000031661659
-0.9055169482211252
-0.9028872366424321
-0.9024534220848406
-0.9018422196464819
-0.9002111318991147
-0.9000345176769001
-0.8986501933964173
-0.8983103548317198
-0.8960950300723787
-0.8957921501363468
-0.8954776622494174
-0.8900125827597674
-0.8892888389692798
-0.8865639518408224
-0.8854292522841154
-0.8839729962378455
-0.8783282882915471
-0.8779882081212929
-0.8776052952282145
-0.877587749749142
-0.8760884359602384
-0.8759069187693035
-0.8744560476312742
-0.8732160782202597
-0.873214100565688
-0.8731634012378159
-0.8715856100869697
-0.87129211467493
-0.8712731334389279
-0.8708917878462507
-0.8698054891797291
-0.8659333180316556
-0.8655794705624335
-0.8641637391797136
-0.8641293306467664
-0.8636774089285443
-0.8626568154813681
-0.8619465834993848
-0.8603169876822904
-0.8600604943341128
-0.8537116214936775
-0.8522410348993399
-0.8515749749682603
-0.8483095107770627
-0.8466666252618134
-0.845505803086262
-0.8436538310693215
-0.8434501574333126
-0.8417839312895152
-0.8406735309967754
-0.8398611628604858
-0.8395038121024242
-0.8388583318304609
-0.8332009281224284
-0.830711342456462
-0.8289064945287004
-0.8262817340454769
-0.824247248568197
-0.8220505976366949
-0.8201934115065005
-0.8165001731444443
-0.8158177432842546
-0.8155302082155271
-0.8119598750383317
-0.8100287191414653
-0.8076758330102266
-0.8050757983083132
-0.8040606459849211
-0.8040011989996425
-0.8023577257145685
-0.8020717631210603
-0.8003089629739014
-0.7998949832131524
-0.7990863017395827
-0.7983897284957413
-0.7976022490976682
-0.796994520623429
-0.7936860911349071
-0.7891358927797298
-0.7867217357010223
-0.7858663420287842
-0.7856519966091889
-0.7838052836506881
-0.7819855716881842
-0.7803174735794273
-0.7793653705254537
-0.7785136177657348
-0.7781495749593761
-0.7766183736994023
-0.7735108513502703
-0.7733154397213637
-0.7693665923888819
-0.7682449591525243
-0.763809831232738
-0.7627408074351851
-0.7614281084525858
-0.7595310214739213
-0.7593357465378239
-0.7590781981292825
-0.7572863932866911
-0.7557588767732585
-0.7555807484418564
-0.75124613761639
-0.7504040084240406
-0.7488603093029075
-0.7482633722948222
-0.7477675102510465
-0.7470604543050837
-0.7453296911166365
-0.7402346553470857
-0.7402224098458986
-0.739599129614541
-0.7385830565333205
-0.7349122574751773
-0.734648349194938
-0.7342772336473781
-0.7341144182436626
-0.7331136479954756
-0.7310374194722741
-0.7286763681410016
-0.7259090421778022
-0.7244912642510003
-0.7214130316910844
-0.7209413367040565
-0.7196075696024363
-0.7148539606138923
-0.714661917570966
-0.7133489871914885
-0.7096627997380598
-0.709629790551596
-0.7088703237517573
-0.7083005394953199
-0.7075572847385445
-0.7070419271065582
-0.7066554807079611
-0.7056480047423827
-0.697630164634865
-0.6941640829241489
-0.693949042813525
-0.6937296227920071
-0.6898761368800119
-0.6886360649205174
-0.6879123726349619
-0.6874126147400943
-0.6873492499817776
-0.6868824987092922
-0.6836517005007041
-0.6832972689276371
-0.6826650191582266
-0.6804709276345792
-0.6800506376159399
-0.6794912542287816
-0.6793291460066222
-0.6792916655685342
-0.6708799387340134
-0.6697498379766713
-0.6684557966311736
-0.6684203584620458
-0.6665675779091209
-0.6664799971127239
-0.6655746370977698
-0.6654684003382845
-0.6653604844394989
-0.6648518016277886
-0.6626790907090331
-0.6577099163468684
-0.6576395390307981
-0.6558710565805722
-0.6556826764942214
-0.6521218328656379
-0.6516881204221078
-0.6503274667297205
-0.6490828990702406
-0.6484584181415884
-0.6480418750210893
-0.6472954788557201
-0.6426818672884721
-0.6413139931996584
-0.6404728664968665
-0.6402422310743615
-0.6358078872985559
-0.6332429328210104
-0.6321438820331118
-0.6315750967266422
-0.6311653482094604
-0.6300113034284467
-0.6298774862249227
-0.6295847763235324
-0.6278004112790275
-0.6272050511351714
-0.6252882576845141
-0.6234170481109841
-0.6228890554292051
-0.6228224725388027
-0.621733371547637
-0.6216315446920938
-0.6215997154007039
-0.6179248205538994
-0.6156913948952575
-0.6153386680821495
-0.614068115512342
-0.6095676511350144
-0.6088179907041171
-0.6086484532602721
-0.6046111908374239
-0.6016602301632061
-0.5976466177102426
-0.5968533834215776
-0.5968309399681094
-0.5937104613282156
-0.5934450022236026
-0.5866458230840269
-0.5857374337565533
-0.5826070007278558
-0.5806363553592024
-0.5791651443383559
-0.5769276282383906
-0.5756637340468708
-0.5741475887685146
-0.5697635273075345
-0.5697529726997124
-0.5691544918984424
-0.566879601854754
-0.5646402544969255
-0.5637227800333748
-0.5627122685318446
-0.5604440717489185
-0.559162767656862
-0.5589647425611404
-0.558370725864472
-0.5571163238361679
-0.5559444162482967
-0.5550076134761566
-0.5543198512461078
-0.5518782687744345
-0.5506304387074242
-0.5446202860525526
-0.5445380167431331
-0.5436329295279129
-0.5431733069129702
-0.5427218121996352
-0.5409706014151003
-0.540232667804261
-0.5396279426362154
-0.5381721554006003
-0.537072012998639
-0.5359337606765192
-0.5337792480169727
-0.5328360763457833
-0.5301128312763985
-0.5274669899946917
-0.5269870994129582
-0.5268886468488652
-0.5267282000971123
-0.5262009839480297
-0.5254592895497489
-0.5248601817915071
-0.5234158345703182
-0.5195431953500544
-0.5194494261856855
-0.5191566737681037
-0.5176204218656087
-0.5167551500332618
-0.5156529756122877
-0.512489060638096
-0.5090963882106297
-0.5043439825386908
-0.5026959221172866
-0.5016502722114495
-0.5016004326797275
-0.500713612807759
-0.4942201183792152
-0.493192462917323
-0.49241774169901353
-0.49189774262372987
-0.4899308370921709
-0.48823927645119536
-0.48765194265991485
-0.48643466105
-0.4860367208462425
-0.48280872250840434
-0.48259589968087124
-0.4824086224937789
-0.4819518340370694
-0.48003866667892237
-0.4799686684606125
-0.47714952164879043
-0.4758024505761336
-0.47572666178152323
-0.4750413256100986
-0.47501546691045377
-0.47420233658379685
-0.4728042664972838
-0.4724692395731527
-0.46517333129737354
-0.4637569393592089
-0.4613624738412928
-0.45866652316208867
-0.4584982285017025
-0.45787949682713003
-0.4577770395096547
-0.457500799448675
-0.4570291717912487
-0.4553972320344779
-0.4545044440832218
-0.4526362540300685
-0.44705062713163923
-0.44589874154417064
-0.44447612859294905
-0.44076591767326045
-0.4392286236953759
-0.43541236748362877
-0.4353028730066665
-0.43521100378053756
-0.43384118879217026
-0.43376877235606337
-0.43225058175319653
-0.431530365382102
-0.4309361481481516
-0.42984078084156024
-0.42835601256849687
-0.4279487147464981
-0.4275239983656005
-0.42744841490221697
-0.42654596169279435
-0.42494068536142293
-0.42020711887822526
-0.41959252121455737
-0.41835685406473566
-0.41833162722939127
-0.41808767168093064
-0.4154527581127019
-0.4145579954381209
-0.41169458629572775
-0.4084455401981287
-0.40422413815523106
-0.40404149690243435
-0.4034207513769169
-0.4029199875337385
-0.4011942543078677
-0.4011819234283954
-0.40101912654633476
-0.40058608572317733
-0.40055610520375085
-0.39782287617050477
-0.3949786915283767
-0.39385273337062465
-0.392318501722251
-0.39155624018921775
-0.3910409194932468
-0.3907377626357488
-0.3891645500207411
-0.38872126944323115
-0.3884165450401804
-0.38785506861717434
-0.3874479079289246
-0.38672468434814333
-0.38575334731361155
-0.38455111023974753
-0.38400735866931857
-0.3839524699787781
-0.3777176243913565
-0.37401258739130017
-0.37291409504244283
-0.37033913971308985
-0.3702203803429124
-0.3694951375687726
-0.36788059490635716
-0.36388011615272176
-0.3635881508746295
-0.3604423922103601
-0.36019420883378817
-0.36010024432355237
-0.35571682409913175
-0.35547489970808144
-0.3551483700389376
-0.3549772784176507
-0.3541826735650696
-0.35284540670670883
-0.35218830271808893
-0.3478400344615229
-0.34642584137376187
-0.34535745593254985
-0.34461295036012135
-0.3441758016503196
-0.3432228313343165
-0.34224262328944155
-0.3405678194422067
-0.33743166245722744
-0.3327847908086354
-0.33203205099829036
-0.33160214232021756
-0.33060561676201017
-0.33037546886781155
-0.32890450508540303
-0.32825496881545857
-0.3272613619366687
-0.3261722389477768
-0.32230132571108017
-0.32078476271251805
-0.32077116766190983
-0.3200960756834297
-0.31938539429695123
-0.3109399445377268
-0.30916760669247656
-0.30764131495855473
-0.30690334761754656
-0.30627174074199204
-0.30578172138983184
-0.30435585979144253
-0.3042744734716798
-0.30374054670299633
-0.3026280175334323
-0.30194846272582054
-0.30172627712676536
-0.30049182426163135
-0.2988295057735316
-0.2975952485628096
-0.29631909595716355
-0.29607987860719387
-0.29560037817621887
-0.29543736586369
-0.2942875579437021
-0.2941408802568938
-0.29336475813923457
-0.2922782894811763
-0.29116423741811015
-0.29091218476826
-0.2890871016743326
-0.28831671333553915
-0.2860278879241458
-0.28599238533486104
-0.2856404546191667
-0.2846583806937506
-0.2815093346648152
-0.28062717843973084
-0.27727027567271095
-0.27650040296904055
-0.27476255403153027
-0.27248427229248406
-0.2721136391971172
-0.27022386839939305
-0.27001152619015634
-0.2650020721649565
-0.26469186757653507
-0.26428504491868976
-0.2638423496647597
-0.26258556537935585
-0.2598091514894609
-0.2592900808329399
-0.25872824086365076
-0.2580098458823552
-0.25678689907021146
-0.25667155933743724
-0.2554014926589429
-0.25527890702314926
-0.2535020521983594
-0.2524615024450483
-0.2516058295642969
-0.25125487891363024
-0.24749656583315693
-0.24718765371060222
-0.24647064727929266
-0.2458529440869383
-0.2441233534203693
-0.24369269285717055
-0.24350421376521095
-0.23960928345015464
-0.2392415850550469
-0.2389245648308037
-0.2374665444451095
-0.23641834275754747
-0.23564629192725028
-0.23439991859856363
-0.23366957562457735
-0.23336763887615775
-0.23229821843037834
-0.23039267224024818
-0.2290353641508821
-0.22786015185381853
-0.222969580848145
-0.2227920276660908
-0.21937527181552507
-0.21904384129312365
-0.2179277467544946
-0.2176402660158262
-0.21680041762154756
-0.21662173788817027
-0.2150963167775328
-0.21409854903982606
-0.21392877073893213
-0.2135165915439921
-0.21257989818958278
-0.21098281741202496
-0.2089520495846401
-0.2078726437048014
-0.20750396969287999
-0.20557329169168137
-0.20414342471279712
-0.2035280288589978
-0.20176677966927548
-0.20137053832342455
-0.20121596374843465
-0.19817331734617927
-0.19750790408835384
-0.19713260743237748
-0.1970619403806089
-0.19534305901759408
-0.19283452946250668
-0.19243058181816075
-0.1914011764462133
-0.19110936964334585
-0.19033547960347807
-0.18972010777369008
-0.1890958807783124
-0.18559587983971432
-0.1852260528095082
-0.1800963484940944
-0.17933900634659017
-0.1792848691854516
-0.17776273040941432
-0.1774181786683815
-0.17616241288013168
-0.1737336797788832
-0.17299446333367552
-0.1707205209336663
-0.17039354641083027
-0.16649623150487064
-0.16566383575746865
-0.16554238143143774
-0.1651561905620187
-0.16324064083451884
-0.1624006950694299
-0.16088271481501282
-0.15596537153196288
-0.15536283274929238
-0.15263450370656906
-0.15258483808328438
-0.15173003698553
-0.15118429334215744
-0.14968549583849833
-0.14945967919197922
-0.1453636322372441
-0.1452163886747817
-0.14404603552809436
-0.14330894872522604
-0.1408917713970793
-0.13987530023224856
-0.1343458085645235
-0.13413038356271484
-0.133506408744285
-0.13161964846722363
-0.1294838710557763
-0.1260953727406795
-0.12531462823326867
-0.12490354774962653
-0.12311178949168877
-0.12281031854090729
-0.12226404562660004
-0.1204687529619991
-0.12038272471743938
-0.1186858529202044
-0.11821295601640325
-0.11776264423563726
-0.11601109277347976
-0.11403694911801587
-0.11331820798295122
-0.11197660114516239
-0.11181159779881217
-0.11062947871035626
-0.10841380608460616
-0.1078696886597117
-0.10457497447639752
-0.10341423055042687
-0.10007318724981495
-0.09895773609614333
-0.09875954723725888
-0.09803124092659221
-0.09736167422544517
-0.09654823811121027
-0.0962845191677476
-0.09364289999280284
-0.09111047608173461
-0.09041172627009608
-0.09021688312365658
-0.08946365832025382
-0.08843452621131179
-0.08418136266863274
-0.08315129045518449
-0.08159984170682011
-0.08120840630545612
-0.07786434854549884
-0.0772952652398412
-0.07461845148695535
-0.07461600065632118
-0.07334449289177947
-0.0731364671846643
-0.07242394958654086
-0.0706457764614688
-0.06958821285288902
-0.06907820690936939
-0.06781135035635338
-0.06771485455448756
-0.0664019252871495
-0.0661996766564876
-0.0655621344170168
-0.06350111418767779
-0.062230616568009434
-0.06112583121584203
-0.06025100123211513
-0.05943321435749535
-0.05800298409467519
-0.057090784279068996
-0.055853987291652474
-0.055621678212836145
-0.05346830172339861
-0.052562539793571506
-0.051731562025227246
-0.04803216611352723
-0.04759078987922638
-0.04752436796144793
-0.04723207510066174
-0.04672274056028558
-0.04520639324865594
-0.04422571351373439
-0.04421827156365421
-0.04190683729316813
-0.04160080768441432
-0.03570182916882404
-0.034049951396420974
-0.03352156643925108
-0.03048352833485668
-0.03036649453053586
-0.02965700840996932
-0.027292243204171673
-0.025589859090741962
-0.024245940953246725
-0.0237292781840171
-0.022821052197937286
-0.01738964236495244
-0.017023377117773242
-0.015429771881526388
-0.014990758111985636
-0.014044036154452523
-0.009454163593273755
-0.007120170853620999
-0.005893443721635472
-0.0021370854403842676
-0.0011421287292028917
-0.000997279310760879
2.9172478854533335e-05
0.0003234272316533504
0.0008953454062310406
0.002001641352278094
0.005069130950190237
0.009887103170398981
0.010099975393401517
0.010580280082107651
0.014410296214461382
0.01464246272039793
0.017420893567870133
0.018367587701433763
0.01878685923362
0.021111877408299007
0.025386944211620244
0.02569733360253945
0.02611715578407492
0.028757966980535565
0.030156389747781676
0.032241231370363145
0.034167322837244885
0.03636631649798783
0.04321551662067724
0.043866904217863725
0.04405357170693669
0.048932213531293456
0.05206286869711241
0.05223468023421232
0.05283554569083332
0.05388240598748184
0.057821924043640394
0.05795946591885215
0.05937972371376854
0.06005945073048491
0.06077315933894478
0.06451453320717226
0.06477239366213376
0.06589150793826434
0.0672088544750517
0.07024273106499218
0.0707231893137214
0.07188048339512165
0.07261797417112723
0.0735969739469381
0.07526032480234951
0.07806245737040367
0.07816482909321698
0.07953253234906288
0.07977573410680236
0.08072628878983434
0.08171313228980615
0.08444927931942947
0.08558524288889713
0.08574697959463229
0.08651148891323546
0.0887888067680076
0.08908686330054327
0.09063326540729455
0.09067036928552097
0.09111517333702157
0.09613430307575199
0.09626766269290876
0.09801813937711035
0.09918757496603553
0.10254167793345638
0.1032016189817486
0.10394845807729423
0.10548309265437683
0.10590321527121183
0.10638380821506865
0.1065303872051544
0.1067181717373206
0.10787250899095135
0.10987956696409676
0.11047623561375625
0.11313085017830549
0.11332074960391347
0.11465515335399412
0.1149468008432053
0.11753868632921838
0.11854473733946147
0.12031247768152861
0.12214489358706815
0.1253044879558524
0.125817504303132
0.1259788313606125
0.12627341960258165
0.12773593068715516
0.13034034307247377
0.13092634420757854
0.13470858072859548
0.13819734759926328
0.13853006996315437
0.13877909595334229
0.13955384349268238
0.1396034646988068
0.1403376215490253
0.14392721111848328
0.14432067633119572
0.14920286770856936
0.14976661945368316
0.1500360565359251
0.15021755629424283
0.1508777964009773
0.15179774751607844
0.15265496815958135
0.1526854643156635
0.1533636351481501
0.1558379029266003
0.15751952259597135
0.15899357323882812
0.1593790842469507
0.15992254477408652
0.1613169252662422
0.1648414869508656
0.16509828739817323
0.16832118443606336
0.16894339790430357
0.17068651097232718
0.17465177141929952
0.17854919583745021
0.1796081943392165
0.1819887199925012
0.18333442030411068
0.1894673988139295
0.19105847022747968
0.1913168273643554
0.19774588684007588
0.19785566038210556
0.20525676950389815
0.2064470326834723
0.20647513385545158
0.20898368242800436
0.2105808089247837
0.21227854607067465
0.2130970836254199
0.21374731120361745
0.2138225219251088
0.21425783496589462
0.21439543218147872
0.21444973335557646
0.2151815070806937
0.2220735659313474
0.2232511198701037
0.22337906372916605
0.2245930852523389
0.22522262269230864
0.23013315512937982
0.23039488313388445
0.23068658440274548
0.23296668114609906
0.2330436437122416
0.2380937638879722
0.24057877760475654
0.241490843948095
0.24173762394928822
0.24410664391990838
0.247350940692759
0.250517926666263
0.2516010918838255
0.2525788293550917
0.2526745755745037
0.25359122408633905
0.2546282749292238
0.25508008301037444
0.25630654902350697
0.2564839603112054
0.2580664789492362
0.2625064997650739
0.26458542398186313
0.26518532653920296
0.2690131511141134
0.2705890797420744
0.2725402056830155
0.2738626524158749
0.27547761852726693
0.27824987575616483
0.28191264133133875
0.284546487033531
0.2852456602961024
0.28628620376236125
0.28646161654359525
0.2868063849880641
0.2869121610259827
0.287211321628828
0.2873719943507701
0.2901133574214761
0.2919036336690589
0.29304934329034016
0.29409040291737043
0.29490732422693244
0.29594923111670257
0.296303295810058
0.29667631135715156
0.2980935507809161
0.2986472656451952
0.2998485799230277
0.3008767405119376
0.30197563082766843
0.3032608659420535
0.30351084327442024
0.3050030640434923
0.3060734359171195
0.30608218539010895
0.30806292768933086
0.30834439767662103
0.30942759862646596
0.30996968418847837
0.31010802997477405
0.31017905862643136
0.310537946896534
0.3113314904062739
0.3118019512899942
0.3119989890637405
0.3141035820843682
0.3158012216507961
0.3162564023189284
0.3195850680975081
0.32269363124486217
0.3239446049001563
0.32543271056511885
0.3270296509842328
0.3273809927774205
0.3316273617583429
0.3332557660604631
0.3335833560963956
0.334994674255925
0.33502813861122394
0.33763541325106583
0.3390242717606082
0.3395320984532307
0.3412037876365984
0.3423159823117693
0.34247544744829184
0.34355496795365986
0.34425822369360365
0.3458844258152949
0.3471449985584641
0.3475810637992878
0.34848869316783215
0.3487790904313705
0.34917975795957934
0.35143924718653224
0.3557690292592165
0.35609084709561467
0.35689085504455476
0.35751127598929977
0.35761298955800247
0.3577241323708227
0.35878534813562657
0.3594599765517067
0.35960348807262776
0.3597783521096461
0.3616457352723842
0.3642876453664534
0.3657350517384302
0.3694404297046638
0.3707116241241926
0.37197163053853766
0.3726145751132607
0.37450696500217207
0.37795135297374177
0.37801581214075064
0.3803418180034108
0.38180122355648
0.3824241555582893
0.3831382137965233
0.38443063248983456
0.3847329464661681
0.38697293977265645
0.387749395964501
0.38925655581422713
0.3920955628832506
0.39275178136740574
0.39351729790856693
0.3950278899465032
0.39785778308785924
0.3993876946069719
0.4030488534591251
0.4044135173154072
0.4082033054529324
0.4084216935320649
0.41075377767517574
0.4136716616794929
0.4149029485168153
0.41683551132089547
0.4172375933892807
0.42342616431665364
0.42549696475866683
0.42555550840615125
0.4255636373702604
0.4265801693198569
0.42744232160897655
0.43042740962124637
0.4323877442956041
0.43277237611269825
0.4332991753521705
0.43401530988218673
0.4343200039872015
0.43440888336182354
0.4354624772777693
0.439052980186745
0.43917212210313283
0.4403966944282731
0.4437531307377065
0.4442750266102435
0.44448493513861864
0.4446824585116731
0.4452612929743587
0.44745379277808506
0.4475091223740074
0.44815666831517387
0.4492409844581042
0.4492670259579584
0.4521775512815335
0.45243620650496125
0.4532824338331184
0.45459282426331554
0.45640198070875526
0.45708597111384697
0.4681573980054314
0.46902155197121975
0.4694778764137899
0.47349722040456815
0.476024764088425
0.4781144989980654
0.47877959951784677
0.48188164376602166
0.4841086102190154
0.48632678325103307
0.4876410500475278
0.48772562029194333
0.4883945676515184
0.4902502798540733
0.49135213114379184
0.49373247149031285
0.49507614627466157
0.4984214968001226
0.5030790390734766
0.5036675896498288
0.5059657725055225
0.5060224112121237
0.5078094922383114
0.508815828338903
0.5097758469479067
0.5128496286637434
0.5149659088112788
0.5166409357811883
0.5166911940288306
0.5171001618781268
0.5198957038838574
0.5224273652444154
0.5241486429541762
0.5256372325714405
0.5295751962081714
0.5325895976840733
0.5332699655139578
0.5332967147377974
0.5369755783829706
0.5388843106756795
0.5409808913402369
0.5419521770382206
0.5420158828279822
0.54694500879264
0.5471298461820958
0.5479889787530979
0.5550528064234426
0.5554827911721261
0.5570221107493565
0.557260461391843
0.5586282273056036
0.558632246569986
0.5638493569124408
0.5653302401508038
0.5709342430332076
0.5727025974413722
0.5730622292868295
0.5741481661396229
0.574500279075308
0.5754008705604776
0.5775020894213728
0.5792023707505628
0.5889762226600985
0.5909528557294972
0.5936315243372394
0.5957342760823896
0.5967718740074859
0.5971153152429458
0.5980519896104399
0.5980956312263936
0.6009863674924423
0.6044648329457701
0.6056895789915742
0.6085769174336558
0.6117394659235449
0.6133834010257639
0.6148013883116653
0.6157110403372277
0.6158471008444222
0.6181311873454582
0.6213939958948915
0.6219351850904071
0.6227825161881582
0.6238673121772869
0.6239031982570586
0.6257013636660217
0.6259799583172194
0.6269197624446577
0.6280654816037725
0.630362595143515
0.6309104559496057
0.6344008756264276
0.6347764979817964
0.6358097290350868
0.6363719327638819
0.6392755301467454
0.6428258882427704
0.6462317870718823
0.6466312976250561
0.6471426038773369
0.6499624722090955
0.6544196398425084
0.6576583783413926
0.6580407278509086
0.6591606269835458
0.6595749071614093
0.6600712975549754
0.6602563148728706
0.6627076963094916
0.6629675943705586
0.663214882594496
0.6651550502649343
0.6684181818027396
0.669457563790787
0.6704259725303693
0.670867341322918
0.6709420186311315
0.6710188417632206
0.6714543830430573
0.6740498583606191
0.6744084095607186
0.6752607824672068
0.6762082946031626
0.6766245988440536
0.6782137034341595
0.6786903488986707
0.6801213884499432
0.6804847024398675
0.6829312845616791
0.6830701735026137
0.6833019705046394
0.683797066939464
0.6854092590912764
0.6860611338451408
0.6879101134824609
0.689774264800296
0.6900235842471525
0.692868215453544
0.693232999244843
0.6941297043174497
0.695036736250908
0.6951654313856326
0.6956283083081531
0.6967050550867663
0.6967842723403006
0.6976585107916109
0.698904854870841
0.6998974050066579
0.7019892430118322
0.70276020306437
0.7036233570095995
0.7046863805057766
0.7058307769398173
0.7079320553944473
0.7094037494727146
0.7100335361785421
0.7101576978681585
0.7110441417067119
0.7128931990110027
0.7147883121979073
0.7151911379743858
0.7153028844469655
0.7171528376025004
0.7188251916554069
0.7189034320947426
0.7224456277824136
0.7259074708521414
0.7279717601568885
0.7281872228337364
0.7299235260512766
0.730110491147812
0.7305776157069578
0.7317897995610437
0.7344495548794868
0.7350800322189517
0.73591970319571
0.7366658173319225
0.7367204932203046
0.7369602002865452
0.7393978305500488
0.7414222737619696
0.7419971561995726
0.7429162753424471
0.7455150668444068
0.7477640177606399
0.7522407984327295
0.7526138125278031
0.7534474581357866
0.7568918855092582
0.7580258582853606
0.7589023437436264
0.7595501296482816
0.7631462430643158
0.7639643371412401
0.7645864407878126
0.7654848732398687
0.7673860561560631
0.7678921151061504
0.7681457232175787
0.769446909547811
0.7704087449166923
0.7708261836096109
0.7731251381909975
0.7794994324546757
0.7799217350495056
0.7811952723198141
0.7824640669241909
0.7838522929431823
0.7844368441482363
0.784664722521757
0.787496455779568
0.7883093486563539
0.7883159413911203
0.790054069440959
0.7908141795551226
0.7920811714306446
0.7929261864161498
0.7950070548253143
0.795580648167352
0.7969128818393657
0.7994579315978038
0.8005958224510606
0.8048586942445193
0.8057072586733541
0.8070290876014397
0.8085059936080109
0.80851493397207
0.8088202061326134
0.8108943231159649
0.8111692955772187
0.812493338799166
0.8129454023737128
0.8129623584566701
0.813868209065969
0.8139461416144852
0.8150949471325858
0.8159926096216936
0.8167937153330727
0.8169202722471929
0.8187034688740601
0.8213682479701558
0.8221098922679765
0.8227448262486909
0.8251342926478918
0.8254013103764523
0.8259159441604849
0.831840667308991
0.8330700645771234
0.834437269169735
0.8347091709749559
0.8357680773325685
0.8408877921852416
0.8417490923144819
0.8434759902695579
0.8441434675193542
0.8442565725918739
0.8471589110327482
0.8483877520375446
0.8489829314261631
0.84976693932836
0.850145251363329
0.8505988380395032
0.8513929688504611
0.8532365673084226
0.8538227752531166
0.8543758586675162
0.8544321857035946
0.8570763470489098
0.8584913276808976
0.8608951036834364
0.8616758212658532
0.8645727552696398
0.8667820234454502
0.8687358485322031
0.8696829550126262
0.8704961401161639
0.8729575119873714
0.8730116679610709
0.8732189958068495
0.8742212232206499
0.8751206972126232
0.8755003278502818
0.8757539588436678
0.878678745898999
0.8797813423939096
0.8811946876686152
0.881270733433389
0.883359659335826
0.8834291716979319
0.8846047443427152
0.8932921939411206
0.8962552721122501
0.8988367900529627
0.8994843277335077
0.9005402587940348
0.9019524275681036
0.9020397629867997
0.9054501324241712
0.9061622979093465
0.9070567047052924
0.9091100293735539
0.9110044109992032
0.911554209910281
0.9116447214998354
0.912502892078856
0.9129356819879273
0.9137338469326612
0.9156048608211338
0.916497036867295
0.9242492601963944
0.9287124279865248
0.9305359453902045
0.930647956951043
0.9328888524176207
0.9329631340616646
0.9333494065298207
0.9341263664118465
0.9384900770389015
0.9388372285331817
0.9451362374117025
0.9496861371325396
0.9501275447271136
0.9519145388215445
0.9617371726810084
0.9621100556093465
0.9627860192941657
0.9633490177222589
0.9647893731897883
0.9649873035648876
0.9693471276272131
0.9713668556392139
0.9718525493498751
0.9732713804119241
0.9745033405407397
0.9801404635315576
0.9807537193400566
0.9868688984528807
0.9872418648669745
0.9929843481122247
0.9955977263047865
0.9956285200527702
0.9988754818649201
1.000674191546642
1.0009074764859138
1.0014934728068912
1.0025154817548625
1.0037887332890085
1.0084853781946757
1.0093867105275367
1.0100816772366967
1.0108551304387312
1.0129257118830286
1.0129987338640452
1.0159141953295863
1.0167265359733069
1.0210276635429396
1.021640181816211
1.0232268432291853
1.0232771290341758
1.0264061414850338
1.0278862889853915
1.02970521774959
1.0321780734051065
1.032663578974894
1.0328955692205182
1.0409710821412825
1.0417376300631798
1.0442483570787768
1.044513750209326
1.050025803225161
1.0516262184714287
1.0587083603096223
1.0597731276340978
1.0609117232788376
1.061395578830054
1.0626829796021302
1.0643083280144598
1.0651390920400468
1.0661528273935788
1.0688488050784661
1.0692197317047514
1.075860847635925
1.0785926618202955
1.0809550830447
1.0828870551505132
1.0836928123828298
1.0842111406569055
1.0893667523416193
1.0902356990907949
1.0931317080502931
1.0948151377920146
1.095727325993225
1.0959217386181948
1.0968947697469993
1.0968968856091477
1.1072793332797233
1.1095362740922257
1.1095983260450117
1.1097020396557027
1.1102775843796806
1.110348155306995
1.1104746327363368
1.1117696201296956
1.1126660555959547
1.1165680244161253
1.116931705129389
1.1175254889737722
1.1187671420929743
1.1191323427855613
1.1212617456666576
1.1251236123172283
1.1267875725894438
1.127804849037889
1.137769198550716
1.1400923323580785
1.141599093210351
1.1433999251120583
1.1450061397681106
1.1471476235242362
1.1485519119536907
1.149784422473025
1.1535923005126894
1.1568907532548758
1.1590958610442106
1.1600109604643818
1.1604325074644288
1.160712833015178
1.1616738872115115
1.1626962399234213
1.1652498420346562
1.1663137018040766
1.16637871858481
1.1691167513730432
1.1714706678117142
1.1752789223589217
1.178239540854715
1.182543756845853
1.1827932817101703
1.1839451316452891
1.1859056614953967
1.187825854428044
1.1890705039369405
1.1892748218997735
1.189394959998367
1.1916050553285105
1.1923918861911713
1.1932961735063554
1.1946723363787117
1.1970958923941342
1.1976323195504992
1.199193181072643
1.200460149149409
1.2019643981701778
1.2027284005984222
1.2050115857056436
1.207289201604732
1.2074918793504446
1.2089982947339264
1.2108702713131896
1.2119240828780737
1.2149427176278933
1.21752176804866
1.2179088745881375
1.2183148076771364
1.2186721000108764
1.2187642072171643
1.2203543158451282
1.2216227236857284
1.2240492692482
1.2296339201204955
1.2299857983866187
1.230554995099646
1.2317713304708027
1.2320155706718134
1.2326233277080216
1.2343016630332166
1.2413156327877082
1.243891121703801
1.2452725477721183
1.2484267935653741
1.2513616296699628
1.2529358149944274
1.2544183026118865
1.254981275271056
1.2570004112895583
1.2579714944342144
1.260161279805574
1.2604963889116465
1.2621976858426707
1.2630575428443547
1.2645539778823007
1.2648889171845008
1.2682670615421017
1.2707995984568206
1.2710585016499254
1.2711762626582102
1.272354342373589
1.278626049467995
1.280130310299953
1.2805871913083675
1.283303292232399
1.2898952703032451
1.2902508153412073
1.291010092432243
1.2919436788817604
1.2951028149012058
1.2959172684762463
1.2961882022080755
1.2975347628127167
1.2980896242203408
1.308490515677907
1.3094603116267454
1.3103788367973337
1.3126343504519737
1.3171288685493958
1.3199216529614421
1.3217803180064245
1.3242035278522855
1.327024633734002
1.3303902380821218
1.3314477980650452
1.3352592413665374
1.337808751609858
1.3381257696054818
1.3383164633487463
1.3447072578413164
1.3480519221359375
1.3543780526547828
1.356954326672315
1.3588321511991783
1.3595688918557487
1.3602350655769428
1.3609527281365783
1.362108059212485
1.3622928709098432
1.3642700728321353
1.3677324069894552
1.3680421729731294
1.3691954248957945
1.3698845278789338
1.370037331278189
1.3701350911189585
1.3713405017629934
1.3723095838815538
1.3741770959052182
1.3750805856282051
1.3786283263090868
1.3791563175997665
1.3791899701117234
1.3792788411531123
1.3807100425038599
1.382473280782303
1.383967710560475
1.384036454121462
1.3842357412395077
1.3871908189287923
1.3881170053205842
1.3902662930223055
1.3905531387673242
1.3910757338071407
1.392959974344228
1.39336920574876
1.3972818802397373
1.4021442325656872
1.4025237891212952
1.4040459092599735
1.4053368242295026
1.4065299241609273
1.4080073467998102
1.4157499151349877
1.4165111620218893
1.4172474926676744
1.4179389099655846
1.4203371630382673
1.4211812509642643
1.422922931659853
1.4250973280747743
1.4258629865549641
1.4263695291139902
1.4292716490458643
1.4298327738471048
1.4300612305919191
1.430207316316553
1.4383864491029983
1.4385981654818092
1.4386806194003892
1.4400442176494876
1.4428527734003178
1.44295344913565
1.444715268887121
1.4459394699293688
1.448213975627103
1.4490365075806695
1.4550338022498848
1.456462093857875
1.459480082756909
1.4657834376275198
1.4690574046834057
1.470121958294766
1.4723723914058442
1.4736193256877308
1.475850056261568
1.475946258622925
1.47737386589158
1.4814854246054754
1.484243334285424
1.4843529876770236
1.486045491314516
1.4922667940454724
1.4924431047388518
1.4950908698842853
1.5011142559818493
1.5014754941935342
1.503449915893933
1.5040402316088999
1.5044875513313558
1.506756364600756
1.5093204733472574
1.513505978006056
1.5166401774181142
1.5183794144893616
1.5185445542126468
1.5199334104186975
1.5234597377848433
1.52909968334145
1.5292710797834161
1.529410405838585
1.5311016529455823
1.5352169941063436
1.5390892836201
1.5413578232962577
1.5482471798428779
1.5493676134385406
1.5506460264567203
1.5548460565000517
1.5577435616403306
1.5609000727100462
1.565115502930679
1.565808127541982
1.5660962079630232
1.566977541752069
1.5670940083129286
1.567694397489459
1.5740699255955741
1.5741542749968005
1.5754443824884778
1.5796845383125144
1.5812065067900984
1.5831961682607174
1.5844910127121978
1.585887427140456
1.586276120510369
1.5891214488301222
1.5895503632707424
1.5900827420869406
1.5903470986797403
1.5908748990557386
1.5914129240833101
1.591581341784896
1.5932959694819837
1.5948029665765435
1.594986787322036
1.5976150283176211
1.6013851694972259
1.61881810446393
1.6222936110046797
1.6267654133555594
1.6280088693547676
1.6288251825373519
1.6367758724921586
1.6433985956804358
1.6450027286123599
1.6462375448057451
1.6497748264459582
1.6516193790626437
1.6520550712189959
1.6597742952878356
1.6602298894058716
1.662138897351956
1.6682391389013858
1.6714023212474558
1.6741104580160724
1.6752296881173963
1.6764388440445614
1.679094007350797
1.6806470705820455
1.6806911330769991
1.683838698054104
1.6897433030698166
1.6917937916276984
1.6931996761038004
1.6959703839874998
1.6962618394215887
1.6981293520997212
1.718244282433894
1.7238134758272619
1.7273592602300867
1.7313510344698684
1.7325206746438822
1.7337775244225617
1.7404522707173091
1.7435953083563906
1.74412193296341
1.7444962775378374
1.7471137458052186
1.7504100556563695
1.7540419805514356
1.7541346371178825
1.755443161925474
1.759327832083405
1.776184980582681
1.7774975199807557
1.7896338999677015
1.7940678461241761
1.8038204783358398
1.8064408049438296
1.809435334049456
1.8174904924932944
1.8263149209335339
1.8281764264749383
1.8328426225854089
1.8343982663608012
1.835277133877932
1.8354532172609384
1.8368200641488461
1.8382738931039757
1.8596529323980318
1.8659717348153375
1.8711601153059298
1.8742203952815915
1.8760916653862376
1.8766452280531571
1.8805099606541633
1.8819891125504702
1.8856371630830613
1.889035424392871
1.8907534921003324
1.8917069385981646
1.8928053022372144
1.8967640768487264
1.902379302220191
1.9249017933111565
1.930415731636357
1.9391837054276928
1.9481896482375247
1.9523931090362585
1.9551655430218928
1.9770598882848085
1.9800248616388312
1.9912600436558825
1.9925367363545046
1.9933439056696747
1.9949769373410184
2.0044739492245744
2.0085026003697184
2.0175911460545395
2.0203738499819943
2.0204749400676696
2.027036355075126
2.031080740233029
2.038869581507337
2.0446235438625604
2.0448230148525393
2.0581151754783926
2.0678250615100446
2.0722926361790894
2.0848551573038425
2.0894366365152583
2.095788266018487
2.1130493086647153
2.1182690174144447
2.1183351761118807
2.129186521652996
2.1330671774415126
2.139777015509832
2.1448540482683334
2.149352798622288
2.15126536020316
2.1592833370440307
2.1687319239823015
2.198279342554114
2.199297074765672
2.2051986020930636
2.2220472648254166
2.2386294096900543
2.2572201057027184
2.259007931644777
2.2752139045505704
2.290947965218938
2.296195798630074
2.307482292461391
2.3329476905965008
2.353655880621467
2.3561994977563487
2.363115327688273
2.369888622831815
2.431937216315956
2.514470613480154
2.5274857568741353
2.553063262454066
2.6169854823996883
2.6198826193375275
2.644271914799773
2.6762030194801953
2.683190774485177
2.7076009878957175
2.818435378722439
2.9651867759081085
