-2738.6181863384686
-1879.8760839717636
-1014.2013803192166
-984.5335452043619
-825.6824242777494
-618.7572158273056
-596.403348441811
-548.349102575707
-495.3402548219319
-340.6983164156494
-340.16031730451306
-312.2573667445296
-283.88716602326053
-276.96690874098493
-269.48771471433196
-265.08839976646317
-248.96052151707738
-231.3554080678095
-228.2887883090613
-225.87939194389256
-208.75439940810477
-197.77736643909793
-196.32678334218704
-186.52484263382968
-178.77030276438552
-170.24569931569584
-160.79784523696716
-156.54113642263326
-153.8934670085429
-142.501363957665
-131.48090079442653
-128.11413323766726
-122.32313770616237
-108.37639979501185
-98.3915383450652
-96.79961079579387
-90.50833695326958
-88.42437894087408
-86.41731010354674
-86.13554976283774
-84.22459113777143
-82.84305178754946
-79.86870110908707
-78.91174910987442
-77.40966968713086
-77.31716135150714
-76.13807684509304
-73.79236750099054
-73.33446367316864
-71.38759962575041
-70.71672456276676
-70.2649628801115
-67.0363044711741
-66.23403476004312
-66.02012154699767
-64.8991813519436
-63.724200048566686
-60.384900908665855
-59.64955173021539
-58.4035385886785
-57.768507150511084
-56.65426076106839
-56.60023161277856
-55.683698591259116
-55.286226705186266
-54.685429738042025
-54.10447182033855
-53.82587986022827
-53.411667655041796
-52.52869071977306
-52.21400363093695
-52.195978728947665
-52.19450008325891
-51.905966648819884
-51.850790661589535
-51.82903466849837
-51.431024552284484
-50.528942763886896
-49.948149073080394
-49.48440298379175
-48.99585133013737
-47.813252932245
-47.73097627830799
-47.69117924039862
-47.37138877885152
-46.93368615059896
-46.812057529196814
-46.73877402587269
-46.34857548061976
-44.930278858557074
-44.6582214731808
-43.766813721099865
-43.70920715403921
-43.501956582645
-43.144926963408395
-42.92964513311513
-42.53397395013204
-42.45613242605808
-42.40537580533327
-42.06016522400898
-42.04017642363394
-40.79946241485404
-40.752167509502435
-40.41000151037843
-39.778901252652666
-38.92711889050574
-38.87202002008014
-38.79282449046661
-38.325261735202396
-38.02912408579858
-37.96759689476734
-37.73083994653835
-37.46291717596131
-37.405564156871215
-37.03933310510058
-36.86515241589521
-36.30581119127648
-36.28465456146595
-35.9792020676635
-35.95936543858981
-35.64476237196535
-35.61683333725996
-35.154645925003976
-34.66766902608142
-34.62454012930425
-34.59066358896504
-33.833029593648085
-33.050511490518694
-32.98193089453002
-32.424798057594465
-32.29928627766044
-32.158585357853454
-31.96604677656797
-31.827652301523514
-31.792986090999
-31.45531507043472
-31.369126353304605
-31.288026804748586
-30.7297610307351
-30.24425966668925
-30.186543894167695
-29.95700467534033
-29.838284120775448
-29.685537593382865
-29.449155994392115
-29.327827511072062
-29.313758956115286
-29.157583489021675
-29.146701389543665
-28.63976816723052
-28.385468515040593
-28.206364384253632
-28.0236918395318
-27.83076458068758
-27.81608904729916
-27.622844882969368
-27.181440309379887
-26.905599990127335
-26.888623774594112
-26.826053136606728
-26.80204399010697
-26.7652109166921
-26.57204215056092
-26.52058918634945
-26.518104358983376
-26.305773934233187
-26.225786044812253
-26.213496755582003
-25.93521819808406
-25.57952399721037
-25.40700520272405
-25.328922855755543
-25.116627182861567
-25.09184700021516
-25.057890167873175
-25.018676788012428
-24.85545130357907
-24.83597909687915
-24.763825650786856
-24.750093502006422
-24.70542900945992
-24.648089295040894
-24.430379148696588
-24.230448776226986
-24.00700139639716
-23.970535965206185
-23.924531725196807
-23.902079710452526
-23.825883514337946
-23.80545493243461
-23.80037919577769
-23.721349234791443
-23.651683873233033
-23.63867184999156
-23.588129005655908
-23.426002296550756
-23.35020191838899
-23.283950117510138
-23.20975451826051
-23.17209883780258
-23.029119946498952
-22.963014362284053
-22.811834376548976
-22.811481368005154
-22.50129222649726
-22.483361143229843
-22.28615319189409
-22.24620294398612
-22.00327668554542
-21.890549011637397
-21.885404450090615
-21.814589336151517
-21.741562126390008
-21.73265093571012
-21.705948915636004
-21.539214171063122
-21.534230263669418
-21.23473328751685
-21.201554892048755
-21.03767861924398
-21.002719896124503
-20.767028265216794
-20.715408240853524
-20.675087171463538
-20.608265721465806
-20.553564460695195
-20.535209658257465
-20.531825689669326
-20.477224372207456
-20.475946611877482
-20.405048775313027
-20.341204798324164
-20.269386660940285
-20.23933345527093
-20.14895856893026
-20.109336946461628
-20.00434133191251
-19.96054682245817
-19.942705360396218
-19.901429100631663
-19.857727212683507
-19.81317913337137
-19.742487260611966
-19.730077806825904
-19.629364673931136
-19.561491540045992
-19.47959918751589
-19.362863094275088
-19.341421422344258
-19.337024021245774
-19.25312033467112
-19.238220119088915
-19.179721468590813
-19.14084197242361
-19.08447281297535
-19.05308122776895
-18.926948368388658
-18.834273704568382
-18.716076129427698
-18.487461901381185
-18.43684558804577
-18.215615533126275
-18.194254223436005
-18.00701183262119
-18.004752293632066
-17.997652173978462
-17.996336369839145
-17.797066020677185
-17.489359367069223
-17.486573825013675
-17.434655705797265
-17.31401272148517
-17.13293990855932
-17.124959406128497
-16.924403798808395
-16.920819624118877
-16.906739445403645
-16.884629074790386
-16.82917225328203
-16.799110062958967
-16.72132776901196
-16.709892755526365
-16.582378260077082
-16.548181697718604
-16.540564870670604
-16.526127449005607
-16.338173279521644
-16.24618815932342
-16.233738953146688
-16.18184185144467
-16.139310663677982
-16.023243946329796
-16.00069778073037
-15.768983090196114
-15.707731182116014
-15.69288977597027
-15.582529908767391
-15.553828854643626
-15.50652865471502
-15.432996950911217
-15.316313454858578
-15.291396350265517
-15.27818983221048
-15.229867095939033
-15.205147653183177
-15.190763391122264
-15.173484240256574
-15.143618948141444
-15.137382886873532
-15.118066877485024
-15.020227278922544
-14.997982411280958
-14.926226803436688
-14.901591624999927
-14.827136096946772
-14.813455682246573
-14.707435368828232
-14.681886078590445
-14.667567894120092
-14.659993636362314
-14.65217963112304
-14.528785285745911
-14.506810038520099
-14.471060180167205
-14.386071060083724
-14.313545747424248
-14.304575346792916
-14.246698595743377
-14.204284870273431
-14.187371586105963
-14.132779029691957
-13.997253491803304
-13.956948914030564
-13.88419920030519
-13.850786518316445
-13.816608426045006
-13.76800314478133
-13.754527710688677
-13.669145362754712
-13.644161892544044
-13.61944368823687
-13.550663306594862
-13.535305533968723
-13.502266681419446
-13.479533372287115
-13.47165689110979
-13.468350749363047
-13.428865980178744
-13.413795983133493
-13.397181719778867
-13.36142518314143
-13.319763166853528
-13.31324433691962
-13.312218796917824
-13.18695612503113
-13.157871763579339
-13.147667662760753
-13.120773631635922
-13.081500806091583
-13.011678010668986
-12.972095288365823
-12.969588147290805
-12.94973560360275
-12.93470252781995
-12.85240103631779
-12.823739071177423
-12.754417994426621
-12.672080271235963
-12.664610670862203
-12.64342694350255
-12.622895952364843
-12.588341690972086
-12.568786289162862
-12.412028840368617
-12.388018188098851
-12.387895996732954
-12.253076793883423
-12.237591870043918
-12.160224623798117
-12.15840817547295
-12.127030686350455
-12.121054263531164
-12.090873020201155
-12.027827869473805
-11.98779360017405
-11.944634633810999
-11.942969625678543
-11.921579784794123
-11.850457160207284
-11.847121036886623
-11.840808769860415
-11.819739550895488
-11.815275159736098
-11.78237980142279
-11.748951915755613
-11.703069480322892
-11.685146078429712
-11.669785479292138
-11.661969259030258
-11.656656993585724
-11.644450901320875
-11.531143507071075
-11.499118196600755
-11.45807657633361
-11.442854226695697
-11.406372829703418
-11.379451997979611
-11.323606874835217
-11.207910592585188
-11.194365007973888
-11.184369935330427
-11.181898033956816
-11.175668545060072
-11.161917771214863
-11.125421475295735
-11.0970712975262
-11.089474287744888
-11.08775390074547
-11.087420555713795
-11.017710539860643
-10.989258557568698
-10.988917047721268
-10.980901616848735
-10.908414248546764
-10.893843463782323
-10.891668762016911
-10.890061404097372
-10.873148424472442
-10.84963536753978
-10.839817069198599
-10.835501779883181
-10.808274450194277
-10.80699737625355
-10.77293612240314
-10.698767736452728
-10.689133914015976
-10.672935028923607
-10.67005987013662
-10.654195370390628
-10.643933832805171
-10.593634822164013
-10.590384926725473
-10.573779228704382
-10.564285072835306
-10.54085999461946
-10.510922356194953
-10.473030015571727
-10.462081790463067
-10.456602821313625
-10.450976702257133
-10.441694245543697
-10.390961419936746
-10.358589761949874
-10.340084253337022
-10.32761501765981
-10.318256540409124
-10.294030803461103
-10.274269505519129
-10.24112393358641
-10.239882566559356
-10.225582054824446
-10.22383963520328
-10.190775860897492
-10.145608225029727
-10.131034854790327
-10.126213538609141
-10.123564398024202
-10.118604652173172
-10.103576620593408
-10.088514275165974
-10.088461846196438
-10.042058242153086
-10.032179853528627
-9.972480522443965
-9.968128930676503
-9.95464371751197
-9.929637460753664
-9.920955678345674
-9.917045452455625
-9.90553926331796
-9.90313120749609
-9.894978794513765
-9.892986782809945
-9.873490364390348
-9.845692521880165
-9.826672256235543
-9.78079634928166
-9.697350984264348
-9.662399645832293
-9.633912135374748
-9.617684329339884
-9.614244399857945
-9.60609038806508
-9.5827655421743
-9.564857295450416
-9.527321701468832
-9.506109002029945
-9.497551431417358
-9.483931874848547
-9.483454971687657
-9.48244119980944
-9.460028318367698
-9.457518028059114
-9.4507837764916
-9.450234476435213
-9.396475967848898
-9.39241696137449
-9.380635520900965
-9.358882883005116
-9.353544110488038
-9.347406978911323
-9.338322935242527
-9.33806511455785
-9.33133076654567
-9.320739133380869
-9.317047652432983
-9.271591925796557
-9.269182233436121
-9.267755763481803
-9.259517718986029
-9.246180111146511
-9.229354496101752
-9.206086177673837
-9.168212069347021
-9.156881819520834
-9.14019708499391
-9.133818807968577
-9.110279809777092
-9.097687379578067
-9.075232651922294
-9.074838104179616
-9.067715984643042
-9.060995105396845
-9.05995128716668
-9.046320240596518
-9.04526213190594
-8.986288475915298
-8.986063129016864
-8.966606994183875
-8.957945617742345
-8.949557044606758
-8.948420270028086
-8.947362947872795
-8.943403990739391
-8.914748976036796
-8.904200413496964
-8.900603729430294
-8.891909030117722
-8.886044957641511
-8.87954065891106
-8.807559281327821
-8.788986173707851
-8.784585059016312
-8.775735860265948
-8.75163356898205
-8.693234113486614
-8.64415176675542
-8.624004399556828
-8.612842575290857
-8.571933267231728
-8.532579524859305
-8.499448451166327
-8.49329263691899
-8.488026997161732
-8.487219463460747
-8.46322932907497
-8.461332791244738
-8.454690970431953
-8.411742548664664
-8.395077961773191
-8.38249907983976
-8.333476253248023
-8.323131792857204
-8.307177093532296
-8.304564300497013
-8.292457279144864
-8.287745352918726
-8.257247035734386
-8.250930821153755
-8.23596917161408
-8.15847631490477
-8.154663077265685
-8.144893481425559
-8.144367304866211
-8.140896393105516
-8.122356484297853
-8.116290507812241
-8.113841735200388
-8.113524360055312
-8.109100666292958
-8.10210801630003
-8.087449597138187
-8.076829305062805
-8.071708135781002
-8.070616669438511
-8.069144797200554
-8.034434096988257
-8.03343835799081
-8.022169862766821
-8.005974252860897
-8.003719896959689
-7.992680484803056
-7.979161215568902
-7.97551354184697
-7.952534297242277
-7.926156902627837
-7.917625615234509
-7.902723277148973
-7.900771770265981
-7.896786729968644
-7.885368376667887
-7.860538485755875
-7.850992001141469
-7.850062155210269
-7.848992794708693
-7.846918900688214
-7.84373796135403
-7.835137578655078
-7.797528153520029
-7.795272254176288
-7.78620582963796
-7.779915599196877
-7.772052952908061
-7.7702035630068504
-7.765323506501983
-7.763328820773789
-7.758844411849994
-7.758834098464434
-7.744416522812907
-7.7269208420825475
-7.720404867380986
-7.718556902055868
-7.70785633381595
-7.692109677919289
-7.689999810435518
-7.682445773307199
-7.67533392176142
-7.664604668058775
-7.657396166650994
-7.651165791035439
-7.6463185485838014
-7.620144039331888
-7.569524739800352
-7.56844943723528
-7.562911625946894
-7.5314730325010055
-7.5273466566276
-7.507983237751195
-7.493105559496351
-7.491850514287275
-7.466400594646438
-7.461704174240069
-7.46151607372815
-7.44131068071372
-7.43957803917082
-7.425726089533498
-7.402988527693429
-7.380065535830475
-7.376586074053007
-7.37487927151041
-7.356458727319605
-7.329257830295621
-7.323329538074134
-7.311962899471612
-7.310611803304296
-7.3019499103349395
-7.297482282706643
-7.280890041168233
-7.272711013336129
-7.256249941438551
-7.256039262097847
-7.21573302037994
-7.201257335451922
-7.195869356360141
-7.193447578770794
-7.191869374813685
-7.188999849089585
-7.159102630690181
-7.144890174864029
-7.131279735146093
-7.124937475698276
-7.122885607228638
-7.104201614697193
-7.09368706484822
-7.0842835760364355
-7.0558613502114
-7.034349054633249
-7.02030765949072
-7.020277199540512
-7.01640644225847
-6.974346186037975
-6.9611824623548575
-6.9576857233518385
-6.9303576020535615
-6.898470569915067
-6.890228870325347
-6.883813735703231
-6.881341517891199
-6.875133404116637
-6.868339334539709
-6.85773924121689
-6.8464586283711935
-6.842772541771492
-6.828645854656752
-6.778003399863687
-6.775063608805265
-6.773805832295354
-6.742768772001547
-6.735294006627228
-6.732153368222828
-6.7242947051578295
-6.723190526629601
-6.708645536578556
-6.707786330360896
-6.705608735854842
-6.676119998802962
-6.665065178350473
-6.641593733031268
-6.639659282871259
-6.638676206244778
-6.636450013165647
-6.629131638542616
-6.621351314667511
-6.591139896963961
-6.5874928520850915
-6.555378123339004
-6.552085431690314
-6.550957520816727
-6.545278881192633
-6.53683494379468
-6.521467144878726
-6.519270155584564
-6.510497134509501
-6.486118665605891
-6.483631388743102
-6.46958718921916
-6.460060549005867
-6.454240737833166
-6.4506538300540575
-6.443913650604349
-6.441561228407146
-6.440572091634587
-6.436179561754943
-6.431600554411414
-6.425706406016483
-6.417088055542852
-6.414509960876552
-6.389434033032627
-6.378539430840984
-6.369479926277288
-6.364924762649394
-6.353018352937839
-6.349797949272454
-6.349405177086881
-6.345891862216359
-6.3245456486174945
-6.315285602208394
-6.308677584941224
-6.299016447623913
-6.297058190297943
-6.294814900264687
-6.292981541191759
-6.292065660286002
-6.290504359227232
-6.274953420635811
-6.274535486085121
-6.267553459952287
-6.259738628404744
-6.252494889372801
-6.244427256576214
-6.238193396108555
-6.235672209841594
-6.233946173217844
-6.202624375522269
-6.200219662264738
-6.171287010265381
-6.164984573733361
-6.163089098602317
-6.160758735866707
-6.155044952295131
-6.149459757872803
-6.147043318385064
-6.146139975256604
-6.134797812094575
-6.1135489568439265
-6.110630687778269
-6.1058050340181556
-6.0875551125369505
-6.080656886873121
-6.078178119782969
-6.069018928330758
-6.064510004286012
-6.055355419809709
-6.052179143207638
-6.0447341633708636
-6.039439253998578
-6.037203280403677
-6.025709757112635
-6.020760957791709
-6.019053647565103
-6.014507986960358
-6.002730670541196
-5.991093498474332
-5.984806111925527
-5.982862047314744
-5.968465587418299
-5.960979538952648
-5.935314752515602
-5.9116186365237535
-5.888268278664314
-5.865864562680973
-5.8524947777522955
-5.846815763679404
-5.845795003007787
-5.837298075427906
-5.8290487411829774
-5.828383336569433
-5.827029497911472
-5.826695386594929
-5.821337580708291
-5.815120829551088
-5.811153558439356
-5.787538511285664
-5.7666796563721086
-5.756099551491853
-5.738249020640081
-5.732297734228457
-5.703692873043915
-5.7032846531360715
-5.691641510804969
-5.667984239693292
-5.667504296473805
-5.666235712253237
-5.664596713549878
-5.650669964316633
-5.649575720485631
-5.64677318911263
-5.6460382101026525
-5.638003537440698
-5.631699340958491
-5.629448403008256
-5.603314988418614
-5.597230529150694
-5.591127821720634
-5.587677746262829
-5.586953946767444
-5.582199610985331
-5.559795453649952
-5.5569277381854265
-5.552790147860015
-5.54042884320544
-5.535073249444852
-5.524845108969376
-5.52332886025742
-5.510148840889966
-5.485671244791307
-5.479809673173188
-5.478870752819359
-5.464043616516976
-5.462809387658186
-5.460448898317052
-5.4577339773900295
-5.448917216861036
-5.448398752178183
-5.438692871135131
-5.435403275852304
-5.423258647451814
-5.420410617534989
-5.415948333973965
-5.414398924706198
-5.405601983689303
-5.399292097552284
-5.38382800456534
-5.3801868604974405
-5.371651610372395
-5.3672162825031515
-5.357010883004252
-5.354701914358067
-5.353536587699331
-5.35033084340545
-5.347088993455574
-5.341205462201328
-5.323151084298697
-5.298780860145762
-5.297361551065062
-5.296100501925953
-5.294933299685447
-5.2832281873254585
-5.282492280152904
-5.277796506274038
-5.267628587159555
-5.263354207132063
-5.257344316282905
-5.249340793364098
-5.236281479122046
-5.232976702405101
-5.223353551519988
-5.2162889014827805
-5.2149996514140184
-5.214855244584122
-5.213229706511468
-5.180923479022896
-5.178126798928307
-5.166637624080803
-5.160051767960751
-5.1592973276579945
-5.150886274324303
-5.1485537267310555
-5.1469594131093235
-5.143402488777431
-5.137999214413082
-5.130417558735774
-5.125809188959967
-5.116009461140051
-5.114672540338823
-5.112063334316408
-5.107309599094546
-5.101004633035245
-5.097821500381311
-5.091210225636077
-5.087487171802779
-5.086622824081964
-5.071917814178999
-5.071891537461892
-5.062795328548405
-5.0623221752275125
-5.059320826605369
-5.044609363815781
-5.041573195231434
-5.041421019572645
-5.039610423542296
-5.036679772704399
-5.023666830591249
-5.016022195878721
-5.012172405514596
-4.9970614031883125
-4.995822026909338
-4.994828971120414
-4.994797333262921
-4.993732325156172
-4.990728305625231
-4.985012178218616
-4.977681470587466
-4.970056053724649
-4.962046261293991
-4.958837752254117
-4.954950998098968
-4.948914051260046
-4.946202766565811
-4.930990575423767
-4.929564943933887
-4.927304301398003
-4.9246885074194084
-4.919973951874427
-4.912679378973386
-4.909896665859623
-4.896589157522479
-4.8955807858398055
-4.881839992716431
-4.8807162281604874
-4.872781353235732
-4.866023527231838
-4.8472731105843945
-4.840247623185635
-4.822990043020701
-4.809622553971332
-4.809464116715208
-4.797930604493481
-4.791844270498423
-4.788468447470237
-4.784454112931401
-4.7732235628251
-4.771083096492449
-4.765176895721722
-4.754530354987632
-4.752729592863561
-4.751557753659135
-4.746618122927924
-4.743203953582699
-4.735169767237766
-4.724837515278977
-4.719788374799034
-4.71715073222677
-4.71547320009892
-4.712512807057829
-4.709360052159315
-4.7082214169460235
-4.702530927976493
-4.692544927912769
-4.689610136056534
-4.688331181084528
-4.682921796551108
-4.681793578000243
-4.681448766931169
-4.671877699199157
-4.6613950245919185
-4.651910760689159
-4.650677324345152
-4.648431297253868
-4.639503970762899
-4.6318567030315485
-4.628378001843139
-4.625744243739993
-4.623576120945428
-4.6162867113277635
-4.608636525762898
-4.596783677568624
-4.593607898825527
-4.592902460567298
-4.583710485798305
-4.583549178486483
-4.58250312279961
-4.580071038238084
-4.565039805274315
-4.559105668098645
-4.558205490924262
-4.555729413161552
-4.553549662251781
-4.550431934573883
-4.5433343245463735
-4.540636199371091
-4.537580409181918
-4.534305126146465
-4.5271571538251365
-4.522705205619964
-4.518644771437808
-4.518149427804638
-4.517499779708244
-4.51611748383441
-4.51063646395897
-4.5020453960205
-4.485457741684229
-4.4720919604627785
-4.464300493295464
-4.4636886741361845
-4.462351738953629
-4.453248266423154
-4.450898258520629
-4.44926417528234
-4.431721106653083
-4.422188733423439
-4.420462446607464
-4.420411422268326
-4.414243683757039
-4.40524456326197
-4.4025776258176705
-4.393507011526913
-4.392756367106418
-4.39259398781903
-4.3906995436987275
-4.389114685782911
-4.387856150348616
-4.386786319568104
-4.382518512479075
-4.3805487853212295
-4.378273947044941
-4.367930272470077
-4.366223756300281
-4.364434806837982
-4.364309089621538
-4.3630422544924325
-4.35504419519219
-4.354238636086217
-4.354220048999954
-4.35207811033204
-4.348089391626849
-4.346894104043291
-4.346619867276391
-4.342239233406596
-4.33709967638873
-4.329695174853283
-4.3261429684960095
-4.325299486995036
-4.320068925264071
-4.31634326000263
-4.313455517309116
-4.302855726192618
-4.289299387207589
-4.289224113425394
-4.285616719324467
-4.272077006518547
-4.26949459258038
-4.267563718962274
-4.264289293510516
-4.261747056034863
-4.2615184305281435
-4.259325772131584
-4.251458824768404
-4.250476625043042
-4.2438097966223545
-4.241505738434032
-4.239020634105765
-4.232451991906684
-4.22120256990184
-4.2023176570023555
-4.197499493810223
-4.1965097287364035
-4.19562449976455
-4.194290372149537
-4.193314275563706
-4.184389893850945
-4.179379077612546
-4.176510097274129
-4.159639987663748
-4.157258970617242
-4.150552883933009
-4.148357528938563
-4.125396826676749
-4.121436453100093
-4.1054330460957855
-4.102683610335068
-4.098756456503563
-4.08770034574619
-4.084093009008344
-4.08088472040043
-4.078396254556118
-4.07349475773985
-4.068027908712231
-4.062523071122623
-4.0565538285552565
-4.0492015986558885
-4.046020534928215
-4.038389913180017
-4.036614620305886
-4.035804104045083
-4.032515950732263
-4.031834332628591
-4.026313384639505
-4.025658617233829
-4.013014788678044
-4.010662664854933
-4.004580429931917
-4.004301016576905
-3.998219903123939
-3.9922425724736477
-3.98093993366101
-3.965562044588515
-3.9652508636427433
-3.962943029988149
-3.962666131926377
-3.958539447799917
-3.9450918356769327
-3.9437644046976317
-3.943633586017298
-3.9420156985647195
-3.9401131101839817
-3.9386851005800496
-3.9352479202942328
-3.935109539998667
-3.93107221577163
-3.9193490666892354
-3.917577591355809
-3.907003381866338
-3.8899496014132855
-3.88637174412475
-3.8753184799721287
-3.8734413230549314
-3.873404385726507
-3.8716644501227693
-3.8698593982358505
-3.8695434976215455
-3.861514810859997
-3.8471361454940607
-3.841156066508077
-3.840708804002536
-3.839140034595948
-3.839074764205021
-3.8389240098878776
-3.8359907679630774
-3.8357212239493705
-3.834674909038429
-3.830093999286034
-3.8195517601925255
-3.8181682444440836
-3.8054875877283396
-3.8030605398853146
-3.8029455502396146
-3.7851045493440276
-3.7848449308613072
-3.777366941677506
-3.7617633753932807
-3.751754136088289
-3.745682135123853
-3.739651885946465
-3.738679070479276
-3.7383349725893016
-3.7279259400046634
-3.7208021271461984
-3.720437277126535
-3.7158112773102863
-3.7150821093556834
-3.7080885352704933
-3.7080005002236303
-3.7027617910991104
-3.6974070875493226
-3.6947420030898055
-3.6934333144339626
-3.693270641574166
-3.6900802511128816
-3.686679140953099
-3.681727860411743
-3.676480959869967
-3.6733886695580846
-3.673146564026996
-3.6673502192737466
-3.6613733707989304
-3.6572366145212354
-3.6567147821484474
-3.6468528586830447
-3.6414016153088093
-3.639249732882978
-3.6363235871335022
-3.6341924834772605
-3.6333805960119916
-3.6324241020120027
-3.6301337078541254
-3.614409722877428
-3.612628121426428
-3.6085226932675147
-3.601443080888539
-3.6012028109560394
-3.584470397050431
-3.575991864179163
-3.5752581451856624
-3.569535435002626
-3.5639214586658534
-3.562646716799722
-3.5583434183442497
-3.5529542425355003
-3.5524075880627572
-3.5500399764573896
-3.549401714700051
-3.548380550990341
-3.5429096156070154
-3.540839795055783
-3.536775686972345
-3.5356019107870322
-3.535300699420239
-3.5287381809948384
-3.521658065445807
-3.515912299235895
-3.511237383668905
-3.5085660141913895
-3.508227296750151
-3.5077571894112025
-3.507620096575709
-3.4948773402817466
-3.4927512779760255
-3.4874333231259853
-3.4872032363260272
-3.4859336982290774
-3.4839569553442185
-3.483018815024785
-3.4822505239286867
-3.4805138533625204
-3.4780772032966794
-3.47208608491455
-3.471098824852629
-3.466556915601587
-3.4496239096442833
-3.4493820958141623
-3.4484828283538693
-3.4480607593605277
-3.430578850878222
-3.4298002023774448
-3.420824038015154
-3.408061029174915
-3.404871605337969
-3.4042052399312697
-3.3891284811720275
-3.387256343172607
-3.3869829465104893
-3.3836042924688714
-3.381634062246667
-3.3795985595377696
-3.3696690702292647
-3.3686066422174443
-3.3590181595061095
-3.357507635386108
-3.354514217364901
-3.3498805968552015
-3.3409335807533087
-3.3374215480300204
-3.334129135446563
-3.3333739612492472
-3.3262807590693892
-3.3223991341697405
-3.320531424233396
-3.3168341463461477
-3.3167135711812312
-3.3154272963050997
-3.313772962841823
-3.308174801125963
-3.3041897808085814
-3.303843881988423
-3.3026502826935396
-3.2905593668223014
-3.2798735148001006
-3.2726021265190717
-3.2693390129215913
-3.264906646905472
-3.256185924918876
-3.2550743524057264
-3.2540552181329834
-3.2524503750620095
-3.2492606547633245
-3.24721822743963
-3.2392664579428088
-3.2316688217390754
-3.226257278053385
-3.2249753485081065
-3.22437656695735
-3.2189637020890474
-3.2160747043515605
-3.2135048636804164
-3.2080809503456043
-3.2048020285827374
-3.1947398914723566
-3.194425480004405
-3.17506472776033
-3.1746368257376787
-3.174395862339419
-3.1735885950573914
-3.17018699821772
-3.169928014483723
-3.163620333299225
-3.162869733557985
-3.1615682231029676
-3.159813044330315
-3.1597617061578593
-3.158146550315037
-3.1556887760578594
-3.153517164977133
-3.1522988545163284
-3.1485819670784956
-3.1439455210122484
-3.1379219544400168
-3.136615732896881
-3.1352721692474317
-3.1350735125535927
-3.1338942678631705
-3.1323668803714906
-3.127890176921091
-3.1197783200105342
-3.1151649092797378
-3.1135328397602122
-3.1113670819657884
-3.1088248722801857
-3.1083467478421194
-3.1057689157428916
-3.1057357779875323
-3.098379060873228
-3.0951270160126403
-3.094796490290662
-3.0781849600380724
-3.076149107091089
-3.069460632086511
-3.067005309384944
-3.059743063356503
-3.0485084612599063
-3.0474606873419656
-3.047442716605489
-3.041727308635248
-3.029029607595626
-3.0258709481049015
-3.025646402623152
-3.0241162085209203
-3.0167858451207428
-3.0165591828028777
-3.0158704809966057
-3.011885088238807
-3.0103521143391765
-3.0100139386733806
-3.007259304935046
-3.0071231840180905
-3.003886934355301
-3.00250193824457
-3.001930643253642
-3.0003138714247077
-2.999841983373828
-2.9976671152070073
-2.9973058128467818
-2.995552855452438
-2.992790603052469
-2.9910939158994303
-2.987333081157955
-2.98261695136979
-2.982065421520738
-2.9809084993245873
-2.9792435984921792
-2.9791596091973
-2.9782143712460996
-2.976817479168318
-2.9763269911200045
-2.9718601280956403
-2.9677754813699755
-2.9665399045580663
-2.95523060133434
-2.954164276439351
-2.9472712605285327
-2.925516465175947
-2.923227054074903
-2.907849792162482
-2.9065053761908497
-2.905671344910421
-2.900722950043555
-2.8934221316832405
-2.8886182884587366
-2.8884186388162116
-2.8852937516258623
-2.870779878823246
-2.868054796599097
-2.860102832406496
-2.859677586417532
-2.8590836097817007
-2.8547463703273435
-2.845402897059129
-2.845327618110319
-2.836782975850797
-2.8331083495741316
-2.8282465208794183
-2.828008826951436
-2.8207686034102486
-2.8205229753282426
-2.8203360402903432
-2.8106748460396305
-2.7983600453138844
-2.7956900002851195
-2.7906433581556316
-2.787459997977572
-2.7850409763787614
-2.784962958650368
-2.7831511991781883
-2.781486549117148
-2.7796683709233307
-2.777608879920825
-2.7770483996056328
-2.776977718835253
-2.775557422900518
-2.773462076062624
-2.7715399141079526
-2.771309036594886
-2.770133357929656
-2.7699204786014437
-2.751964112112357
-2.747176944908497
-2.74616447361876
-2.744665547169096
-2.739961879770253
-2.7313576321264774
-2.7300392866357917
-2.729403549681156
-2.728344355574458
-2.7280596971852193
-2.7245397735900245
-2.7203435986808255
-2.7198687450326453
-2.7165528811432584
-2.708391755005768
-2.7081649707538804
-2.700467784066853
-2.694381410793679
-2.6941902017034955
-2.690869297616675
-2.6897240161239746
-2.6897226509199976
-2.688120933499687
-2.686355263081502
-2.6805035390692034
-2.6787656268511824
-2.668297021348568
-2.666217983183856
-2.6656514970489367
-2.6586908990130165
-2.658370921463699
-2.6541560618730227
-2.653301552357458
-2.649101880392269
-2.646105257893735
-2.6431429120670416
-2.6428330782953497
-2.637704126713161
-2.637453450597843
-2.636609302654285
-2.628271355991848
-2.6193792204223447
-2.6170841937310785
-2.6147116112056548
-2.611422402483896
-2.6109230764495535
-2.6038162704466696
-2.602444418584833
-2.6020951553347373
-2.601279660441961
-2.60019489152328
-2.5973333789527597
-2.5937493956723214
-2.5932437538873483
-2.588739885105611
-2.588169576148923
-2.587719598435545
-2.5833933925276
-2.5807697423227696
-2.5799465404142636
-2.578954435613623
-2.5786681697496334
-2.576655956391651
-2.5763143422722634
-2.5724388195143955
-2.5697396696726535
-2.5690062545102506
-2.567488021165962
-2.5642001642273886
-2.563892757690927
-2.55648198972054
-2.553085723818941
-2.5514913049144496
-2.550494217736737
-2.549090843692481
-2.547019082314489
-2.5465605101936
-2.5448770540954877
-2.543228255307472
-2.532262273693175
-2.5311576790425314
-2.5271496447907547
-2.5205895639008093
-2.510100377781499
-2.5079090923082514
-2.5000234471506673
-2.4997161382361757
-2.4988175450711516
-2.498207766765943
-2.49782843305895
-2.49340751319286
-2.4886683687955697
-2.486350856544675
-2.4851684769579654
-2.483435449498878
-2.483207760072001
-2.478204989724717
-2.4726186089006204
-2.470966481442997
-2.460757038704279
-2.45451836604139
-2.4515905328956964
-2.446668601823149
-2.445059827130157
-2.4445087300475556
-2.4430821853970413
-2.44271620440134
-2.4424440015514666
-2.4402139929693076
-2.435441523910961
-2.4330883885475663
-2.427090567031771
-2.4220894766265877
-2.408930437427094
-2.40876992319199
-2.408157510507318
-2.4026562100429096
-2.4003396903412613
-2.3993837567480085
-2.398739690043162
-2.3975094593040005
-2.3966176543612105
-2.394354649758851
-2.393501473336409
-2.3890107184774876
-2.3788469241796055
-2.3785799085708463
-2.375278058582143
-2.375116944837795
-2.3740478163425633
-2.373292403479811
-2.372714121221644
-2.3716038979175664
-2.369532771488557
-2.360900336986704
-2.3607713947597495
-2.3602664682207144
-2.3555005996758345
-2.3550552577791404
-2.354145652072367
-2.3456019805905495
-2.337839151247617
-2.337523147785432
-2.3355529780554583
-2.3343793790304592
-2.3257437891729293
-2.3247686563600936
-2.3237824309619546
-2.3224971513600092
-2.3214424676926124
-2.319977251829517
-2.315693490254357
-2.3144482429826625
-2.3142341361935843
-2.3122371411393567
-2.310557154530308
-2.310269867954244
-2.30920390239175
-2.30730373496148
-2.3039335442562456
-2.303746046611834
-2.3007914084100936
-2.2965387368587606
-2.296075964017981
-2.2890589560915937
-2.285039364732959
-2.2783415092825297
-2.277117232445905
-2.274662038496917
-2.268202249246607
-2.265833711316726
-2.2617130458590573
-2.2607834761550585
-2.257313459964713
-2.256979230045798
-2.2543226893586974
-2.251838527747478
-2.248791573621774
-2.2480952116497828
-2.2470853842034417
-2.246017083995194
-2.2431487135831842
-2.239035120730654
-2.235819149140765
-2.234738032716929
-2.234697219550683
-2.2334506940269065
-2.232593190835337
-2.232316413191775
-2.228014073079513
-2.223434415370608
-2.222660188379913
-2.2164255062096676
-2.214288079467968
-2.2101334343307952
-2.202405074067328
-2.2007601190580117
-2.1999843506585766
-2.1976675546333446
-2.197234447662261
-2.182446708029152
-2.1817974673872707
-2.1778324258864767
-2.1745342037378075
-2.173904412790572
-2.1713706453651334
-2.1710517776388594
-2.169566755405146
-2.1688082527432044
-2.168702296910865
-2.1665188763821748
-2.159046291041622
-2.1554191953852673
-2.1519692662002257
-2.150696568503925
-2.1502558753897785
-2.1451224318234705
-2.1373321035867594
-2.1368399442014123
-2.133416183296836
-2.1271304313487276
-2.122851945600564
-2.116785482690939
-2.1106352309413245
-2.1096866515547705
-2.1087920608153228
-2.1078783923397904
-2.1073080622371276
-2.105184526356745
-2.1050047061963784
-2.102473814831251
-2.0995636369029547
-2.0965525950305093
-2.094799706632184
-2.0939551122781985
-2.0923249260711465
-2.0922411839335173
-2.089700484517948
-2.088131670944022
-2.086122928901818
-2.0858471408777812
-2.076599639691754
-2.0765327910494276
-2.0762485404934345
-2.0730989481519355
-2.072283942932726
-2.069929907065111
-2.067311874055801
-2.067044669542865
-2.064159193945379
-2.0607318242974944
-2.0582769224259088
-2.0577379576105677
-2.056454945791288
-2.049699156791605
-2.045889360502769
-2.0446677056381093
-2.0446108747274265
-2.04254720967068
-2.0406389011229535
-2.040617869579042
-2.0382828135098565
-2.036601213117026
-2.0362911212906765
-2.0336800910301074
-2.033565649484755
-2.033258073855616
-2.0323585305948586
-2.0290538271658036
-2.0276485387184717
-2.026746927893303
-2.0255445191786565
-2.0228186038852822
-2.0224233254599544
-2.016256565513328
-2.0081958061475955
-2.0023343431452743
-1.9959491647717824
-1.995628808404496
-1.9911198673459611
-1.9842742274976488
-1.9835763304361504
-1.9811185983279556
-1.9766717796342732
-1.974553011479588
-1.9666403923718638
-1.9623205161189654
-1.961986183632646
-1.960804066122479
-1.9594277167636367
-1.9591703485310514
-1.956906170639444
-1.9552596606254362
-1.9530450067497365
-1.9495798239368765
-1.9441825192761348
-1.9419480092666548
-1.9394341056296993
-1.93844704021873
-1.9338135763796271
-1.9332191462427422
-1.9325723805255786
-1.9310810376072207
-1.930848709082733
-1.9288866609895352
-1.9275724896175745
-1.9229550042388461
-1.9229004003531278
-1.920621072762682
-1.9189498968447904
-1.9181007254720552
-1.9158224377501454
-1.9132113828095758
-1.9129464275826633
-1.9093862872158833
-1.8977704511412539
-1.8977475184652826
-1.8947780143621449
-1.8913592440070075
-1.8909182559330242
-1.8903883564487731
-1.8885627891432504
-1.8865414356987535
-1.884331984685169
-1.8825824223080327
-1.8809406561419335
-1.8737882643912562
-1.8692873139184387
-1.8679192955781174
-1.86598015499602
-1.8658099499647056
-1.8644633124019325
-1.8639524984634677
-1.8599610192196492
-1.8593940890099332
-1.857451783293194
-1.8558867556789593
-1.8554535783930923
-1.8514741726595196
-1.8405292427566493
-1.8375074008326049
-1.8340080479304381
-1.825720318312201
-1.823777058497188
-1.8228241747100329
-1.8202255021535179
-1.8140240097269975
-1.8137065576611864
-1.8111149836817502
-1.8109437332336682
-1.8056447517075878
-1.8056101091059782
-1.7985036967824848
-1.7943316821108901
-1.790879017737006
-1.7904450423727996
-1.789295520033961
-1.7876466792809493
-1.7870835424885505
-1.7870019415780516
-1.787001711111078
-1.786937262757852
-1.7836420789157579
-1.7810179821246157
-1.7805416147022872
-1.7803644723784546
-1.7792192193602547
-1.7748776727978424
-1.7722755852893692
-1.7696299192235272
-1.7695501900163828
-1.769368516327409
-1.7667186784761952
-1.7665988301475828
-1.7657716639767962
-1.7630625777215356
-1.761603523597457
-1.7609942756698107
-1.7589382867882386
-1.7561131485377968
-1.7538910900433702
-1.7536257108382944
-1.7508896199787862
-1.7500489604576916
-1.749638779750287
-1.7493426802256464
-1.745258669368833
-1.7438267563509249
-1.7433432014594035
-1.7433413041264287
-1.7423631181499677
-1.7421445664217359
-1.7401972912927193
-1.7399988689887853
-1.7368898333037524
-1.7352111099520127
-1.7338423669362846
-1.7332891020953392
-1.7328910880148407
-1.7325362181345514
-1.7281463060137598
-1.7157511421688163
-1.7155574016579505
-1.7148125581853497
-1.7135229570681765
-1.7101836473462755
-1.7100681081235218
-1.7065714411145345
-1.7064825327471884
-1.7002744449460676
-1.6987351160607866
-1.6970261055868057
-1.696641406162302
-1.6961038470994614
-1.6916822157925862
-1.6887220006038222
-1.6871165976261673
-1.68707156034302
-1.686899787853529
-1.685907767324783
-1.6848725337622434
-1.6832552588009497
-1.6804887712306305
-1.679629076715687
-1.6790550209818358
-1.6770125911985578
-1.6764004436452924
-1.673494026730543
-1.6700438408647964
-1.6700253277649648
-1.6691387170240368
-1.6675957410824855
-1.6671511797068521
-1.665270043519917
-1.665066920202926
-1.663146374484614
-1.6606041996573144
-1.660504981888411
-1.6596892179286735
-1.6572420169079767
-1.6572288164247335
-1.6552412343471585
-1.655115048700301
-1.6551057833388383
-1.6550443719685568
-1.6534535939483146
-1.65252380696332
-1.6485355502124543
-1.6476945148248565
-1.6469678542925539
-1.643203933877882
-1.6398550756712322
-1.6393382977093132
-1.6362910553273158
-1.6353506702580967
-1.6345278478115137
-1.621493897762234
-1.6201203276807465
-1.619652654369144
-1.618046205562587
-1.614887931473258
-1.6124882795834403
-1.6124096182514542
-1.6091699949138816
-1.6050618849999474
-1.6037306120507198
-1.6004625076372494
-1.5996138792963561
-1.5919058149515795
-1.5914479226689948
-1.5906186464538628
-1.5850894373970699
-1.5845288046151298
-1.5831878812938487
-1.5806858435854008
-1.5788318502698955
-1.5781895293292667
-1.5764606447524325
-1.5756470588160614
-1.5728784091287473
-1.5726030576668153
-1.5712361323786808
-1.5695933613499014
-1.5694518048099098
-1.5682483660767217
-1.5605572970919446
-1.5572145518413687
-1.5564029950234177
-1.556228661338545
-1.5509340636691507
-1.543346778957893
-1.5431573832956924
-1.5419512322972122
-1.5398300330872128
-1.5394130658291743
-1.5387825158968047
-1.537585792978043
-1.5355617093545781
-1.5349543950553346
-1.534472367500275
-1.5339464564121064
-1.5330383016451452
-1.5310000029616568
-1.5281408728775967
-1.5276309456892305
-1.5266050359091092
-1.5262267809549845
-1.5245909348547562
-1.5237742907613494
-1.5217592374981803
-1.5183039531052296
-1.51638656347452
-1.515545910881079
-1.5145203707742902
-1.508310778622445
-1.5051743656658703
-1.5044198123020092
-1.5026655548543029
-1.499590519626
-1.4918428886096322
-1.4862635465374159
-1.4844869877100155
-1.4843010468744402
-1.4812474932091453
-1.4738690827575687
-1.4713615185408382
-1.4702832479766683
-1.4663469730628211
-1.4656310946988444
-1.4652236232044102
-1.4625955329061995
-1.4609325474858585
-1.4535455124970371
-1.4524971173523336
-1.4508710245752343
-1.4498663302974915
-1.4420600682191096
-1.441768133604726
-1.4403175253057257
-1.4403032067702204
-1.4401895187353557
-1.4347505940157137
-1.4338052531952683
-1.432603596337168
-1.4317715864418938
-1.4315992713642132
-1.4299967675225487
-1.425985232469403
-1.4251672523485768
-1.4249781973322997
-1.4231456215049048
-1.4218516200982334
-1.4166702310438437
-1.4144740405007927
-1.4108226557758934
-1.4091362556028333
-1.4086183962818948
-1.4073369090530803
-1.4048809851577302
-1.4035120802553673
-1.4019613685941013
-1.4014710448339236
-1.4012845057299996
-1.4007789260130294
-1.40055552860488
-1.4003606635525443
-1.39946871767906
-1.3985403975285167
-1.3985303921958174
-1.3899213105555772
-1.3860151544624681
-1.3843588403208877
-1.381868595070385
-1.3788028601822337
-1.3735948561001234
-1.3706472426481036
-1.3693644495490267
-1.3672445878793331
-1.3666072767235495
-1.36441276793693
-1.3637848117376905
-1.3628624829744798
-1.3610698534004515
-1.360263914071004
-1.3576640946614522
-1.3547908624968321
-1.3522157111201452
-1.3470905599927954
-1.3439600689701485
-1.3438950081431063
-1.343847430030153
-1.3366097218306008
-1.3335729954537103
-1.3311763144753435
-1.328933048229664
-1.3260976874580699
-1.3246988048404549
-1.3235988393994587
-1.3214474820483315
-1.3212778306535626
-1.320512579366869
-1.3184740761404758
-1.3162044949565859
-1.315933639127552
-1.308213064527038
-1.304853777385696
-1.3022950004485618
-1.302243936383089
-1.3020864268131338
-1.2967553834492862
-1.2961157051843712
-1.294567977294908
-1.2932646826275818
-1.2913354628685407
-1.2889965512124981
-1.2886249272283639
-1.2875352018559574
-1.2855097494401355
-1.2845760497939547
-1.2841759653763374
-1.2836072385278836
-1.2821090947990916
-1.2817690284378918
-1.2805050110100717
-1.2791214795771142
-1.2707476078626665
-1.265259108147901
-1.262987429338541
-1.2620492664513387
-1.2599599140267208
-1.2589868751018491
-1.2560647075419265
-1.2559068966087625
-1.255674059800745
-1.2553493843417494
-1.2523356165318438
-1.247552204056071
-1.2467074364285347
-1.2460059904621652
-1.245870037233455
-1.2450950990327645
-1.2442575884320557
-1.243488132320487
-1.2395618492829126
-1.2378657673074756
-1.2369512673257446
-1.2298016313149518
-1.228566457679054
-1.2276754078737504
-1.2259010696731634
-1.225559754460421
-1.2232146177228267
-1.2200216815591323
-1.2194813550544428
-1.2188446981445316
-1.217761606529001
-1.2171316746118883
-1.2155483379044858
-1.2151132919643506
-1.2140139232813254
-1.21385031070699
-1.2133395343014473
-1.2102519220520296
-1.2082349683051339
-1.203983541332698
-1.2037464187495985
-1.2025438799260675
-1.1991539529735253
-1.1977678595237087
-1.1969999671095053
-1.193654362234469
-1.1926333811428595
-1.1923952084931584
-1.1917569849080811
-1.1907674480099737
-1.1888811550675902
-1.1879862935167438
-1.1863885397778697
-1.1854443549892635
-1.1851371239674604
-1.1835081385882757
-1.1823343287335617
-1.1811120022691204
-1.1810261854064978
-1.1808369602957434
-1.1799248916248248
-1.1793541192464636
-1.1750026945735543
-1.172943850852325
-1.172354379716815
-1.171769415502487
-1.1687869295124829
-1.1669429304208871
-1.1654976008493838
-1.1623614166755871
-1.1621430381786868
-1.162124477788578
-1.1582060745213467
-1.1575292243890105
-1.1571646484273013
-1.1564446625538218
-1.1561867118335392
-1.1546400208090026
-1.1533571644469498
-1.1527575921025446
-1.1505393703764693
-1.1504744436147658
-1.149928490059838
-1.1492010995062918
-1.147919391838853
-1.1447991843157015
-1.1433989821782913
-1.1429656621002056
-1.1400505041126763
-1.139237868194481
-1.1379882969678092
-1.1371596619301314
-1.1369333530027332
-1.1352070602660107
-1.1339141140312596
-1.1336393557511328
-1.1295761875501167
-1.129403457325394
-1.1208063935699963
-1.1201625216354203
-1.1135521435776836
-1.1105603981264496
-1.108371619720998
-1.1075817681084343
-1.1069612408787133
-1.1060834499901397
-1.1039067405141492
-1.1035356364983349
-1.103259210984198
-1.1015073699892906
-1.1012890195462084
-1.098912904613099
-1.0986003847090078
-1.0984320741331168
-1.0963934486688953
-1.0916161054460294
-1.0881930304945735
-1.0846412438345174
-1.0834567209682298
-1.082956658661092
-1.0817784273354512
-1.0812778300052233
-1.0796606570341187
-1.0792949304261097
-1.0746866569781197
-1.0744068701027518
-1.0724818692893348
-1.0720546334833967
-1.0706999870450304
-1.0693494735492544
-1.0690344521203123
-1.067417814533086
-1.0668889896056881
-1.0661658337577096
-1.0652661835300397
-1.0649044735968822
-1.0633186528304441
-1.0606237315149567
-1.0601929523138107
-1.0588628174912376
-1.056864121190256
-1.0554390853625326
-1.0551073138175615
-1.0528066532424258
-1.05260050719133
-1.051618088924883
-1.0476723921586744
-1.0469257292371779
-1.0393833183920234
-1.0377952742536958
-1.037551929180843
-1.0355768415112308
-1.035024027161554
-1.0348809878426402
-1.0333641250593444
-1.0320528596869576
-1.0305905012726262
-1.0303097401468906
-1.030281977914021
-1.0292083702336856
-1.0279277168374357
-1.0278209624418133
-1.0267668549278104
-1.026214533709475
-1.0246004060870808
-1.0218347696161194
-1.0205096634417063
-1.020065637982409
-1.0200139733368352
-1.0198710005624243
-1.0172369608160197
-1.0166635565646733
-1.0158314735830865
-1.0113926720031678
-1.007955584775178
-1.007110482113792
-1.0065912783864512
-1.0060924778749185
-1.0039227991332984
-1.0022508753371908
-0.9994594230841508
-0.9965205620927349
-0.9934672908522231
-0.9904786169061135
-0.989088909202627
-0.9822281793860641
-0.9817065428667651
-0.980773122050251
-0.9805492644089937
-0.9794207317681244
-0.9782571490520614
-0.9771923820659366
-0.9763976159711847
-0.9742239707496162
-0.9741888074424967
-0.9732268814882353
-0.9728537790144878
-0.9724402472591755
-0.9709496963188154
-0.9697684505491406
-0.9689783530581871
-0.968939784140759
-0.9666247585609632
-0.9654555660717284
-0.9580779450783543
-0.9578597451725231
-0.9559938234097023
-0.9551075683571001
-0.953800283896212
-0.9535645905607304
-0.9517252626191804
-0.9512847858725328
-0.9488395837078758
-0.9487360593469698
-0.9479468730746542
-0.9473085418026213
-0.9425027004670182
-0.9402851886337796
-0.9395282095669008
-0.9385870122449038
-0.9367201566175141
-0.9366214771083781
-0.9363252079716512
-0.9344580863814702
-0.9336957469139389
-0.9329845962153106
-0.9309478596148754
-0.9280728409013158
-0.926405156392277
-0.9262017449433716
-0.9260946456924765
-0.9250235752069794
-0.9241665803531112
-0.9226113298685975
-0.9221602103802046
-0.9210056961275207
-0.9151585928364914
-0.9110248825103138
-0.9108001475948926
-0.9107296017086056
-0.9106103622770199
-0.9083228081268931
-0.9078253727959302
-0.9071650876065288
-0.9044852491994124
-0.8987247398964651
-0.8978293965532194
-0.8972091418719064
-0.8964691839376855
-0.8964572389555209
-0.8950785962326309
-0.8917017775278278
-0.8914424688453374
-0.8905365053431322
-0.8874742129378403
-0.8871460860265262
-0.8832026694190794
-0.8819557265015932
-0.8809006496645189
-0.8791654776741241
-0.8788149766680625
-0.8764443099003147
-0.8757632608688887
-0.8722138024690964
-0.8722051662329899
-0.8710160534856058
-0.8697784878876902
-0.869391877310953
-0.8690385758287686
-0.8683876929811744
-0.8676012077876792
-0.867165790093091
-0.8642010741887932
-0.8629604610480786
-0.8599947426395975
-0.8590795966561131
-0.858237717192786
-0.8577907676347936
-0.8569556017284079
-0.856581914670328
-0.8557275872876733
-0.8535005806119732
-0.8528723322142915
-0.8488125703500928
-0.8472946409541515
-0.8456723972729453
-0.8432897422403347
-0.8419338597658531
-0.8417782230575955
-0.8416283765593678
-0.8414945998891882
-0.840631081895126
-0.8393758307844054
-0.8387022060281346
-0.836493768005651
-0.8363550988403431
-0.832731471713085
-0.8326291955443177
-0.8324360587128444
-0.8305942444370964
-0.8303878306254917
-0.8274096189127267
-0.8268821962861667
-0.8248748392503457
-0.8195556795237031
-0.8190116886520864
-0.8183543331691268
-0.8173890667393533
-0.8170788350977031
-0.8141246885061943
-0.8107942008847989
-0.8105886991105838
-0.810242304632892
-0.8101208066927678
-0.8098596130779695
-0.8096471449530906
-0.8095137157564755
-0.8085536497287336
-0.8003714074375252
-0.7975881300966038
-0.7958617676824875
-0.7942073551616168
-0.7925192090413548
-0.7914019734784126
-0.7895543969445757
-0.7891507212409319
-0.7888403169583253
-0.7856783880362846
-0.7840414295606661
-0.7830441871016526
-0.7813670380839709
-0.780491917054617
-0.7799748355199809
-0.7759136515953607
-0.7743351399017557
-0.7684441685486538
-0.768096285936822
-0.7626876236053812
-0.7576330323043797
-0.755701593983766
-0.7517778888444384
-0.7512273628072919
-0.7509058049873568
-0.7496283038147695
-0.7492042580216753
-0.7470754184701335
-0.7413468139305326
-0.7395641938908989
-0.7393489465470088
-0.7391253974260976
-0.7326435314166697
-0.7319098300413006
-0.7280164407666995
-0.7271946485246882
-0.723956376726072
-0.72372268405038
-0.7236533888792693
-0.7229906952666633
-0.7225713718487892
-0.7211278403888758
-0.7198767843796211
-0.7188116625438306
-0.7185306962215989
-0.7161271201529593
-0.7142809147314538
-0.7136491701113848
-0.7123181573193669
-0.7096541033690112
-0.7088180918778261
-0.7079170627986692
-0.7050096724644963
-0.7048280367937836
-0.7047272150134273
-0.7034397659847047
-0.7029905438416572
-0.7018984949503295
-0.7008520707424752
-0.700523991906523
-0.6994605237303655
-0.6960484954037947
-0.6957818714533929
-0.6956963116696521
-0.6935627339586901
-0.6872763253310323
-0.6856630290776697
-0.6830306734147629
-0.6824379395255065
-0.6819468287815736
-0.678033591556327
-0.6780141108106592
-0.6746006480937417
-0.6737705167810711
-0.6733567948234543
-0.6719435599415564
-0.6707060152929762
-0.6705199919096629
-0.6678570207338728
-0.6669745557506139
-0.6665495239659237
-0.6660492121702432
-0.665805362415111
-0.6657562726750682
-0.6657341705928409
-0.6637397441613871
-0.6634792915151095
-0.6606073200686517
-0.66044203804078
-0.6591023514491052
-0.6583741753097793
-0.6522254842321623
-0.6508735691513705
-0.6504189551924007
-0.6504055855417045
-0.6487677898104307
-0.6482719585540277
-0.6480602020641661
-0.6478645053913488
-0.6472753182437307
-0.6434350481038303
-0.6433688924480524
-0.6429289351741895
-0.6425413631982136
-0.6391172818005205
-0.6386454078929024
-0.6377435853175236
-0.6342683345985181
-0.6334227201815571
-0.6318456243721544
-0.6315835647465851
-0.6312752150874945
-0.630840974414035
-0.6304267453848997
-0.6296417060980972
-0.6295532675170945
-0.6291252773188872
-0.6268282649681874
-0.6246268953218023
-0.6228150870295948
-0.6224930997314893
-0.6211279143292225
-0.6192903756647763
-0.6143413302404938
-0.6127701794788805
-0.6123299591191603
-0.6108553646509026
-0.610557891412618
-0.6090413418718797
-0.6084690974364836
-0.6082853127578522
-0.6073409769370843
-0.6039995364313082
-0.6031871515416897
-0.6011298645437168
-0.5991199189064128
-0.5965081093079019
-0.5945439275461397
-0.5911640451598061
-0.5902672423690618
-0.5865046087628463
-0.586377356676706
-0.5791100592898671
-0.5787165778254753
-0.5727618868957448
-0.5640140696263529
-0.5613822444004029
-0.5613406432719558
-0.5613080034371288
-0.5558622526216402
-0.5556751917834529
-0.5547319461263034
-0.5520203650500823
-0.5498793173570784
-0.549246323687764
-0.5411806573411432
-0.5352720180908379
-0.5338339783626207
-0.5329969439788771
-0.5322681084478009
-0.5305643685265657
-0.528946324277925
-0.5273184051596647
-0.5250107464314373
-0.5240936919912511
-0.5233029463317638
-0.5214344225762727
-0.5189374125893098
-0.5186002701977531
-0.5179262713125542
-0.5168157667222621
-0.514716589846074
-0.5142567139270413
-0.5092089208777244
-0.5088951341323974
-0.5062817209543419
-0.5028866479144697
-0.5025916256452293
-0.5024372084875817
-0.5014001857315374
-0.5000738663400638
-0.49515960930765857
-0.49331597514133557
-0.49054758333319926
-0.48945624490784534
-0.4893913496640931
-0.4885148652113528
-0.48783155026862024
-0.4868333121388463
-0.48600803273352455
-0.4835952523916969
-0.482442756799664
-0.4821430773920708
-0.47940573903556244
-0.4785889807199058
-0.4763927605296391
-0.4757501070542437
-0.47545144565283737
-0.4752568440667555
-0.47288493662046477
-0.47239535377963837
-0.4694821656585608
-0.4690271575254078
-0.46779167952210354
-0.4676303689601756
-0.46629306268597337
-0.46565312757896016
-0.4653692040602466
-0.46396009851404363
-0.4628615968181373
-0.46213769738168997
-0.4621269858855527
-0.45741722014403335
-0.4551117475386133
-0.4533393643056686
-0.4524266451698171
-0.45238701658190406
-0.4517087895345322
-0.45115169057686844
-0.45103284658171183
-0.45079008655500163
-0.4499440751219588
-0.44780530915532213
-0.4477183747831075
-0.4466758030687905
-0.44591126877507004
-0.44513078965951347
-0.442143005244458
-0.4417008176831402
-0.4405773904713578
-0.4375657040338701
-0.43342196195839705
-0.4322140375653041
-0.43132805666110463
-0.4269113822008809
-0.4230354926719131
-0.4223896916611884
-0.4179251737942422
-0.4176330846358044
-0.41589024778248873
-0.41537991948047953
-0.41406933480967023
-0.4111184387686043
-0.41110285708400707
-0.41108543377300677
-0.41071830394026154
-0.41016376415370026
-0.4085937280205762
-0.4066418103347194
-0.4053908887465674
-0.4041374180276329
-0.40402439280655245
-0.40401809674952865
-0.3998052591816574
-0.39634061363380824
-0.39591362090691906
-0.3951803249169469
-0.3950858022588627
-0.3925936859555308
-0.3923643185093201
-0.3899852922540088
-0.3872827515770708
-0.3848525020392924
-0.3832419631878745
-0.38240230138202885
-0.38230504341958527
-0.38176551637294637
-0.38071845890386824
-0.3807178912422279
-0.38019440339326005
-0.3789472839370378
-0.3767402380158647
-0.3764517049295967
-0.3755742109291914
-0.3700632502910548
-0.365353924932198
-0.3643067620559781
-0.3623954984715908
-0.3611503272215375
-0.3600090931395802
-0.35834104093359354
-0.35810486557453525
-0.35792910193108324
-0.35788191262834324
-0.35722840909041154
-0.35713845822297885
-0.354794591736587
-0.35251532583410844
-0.3520350645408138
-0.3485150025920759
-0.34795129205043085
-0.34422575853885307
-0.34119629502772864
-0.3404233640438751
-0.3402521878031799
-0.33866176754963007
-0.3383530145654815
-0.33793161512330927
-0.3369867957240155
-0.33646728354672834
-0.33602651427567354
-0.33570420770510445
-0.3355590303368391
-0.33512176926100107
-0.33370720972758317
-0.33292664919604154
-0.33240789120616554
-0.3321824473283611
-0.3321416140981792
-0.33205254035637305
-0.331467002615746
-0.3255925755931394
-0.3237060005844209
-0.32062457769855546
-0.31996339874575763
-0.3170751572882615
-0.3152618126226683
-0.311028164578218
-0.31039800804289064
-0.30458645243270366
-0.30310860411144475
-0.30140008093571163
-0.3008828478049601
-0.3003472685894941
-0.29959479672766093
-0.2994176512607518
-0.2958541070795807
-0.29562951196338716
-0.2940565358047179
-0.2934757105322077
-0.29325877608546047
-0.2879575676383965
-0.28338045618260965
-0.2821912897122403
-0.2805426395163062
-0.2779285668868616
-0.27767409982727453
-0.2770745583963684
-0.27635907602603177
-0.2751861651417826
-0.27162833144939674
-0.2693900604867413
-0.2689322812703877
-0.26572441832482435
-0.26479443557688775
-0.2638686583233354
-0.26192934673776247
-0.25826527386700826
-0.2560588893849217
-0.25319626800915884
-0.25301021675890645
-0.25070828047263427
-0.2488665583306871
-0.24764154123139193
-0.24436023956258668
-0.24324374618094846
-0.24069983280456797
-0.24031860267297933
-0.23971628822531538
-0.23680229796828356
-0.2358432658485622
-0.23577770859234115
-0.2351178955331825
-0.23418783009901778
-0.2334565968376475
-0.2285605156396545
-0.22452205878703158
-0.2219641675270405
-0.22190655709983198
-0.21973534980389253
-0.21964605181284458
-0.21960320114139292
-0.2192642417579388
-0.21658598628395206
-0.21609782251051313
-0.21587097669042543
-0.21473241435766754
-0.21434822559753086
-0.2129573314371308
-0.20864725187072913
-0.20807789432116408
-0.2067429877338155
-0.20589935183310137
-0.2056822481656646
-0.2051039280649345
-0.20444255204005668
-0.20243462453453576
-0.19982279422058194
-0.19862524975768703
-0.19775263975139318
-0.19614228373274878
-0.19149704314873744
-0.19085989648728718
-0.19069667957979886
-0.18985288937217604
-0.18942472574033842
-0.18922940218175577
-0.18806613847904263
-0.18678802461674382
-0.18517873920253514
-0.1844906641020163
-0.1835759924620984
-0.18332060358935998
-0.18007844262727035
-0.17987832742477317
-0.1797637624596708
-0.1792908904981595
-0.1788316893363654
-0.17719510684488515
-0.17433776594501627
-0.1732982960746905
-0.1716846359609367
-0.16787276949218902
-0.16742796374482616
-0.16615956549504696
-0.16146175123281892
-0.15851490669888313
-0.1579248680004169
-0.15783548412518478
-0.1537181289990393
-0.15175838242901962
-0.15012222034931683
-0.148412356280186
-0.14571791718900773
-0.14341693458917676
-0.13990708780467198
-0.13799130776901558
-0.13371838415390203
-0.13212767046867246
-0.13141706675192677
-0.12824037259055343
-0.12670408543617045
-0.12217514654669694
-0.12180436644294357
-0.12135205623732698
-0.11787939218264665
-0.11783090604002083
-0.11708418713886815
-0.117068065280997
-0.11557778104942307
-0.11314105482390371
-0.11119554511467733
-0.10832386661992885
-0.10550800002875921
-0.10162221269897684
-0.10075990227417764
-0.097547524202452
-0.09626872233294215
-0.09299118416950308
-0.0928929504963415
-0.0911477140733723
-0.09058360945125055
-0.08780441599327526
-0.08769098540123155
-0.08720679729099434
-0.08545792453623968
-0.0852117018341293
-0.08275926752970764
-0.08264000266831167
-0.0814268837845149
-0.07791828436507109
-0.07499271619042597
-0.07444109612562799
-0.07420522360289583
-0.07137662532160766
-0.07057602046535183
-0.06843551463982289
-0.06759476366555614
-0.06509900597506241
-0.06484375782338025
-0.06295997657590302
-0.06112450899149313
-0.060469894846294225
-0.05977652845327333
-0.05893190487467459
-0.05843316453776965
-0.057840303668426574
-0.056382950086569406
-0.05283710342941206
-0.052468104036927254
-0.05178807123276008
-0.050759434079715726
-0.05070584810626433
-0.04975472792271696
-0.049518890705004315
-0.04945758312995119
-0.049283649967486576
-0.04562769849492121
-0.04457071352509934
-0.04168341835363931
-0.04159426549150835
-0.04014458029866086
-0.03665923897101703
-0.03531155544620626
-0.034620434998574035
-0.03228415313698618
-0.028800340545894337
-0.027637111891182856
-0.02525694264492473
-0.024824816831441332
-0.017503705023735994
-0.012405680424469323
-0.012376206350522945
-0.010239540429386351
-0.00845259379783403
-0.00602144592340037
-0.003211910797851006
-0.0007296959822746599
0.0007118178850488155
0.0016146204363168826
0.008088872655331036
0.008712697121267543
0.009340585705540416
0.011664588127971887
0.014832656900537755
0.016368606520307447
0.017265966135159128
0.01759333967785881
0.019243822174332847
0.021159620947505176
0.027664771232517947
0.03715723094186707
0.039417417122071974
0.042469324630501015
0.045606679012585194
0.04616765473435347
0.047008907933481614
0.049192024433879156
0.04982831678740618
0.0506927948478445
0.05285730936049343
0.053196303134692924
0.057582624468517474
0.05885149108622456
0.05914065517870304
0.059257907997956494
0.060066482361682105
0.0612400744158057
0.06291870378289818
0.06351634194010533
0.06353205864614797
0.06359456476030234
0.06696285883274644
0.06783478695033862
0.07065523160687134
0.0714822219036052
0.07386407136472206
0.07596230888039646
0.07700436727260807
0.0773735399611728
0.07759637317182289
0.07847078239161853
0.07933981909419907
0.08311527192473955
0.08526133200241681
0.08562145645694974
0.08922664194941343
0.09000309983195287
0.0910262578661366
0.09238419834702716
0.09505241274990606
0.09746895075909257
0.09803523188892362
0.0995058659472583
0.10010084803859709
0.10151257459712326
0.10352365559448418
0.10433299683050223
0.10596926287073538
0.10604777967207163
0.10827096301377015
0.11107958156702225
0.11246833926046396
0.11396209756544462
0.11649608000409412
0.117379796179375
0.117526900484411
0.11756832154583335
0.1187638653347444
0.11888651060050925
0.11906252582204185
0.11920554855178667
0.1201410879048514
0.12027139444675106
0.12130010025097904
0.12220537544995802
0.12272770841083769
0.12342313049870024
0.12406897046115539
0.12622216064110126
0.12777385786072123
0.1287866758081698
0.13249809841899865
0.1325023044746757
0.13351813670357235
0.133549096992704
0.134225786198917
0.1352264311372997
0.13709195835730414
0.13920321153128673
0.14237428659541013
0.1428208082788892
0.142826677145585
0.14554622936013117
0.1457849442773913
0.1465495096822732
0.14775369676844596
0.14893585065207715
0.1492260310481227
0.1500731028423037
0.15197776035081556
0.15220338650727533
0.15381405991228547
0.15397132717350875
0.15416172802945166
0.15566163320368787
0.15872037977187303
0.1590425019785081
0.15919086680702765
0.1595761308615807
0.15965646493400387
0.16090683069693157
0.16529151174203915
0.16553089413066957
0.16588958299084278
0.16699369953443516
0.16759815623700497
0.1744259283217664
0.17515518249878997
0.17774456986378095
0.1782453679520588
0.17865083012051786
0.17881720445766103
0.17944336014886475
0.17994273108157544
0.18150137291380108
0.1821100322558037
0.1822076278073118
0.18327179383249406
0.1854369784046721
0.1854627574030069
0.18594575800294078
0.1872211754174522
0.19082518199172793
0.19183729313017517
0.19300483048092876
0.1963062982009539
0.20060013370291305
0.20597748285598605
0.2071681210808312
0.20749792684946644
0.21253796056647417
0.21302259989421735
0.21385546565086025
0.21519681767874133
0.21758520131329329
0.21777732300609265
0.21795534221720628
0.21867728918687562
0.22454214557118876
0.2272475759959559
0.23069544753194254
0.23338809835608898
0.23368642500088282
0.23419727947618252
0.2347732161909845
0.235551125324653
0.23563878546733596
0.23676088215493818
0.24024889362141794
0.2430462725297772
0.24344895306220216
0.2441922107121878
0.2447649995488243
0.2457071219500353
0.24595880243913193
0.24732292987213322
0.24741771535723095
0.24796849196095072
0.24843384360436505
0.24903644380944268
0.24980575254621645
0.2530079953122266
0.25589934264948955
0.2580122651113881
0.25832034917122004
0.26146849335149935
0.26265908554345446
0.2640596200499695
0.2647109421967063
0.26626315800202704
0.2708222607684485
0.2721454851816896
0.2721889254685321
0.2726586384323475
0.2729330527508701
0.274432419599261
0.2759124879684247
0.2787677827186652
0.28114797083168197
0.2849168643698932
0.2873229564664458
0.2897466574172888
0.29083598372985975
0.2912397795767516
0.29169420553771463
0.2925576569180746
0.29960169681912485
0.3012232002307075
0.30178910614584187
0.302605288760211
0.30264515179256535
0.3060991057571856
0.3060996837988418
0.3072504408597295
0.30825300032856856
0.3088794678521706
0.31079707634738185
0.3154241351378953
0.3163512923579997
0.3169918833837755
0.31750050391403056
0.31906264629516284
0.3225356495119066
0.32262993807025286
0.32295360619438346
0.3244353262627904
0.3247400638075333
0.3250180098237077
0.32535351725973954
0.32762380106926364
0.3281839542500214
0.3305294772529812
0.3320181156026581
0.3324677388362282
0.33296987235193254
0.33299285128690903
0.3333179542074211
0.3334870443357254
0.33516984738622996
0.335870696281518
0.3376501489870279
0.3385983310508338
0.34233047513500636
0.3433265609348627
0.3464554633517921
0.3467591202822476
0.3475188840840525
0.35044728545052334
0.3533431092861432
0.35522165672496775
0.3564610835565931
0.35675961655892363
0.35882151302158827
0.36031632252803797
0.3604050498607172
0.3608105298905394
0.36095242170038966
0.3623398968115463
0.36476224760038756
0.3656118815641891
0.36635636513256753
0.3679567400352983
0.37070628321796806
0.3708457106447795
0.3712847682099075
0.372027444930051
0.37223838855684854
0.373935522361018
0.37442074492216404
0.3752327960077403
0.3778648971307923
0.3801851503620036
0.38040424447960786
0.3817616010582531
0.3844592111738385
0.38766095982313653
0.3895647851575298
0.38978930571665293
0.39035792000321556
0.39127961403238487
0.3914210828384814
0.3921337551116959
0.39270416210145975
0.39574577989565146
0.39623099949212337
0.39642285077538303
0.39686917636278496
0.39756272526145
0.4007411185735422
0.40400061968406087
0.40637072142949926
0.40708267409953136
0.4081651412213282
0.4082051379501125
0.40876233906806103
0.4122967395843304
0.41359492837399664
0.41385579723683463
0.4152152245134939
0.41738902383900367
0.4188637878912438
0.4208547535185415
0.4222127978592998
0.4283786746856617
0.4302825372840938
0.4307705751093443
0.4308500412117391
0.4321272836426802
0.4328143209331551
0.4329538504536212
0.43377243884117833
0.43418338079075025
0.4354505437193824
0.43787074940819043
0.4386035602179977
0.4390240339861345
0.4395445941453599
0.4398345141886446
0.43986793320542555
0.4421777008017862
0.44274247051059
0.44281894204724526
0.4448608857329265
0.4449923716806152
0.44719667564900933
0.4473989542022146
0.448092064605953
0.45053549303221596
0.4507048167368659
0.4519213466536496
0.45208008144943124
0.4534715245085936
0.4550804823686996
0.455203196126184
0.4569886306138713
0.4577683133689201
0.45791286811727044
0.45792898644592284
0.4594904717521787
0.46016727284641595
0.46253325446609006
0.46319599906025516
0.4656683890388844
0.4665029767444242
0.46817049320653825
0.47066769333248004
0.4713490399926783
0.4745306052694179
0.4774870731857381
0.47755803799724306
0.4779873213919828
0.4782346909113774
0.4797813379485995
0.4804722015632795
0.4809164461306267
0.48459910655264227
0.4856082084130032
0.4871115567687137
0.4900416519911472
0.4902560195904272
0.4903008232681146
0.4903907257629422
0.49203823472976344
0.4920712120512424
0.49339077928235536
0.49428590733988603
0.49461543785890094
0.4946601573172317
0.49541697356165854
0.4971037727930334
0.49735366749174154
0.49822829008657515
0.49835818966744977
0.49975275419671733
0.5011952903676056
0.5046672008498272
0.5047148039807438
0.5057660740572324
0.5061449253331238
0.5078823538650772
0.5084614420208188
0.5089265035531851
0.5100568590847196
0.5112513830333771
0.5115354621369852
0.5127975858962797
0.5145784271134237
0.5154297004847539
0.5163803640824579
0.5170149053997266
0.5171462339150572
0.5192040574289354
0.5192247682192843
0.519898220449793
0.5201537385138211
0.5204004286523527
0.5207731361949933
0.5249785832200591
0.525326594792091
0.5260901289422135
0.5299621551306921
0.5300310331684246
0.5311514196894278
0.5324056978402212
0.5326120323771848
0.5329091803596088
0.5335192024032911
0.5344150003350654
0.5350110150273548
0.5376207840173208
0.537940370467743
0.5379556477260985
0.5402218120547024
0.5420460060032317
0.5458542720232924
0.5483864471652411
0.549867931132318
0.5503066254865717
0.55050140201505
0.5532315116975612
0.5539464142694089
0.5543236199031691
0.5544303100375486
0.5552830996468853
0.5561313258725746
0.5565753288104781
0.5565875039022969
0.5574394541329724
0.5581008597921568
0.5593519085869441
0.5603439207026574
0.5618422579579657
0.5627470794629703
0.5630225049913627
0.5648202798079623
0.567848750126394
0.5691482264907468
0.569852745081674
0.5730517779238279
0.5743489277089233
0.5751258012990598
0.5753386220411816
0.5761933853682224
0.5764694379096147
0.5778642559074307
0.5823431860702927
0.5833788549374965
0.5859052933527173
0.5867385948829955
0.588929086382937
0.5924913385420252
0.5931416860065575
0.5936027177947939
0.5936441807050294
0.5975713474799902
0.5986646553544483
0.5987013294275888
0.6038056249163399
0.6068288805986966
0.6077510579873011
0.6081379449027173
0.6090881335904105
0.61292124658798
0.6142487188183259
0.6157009364316717
0.6160399873701852
0.6199324944722657
0.6203272588264337
0.6205982562404528
0.6206848141612697
0.6211806270345543
0.6220426320909795
0.6243454214523527
0.6263557454554557
0.6266340788964746
0.6276092758213099
0.6294855743658804
0.6325734721570235
0.6327133782557472
0.6333433369792623
0.6399356775114728
0.6411134505660554
0.6411336534956152
0.6429146183020682
0.643056567888575
0.6460954568504552
0.6469483724069207
0.6470334256781615
0.6481278606030743
0.649207653022575
0.650480271596821
0.6540058542915335
0.6541911998883169
0.6544748396692217
0.6573562499581624
0.6580850491023125
0.6581376119565036
0.65859684752524
0.6589971874699382
0.661282060509415
0.6628067590549662
0.6629405881342787
0.6640126423762441
0.6661346632026591
0.6671769025720977
0.6677410616991901
0.6679330931869593
0.6687164586995017
0.6714312251385164
0.6753056559596458
0.6762378741693847
0.6765347403207818
0.6765970952957922
0.6775625504420633
0.6777028930923983
0.679109218214997
0.6807919472120143
0.6811587106463002
0.6835917448246085
0.689692829131333
0.6903662036285798
0.6915754770056012
0.6938060037984882
0.6950349775847839
0.695465900516179
0.6983264746124063
0.698656418124046
0.6986859759896218
0.7016808266429528
0.7024883192891517
0.7036368696465538
0.7050871215210132
0.7057149500250205
0.706267795945796
0.7072401641520543
0.7103821421094907
0.7121566288396873
0.7124546196605652
0.7157695588785834
0.716406792416978
0.7178268264881807
0.7182048793497708
0.7232803513920512
0.7241914766236193
0.7248856740496266
0.7260550413736162
0.7262354305995304
0.7264388927768737
0.7328442740061649
0.7330337581794275
0.7330576593991492
0.7353095686388607
0.735906967382059
0.7359280819785823
0.7388448336294355
0.7390074176160472
0.7405038057507888
0.7415277383888893
0.7445223091552085
0.7447607492834648
0.7457039695256222
0.7457773289955314
0.7478939894283713
0.7484759524695451
0.7514536130810138
0.7521246977861518
0.7529327351349332
0.7534378937178395
0.7537769951106236
0.7573696246917216
0.757374374156627
0.7587760550847278
0.7603117750314698
0.7633043127684356
0.7645902965027566
0.7660054745969739
0.7676914676182047
0.7688519743932991
0.7697509828641166
0.7698324674274208
0.7698941157093507
0.7708449837488209
0.7738911213838671
0.7770215945441141
0.7770665921229598
0.7784494953129434
0.7807137646389642
0.7850742431044676
0.7874713678872773
0.7900174981000612
0.7911982238782617
0.7949192797333159
0.7955943156176434
0.7963251776070154
0.7976012340137315
0.7994551692330913
0.8008772535067048
0.8010161151252584
0.801251515412486
0.8031438937199912
0.8041677285133322
0.8045098661178224
0.8088827348855484
0.8089992664675996
0.8107049605434157
0.8130690195281127
0.814172721635202
0.8150879722253894
0.8180914348327304
0.8196391459824434
0.8272801503795767
0.8273433171410693
0.827602588863367
0.8287978077420562
0.8288369645991052
0.8293767438242308
0.832102592019568
0.8342206336560589
0.8351434395537802
0.8384125700666739
0.8401062302412363
0.8409417118272747
0.8446142267829397
0.8449942655516571
0.845232369815305
0.8454834639747816
0.8462093817895786
0.8485081355795465
0.849342745471537
0.851537865837698
0.8516096419466501
0.8532799974220217
0.8542618172270371
0.8543056286258929
0.855320990116818
0.8568633110423685
0.8588416300936413
0.8594054786998939
0.8658018491557673
0.8677629621044362
0.8726348965474606
0.8734919844619666
0.8735480408149746
0.8736665780631215
0.8788440910130197
0.8789700500015318
0.879511150288321
0.8818056826343683
0.885531793836496
0.8869755635587762
0.8873331310752489
0.8886201492238284
0.8896643695245912
0.8914824232532633
0.8924294594366978
0.8925686481415294
0.8933163316016685
0.8947298873553821
0.8958294015954934
0.9056210629192118
0.9059044807789902
0.9060896698563874
0.9082291434967339
0.910840827004712
0.9141795540804404
0.9155071532717964
0.9193719837537759
0.9196192120501908
0.9209227515664626
0.9223050321844186
0.9228154589452616
0.9233654185126272
0.9235484817100408
0.9249418276556043
0.9262916234867521
0.9275928629155272
0.9311305046900091
0.9333015008218377
0.9376033072359815
0.9383470533720473
0.9383523584898343
0.938454510098292
0.9399093179354715
0.940772239642579
0.9412285231934718
0.941415627940267
0.9450496245689
0.9457686781756508
0.9460361855987852
0.9472038191713853
0.9478570492349859
0.9488095022187764
0.9498046838309779
0.95049809267171
0.9523964002544082
0.9534214624773578
0.9553598320812655
0.9585466964078329
0.9602741491016268
0.9610139839925613
0.9623492942382494
0.9623898975420854
0.9648711131697446
0.9675026861094767
0.9697151896180093
0.9714701644446223
0.975911614652942
0.9852553046485564
0.9860616562460377
0.9873068559357107
0.9876908138546935
0.989141177840392
0.990080424546143
0.9928841851945198
0.994504573297254
0.995687416652262
0.9958666738972011
0.9972624326748815
1.00087614225753
1.0008995644027865
1.0014293863663526
1.0018824912820508
1.001911420378896
1.0046166503959872
1.0047282086694884
1.0054968051920026
1.005720033999672
1.0064008753775753
1.009151553715642
1.0152626301397796
1.0154009060574998
1.017032054457692
1.018161865613794
1.0184781041220516
1.0191642310226923
1.0196285339359128
1.019633729568942
1.0198391809072649
1.0208880589719835
1.021167925598996
1.0215501125958546
1.025326205168265
1.0276872883314354
1.0287169115420403
1.0303289466026908
1.031099359051595
1.0332032758560605
1.0347679399400698
1.0352861777453004
1.0399905758427335
1.0400370934114325
1.04191931109957
1.0436263300166106
1.0461230065409675
1.0469017871549675
1.0487132859485864
1.0504436525506344
1.0543459744605932
1.054661522633828
1.0557734422909213
1.0610836137279216
1.0625933435192116
1.063816349831779
1.0651694005846326
1.0653460849068976
1.0659977029947847
1.06658778772147
1.0689228391955288
1.0691383714811433
1.0697676602428192
1.0697733228289508
1.074772380353788
1.0750367152533429
1.081300816379612
1.082305044143873
1.0843306836586466
1.0880419827658527
1.088043475952458
1.0889858618656805
1.0896198936275594
1.093186075053593
1.0959739087105191
1.101131752848514
1.101375683937316
1.1038388266406676
1.1059658029295292
1.1070526052612402
1.1073004296130373
1.107312507882226
1.1082359805005484
1.1161805652581134
1.1162945434605607
1.120275412248966
1.1206004321842318
1.1241188912588063
1.1261197184238245
1.132509315058449
1.1341536001441488
1.1342582968438768
1.1359621117788092
1.1365176972030717
1.1368404353581003
1.138583422866122
1.1387875378079384
1.142279235412273
1.1425063569737615
1.1428518038675892
1.1465013099788182
1.1520444379732606
1.1563609606668677
1.1581767271536347
1.1602565304468728
1.160778270301289
1.1616496958384643
1.1627945209844008
1.165459588939008
1.1669364401787037
1.1686596128851463
1.1688880875532497
1.169336284306827
1.1696955035795775
1.1697551514795417
1.173723497418678
1.1755071977288303
1.1769959435842503
1.1790385742423712
1.180740611683803
1.1858649753200985
1.1881936507703577
1.1891613639225131
1.1900285819362626
1.190581037353856
1.1908866291598859
1.195012181692853
1.1950892770367
1.1965574205571874
1.1970749711468112
1.197627083588732
1.197849673633295
1.2027395389090716
1.2034269512198392
1.2074764960030169
1.2111220132637444
1.2128650240960672
1.2205690248949816
1.2248021616570064
1.228791809442301
1.2291087703276857
1.2298815146670412
1.2332381176977028
1.2354552408362047
1.2364595213698586
1.237402682897883
1.2419775170604719
1.2430569483259601
1.245579470579788
1.2498940867835395
1.2576280622469533
1.2595208546388654
1.260611330649396
1.261695187866604
1.2626389508218665
1.2634492946963896
1.265000416792426
1.2663535715399175
1.2666967180972373
1.2688390880378009
1.2701013232654519
1.2712538835659082
1.2761101432942017
1.279811723120642
1.2818023837662917
1.283335740789758
1.2865428607599454
1.2886732355704125
1.2887208252184674
1.2924818258499253
1.2928763584288858
1.2931882707125468
1.2951219958127294
1.2963164146994948
1.2981921084056267
1.3010660517895984
1.3017643400194132
1.3019100896173548
1.3027212348964103
1.3066316542388317
1.309057500074108
1.3100675535810458
1.3120367772818744
1.3155969907489378
1.3232585714219631
1.326965332701316
1.328671880031791
1.329516387139338
1.3300635744062697
1.332076699400825
1.3331450495064057
1.3354622205365758
1.337186606938106
1.338711023942611
1.338931330523382
1.3392494531754373
1.3409854157258265
1.344679139550714
1.3475608072349172
1.350091613273209
1.350217882867258
1.3513202787398535
1.354304656134666
1.3558972831835618
1.359790677037767
1.360030702021399
1.3660514747281147
1.3660644358081118
1.3667562175492969
1.3669277047527957
1.3711002286165026
1.3741187627932758
1.3764964221566014
1.3794930105823937
1.3814606242462646
1.3857240348286126
1.38781759359847
1.3903277054209875
1.3909438443780142
1.4004769197680966
1.4023910000123483
1.403908214098097
1.4051755907515875
1.407570127654758
1.4090934983102732
1.4093956361743591
1.4103964154327517
1.4150410819247052
1.4205021080832345
1.4206576353749523
1.4220642885330557
1.4221238616780685
1.425852790346279
1.4260726486224058
1.4271933623001818
1.4380408320904903
1.4401623306075129
1.4422478798529053
1.4435648528175138
1.4454803474505957
1.4474124824749952
1.448493394716146
1.4497404807190335
1.4498234853715415
1.4512762518539846
1.451600487620242
1.4556027195596228
1.4558070265139569
1.457035348866885
1.4581511357841177
1.4601735898553951
1.4621319215141118
1.4629816240558573
1.4634729375918196
1.4636139848658254
1.4636362256957944
1.4656148774660416
1.468220331470961
1.4683643059574147
1.4697560371144944
1.469775302504662
1.4703734786446265
1.4706345417704
1.4720427940435954
1.4730392507450953
1.4741818243950053
1.4777009546060293
1.47778808538882
1.4779671982908713
1.478416417141386
1.4805561585411695
1.4806915965672638
1.4816330662460593
1.482466765570966
1.4867840019010903
1.4869190790785753
1.4912275367405572
1.4927478472176594
1.493066185877217
1.4937691258065282
1.495994642776675
1.498302981131017
1.4988736582254507
1.5000219910724986
1.500466503128316
1.5033539868047474
1.5049522583377377
1.5050620824419623
1.5087574847963567
1.5126912969691944
1.5151478413396766
1.520303391312507
1.5207390152430418
1.5274934577982557
1.5283778846112965
1.529801146679646
1.5304674067202257
1.5318152397993399
1.5319857949378815
1.536272231001228
1.5413925653583074
1.5413994223641048
1.542968478358675
1.5519865305430525
1.553688625610405
1.5576946491527424
1.5578858602877625
1.5661828766066646
1.570742418914978
1.5714459800016227
1.5728856318043238
1.5749945091140827
1.575143892867165
1.5759152526029694
1.577062649962822
1.57894670386966
1.5794089925863548
1.580775218807255
1.5874843584599434
1.5899230107471036
1.5921120013823633
1.5921457005786497
1.6001652611999853
1.6012745603373975
1.6016372772359988
1.6044298851431789
1.6045986320226557
1.609554878506572
1.6137259400321675
1.6162251876933174
1.618969197548949
1.6285031394853322
1.633085041790236
1.6392151346013906
1.6411811823409925
1.6429371575747056
1.6438696969669078
1.646697462099862
1.646722352481642
1.6527092646888617
1.660229189498477
1.665146132209435
1.6702667317616307
1.6747564674348299
1.6781985214961654
1.6870393530178855
1.6881314063061277
1.69200258829779
1.6947357336595004
1.7018345960541703
1.7018613086977377
1.7019136371800592
1.70631307187186
1.707550980915706
1.7084959720153532
1.7123890547212781
1.7147433481248033
1.7176084796771875
1.7329102789588717
1.7360381820691637
1.7367152343998744
1.7378722891885863
1.7390569179476776
1.7471912054388148
1.7479135718128314
1.7484350989216169
1.7538484649381374
1.7568174976681625
1.7620280437806763
1.7629845667098132
1.763000155788799
1.7668719070228058
1.774595616021962
1.7815080991254
1.785412231769786
1.7865407441585142
1.7867777497657644
1.7888123051287184
1.7901092608988876
1.7912130031298439
1.8006316238565412
1.8068822373219304
1.8134877254880526
1.8160579017871044
1.8189284944613888
1.8214091508534431
1.826582064079643
1.8290052359092455
1.8311474377720733
1.8358553456875122
1.836254001862594
1.8445161458868498
1.8462912805061196
1.8510700768380506
1.8526298919124766
1.8619283520468366
1.8650705234845828
1.8656144122216802
1.8710680932464823
1.8732260416746151
1.8742028484998274
1.8744514026282648
1.87465945660461
1.8765716863613655
1.8778880583810973
1.8797666338206869
1.8811589330442877
1.8812269526532455
1.8874799316184063
1.8894618087093924
1.893893330384023
1.8951088755147953
1.8986486822775506
1.8993173822461027
1.9080960965623555
1.9082240453874322
1.908345127519926
1.9185561281117023
1.92029107768136
1.925136882043159
1.9251407432083956
1.9311071815542262
1.9352377831385752
1.9397691806184532
1.943682368714586
1.9446945603615389
1.944843709608091
1.944938472921116
1.952397076230772
1.9548432731381769
1.9550191952281772
1.957755911505287
1.965292109633274
1.974112959841222
1.9755542120488379
1.978071530243817
1.9872390955558101
1.98964500864887
1.9969576789921062
2.0093532240809604
2.018107999445005
2.0220987625166935
2.026861844090923
2.0322323788264725
2.0339992360196444
2.038418541914328
2.0416785176299106
2.046472047077363
2.0564937384586446
2.0629432230548987
2.0646011829308426
2.065724153796503
2.0693473631080894
2.074458465094146
2.0781821950733907
2.078406385757147
2.082963035263352
2.085717892050054
2.0991403561944133
2.113769368343286
2.1186108890257893
2.126600862869112
2.1282131605462586
2.152084042650522
2.1632216309818784
2.163879563429957
2.173120821975936
2.176907725929336
2.1882506717342425
2.193684152472779
2.201640946172046
2.2129614495012637
2.2185602325677984
2.2284886118032374
2.2453848564447663
2.2482079234187
2.250664898798056
2.255026316384094
2.2635502168753963
2.2739514732521515
2.3003328260886784
2.320336602343014
2.3205464535622853
2.3364593485581144
2.3546603672368036
2.3776182866328983
2.385207596703617
2.3960892294101606
2.400610418708177
2.4421771486451287
2.494595227602765
2.5101554059605413
2.5200057473481965
2.547730224316576
2.5583978138186025
2.5759244424743977
2.586218756611528
2.602647015876728
2.726118214100757
2.867039724098176
2.9049858388287877
