-2736.929236361777
-2191.350861104801
-1777.9893770278104
-1777.6564501022121
-1732.1071675430535
-1342.9083469425027
-1268.260738853898
-915.5160014576946
-596.5073898411016
-509.15499653825344
-357.7884857559643
-357.38989024645696
-347.6525255766506
-317.3164737510724
-294.11508837584967
-292.10710816278555
-277.86928460275135
-250.49708785101322
-232.33735134453116
-225.1489083540608
-219.95183182806383
-207.7075301947478
-203.96929734958857
-201.45805131210537
-186.50891980016533
-153.71312091817668
-145.89446844867197
-128.70369633987966
-128.39338839699658
-127.2045945681328
-119.79605208438817
-119.33099539699981
-118.75833123851692
-114.34272688804415
-112.44657218827561
-107.891966271453
-107.25690727986678
-106.26765124138859
-105.60321945200532
-102.17923784538293
-101.090023846701
-98.25032586386803
-96.00758718138621
-90.99319757960656
-90.98948015781819
-90.92966242884363
-89.49221351154601
-88.51924847706378
-87.87911570616264
-86.06755148100764
-85.91760570711646
-84.57002035845628
-82.78147654574924
-82.60034770433505
-81.99507927970356
-81.29528350714303
-80.7212434613539
-78.6318827302374
-76.41129697282614
-76.23165465776236
-73.23425916900202
-72.38626015103894
-68.38192020177908
-67.68243259015556
-65.42769323594068
-65.39968246813035
-64.9397559572474
-63.18924579711397
-63.10293231768351
-61.9446523794079
-61.6812200287939
-60.157683422325675
-59.47682734528323
-58.457167959641964
-57.01778661553017
-56.51967229584303
-56.2962608496394
-55.92688487294709
-54.51234182636726
-54.24307605542282
-53.16851549094585
-52.80959198703509
-52.680418553074354
-51.13932440865572
-50.614212315793814
-49.98070878460724
-49.87483180491401
-49.42358748792349
-48.54731121070093
-48.313120684876836
-48.22699525712919
-48.12729123856224
-47.18307915391112
-46.286305935743606
-46.12227354884735
-45.99049746139494
-45.62926194763546
-45.08195206795854
-45.06130274746966
-44.86826962395505
-44.430603039634875
-43.674807125602825
-43.14806774750517
-42.41201004472197
-42.224801264512074
-41.811752640200716
-41.48201497169763
-40.33655989302337
-40.12030018521345
-39.86370646659632
-39.76604629266262
-39.536447975214955
-39.4454729310244
-38.5514710190174
-37.794053493124466
-37.781034789159094
-37.04112144564731
-37.00093324170567
-36.73413444865898
-36.545256648535634
-35.77365507180544
-35.57512237646316
-35.125305930885006
-35.12067378849026
-34.34472695788655
-33.767709172970335
-33.60254041076944
-33.54498005259758
-32.78585380797709
-32.52719507002467
-32.49459784558818
-32.10584516746127
-31.384336696179577
-31.267035614030632
-31.04531647430548
-31.00619121704291
-29.960040613009436
-29.876410521671165
-29.581324808111507
-29.49390947017246
-29.405205745036426
-29.17787344971042
-28.79679719464467
-27.989038620241494
-27.981490184984644
-27.646659749957667
-27.64111171849232
-27.5684728410059
-27.017010479233026
-26.992701456653393
-26.978820663605372
-26.77532491788397
-26.24743402012642
-26.10329937063723
-25.813038148634625
-25.648208847881683
-25.599300468933205
-25.433021671035984
-25.202570725335203
-25.143779936585634
-24.859486832114943
-24.52408191605372
-24.50748529302626
-24.31984849210077
-24.25034155143716
-24.2434383775297
-24.214225079232317
-24.173932964460917
-24.16926501524893
-24.11409380530961
-23.82178601585146
-23.81263930695535
-23.726313326663053
-23.696691886692452
-23.612527938859774
-23.47866636396582
-23.45968770753823
-23.407918393949313
-23.25706342402655
-23.213573137533388
-23.18763777741375
-23.092359137200386
-23.081405565828035
-23.051844365740948
-22.90039175372618
-22.881613290766367
-22.75628507591907
-22.629961221311092
-22.60382067059326
-22.593952037919856
-22.56171005505447
-22.519052807292752
-22.471517753797542
-22.207704984214175
-22.052948107662765
-21.754067672100902
-21.715741262590303
-21.644540336684784
-21.600269512344376
-21.501705580279143
-21.498118773568827
-21.482466272535984
-21.47106482326301
-21.437625313919483
-21.096200261442704
-21.040795000499344
-20.872592147422317
-20.831194048601024
-20.80756593147492
-20.704128245590713
-20.66659559812954
-20.61547972986908
-20.543535979775008
-20.53610188630965
-20.515650109329638
-20.44809434740118
-20.20775083175612
-20.15314944975278
-19.890706106882984
-19.85702091845043
-19.85095965821207
-19.81982194918703
-19.798249486451788
-19.764173931399455
-19.716786957008384
-19.560486533699063
-19.49919041035065
-19.463598362283037
-19.341015073055782
-19.327802816386555
-19.32316099289074
-19.129273601559035
-18.993985511016252
-18.960604427807347
-18.685675845285843
-18.617955900884745
-18.55564040998769
-18.527378640242315
-18.505038107516537
-18.377133350680346
-18.350625849111715
-18.33462581004454
-18.260043011044523
-18.20974838595306
-17.85366406053733
-17.81017565818498
-17.743665855803272
-17.709452436633033
-17.56854265106158
-17.520547738696095
-17.389811906389113
-17.333167176645272
-17.22299047351906
-17.1973611360209
-17.16938512549573
-17.15179511116937
-17.130305095655366
-17.06982931227427
-16.980009317516313
-16.90890105604139
-16.861441338534682
-16.77251304500151
-16.759562467994073
-16.724581361245278
-16.609379081434703
-16.577960639672014
-16.551627147115294
-16.49880604835644
-16.496088732298123
-16.494825165536586
-16.3154901587954
-16.304260906051454
-16.276965116753924
-16.202655688234366
-16.03352728643887
-16.000799439766478
-15.979821280287094
-15.941712896861592
-15.866696669350526
-15.836160234578724
-15.785885237202208
-15.764421340492635
-15.721670647310342
-15.690548643087642
-15.64663026734022
-15.592234030260528
-15.50248457395307
-15.395894112411696
-15.350970903384999
-15.344704504973418
-15.238200345319735
-15.221273690341413
-15.174696539585444
-15.082424880033875
-15.081041795250053
-15.075645349409822
-15.074694649822721
-14.863425134229203
-14.7892304595484
-14.74072152647684
-14.738222026184413
-14.59305900751315
-14.571917518755615
-14.518575257239402
-14.4591267615852
-14.395727304353308
-14.355106046786075
-14.161074640892453
-14.04563031123041
-14.029334115256692
-14.019332434896238
-13.999349257024948
-13.986234610431538
-13.9765159827501
-13.949572320914585
-13.943248701766883
-13.91245680050925
-13.909284954073541
-13.879465854107886
-13.734461881224593
-13.718889255129524
-13.674021920499632
-13.651852448578548
-13.534990945610637
-13.522215750732826
-13.493262747940165
-13.484713422319397
-13.483596011869485
-13.429726111265046
-13.429239064456006
-13.407051933348907
-13.404917795083655
-13.3830060237864
-13.342597843851062
-13.328227983375452
-13.312577357801338
-13.278302257595627
-13.226681027014873
-13.211196278547934
-13.19219819799393
-13.173839335644947
-13.16799578840319
-13.161596069799112
-13.120928750192874
-13.081536582732113
-13.043514600443846
-13.04339280651253
-13.037933408669545
-12.947467457912866
-12.94174065270688
-12.905361192781886
-12.861790724597572
-12.779084313148193
-12.736889087967926
-12.725180914297077
-12.417335869173558
-12.383736839803648
-12.362169750454179
-12.355691942180524
-12.307640664181129
-12.230808726655944
-12.172397711381109
-12.157243016113922
-12.142713926510499
-12.107477449231824
-12.061064748459607
-11.986808026997426
-11.962869838335804
-11.896455860750619
-11.83561269023689
-11.820241302715953
-11.713327366067993
-11.67696668738327
-11.673212337125117
-11.670184536646794
-11.657768619290861
-11.628255462936536
-11.551363433106612
-11.536592530060313
-11.53481518362791
-11.513386873141396
-11.470518609627764
-11.43076165010124
-11.356322140445524
-11.333509494959694
-11.285476242866238
-11.262565483983067
-11.246542328971259
-11.22500345533063
-11.19518838232855
-11.169692946746947
-11.163641787406071
-11.091076361353817
-11.054004127214483
-11.012689246433856
-10.986498394280368
-10.976564653593943
-10.95917566795164
-10.897183191535186
-10.896974151190204
-10.883319866261937
-10.837624377000143
-10.837525429396234
-10.805634532314071
-10.786187009435709
-10.757454294374874
-10.757308225927876
-10.743578919364257
-10.69446878405581
-10.595162715899443
-10.593635961184951
-10.586184031855389
-10.565640901121968
-10.520202024028247
-10.452930917185933
-10.448671097403206
-10.412526076781116
-10.384152607196203
-10.373364336538687
-10.334971265356248
-10.331436242140228
-10.313597308610527
-10.299212115698612
-10.266727694880874
-10.266152309805399
-10.235868747150716
-10.209025638555305
-10.197914834605932
-10.166897515062596
-10.129070382716511
-10.099342991740944
-10.088914362960182
-9.950187175629317
-9.922830667587503
-9.897631169872412
-9.888022189796875
-9.856844703449054
-9.84886276704136
-9.825752608046262
-9.82151197274163
-9.79959646110013
-9.763241962239066
-9.742014416691845
-9.739657167448197
-9.704204368644252
-9.697683864964414
-9.679415003098324
-9.673762339222225
-9.63842558837757
-9.622529923224775
-9.618995647329744
-9.618241190335826
-9.601903523789595
-9.586800847814507
-9.58008029874857
-9.530213480949262
-9.461658798676805
-9.455341591552337
-9.43645307662782
-9.430182064340963
-9.381263817890286
-9.378135278518918
-9.317449019624526
-9.274338428306585
-9.259638785830715
-9.246734546642559
-9.24436066612533
-9.243899934055818
-9.212731952705335
-9.21000051416765
-9.117482245776378
-9.105601627425838
-9.095694935550217
-9.091728983846014
-9.084812581598252
-9.074888155088285
-9.002827511600737
-8.949701854626474
-8.917174473079609
-8.914197462930543
-8.910252286966287
-8.899267247302452
-8.867465335713424
-8.842000516539981
-8.818866220338904
-8.818236640130285
-8.816758971198713
-8.81233762974035
-8.811725949213134
-8.781675409783613
-8.775894374002405
-8.762274489849032
-8.760638622106175
-8.759379817042614
-8.747509251323226
-8.741871771941156
-8.735244037464895
-8.708255738542483
-8.666781949780226
-8.655922309436194
-8.65199290678715
-8.650443425284353
-8.633173487016712
-8.61591562843145
-8.581084483685279
-8.565402591309114
-8.560778697083284
-8.554757773618284
-8.530293049014928
-8.52841467765916
-8.522352103406494
-8.5066718075771
-8.493273268564602
-8.489783350654475
-8.477191427014073
-8.470795847226285
-8.465060951772736
-8.438447325606003
-8.437636765367657
-8.43569711174742
-8.431018844567351
-8.422454038800828
-8.375326431012189
-8.361273179357696
-8.356397425841456
-8.356287983887082
-8.348502770381243
-8.333232780344456
-8.327933031263852
-8.313275384953059
-8.309646821222216
-8.284591902683676
-8.272210091814628
-8.264207787379329
-8.242515218131269
-8.237761608045679
-8.198588800536026
-8.152284876289922
-8.135953868592292
-8.134791874136614
-8.111166337897789
-8.103655827011467
-8.100663916059737
-8.100414951760039
-8.058422712719736
-8.018304481292276
-8.008723162836766
-7.989410589544347
-7.984237801570133
-7.974360573175101
-7.972618513152443
-7.946274955532697
-7.938608295738085
-7.9345077022522466
-7.914973331100173
-7.911649943952876
-7.910580348894662
-7.888599088390436
-7.885742583023157
-7.88242086588982
-7.848306063535319
-7.8463496333058345
-7.840423274854063
-7.837788192764713
-7.746943123227771
-7.735451086618725
-7.709612818123927
-7.697311243983743
-7.67506436510722
-7.666658298226474
-7.659003862618837
-7.620150334342118
-7.611941827861914
-7.598845402978579
-7.585393669064048
-7.580496358375356
-7.575881901401418
-7.562456810390913
-7.559404236478288
-7.553106402346831
-7.540670993910329
-7.522642924094997
-7.516818529805217
-7.492634361084993
-7.481307718078131
-7.474328637700216
-7.469445801906161
-7.466502713900448
-7.458524593599744
-7.437676601876275
-7.437573290878724
-7.436347945800221
-7.422267453322942
-7.420097574828137
-7.410723902198007
-7.3665843047698125
-7.339208901167237
-7.336353871197087
-7.331186283292807
-7.311635309915024
-7.295456304113669
-7.2915281649848485
-7.27893320986138
-7.267289554282522
-7.260432965374017
-7.25677266456078
-7.2492037266212535
-7.232114641624138
-7.22958276580192
-7.227062904702328
-7.190245300603798
-7.1875443915066475
-7.1809133289657705
-7.178329720069048
-7.174568078600205
-7.17270564981081
-7.161113721648462
-7.157443736271288
-7.156923168945427
-7.152184903101096
-7.151238712381396
-7.147900633127516
-7.1390208204360786
-7.1371194871068315
-7.134156589404248
-7.134133485111164
-7.1330737701245575
-7.127502349789405
-7.12346621497832
-7.115920441195556
-7.074664183332674
-7.06691949612393
-7.057608351420523
-7.056684890813742
-7.0358606318328505
-6.928821813854105
-6.912785768847236
-6.904324666096463
-6.884534286788689
-6.872640088956398
-6.861290708316969
-6.856513262206972
-6.852912417390746
-6.841804994115604
-6.824770340145306
-6.809310305289088
-6.799176383332243
-6.77920883414746
-6.770261645197376
-6.748048011451033
-6.730223698270428
-6.722858930547997
-6.708758460241723
-6.70480717419787
-6.696525168718936
-6.689500987503887
-6.687834250111354
-6.687132594774926
-6.659048446349594
-6.654599903973715
-6.646563884710089
-6.642939444420622
-6.635376110727199
-6.630927632146285
-6.598996424470454
-6.598569464591607
-6.5806211682868945
-6.575538575726119
-6.574264170577338
-6.5701568634116905
-6.568281727215584
-6.568269585189499
-6.551899816935925
-6.540600311019737
-6.538022022724521
-6.53473017261446
-6.532277161488164
-6.517995253264923
-6.485701766261123
-6.460029767804921
-6.432119010630686
-6.428242734349151
-6.426697187576501
-6.403524094001276
-6.391497089927494
-6.389724599524559
-6.3870834128790674
-6.386430944930273
-6.3735391370642995
-6.373349109729848
-6.362782424951295
-6.362295264729015
-6.3470261826892145
-6.339823920744829
-6.33647285712645
-6.327504186019228
-6.3131841776693065
-6.294251076308344
-6.277740265939865
-6.269233678349962
-6.262748695290611
-6.246594366679394
-6.242076045344094
-6.24022676201572
-6.234707788136364
-6.229389877861818
-6.229042985562064
-6.225695339160085
-6.221157717518873
-6.2165474750246625
-6.202706174571535
-6.199978894168388
-6.193588147894518
-6.178422540789899
-6.168582405594783
-6.163137668635468
-6.159751251701264
-6.156852831282796
-6.154091987825205
-6.153124791748597
-6.141744282732185
-6.137613909273925
-6.136604950519726
-6.136196555763355
-6.120847134948667
-6.100298487951381
-6.094318156902371
-6.091429833615082
-6.089748086225723
-6.070998606342499
-6.0676202281683
-6.058583458647492
-6.058152461097516
-6.054556511338088
-6.014245037735631
-6.005377130133924
-5.997551775403908
-5.99688610592602
-5.984736057156803
-5.984422166091094
-5.973574177323824
-5.960745771442272
-5.9577672053513355
-5.950114677211678
-5.9470913312836355
-5.942621073783636
-5.942608378475113
-5.925380916519898
-5.918485815441225
-5.916579366523661
-5.9100896607533135
-5.883859653037253
-5.875776999244317
-5.872997648284662
-5.854999726511239
-5.849523995157747
-5.84075111611337
-5.8314048581956754
-5.823708914687511
-5.816900017929452
-5.80268087862575
-5.789614449578411
-5.789424930756778
-5.78873479915634
-5.78190782362459
-5.776957292585731
-5.771400637187909
-5.767257931580729
-5.752511849256507
-5.750530510543234
-5.747152445434432
-5.735713657645934
-5.727591330150964
-5.72621679390339
-5.7249529988701555
-5.7218954961156925
-5.716730263495583
-5.714865934828384
-5.70129274795889
-5.6963712399783795
-5.690613429670299
-5.683055294165356
-5.671435364667788
-5.663227943611929
-5.658526123202209
-5.657612701684102
-5.6465778327515705
-5.6382883470632805
-5.634153704350084
-5.6244644016966445
-5.623997014993621
-5.622672872591323
-5.616097092065494
-5.61412275739671
-5.61410709539866
-5.604926851639679
-5.604484073200691
-5.596454200082263
-5.595099629992014
-5.588583778169822
-5.573703093432931
-5.565554543565768
-5.542465796865731
-5.538934639999201
-5.534897579621896
-5.534311976900456
-5.531007116072329
-5.520256532062689
-5.514538419358186
-5.496183209573905
-5.492472058995164
-5.48376025681295
-5.481898774303609
-5.481159912279816
-5.465730296318932
-5.429156769509389
-5.426074603858694
-5.424491353869038
-5.416999578897196
-5.404005752882108
-5.400896424435269
-5.396912288196571
-5.369538703847275
-5.36294514675203
-5.361639813339873
-5.358821839688544
-5.349311949946316
-5.33346999352089
-5.3039031135951555
-5.294778741439904
-5.274932541860532
-5.2674833242104055
-5.266538906407692
-5.265424298813599
-5.259114672845063
-5.252055134611358
-5.237715354573741
-5.204554208304825
-5.194925461733471
-5.18359320672084
-5.164462784448404
-5.1528469370033605
-5.1436017538010494
-5.136383412551156
-5.1300812622568674
-5.110254067068102
-5.085041861514081
-5.084416351931697
-5.084247289073476
-5.078702181948903
-5.075248202584087
-5.064637226205159
-5.060207688316346
-5.0496303961975535
-5.047072320950617
-5.04245708550543
-5.040860202674899
-5.0394199499579155
-5.034631528026772
-5.033998143014312
-5.033417050673725
-5.027503805316035
-5.027452822285708
-5.024365388098414
-5.021007076362358
-5.011828360653519
-5.008979176320192
-4.992106747190627
-4.990056835253444
-4.977666948766194
-4.9724448598862345
-4.9663124070271785
-4.9607193142404675
-4.960254375600435
-4.9600843752166695
-4.956820500276028
-4.956777312515587
-4.942072414852256
-4.940795825891673
-4.925577528185204
-4.923466026859245
-4.917937260176799
-4.912870441375181
-4.905314793967781
-4.89746241733296
-4.895095330467243
-4.888188689873267
-4.879376924228875
-4.876576305982359
-4.871677206360481
-4.866916698893402
-4.847248760338371
-4.842698018504102
-4.841498046911092
-4.839064473289787
-4.830172133640227
-4.811873009943668
-4.810063389118087
-4.790962751955873
-4.777556463015257
-4.774996948198432
-4.765722206733912
-4.763542229503016
-4.763190655767641
-4.762532421161634
-4.759680083450361
-4.757991443134807
-4.7409685890421684
-4.734168369673368
-4.73412127000001
-4.725655718141546
-4.7242192632484645
-4.706057807806852
-4.702643464011167
-4.702530959530279
-4.698907683508787
-4.698021415834177
-4.68596698476513
-4.685535934560594
-4.673104023124038
-4.672218881694958
-4.663365201636631
-4.6590562961525475
-4.657470623902812
-4.657319295812349
-4.65395138558633
-4.652550528292496
-4.648668010152077
-4.64026713710567
-4.636535457294262
-4.634401935714669
-4.633479891630665
-4.626726463989842
-4.6265554763183
-4.618494430360144
-4.616378073506832
-4.601442654883823
-4.594992395422519
-4.592967825444262
-4.582476659094666
-4.561350953476025
-4.553189630436162
-4.551948812815459
-4.55020604453167
-4.545172976738083
-4.541611989330474
-4.538739062964214
-4.530605089741709
-4.529491965534936
-4.525386071566403
-4.5246222179771705
-4.514716232621644
-4.511513646333288
-4.510109404626756
-4.507652117007318
-4.506006730761758
-4.503123420002936
-4.500842786029806
-4.499509478863864
-4.498579143889052
-4.4907909727062645
-4.486120657851028
-4.484570748306771
-4.480466766015921
-4.462748091545624
-4.45966870239137
-4.455001642648027
-4.454626133504201
-4.444815170060047
-4.441421387114218
-4.415698311487843
-4.414475426174965
-4.412161290443597
-4.410855611907456
-4.403922950741129
-4.398282643866289
-4.3979606092494645
-4.3967052225183
-4.393159544926757
-4.392067857803932
-4.39013034442415
-4.386485945862293
-4.384241322892027
-4.372771271914389
-4.37238338551672
-4.370903826609253
-4.363525608846876
-4.362726642863466
-4.35926677325421
-4.359235205479083
-4.350223956064137
-4.3486353309057675
-4.344298514621872
-4.334011342127767
-4.332002367867529
-4.329569484785341
-4.327858871643455
-4.324727384710667
-4.3174467212753465
-4.31226737715979
-4.309533373429765
-4.300971235952597
-4.296181749928162
-4.292612666818757
-4.290297305810684
-4.282930241102138
-4.282876121899259
-4.280890609017457
-4.270211953627149
-4.2620076553659505
-4.260469752035604
-4.260122555672195
-4.258787187336234
-4.254860275118901
-4.254419534337029
-4.251136179190791
-4.249947151586916
-4.24830244663891
-4.247936578372043
-4.243151661867909
-4.240203586758073
-4.235264273977404
-4.232721458022747
-4.227452054673478
-4.222947673114796
-4.222591834013556
-4.217781812715744
-4.2020841319703806
-4.1916950021352815
-4.18064644321535
-4.179118238726765
-4.176320283313685
-4.170603360377723
-4.170132364151282
-4.159734253755521
-4.159609924929534
-4.159473860857778
-4.157260702078227
-4.155263651940391
-4.151847524469053
-4.1502611633772055
-4.148136088677598
-4.14649863998085
-4.146014034024762
-4.144991050916935
-4.13300104644271
-4.13218550220193
-4.124830923987142
-4.118716760957102
-4.118169957596468
-4.112213275880124
-4.102464210561757
-4.1006043251239195
-4.090171062859809
-4.085039676216845
-4.076903168631368
-4.07636745788022
-4.070885212801549
-4.070681003260069
-4.058366749481654
-4.051865032497764
-4.047909828033616
-4.033766060170907
-4.033426171478777
-4.03006741497068
-4.022596247633701
-4.019248560107046
-4.012947480309686
-4.010454297177667
-4.010345273493404
-3.990348666628151
-3.9876482440458343
-3.9784075170929576
-3.9728890656171383
-3.9714451599505782
-3.9707685453030024
-3.9656382092759697
-3.9580390061205444
-3.9535734701777057
-3.952007986079047
-3.9304554740624615
-3.929839061765921
-3.919002009068075
-3.915490391097567
-3.914192930295368
-3.9112254904413826
-3.9037599248922024
-3.9014811005845793
-3.8999270500423173
-3.8956060080933916
-3.893739616499164
-3.8890057707159738
-3.8874439850552482
-3.8849931927806303
-3.8825963347114056
-3.878099243157069
-3.876750884786309
-3.873921735928863
-3.8732062392563216
-3.8699452766634512
-3.866391485970814
-3.8649765976101538
-3.8602062978880474
-3.848126212711
-3.8387222175007474
-3.8294583422346973
-3.8188822475550688
-3.81650515599505
-3.815839990962591
-3.8129744343614096
-3.810513425473875
-3.7931806517667788
-3.7823620823044557
-3.763061733677877
-3.756969954061436
-3.749583638037438
-3.7486198753098914
-3.744459175485866
-3.7353949503185016
-3.7339552472875024
-3.732735619873873
-3.730127505940339
-3.7275654306161092
-3.7271539216181804
-3.726838562564085
-3.726511198210645
-3.7231473387823124
-3.7073484468727482
-3.701393844632636
-3.696864003668215
-3.694170113432703
-3.6919859380774485
-3.6917384615855378
-3.684699216654302
-3.6710145302610018
-3.6551753453494706
-3.6512987270199426
-3.6505908319096396
-3.6499793293015204
-3.64407153281637
-3.6322766991090742
-3.631034813464283
-3.614778847506003
-3.6136239042301472
-3.5973550631072477
-3.5957213813550535
-3.593975202460962
-3.593186270374119
-3.5868281999210927
-3.585845195030708
-3.5852792156439888
-3.5836537648801277
-3.575962046649194
-3.5717146244583953
-3.5708102384326157
-3.5666221548814843
-3.5630660746121836
-3.560818869785772
-3.555750138448721
-3.553629280515831
-3.5504423655250363
-3.548636511080211
-3.546383852338654
-3.543612785995707
-3.5398609101860044
-3.5342860936921694
-3.534094130978934
-3.529286023494839
-3.5235984490498558
-3.5231817783990302
-3.522186118621031
-3.5195511707212916
-3.5187421840982815
-3.5119806599461527
-3.510368481950014
-3.5032811828924935
-3.499141148916422
-3.493704673474062
-3.492768932767872
-3.490038000064441
-3.48719531009021
-3.479782929448556
-3.472398741575168
-3.4664873549717634
-3.4630507782392463
-3.461055316081032
-3.4608810385658297
-3.4583420209799427
-3.4573935584338544
-3.4546762381137217
-3.443204212284836
-3.435991444364328
-3.4352811326433352
-3.4287670272112907
-3.421636949638571
-3.420475983501493
-3.4181341673461962
-3.4122396908724406
-3.40643349717823
-3.405989319971403
-3.4046265875223556
-3.40004504635419
-3.3999212050963825
-3.397895362482441
-3.3966428958659804
-3.3937179310364995
-3.3926499568346884
-3.392493760575313
-3.384322721013911
-3.3748721912140565
-3.3717886721100765
-3.3675069007350835
-3.3563157755440987
-3.354327155533549
-3.3470383471020897
-3.344351285103355
-3.343998194437332
-3.342619311874446
-3.33427304717514
-3.3341619204849726
-3.3336833291751256
-3.3320647711237203
-3.328489291093896
-3.3268944991005878
-3.3208699097854724
-3.318684547052028
-3.3112401903784137
-3.3106462046350056
-3.310208536624172
-3.307903851928417
-3.306171837218334
-3.303822574683431
-3.3017221660804084
-3.2997779231054265
-3.298705959793156
-3.2981526530883047
-3.28466514463218
-3.277158303776722
-3.276594849731003
-3.275719492289378
-3.2747717513857335
-3.2731340316448794
-3.2717248424687146
-3.24802945726997
-3.2445359164792906
-3.23626547450055
-3.233368879948833
-3.232905466009763
-3.231545295255203
-3.2252204917959655
-3.2242683757981654
-3.2225118767869816
-3.220959757817313
-3.2177743598237036
-3.2162593492598854
-3.2136280613176043
-3.209807416265342
-3.208107193518944
-3.2060523838251664
-3.20578237163775
-3.198592292526515
-3.1934259166635877
-3.1899567017636876
-3.183811788088015
-3.1781370838781156
-3.1740677495787866
-3.1724516066863933
-3.1693824911883177
-3.1686053930231446
-3.1632940145773984
-3.15914030614025
-3.154127792596201
-3.151151095209211
-3.1505831243633597
-3.1482168185129957
-3.1470597825700235
-3.147055304081335
-3.1384123241092903
-3.1341655365065897
-3.1317406237847223
-3.1308317912229917
-3.128533496241881
-3.127976111520421
-3.1254829066138963
-3.1242717002693863
-3.1206995389479575
-3.114382652586679
-3.10619877902487
-3.096189347783415
-3.0944148393792514
-3.0939012426337387
-3.0927083699715636
-3.08676822078426
-3.0837530886698654
-3.0751546811657327
-3.067357142824613
-3.0670629715277222
-3.0665584335710587
-3.0588893314842824
-3.057344171825818
-3.0571467606025933
-3.0560810108831937
-3.0536466683710524
-3.0520578284577486
-3.048737515358531
-3.046982483492812
-3.044601133221093
-3.041423241708026
-3.036040942443662
-3.023838972241453
-3.022527695682695
-3.0195610256135077
-3.0166042633992154
-3.0147404467228345
-3.005623612821113
-3.0022754097928575
-2.99382100953813
-2.989162842796185
-2.9827172139676583
-2.973447169203869
-2.973010868159166
-2.9717404942606698
-2.9715333689674246
-2.971097294385042
-2.9693666654513904
-2.9687190471857887
-2.968487939163451
-2.968304954000341
-2.9680735084793137
-2.966176935946436
-2.9654729089520346
-2.963349082989531
-2.9628947411490936
-2.9611427282148757
-2.9467151896545856
-2.945207523907194
-2.941648775484808
-2.94034489261677
-2.939425841543035
-2.9388187754868653
-2.9350898325479893
-2.9347791130208813
-2.934526840046156
-2.933376947837689
-2.92108701044233
-2.9204446913703594
-2.919007030522982
-2.9182198033478826
-2.916655573358775
-2.9165871709616726
-2.9155946826307857
-2.915498541099663
-2.907245349510366
-2.905006565455106
-2.904451318251456
-2.9020491861431115
-2.900586498684075
-2.8915945441312947
-2.887561001826544
-2.8864830296839123
-2.882707896958437
-2.881064039665732
-2.87196577354093
-2.8698930083113616
-2.8685392432331747
-2.8684903759886833
-2.8656481770577815
-2.864093610560506
-2.8640156619533856
-2.8624361685561173
-2.8600450671407165
-2.859590905777107
-2.858293553496953
-2.8563764271197902
-2.8554077855664843
-2.8498655639480637
-2.84903147339859
-2.8467930761969535
-2.8450897332204637
-2.844515492090804
-2.8372547352645983
-2.8355790092216333
-2.83531418544763
-2.833558147118074
-2.8297098647390544
-2.8237570538682952
-2.8199936574401105
-2.8162377119072546
-2.813762656877496
-2.8111689151453247
-2.8094923865069847
-2.8059994350787614
-2.8053089794324677
-2.804439681767606
-2.803587597150537
-2.799235111464973
-2.7992292881821936
-2.795416105626761
-2.792455337803997
-2.7911391345377163
-2.789909662052345
-2.785025706909
-2.7843451696100505
-2.779708634918663
-2.776139822397846
-2.7758145902683116
-2.7744843682552394
-2.7688599495480375
-2.76781391044577
-2.7577109727279874
-2.7565656079555096
-2.7556977638651396
-2.7552742974502333
-2.749855797219694
-2.747787934727322
-2.7471805583741826
-2.746799962174348
-2.7387049864307933
-2.734318315014894
-2.7235001194012667
-2.722362063577836
-2.7135284983592043
-2.713400315114567
-2.712875397976693
-2.7112538491001885
-2.7068622621169656
-2.7050903071798738
-2.702356507208152
-2.701112601195858
-2.6963171574048337
-2.6934027005389365
-2.6842542896141364
-2.683816282743028
-2.682608646785969
-2.6818383497027227
-2.678958890714143
-2.678773187438782
-2.6785955587170274
-2.6758795252408234
-2.6692174310602237
-2.667093092525387
-2.665723083634314
-2.6648772897227597
-2.662062382376208
-2.654543153975746
-2.6541125603916744
-2.6489777369530283
-2.646282640247921
-2.641984506851915
-2.640723719298568
-2.639487832278136
-2.6392384281011645
-2.637920467451445
-2.6370620441331987
-2.6352023278737144
-2.634019545495776
-2.6314908830871713
-2.630884730334068
-2.6240743702461833
-2.62261170154794
-2.621372792961073
-2.62000454256195
-2.616093595884653
-2.6157573630358977
-2.61510584264633
-2.6127544848820845
-2.6108556732605805
-2.609671278836753
-2.6048995489974844
-2.604427869317626
-2.602510159477393
-2.6002515761516833
-2.5995279686001562
-2.5994722595568245
-2.5957478941216867
-2.589115818181253
-2.5866681787881154
-2.586641731716031
-2.5849907671362717
-2.5804439406495074
-2.579644288587439
-2.575876893849579
-2.5752726120138254
-2.5734458267785225
-2.5723360629388985
-2.5723070233521987
-2.5655385586578756
-2.563893172612638
-2.560054968839598
-2.555201400160864
-2.5545617923325756
-2.5540650092618904
-2.553555978324462
-2.552419774502736
-2.5507579987204037
-2.5507354679196306
-2.544841884432673
-2.543274394350235
-2.5422479492122125
-2.5375821166941774
-2.535964056814749
-2.5358289609001896
-2.532595393367134
-2.5323788463507984
-2.532273797689854
-2.5292644802194006
-2.525453501418361
-2.51699097839059
-2.509744902722774
-2.501839586375331
-2.500623538739185
-2.497169760851292
-2.4913770647141473
-2.4906151958885827
-2.4898441362206607
-2.488547693679081
-2.485981819774189
-2.484158307831036
-2.4831694030052303
-2.4827384766566527
-2.4822694277464317
-2.4787331946378384
-2.469372669032751
-2.465458677428861
-2.4649795367329026
-2.4585183077116453
-2.456684550472257
-2.4501031411215184
-2.4500025503398555
-2.4452247609875704
-2.441320950580666
-2.433240704589469
-2.43063519814242
-2.429405410139183
-2.423475134643943
-2.4176806182593547
-2.4143764298624872
-2.4087152967487357
-2.408668254326592
-2.4045059493051966
-2.4034426863055844
-2.398940671720193
-2.3972272554890592
-2.3883385402632316
-2.387944873060791
-2.3846821079035667
-2.3819413153081137
-2.380853355767695
-2.380395060984509
-2.380377023037666
-2.38022171433113
-2.3791426909012925
-2.3768017850795844
-2.3728223941220024
-2.372206728492202
-2.3694960257175923
-2.368563485651703
-2.368322208516359
-2.3631213488496297
-2.3630944489066996
-2.3623467941233165
-2.3619397268216797
-2.3618724967134357
-2.3606708676253736
-2.355242336795098
-2.3524500278508036
-2.344509254480931
-2.33856622233353
-2.335715646992191
-2.33278416681651
-2.3318033184940963
-2.329912187632415
-2.328398017193093
-2.3270521189345907
-2.326568412930129
-2.319195185608882
-2.3138377587160526
-2.3130806399963877
-2.3124254336591457
-2.308703769071419
-2.3076290521309097
-2.3075865614301025
-2.307040132890529
-2.304378083679888
-2.3034319910224896
-2.3007441127426325
-2.3001467893111185
-2.294882721709592
-2.294546281375582
-2.2877839049840616
-2.2867944090012626
-2.2845021686547815
-2.284293685522045
-2.2819085821931884
-2.2808590239680555
-2.279058759572714
-2.2777492285413836
-2.274248698069393
-2.2707681077793636
-2.270527389909952
-2.269987518433437
-2.2676536469665587
-2.2637757280903035
-2.2635438742910807
-2.2589317515372005
-2.258503037205065
-2.2570356202051984
-2.2567732288352396
-2.2534857200011538
-2.2522532929385637
-2.251667602638179
-2.251148386784788
-2.2414060816074683
-2.239941153439954
-2.2375300364804986
-2.230390482621258
-2.229155125047342
-2.224640897203006
-2.224358140897972
-2.2241367901704354
-2.2231834520716545
-2.221590980803045
-2.2188725818400723
-2.213639049158792
-2.2123961642173824
-2.211731955957916
-2.2107773084112727
-2.2101399116369964
-2.2062724467825117
-2.2056663022442717
-2.2026931739426296
-2.1982290216842157
-2.1981164272154308
-2.1938903864770793
-2.190235388120079
-2.1889981708237265
-2.180871432409833
-2.178808382503177
-2.1771623609214337
-2.175930545614419
-2.1717401123703093
-2.1696775549440743
-2.1682063258531903
-2.16717704211894
-2.1669525565917063
-2.166156920548606
-2.1640414585407606
-2.1624600857143377
-2.1624249386567196
-2.1582022664828546
-2.155032013550293
-2.153814514245956
-2.1537480462195915
-2.150934622588564
-2.150372314917404
-2.147152861652624
-2.1459347588306104
-2.142287437518901
-2.1387093560333144
-2.134046714902733
-2.131370239224053
-2.1276576962165223
-2.123119332882678
-2.1176084691309875
-2.1164084433480417
-2.116389971454826
-2.1108142580938294
-2.105974413810073
-2.101885752456404
-2.100876726679995
-2.097409745386995
-2.0972917871099135
-2.0909157207665454
-2.090454494339987
-2.0896565487224392
-2.0833311880280454
-2.0804631882305804
-2.0789766734573893
-2.078783706310813
-2.0764332131480865
-2.0743713470622955
-2.070570389583198
-2.0631232200019127
-2.0595653370121045
-2.0579497762245027
-2.053608700962015
-2.0518204802453073
-2.050208217800967
-2.0489682003362844
-2.047266834968129
-2.046559909653253
-2.045892588570851
-2.0456883779159427
-2.041476550298102
-2.0409587056524017
-2.039175628463119
-2.038479808594655
-2.0370873557126656
-2.0291407340599683
-2.0259032145460107
-2.0258491142423227
-2.0244463084931543
-2.024164614811069
-2.023311317216948
-2.021563158308346
-2.0214457533630212
-2.019946890181248
-2.0141971660195153
-2.0122432388956693
-2.011398571747613
-2.011388586910274
-2.0069463277270305
-2.003078361401106
-2.0027323679946165
-2.000879258403875
-1.9950220995942916
-1.9907871743295285
-1.9846307337718714
-1.983007046779154
-1.9809214651023181
-1.9679983757674764
-1.9662116602422242
-1.9649538317927278
-1.9609212046214766
-1.9594246269773927
-1.9588277855588747
-1.9555268147299025
-1.9554495064577841
-1.9541184057399472
-1.9505629937295903
-1.9486822326221
-1.948152040428524
-1.946424045179952
-1.9460419973871896
-1.945931020603099
-1.944545635723958
-1.942936134159916
-1.9416263446065427
-1.9407127024315987
-1.9406537748477488
-1.9385656134468978
-1.9291513919649323
-1.9222856991467538
-1.9219365898595777
-1.9218217996229505
-1.9216704796397863
-1.9215054249493844
-1.921053477128655
-1.9145099876197142
-1.9124698118332157
-1.91229011695295
-1.9121840340316594
-1.910291844397536
-1.9094583968819268
-1.9075725143335134
-1.9070175199118593
-1.9048233415573548
-1.9002754019770673
-1.9001341413668866
-1.8953701357110209
-1.8940419417808017
-1.8874111485445557
-1.886008386401437
-1.8857798826315633
-1.8853515582692533
-1.8798385132686362
-1.8779200777267797
-1.8769470307006757
-1.8765497726512326
-1.8758265602896853
-1.8723657761016455
-1.871559785494202
-1.8715161568866892
-1.87028505876455
-1.8692349025688182
-1.868800116975947
-1.868798454401671
-1.8617802036104716
-1.861335991903462
-1.8606145048375518
-1.8603012516949793
-1.8572046057500609
-1.8528628267254839
-1.8487200202466747
-1.848420740167278
-1.8476819883846287
-1.8457889273068997
-1.8422663760862814
-1.8409221928297383
-1.8397768538837598
-1.8338230193830134
-1.8336687543558998
-1.8336312406393036
-1.8333528262421077
-1.82377470492123
-1.822307054396382
-1.8221684139188659
-1.8188278867090173
-1.8184391806395546
-1.814223281611024
-1.8118230597520975
-1.8111471759219653
-1.80686379745553
-1.804900665515265
-1.804631767532967
-1.8011981620744064
-1.8009762972280652
-1.799406768365224
-1.7952651054131463
-1.7939693194685629
-1.7925773025188227
-1.7921547203254136
-1.7919128747608732
-1.7871728619997498
-1.785046029841447
-1.7805510041486095
-1.777120441987458
-1.7758608472446278
-1.7738327216718681
-1.773530002855067
-1.766988562579102
-1.7657746832797203
-1.7657643247129071
-1.7648278908683126
-1.7628916933960748
-1.7585254805840183
-1.7572267957802907
-1.7534644005484337
-1.7528286302533589
-1.751094906644639
-1.7501566602413998
-1.7499287530017626
-1.7462881755243742
-1.744161165319845
-1.7408509009064568
-1.7406328271675942
-1.738656598691709
-1.7353121343107185
-1.735145372126299
-1.7340239574542948
-1.7330189474782403
-1.7312251212672722
-1.7280594655183132
-1.7265632943610205
-1.7207988003341521
-1.7205681255470422
-1.7205205401678212
-1.7148483673128414
-1.7130498179239153
-1.709135517234754
-1.708358789271732
-1.7059252175068744
-1.7054818632948505
-1.704676982951776
-1.7029389863376392
-1.7027730221342101
-1.7019307142891502
-1.7005809965018432
-1.6986620379021273
-1.6985673187311332
-1.6981065418601304
-1.6968986290037134
-1.695508331981777
-1.6913023297127372
-1.6883497543406447
-1.6859939777772655
-1.6858196912951047
-1.683914637070244
-1.6838955106112292
-1.681406250946483
-1.6724551009110593
-1.6722859549329294
-1.6689466842682572
-1.668598006441796
-1.667965952824904
-1.6671714358775813
-1.6652014029367037
-1.6615298820509556
-1.6602297182514472
-1.6576110910318242
-1.6552126071997517
-1.6538198410041565
-1.651875832264094
-1.6518177582016569
-1.651166281415273
-1.6487243654536508
-1.6472977658089045
-1.6458679226529351
-1.645568527256839
-1.6434052351397872
-1.642811666242974
-1.6383977746316951
-1.6339381449420407
-1.6317438939329674
-1.631555351880118
-1.6288476534490703
-1.627754244710189
-1.6246942005781544
-1.6246689747582308
-1.623424796906543
-1.6231999755042896
-1.6222817736169617
-1.6199350138358237
-1.615541086248406
-1.6104048580044377
-1.6066348869571323
-1.606166108941729
-1.598964918765445
-1.5975534527337831
-1.5973718916896318
-1.5971925711749613
-1.593093825051354
-1.590560041887903
-1.587203468293351
-1.5856141857115604
-1.5837424093146522
-1.5794869701693053
-1.5770942501708403
-1.5768582671842941
-1.576467378876982
-1.5760712938074517
-1.5726223617611532
-1.5708450631226745
-1.5690312656946184
-1.5674264128545703
-1.5674198260777308
-1.5666096954145754
-1.5638921832096462
-1.5618309283218004
-1.56155655140102
-1.5609834964431062
-1.5532453215732986
-1.5531339717371861
-1.5517837790844364
-1.5495384939111645
-1.5493323926914897
-1.5492039333508825
-1.544552502431158
-1.5444933856860723
-1.5398872956738803
-1.5390543061505069
-1.537259727628105
-1.5358048152624508
-1.5354370854912713
-1.5346022385871674
-1.5320328393637812
-1.529791637895949
-1.5297618132984245
-1.526050613287624
-1.5232416234928468
-1.5219207895787512
-1.5204805314944998
-1.5183918186557412
-1.5156474841422365
-1.5108183697203834
-1.5103123095508522
-1.5075004113050587
-1.5073352590769122
-1.5064761903668737
-1.506033425488018
-1.5025569813107544
-1.5005437808178608
-1.4985710514711883
-1.4952108037819638
-1.4935045628849606
-1.49312585445784
-1.4920946899054859
-1.4894943242200118
-1.4894030824258122
-1.487819194170544
-1.4838756261417885
-1.4827146929364365
-1.4811414396471607
-1.4782828837706024
-1.4776947090508505
-1.4772336290277956
-1.4769520197839703
-1.4757950146319028
-1.4754583234504988
-1.47415938491313
-1.4708398567463725
-1.4697153698946872
-1.4644524910533971
-1.4643151403761747
-1.4614303526635826
-1.4596010801976376
-1.459299909048978
-1.4586722942016563
-1.457793586843535
-1.4571460200261612
-1.4556710384984823
-1.4554178224182304
-1.4509060488993635
-1.4501493886961816
-1.4475656836066038
-1.444810399629735
-1.4419585168821833
-1.4352670239936312
-1.4320544037403238
-1.4309351026463037
-1.4258392683040162
-1.425807832944008
-1.4255913283481276
-1.4211292537827427
-1.4208463801160534
-1.4204988045049407
-1.4202958391346228
-1.4202702107373668
-1.4189909941662824
-1.4188127881282704
-1.4184462134756146
-1.4174979104855772
-1.4172544964543454
-1.4156793064660969
-1.413712665005259
-1.4124773353508657
-1.4075556137537486
-1.4014704958715016
-1.3998902123109793
-1.3997471169971363
-1.399482012283112
-1.3983034354895199
-1.3961257179899471
-1.3928500977168181
-1.3892544517993608
-1.3871449569116572
-1.3806970180486502
-1.3803207777050532
-1.3797430367648436
-1.378405205857776
-1.3765443759466827
-1.3736186593488595
-1.3712750563171983
-1.37080942600066
-1.369030023664083
-1.3681750369775858
-1.3636465552490409
-1.3632258466307232
-1.362107908566541
-1.359314451581188
-1.3586957115681733
-1.356805808768638
-1.354095644638965
-1.353867868947287
-1.3499619624601902
-1.34960959888862
-1.3493128988559335
-1.3469936589587759
-1.3442361159858074
-1.3437499032493534
-1.340610315641445
-1.3404638925730716
-1.3362465197767828
-1.333910868319104
-1.3336497243600998
-1.3310385404083638
-1.3282550559002246
-1.323552193715283
-1.318005517889569
-1.316526865994743
-1.3141919699970521
-1.308976588626817
-1.3071686118571866
-1.3000811499549096
-1.2997329976728764
-1.2995243809263628
-1.297104399365221
-1.2954406589877436
-1.2905392767779709
-1.290526017424458
-1.28953360277646
-1.2854572825669557
-1.2842032913066173
-1.2829354820163645
-1.2813250772556626
-1.2782140572416032
-1.2777629127094734
-1.2775976702963667
-1.2769550376726009
-1.2761786171365963
-1.275746751413598
-1.274931895278118
-1.2747337332288646
-1.2743062201404853
-1.2734904414241668
-1.2703434890672756
-1.2700492270417827
-1.2659406856661148
-1.2616894321416476
-1.2610633258419903
-1.258651278244902
-1.2585769219821028
-1.2570495039688807
-1.2549318576922621
-1.2538562479427176
-1.2512688804220222
-1.2482875437911858
-1.2470368008928956
-1.2463915170209607
-1.2462946411671159
-1.2438079873384287
-1.2431828492901853
-1.240711451770164
-1.2392424646516225
-1.2389488035414469
-1.2358257421485923
-1.2350916201295015
-1.235055832864885
-1.2341940411702434
-1.2341691604121134
-1.2341004231890613
-1.233260996389482
-1.2297803825893836
-1.2262677674773488
-1.22543608986259
-1.2245189789627902
-1.2237967018119078
-1.2224787432501392
-1.221733357081903
-1.2203970541882048
-1.2194664853088464
-1.217155271820014
-1.216718614251885
-1.2091472785777735
-1.2066431603226735
-1.205385912796991
-1.2050292472697048
-1.204623341224384
-1.2025682801194955
-1.2009378679469367
-1.2007255649240567
-1.19711116538257
-1.1933555065947579
-1.1906154165493805
-1.1892321332382996
-1.1867177523098897
-1.1863868031884066
-1.1860865193807835
-1.1839640738661985
-1.1838926877566052
-1.18342258507832
-1.1824579301327232
-1.1823112437426166
-1.1809653632048374
-1.1797350929454988
-1.1787911743248414
-1.1786734059424333
-1.176926524232699
-1.1747312667142873
-1.1744703533172431
-1.174336542793573
-1.1741294024006956
-1.1738719217989946
-1.1714304433586373
-1.1664283131314632
-1.166349911407718
-1.1663227718003988
-1.165042087714695
-1.1646527903745538
-1.163766412090409
-1.1569600456324307
-1.1566994630319916
-1.1520777214816333
-1.1519974229831897
-1.150825572313115
-1.148180625484051
-1.1481762594908451
-1.1469285922877057
-1.1460733812118198
-1.1457813233983967
-1.1443491963185148
-1.1427353571484153
-1.1403351681843623
-1.138677383277808
-1.1354126776866165
-1.13539725780607
-1.134398927858462
-1.1326434807096353
-1.1319909126077081
-1.1273306271021457
-1.1243704760131563
-1.1119798254123334
-1.11053984065678
-1.110298226057222
-1.1071573354714992
-1.1054698581659803
-1.1026075956986738
-1.1012248411293828
-1.10053888516671
-1.100339770371408
-1.1002125927427082
-1.0986471712398136
-1.0975620022794583
-1.0973671554138391
-1.0962522801968757
-1.0934290004117773
-1.0872658880496708
-1.0867681293839395
-1.0851645306060327
-1.0834442101808845
-1.0834238854147498
-1.0809351886199061
-1.0807932462455416
-1.079680497334135
-1.0768602089048342
-1.0714175192107396
-1.0711137933613935
-1.0664020792902258
-1.0659291169082155
-1.0657794175469721
-1.0599539156727458
-1.0597118675438928
-1.0581114576094603
-1.0575964599348195
-1.0561991711281853
-1.0526814993688545
-1.0523119460063042
-1.050377664511541
-1.047998328021659
-1.047096066742318
-1.046817788504357
-1.0466836447776027
-1.046296897135746
-1.0448051805709164
-1.0435550816506778
-1.0396773091686855
-1.0391953411031727
-1.0385049305335856
-1.0383607065878435
-1.037136496723984
-1.0349425983545548
-1.0333017118557009
-1.0327322279884028
-1.0326797105462062
-1.0293693978601646
-1.0284961337013392
-1.0266244955547608
-1.0252644042716734
-1.0232068372612737
-1.0228729927216258
-1.0224667109841543
-1.021186875134518
-1.019028676911529
-1.0185126738817092
-1.017216045310437
-1.0156758056190536
-1.012601575608771
-1.0100742633994688
-1.006992716398555
-1.0062476950701869
-1.0053091859342187
-1.002784204721069
-1.0015165681242675
-1.0006336351601426
-0.9994942225487307
-0.998267586674822
-0.9977048520112692
-0.9975330073350958
-0.9931599828897543
-0.9913108364018772
-0.9908924715731802
-0.9894399008747444
-0.9883501136664189
-0.988074581078727
-0.9864791922548544
-0.9822003907221852
-0.9816463589836086
-0.98000193690793
-0.9774741541842722
-0.9771514261572255
-0.9699469340606438
-0.9691698378643429
-0.9683400122603708
-0.9640727542765001
-0.9637535657305933
-0.9610239205243604
-0.9575595065068292
-0.957256128990101
-0.9512811169687732
-0.9512576852751237
-0.9505073236434258
-0.9497983340813647
-0.9466306306754942
-0.9459237480792337
-0.945886656761511
-0.9456108357165149
-0.944397626190704
-0.9439197795143688
-0.9431795682691959
-0.9425851045448854
-0.9401227225857706
-0.939936019267556
-0.9389314288774886
-0.9367040582743547
-0.935087927427452
-0.9332492759239204
-0.9313596274613991
-0.9297013542441335
-0.9265254339373095
-0.9253169914870673
-0.9244221319381917
-0.9216922746512611
-0.9206100525309568
-0.9156869133602041
-0.9152468153078794
-0.9140158377625087
-0.9123597060431453
-0.9105426412610051
-0.9097142742153664
-0.9075997228012803
-0.9064989784347067
-0.9062985717064969
-0.9059207421595983
-0.9049161130262724
-0.9046440808629029
-0.9039707297010637
-0.894907813952209
-0.8934432441978439
-0.8931009658910687
-0.8882628494009077
-0.8882446219159754
-0.8878206464969873
-0.8856518302087121
-0.8830491013906302
-0.8819179278529168
-0.8813620887160577
-0.8804931956005815
-0.8799272750394365
-0.8797268320970134
-0.8785005774463006
-0.8774926942762583
-0.8762789387929449
-0.874729873691106
-0.8742884273804016
-0.8711170156874373
-0.867500709438465
-0.8669525594023076
-0.8630380831252215
-0.8620800983456272
-0.8601543499637555
-0.8585246722207384
-0.8559552004596818
-0.8532064865716544
-0.8468006221813215
-0.84582481800766
-0.8449829766581071
-0.8446931645521512
-0.8442920754884774
-0.8409553820549638
-0.8372238356964826
-0.8356883039996461
-0.8343503626451643
-0.8336506702610327
-0.8333066014900806
-0.8328968519029022
-0.8326831391210763
-0.8306897635517666
-0.830038108196931
-0.8263263635861117
-0.825640350725154
-0.8255618677340631
-0.8241230465841354
-0.8236584138909596
-0.8236253703304067
-0.8216052638532193
-0.8215738717898041
-0.8212821285394954
-0.8201194473435183
-0.8194485767656343
-0.8190585640187498
-0.8183768353289157
-0.8175449097133574
-0.8165313532956789
-0.8140442344057046
-0.8118853210362491
-0.8114249708554336
-0.8111118601053857
-0.8110212549569505
-0.810332944791652
-0.808142014889339
-0.8076676153895106
-0.806599267559485
-0.805838994925238
-0.8020568322193427
-0.800568912140988
-0.7986036730607196
-0.7973686290316648
-0.7941197690050527
-0.7929117638717994
-0.7905692729964554
-0.7903699597734731
-0.7903498418266286
-0.7891089381809272
-0.7888064530473982
-0.7887085836514984
-0.787290450275815
-0.7862688899941972
-0.7862180989548784
-0.7857200748766052
-0.7850277157022875
-0.7831043477625171
-0.7801817328595252
-0.7794808635644157
-0.7755792174654659
-0.7751958108338426
-0.7719757448768753
-0.7717336855328272
-0.7682114701394496
-0.7580032407076871
-0.7578588912691451
-0.7554271122441336
-0.753785652327316
-0.7514543830812502
-0.7487075584052058
-0.7478998052976717
-0.7462023243262133
-0.743592261976338
-0.7423840011875923
-0.7418011978614616
-0.7413706531628385
-0.7369760691738194
-0.736813409646081
-0.7341540677873923
-0.732929511480558
-0.7305256413384322
-0.7299018054593034
-0.7293558829267741
-0.7276382844487261
-0.7271426859778971
-0.72711817237307
-0.72535779926546
-0.7251977705087527
-0.7229419199248807
-0.7216686981036149
-0.7215515695741206
-0.7215158372678437
-0.7204558695915265
-0.7198224056556366
-0.719567022716288
-0.7181375842032823
-0.7173136677959463
-0.7157998575372391
-0.713708065160935
-0.7073599237403602
-0.7062112036390176
-0.7048829668206884
-0.7016520282022672
-0.6989609723713913
-0.6977498655710255
-0.6956489125600414
-0.6947471539599895
-0.6937314204676099
-0.6882693013397843
-0.6858366890758535
-0.6840478245135811
-0.6821965306481534
-0.6810450383810268
-0.6758939794205107
-0.6726571814625302
-0.6714002319539341
-0.6706653604341504
-0.6704783389356711
-0.670120464320375
-0.6698592733909323
-0.6657875728065519
-0.6641535970626256
-0.6640960833112104
-0.6630454084253754
-0.6623271085465116
-0.6609460851122078
-0.6580826819529351
-0.6571891678422634
-0.6552958040642436
-0.654754304154102
-0.6545853801860476
-0.6532672512901292
-0.6521362450171724
-0.6517527882654169
-0.6515750337605539
-0.6505528890572638
-0.6502937570955106
-0.6501547805836102
-0.6488561543689675
-0.6477752966138033
-0.646711683766865
-0.6454299968585708
-0.6441556561688827
-0.6429059801001812
-0.6426107489667069
-0.6411385755301459
-0.6404283400977069
-0.6373210194620342
-0.6371881083464531
-0.6361772969687243
-0.6357686919013034
-0.634735737027265
-0.6347115869409662
-0.6338368273639321
-0.6336039814854778
-0.6335063409046708
-0.6334388836231051
-0.6292748870582314
-0.6291572999590859
-0.6288662203679936
-0.6254785950030203
-0.623303298928034
-0.6221572227362262
-0.6221544894745877
-0.6217320804640578
-0.6184115803540168
-0.6143862782619492
-0.613707966524975
-0.6134117485413937
-0.613393967959728
-0.6131788876582142
-0.6105865499462874
-0.6104392406692543
-0.6099334296506026
-0.6094058709643665
-0.6068306914762684
-0.6065717447084742
-0.6056863018167008
-0.6040746955271259
-0.5989801992951065
-0.596551006611919
-0.5955525680310321
-0.5943228553392588
-0.5941349522375453
-0.5933673551076997
-0.5918154997289893
-0.5890146781219552
-0.589003080161175
-0.5889623205896285
-0.5889446204454524
-0.588451788123738
-0.5868069789659583
-0.5859581177811344
-0.5852576129495453
-0.5851841031500757
-0.5849449309997858
-0.5839412880338886
-0.5838200863353756
-0.5802360153197046
-0.5798016627668156
-0.5776488421087885
-0.5771084077766223
-0.5754015493736948
-0.573470974686977
-0.5722208304182781
-0.5717857913185888
-0.5678926167703793
-0.5668640647005828
-0.564762810515303
-0.5643706773751606
-0.5642638316928136
-0.5637465489614221
-0.5625271300076008
-0.5620356018168552
-0.561017843233094
-0.5564542701711565
-0.5560658264102071
-0.5559193486051225
-0.5555924712706816
-0.552877448055363
-0.5527491150915045
-0.5519338121590507
-0.5516026889604172
-0.5507189864026367
-0.5495201394266949
-0.5489030414210747
-0.5445640395626754
-0.5420274387031737
-0.5397926396232237
-0.539131195208739
-0.5371457982549755
-0.5355127545227495
-0.5353213575545258
-0.5288904019893402
-0.5288386436437519
-0.5280245999272327
-0.5275423202028594
-0.5275275137646204
-0.5266697477856288
-0.5223417148202916
-0.5221622386107644
-0.5215694037356887
-0.519545023563931
-0.5192690389193628
-0.5174806290310849
-0.5167701904316404
-0.5164086412796907
-0.5160881255499554
-0.5137096425376914
-0.5104031504046281
-0.5078731343480015
-0.5066962175807855
-0.5052633106882347
-0.5029479267186985
-0.5024058948527231
-0.5020077370869775
-0.5019683806611415
-0.49985414089507235
-0.49944779817781426
-0.4987922996994664
-0.49878648861220065
-0.4975736336665565
-0.49566700318755863
-0.4956537648517259
-0.49563690990811915
-0.4934341799286348
-0.4928389318843497
-0.49205843740185184
-0.490052002738807
-0.48848014688570157
-0.4866037964724924
-0.486583471531401
-0.48657188448413813
-0.4838966890552061
-0.4823845421108675
-0.4792774138836872
-0.4792717579129523
-0.47626615257496224
-0.47293934238468543
-0.4682667674165123
-0.46550153880725986
-0.4643751493092451
-0.46096911405875163
-0.460317497836337
-0.46018649831601527
-0.45931850354098425
-0.4547929436712651
-0.4533224759196929
-0.448504516060107
-0.4459032750104104
-0.4447629441072217
-0.4439918086900678
-0.44371985423739
-0.44319664854658547
-0.442781114989544
-0.43915514057641236
-0.4384757006767928
-0.4381234570720861
-0.43776208704773545
-0.43676773273563496
-0.43474689972655056
-0.4329944128394688
-0.4323028656170159
-0.43126612228766126
-0.4306211149630079
-0.42872737176697173
-0.427803315426905
-0.42500726653164367
-0.4242233495718325
-0.4207554081132435
-0.41908536661934603
-0.41896001449099635
-0.4177346409641245
-0.4158814095559141
-0.4116229715923672
-0.41157334681168434
-0.410631776188345
-0.4102578112141667
-0.40820159313881677
-0.4078016894875336
-0.40374130817069454
-0.40225599237764625
-0.4017890597821372
-0.39995089030338854
-0.3994693999777088
-0.39945958028488504
-0.3993669468480003
-0.39893220635734633
-0.3978526999551225
-0.3977767658107337
-0.395443840004678
-0.3938681015980995
-0.3915851116560549
-0.38987731874051296
-0.3889870838914017
-0.3884160426656206
-0.38624234803769136
-0.38120167785875625
-0.38030696662956487
-0.37947328970642236
-0.3782319994138309
-0.37759191872047115
-0.37312123523158053
-0.3711202473449121
-0.3672991758027473
-0.36484066761617695
-0.3644055869126226
-0.3572596028210485
-0.3570300562655909
-0.35088765654730053
-0.34982397265329035
-0.3474843031483341
-0.34703805312415936
-0.3459766489368624
-0.34300109688625513
-0.3418109175632915
-0.33969989294597036
-0.3393916537332502
-0.33737069845511947
-0.33735740073487724
-0.3357264274814845
-0.3344369922986458
-0.3337304263986678
-0.3329508539385615
-0.33122097317766264
-0.32969037367979626
-0.32773436338172585
-0.32634839895945167
-0.32572272498573906
-0.32530542986443134
-0.3243819518119405
-0.3240909017373098
-0.3222913014357973
-0.3216218501541612
-0.32081130927282764
-0.31532123552389557
-0.3146133570924979
-0.309506315251554
-0.3090008665719184
-0.3088541606743626
-0.30529868011033134
-0.30273419979239313
-0.3023899547094535
-0.30145074202036537
-0.3013629772549662
-0.3011046636081054
-0.3006237998681895
-0.29905748522984243
-0.2989226878778378
-0.29715571060377594
-0.2956203433298584
-0.2931360596095089
-0.292855206045243
-0.2910128915837318
-0.29058104512473404
-0.2882243020089862
-0.28806204679220204
-0.287199353439634
-0.2848743954181038
-0.28471634709505084
-0.2828068987413357
-0.28256139556993276
-0.28155443718362394
-0.2806234560737292
-0.28024924493996484
-0.2797473799513157
-0.27962033072503256
-0.27955640642308954
-0.2793971181067231
-0.276099740125282
-0.2713342602320655
-0.27053748539599193
-0.26894360001215356
-0.2676713083253278
-0.26594503691619287
-0.26589418711999807
-0.26004103336299245
-0.25850826110899927
-0.2579273246674969
-0.25740084531903956
-0.25713046479217594
-0.25613111976694847
-0.2557426345470327
-0.2514136426674755
-0.24946589280282372
-0.24603049081344572
-0.24537480880065
-0.2453695877440487
-0.2430288311307165
-0.24240208148267672
-0.2391375554620193
-0.23762418682183684
-0.23755744828837255
-0.2364667499864357
-0.23594472181791193
-0.23443423494588755
-0.2334254365326227
-0.2329550628355168
-0.2300340927716289
-0.2285133816024999
-0.22824548167121184
-0.22714362774467234
-0.2269011323698339
-0.22652649093251642
-0.22649408853879782
-0.2263731623682954
-0.22610089519925103
-0.2256608251932572
-0.22471846671098694
-0.22441991306328818
-0.2238817368313334
-0.22313004147622084
-0.22024260536599638
-0.21987514019246945
-0.21982572182315574
-0.21955475521857837
-0.21885723473725383
-0.2173736038745635
-0.2173635982547942
-0.21626141789689401
-0.21503388464407236
-0.21455082604694203
-0.20930271551805413
-0.20656793684035557
-0.20294646052849638
-0.20227048945452553
-0.20197395850337774
-0.201842884139801
-0.19666477618537673
-0.19532704506235354
-0.19281007934348873
-0.19093645652120894
-0.19066886627706625
-0.18972380495182728
-0.1893131064052792
-0.18778331169437704
-0.18739738815076024
-0.1873780727034251
-0.1869762290774578
-0.18583423726866238
-0.18490364972133
-0.1827633249778683
-0.1820416779984243
-0.17828123489614228
-0.1759529296766551
-0.17443263050001823
-0.1720628651979909
-0.16634706562548843
-0.16426065153312075
-0.16248168534326507
-0.16155733680618883
-0.15969883256631467
-0.15751145903159725
-0.15689290991331384
-0.15627210368937128
-0.1555842922713664
-0.14994016044020086
-0.14684888833871013
-0.14502593935299368
-0.14353871705628896
-0.1407028521581516
-0.13862509192274142
-0.1330842748663079
-0.12977860291686966
-0.12939243352494434
-0.1285672839859844
-0.1255952506882989
-0.12436848719488632
-0.124035365831061
-0.12367367098649261
-0.12353775243242467
-0.1219646461065601
-0.12002960216445144
-0.11880325857528937
-0.11849437679883879
-0.11751560662548399
-0.11688948425936249
-0.11283513668039169
-0.11136517893546327
-0.1111485834549521
-0.11006914246083782
-0.10808892983529006
-0.10798533644581293
-0.10727552083999181
-0.1060803781642643
-0.1050290320440126
-0.10340174969796873
-0.10313458040243645
-0.10148653485745454
-0.09666621359221973
-0.09570037871999892
-0.09405924000560328
-0.09368845217559307
-0.09191239742520674
-0.08978461841290003
-0.08891407110420246
-0.08858894132517481
-0.08483574769872704
-0.08326617420044602
-0.08065260359159604
-0.08062596085095208
-0.07949030600343432
-0.07852493754293732
-0.07700551729553329
-0.0758025157819095
-0.07570497468974735
-0.07435333223520668
-0.07411335637006766
-0.07145378051306758
-0.06787582901818645
-0.06712776325441672
-0.0667048349415687
-0.06639561082228351
-0.06507825964439823
-0.06347604080573599
-0.06238102016069936
-0.059622316685163934
-0.059427380053815204
-0.05733169319871689
-0.05686114247225571
-0.056471223081361044
-0.05645104748251206
-0.055494888488847705
-0.05313735349074944
-0.052926823934493106
-0.05194834995340519
-0.050272915903124174
-0.04921645168570343
-0.04866029865757082
-0.04409427484198558
-0.043321964884620145
-0.04084328105474844
-0.04001060929587341
-0.038224847276120966
-0.03488765825069603
-0.034021505013979825
-0.02838974609175282
-0.0272909067903227
-0.0272450994615564
-0.026857727165770062
-0.025726671467731776
-0.02307263601876708
-0.020926769547037427
-0.020056906176380174
-0.019964129930657215
-0.019590332163701207
-0.016714440666432795
-0.012928442496183523
-0.011166500719511863
-0.011022052523930403
-0.010552300523457236
-0.00862586686513489
-0.006685358840931244
-0.004497717066995532
-0.003400223019160764
-0.002008986267662105
0.0013270912836674253
0.003266434918191119
0.004398061715277679
0.005571625873594166
0.006101028368672323
0.006269832983544776
0.008128705253327595
0.008843812964327236
0.011879848390074277
0.012162904596445978
0.013625973133134073
0.015258501086471893
0.016109059159622463
0.01675070147704577
0.019603029519415616
0.020408411239312363
0.021036253188267184
0.02302523380752408
0.023043809786488678
0.026555806035792884
0.027355496334651896
0.029261279790529726
0.031863925242862357
0.031994334594207086
0.0321537008827194
0.03307501222475262
0.0343438937171765
0.03909854713862171
0.04016744575987974
0.04049243270438718
0.041639923851273686
0.04185590035756892
0.04274916372300419
0.04509564829456558
0.04532026353704288
0.05053317318198358
0.051532132029585564
0.05254757758518053
0.05275598622196868
0.054215804536506984
0.054221365460337734
0.054611969028984436
0.05662136182796329
0.05869539830694437
0.05979320082884332
0.06528994537917288
0.0654790466091304
0.06610249486219344
0.06688364320268769
0.06745511068978904
0.06800035451978614
0.06841246019676966
0.07131411630353723
0.07333005641676071
0.07768616446821164
0.08033865373526161
0.08037747400186346
0.0823968462145036
0.08271921790470138
0.08354847788841274
0.08379087752380288
0.08416386467103276
0.08434573344678553
0.08539376419826605
0.08545775872355343
0.08701420257048353
0.08734953219751374
0.08771741449000775
0.08863433141441834
0.08888116716713135
0.08954006264051079
0.08961990323245861
0.0906141120597086
0.09274220536238004
0.0931333282716219
0.09325110857157826
0.09419197084538194
0.09488101326508924
0.09602028038378779
0.09889851768928004
0.09953985969435539
0.10137130850373482
0.10472290882582144
0.10573351534110365
0.10719254431709258
0.1079546253087631
0.10859827890753873
0.10975284487161513
0.1117015702907187
0.11208596462720144
0.11213595661159473
0.11246276936004629
0.11321806491632003
0.11323277560553091
0.11353240081654126
0.11810086345216553
0.11962939915523077
0.12045875087010584
0.1208854003161155
0.12160583655897139
0.12299830517024601
0.12539244472639755
0.12539381335149546
0.12616636060793396
0.12737968755884144
0.12893610954094195
0.13102234221079334
0.13108430401848614
0.13273095886647945
0.13569742169200172
0.1384822792141151
0.13979811092079553
0.1444469499524738
0.14743274975041307
0.1484716349052822
0.1503775276328273
0.15066511277314448
0.15161819950906302
0.15345994181338696
0.15416137805180208
0.1554753944032944
0.15906215871666485
0.1599392592144019
0.16090835775528822
0.16191963552171718
0.16210806940080852
0.16470963565068347
0.16567482087764773
0.16784533462683798
0.16827552484823366
0.1684399337279473
0.1707058586476045
0.1716924281850436
0.1717958900115569
0.17211120293003845
0.1722220182066706
0.17240283654556854
0.1739341095980817
0.17502898908676867
0.17620288210041146
0.176740653033449
0.17893371729375407
0.179786259547006
0.1810433188351659
0.18205493855996935
0.18242538214463633
0.18704055297112288
0.18931109975477378
0.18960739800088922
0.19101626280858697
0.19209854327421616
0.1933827928551842
0.1948647929247248
0.19674622597347363
0.19735868249256383
0.19826958839959774
0.19887933408357894
0.19906629186015448
0.1995024145422989
0.2012138786755845
0.20133022871347583
0.20340629344984548
0.20564379828939816
0.2063365291655359
0.20777045287823792
0.2101062497619386
0.21326635154356666
0.2138835929168723
0.21390372299369853
0.21400171113891647
0.2147719096836811
0.21496277122425322
0.2165956660246901
0.21832786823039152
0.21840995918148037
0.21984264995022684
0.22127322298954322
0.22289902772131404
0.2240494816017241
0.22615664929858603
0.22620627154286568
0.23190645507860458
0.232608247136948
0.23402090861042485
0.24335356865074165
0.24424252306081773
0.24536663680061216
0.24697971976803423
0.2475636561265372
0.24894366276857494
0.2491550948842957
0.2540228308647108
0.2544093565717537
0.2547032514376446
0.25555340003088134
0.25581507049481944
0.256887049818704
0.2570868455067833
0.26002512449549925
0.2602358393980324
0.26198361270893916
0.2625731637746609
0.26297517834972606
0.26364188068091676
0.2648417394962541
0.26680747104968683
0.26959660750800074
0.2698737705949396
0.2700966459158247
0.2721741474965593
0.27271916995151024
0.2758132074557865
0.277004185558483
0.2770644888027662
0.2803090036012774
0.280651692741
0.2831284303686844
0.2837535156607452
0.2849683481074259
0.2850219209728133
0.28553791394574823
0.2861768222743829
0.28644674035915063
0.28812968677406814
0.2902911879165788
0.2904685401152136
0.2905180918560325
0.295452075056197
0.2965466172774588
0.2978249631096334
0.29837803714119204
0.29868056024131134
0.29942090132645166
0.30026849879972684
0.3013032966389674
0.30218892460827895
0.3057874934469754
0.30647597152024125
0.3065785562430177
0.30760724385287674
0.30863731188809207
0.31066199076611206
0.31108531571038245
0.31198950782546603
0.31253130623003245
0.31365407953169044
0.31403998839905894
0.31474101297250145
0.3176925031043383
0.3191810168007223
0.3201607335042817
0.32080738906955
0.32237270132491747
0.32404434413707417
0.32546229370347346
0.3264946086271713
0.32678041535507074
0.3274348575012259
0.32835744903557407
0.328611621559006
0.3288504681458497
0.32957612797990976
0.33153795763634525
0.3347854484221725
0.3362424831800631
0.33755764430728596
0.3385133716598574
0.3426773262700372
0.34334016611016016
0.343765424798714
0.3465761145481861
0.3485302988442992
0.3519823820665467
0.3520241476568985
0.35497660500199085
0.3552908691447673
0.35608098905905294
0.3564396093997532
0.35646233661315524
0.3577016282337875
0.35877345301206176
0.35915351402538054
0.3637484769981627
0.36609380514868084
0.36668999841646277
0.3693413713084587
0.36937274531338254
0.37108973185949146
0.3738526489359929
0.3739388028430881
0.3743404161943388
0.3745235271647663
0.37501102322207863
0.376515751242112
0.37657000847415534
0.3778485361976368
0.3790481472538089
0.38017529832440455
0.38042386575786097
0.38045688264856603
0.38505438004413794
0.389905381883259
0.3943890102991229
0.394966924053641
0.3958665493367799
0.3995983023799623
0.40037637302952345
0.40038042951397557
0.4014617148990461
0.4025923193432033
0.40779758368353125
0.41073225500509686
0.4138340011841217
0.4156075614954112
0.41594827465839274
0.41623422722235004
0.4165777657386
0.4172947693971347
0.41765747150399346
0.41925671742289705
0.422159717379461
0.4234459003644824
0.4243253625932216
0.42508567715119466
0.4259355081858549
0.4280092292357944
0.4283776364777084
0.4285512296687893
0.43149162591581003
0.43223732817960214
0.43472945046777733
0.4360275812371044
0.43627151572970324
0.43628803476546346
0.4381972012464863
0.4390902729360827
0.4397363478284746
0.44030230835408635
0.44172885100537557
0.44217666694423335
0.44483562285332434
0.44605081698599436
0.446230198177198
0.4477863729467265
0.4479976173550577
0.4481477626671637
0.44873932146028783
0.4509108916617032
0.4514989852347323
0.4524148797037352
0.4554306957253485
0.45555545231797356
0.4570066418857892
0.4571474848955787
0.458442931415665
0.46065426007425814
0.4618509392350212
0.4620960403033886
0.464354262271485
0.4654275487563747
0.4655171633130455
0.46599522507590024
0.4661689750968558
0.46658044841445157
0.4673464660449015
0.46772428413721095
0.4683450711015682
0.4708630578479669
0.4715818499157436
0.4741638497257601
0.4743787717504766
0.47546689042911183
0.47554625395412636
0.47615698424157016
0.47700005407313195
0.47930642506859933
0.4795051405886581
0.4813943482588998
0.4828240175821986
0.48313100291650407
0.48420469189417437
0.4844133795736944
0.4870619510553565
0.4889255515754384
0.4892727592046629
0.4901375108538435
0.49085040259628804
0.4920858569366805
0.49307516501849913
0.4945591856724892
0.4947429272443948
0.49543833312741437
0.5025570321337383
0.5042327282345918
0.5044432381061196
0.5063154074032392
0.5090438856643443
0.5093790200395185
0.5114119494036921
0.5119323481691702
0.5142557978897638
0.514776047828166
0.5150759490532171
0.5157766556467511
0.5158470389018938
0.5163426312675247
0.5175161101332009
0.5218062212898913
0.5222814265903339
0.5228316844000502
0.5236298262134379
0.5237302939658838
0.5238976783756379
0.5239741386374019
0.5246891085798018
0.5248886249344502
0.5250755989918676
0.5272067947762477
0.5292943172984041
0.5314841789505984
0.5316247588467023
0.5332789889523917
0.5333418114995934
0.5348571297494558
0.5381100142586539
0.5385223822288661
0.539376774666395
0.539403991432257
0.5412433858291962
0.541399912686655
0.541713315129125
0.5450394005531667
0.5466931062286446
0.5473886713439944
0.5479592153222481
0.548114840663541
0.5486937013539912
0.5527482280849463
0.5531068253729239
0.555542194680686
0.5597834372677412
0.5608916057532449
0.5618880440319607
0.561935472949476
0.5627846906249065
0.5639468192042669
0.5646935885867645
0.5652693701914009
0.568044254098243
0.5708845691080986
0.5730536399694062
0.5732457705083476
0.575319349741704
0.5765008503184642
0.579710008993779
0.5799939456017495
0.580159501271088
0.5817087883164458
0.5820211690887901
0.582055432292797
0.5843235119103506
0.5850304895942076
0.5853456235244511
0.5856604171446437
0.5866289625535694
0.587746414614195
0.5878145050361788
0.5885294973575008
0.5888358238467782
0.5912733198322558
0.5915526525879969
0.5916601739477894
0.592004901245531
0.5961172873259036
0.5970485144311234
0.5971223801322241
0.5971822096043975
0.5986267337017044
0.6002114813935744
0.6034756967364047
0.6058276202300226
0.6068124832989212
0.6069478119040164
0.607824387424158
0.6091568595762807
0.6099003384790077
0.6105984257620554
0.6116230675148834
0.6117817438698869
0.6131983336530142
0.615753783203001
0.6162638825457977
0.6180339034003663
0.6214031121198981
0.6259269987428415
0.6304844710277224
0.6305730652461559
0.6305982364789243
0.6313484675556137
0.6349827306282552
0.6363533119184224
0.6405800497456637
0.6407183699793332
0.6429537978030522
0.6447649832201909
0.6452586321076352
0.6456697974178653
0.6461635229588614
0.6464012628317078
0.6500647156634958
0.6547366546421822
0.656128312827015
0.6565806612272763
0.6572909256302135
0.6585085951353224
0.6603206995281822
0.6611784450832305
0.6614915576385033
0.6622022913070433
0.6645686869782592
0.6653570787921428
0.6662980097694364
0.6670290603791131
0.6681469356880723
0.6698458430592014
0.6709657392355457
0.6719444116066386
0.6777977129468193
0.6787025569367771
0.6821073392365309
0.6827083460419365
0.6830477030945322
0.6831035243776474
0.6869452551542035
0.687330616598645
0.6927992389281211
0.6938169581043359
0.6953259949611856
0.6954104120362906
0.6961206381560238
0.6974762635594836
0.6995079011207967
0.7004271328168312
0.7017249041005023
0.7028605179075063
0.7042278356488251
0.7045517836632966
0.7048541419023449
0.7053064195912149
0.7069950672480986
0.7101789889756202
0.711392045853751
0.7119588717168945
0.7179587471799522
0.718453579066198
0.7186504933880935
0.7204119297831241
0.7212116136410869
0.722243242606978
0.727049983750597
0.7284944229668955
0.7298551083095993
0.7331068893333483
0.7364878155439745
0.7366551305224845
0.7389104297467213
0.7402238113538647
0.7438408308396488
0.7441008822307178
0.7444260704965855
0.7446667513359804
0.7450155650675313
0.7478974572906827
0.7481039936557261
0.7503561539065398
0.7504459666868728
0.7508716009857929
0.7519464886214239
0.7541969004735869
0.7592540047556029
0.7606906093216825
0.7615297167719783
0.7615723196244896
0.7621080235980184
0.7639903236669727
0.7644015190174318
0.766311504788466
0.7669650832252857
0.7677976876777152
0.7710713826212486
0.7717703031878438
0.7743637175338387
0.7761392924745061
0.7772282854468358
0.7775135278968648
0.7809653939051725
0.7814811485267932
0.7818797549172347
0.7842850145729914
0.7843777149458195
0.784700796653657
0.78526117769898
0.7875814591971845
0.7898721448304427
0.7902291083095969
0.7914293853639475
0.7927332169110534
0.7949051470610493
0.7954488507985458
0.7990829575159505
0.8000717566858131
0.8014218768826329
0.8022897750106321
0.8032177565054208
0.8039990402783567
0.8051986993859588
0.8052684191954895
0.8057670492510798
0.8078518360252414
0.8135413714217943
0.8150547141124881
0.8153439584786693
0.8184216706910145
0.8210973586561987
0.8215776917005521
0.8222123941164079
0.8233583346650399
0.8235384725924322
0.8261878151901523
0.8269977705358963
0.8281131395613414
0.8348994582415722
0.8356407224061613
0.8360306016469816
0.8401974681472812
0.8413914694707483
0.841511388422891
0.8419472751211259
0.842396325090254
0.8431329254300878
0.845540281455642
0.8495370622237978
0.8501470793529268
0.8526940301960472
0.8548743461066998
0.854940912771716
0.8562691779585303
0.8643765996127266
0.8657939497557383
0.8676547089338011
0.8680152619628223
0.8690998877126809
0.869211248371185
0.869493803996566
0.8710610022624526
0.8714026779005664
0.8811638277898223
0.8830404948123292
0.884159073283565
0.8842639590696794
0.8852703614206937
0.8872591553562659
0.892597653276718
0.8936048013924442
0.8963829935421048
0.8983656596742581
0.9019649792694577
0.9020967164898719
0.9043307642009648
0.9052570497531766
0.90664308585847
0.9069325126146461
0.9096871318328807
0.910238131009105
0.914285496127984
0.9149215399173994
0.9170489522535175
0.9208040622166989
0.9213037706038297
0.9222791849587572
0.9232657203557982
0.9236195991675761
0.925778953046231
0.9275184443432394
0.9281426270776908
0.9282750261242969
0.9286201236919494
0.9405668483522679
0.9434889949043227
0.9435766314251683
0.943694807704508
0.946192532946885
0.9463407095961749
0.9469566287719638
0.9475480340487021
0.9483744730640189
0.9564257823669671
0.9568036334927772
0.9632649090592296
0.9633779454174178
0.9641393290096756
0.9659217913962
0.9662130774120611
0.9670175418215341
0.9685305819526051
0.9692869141134742
0.9695587090346522
0.9719694639676089
0.9723452262099865
0.9734358363101672
0.974319976071115
0.9751724947610814
0.9758547006777405
0.9766575780979997
0.9778010303782367
0.9778561843185086
0.9787338987623936
0.9810600900896647
0.9823794433880267
0.9842201496037917
0.9856067397363193
0.9860530929487253
0.9868203446498229
0.9874458882346658
0.989768244105546
0.9927604025391342
0.9929035992969131
0.9934013283073225
0.993871520416052
0.9941659078713302
0.9944095890652265
0.9951459091098735
0.9967559176482276
0.9994198345953909
1.0009211326418648
1.0028492180305708
1.0054290263394607
1.005635193823742
1.0105083887568869
1.0130674051820452
1.0131019591546395
1.014063650521224
1.014421385159593
1.0150011270322479
1.0158898145091086
1.0180158859458852
1.0182074314064353
1.0184682235378615
1.018812802944595
1.0206719999979312
1.0243254119516605
1.0257282011118987
1.0271128214943979
1.0279874829152524
1.0321159845405146
1.0330520847429727
1.0331559434007649
1.0338787023622014
1.0345918349315166
1.0354452152674547
1.03866162612759
1.0418555677652641
1.043423507823417
1.0441201225120642
1.0462387255940886
1.0466689349336158
1.0539517723950378
1.053997311365336
1.0610883363284929
1.0625787178048047
1.0630578472111298
1.0674277129474565
1.0702366263840226
1.072633556246664
1.0736762219392424
1.0772740688158924
1.080170281494855
1.0816523488495886
1.0828031447671433
1.088018064513744
1.0880606089769864
1.0919142031066764
1.092032595904569
1.0933267931362747
1.0976100175925867
1.0979989801404149
1.100453013064799
1.101148446838833
1.1022758270851452
1.1037637430399143
1.1104757582306257
1.1114772999186577
1.1153969852797074
1.1190528434535083
1.1190840333205374
1.1199530126044175
1.1200740567815481
1.123160993787847
1.128927862041976
1.1298766586479163
1.1307704499195887
1.1321620304012343
1.1389819953890663
1.1398769467474483
1.1458731221851906
1.1475921246608842
1.152978435605422
1.154524602672343
1.1552501675535842
1.1604910804994035
1.1620987521835242
1.1627199958593097
1.1667096405518254
1.1720153310072121
1.1737164172532915
1.1756831818059599
1.1766998248293108
1.1775272212573613
1.180829430566372
1.1814642161073634
1.1874342097877144
1.1881455987491625
1.1888967760903555
1.1963388761035225
1.1982313391306734
1.2003069129877653
1.200426944116062
1.2005991865257748
1.2019463726753097
1.2040009932106717
1.207612439938233
1.207980817288593
1.2111922452081727
1.2150983135504894
1.215100757294162
1.2206581105500791
1.2246691709455475
1.2250482777765663
1.2257705867783004
1.2270098169514125
1.2300483261394455
1.2304422445811043
1.2368412337872978
1.2372018907766018
1.2408409173012211
1.2456303341320822
1.251034645236361
1.2526516816082727
1.2529896588817393
1.2548344911162281
1.2556064792428285
1.2563579612744278
1.2575968484938156
1.259280114884114
1.2718906617956618
1.2744316120335049
1.2746367677766206
1.2749077267387745
1.2766534537154657
1.2769873507104217
1.2810220314069027
1.2820263316639702
1.2828324921782435
1.2829545397590987
1.2850368399720844
1.2851014143393418
1.2917529133565764
1.2946645614848313
1.2947482760810773
1.2986541617438612
1.2996492731158176
1.3007726639387776
1.3018978796286171
1.303680253743938
1.305897121989886
1.3064498211427256
1.3071622003250112
1.308729144825405
1.3094749226891371
1.309544309661852
1.3100853404081576
1.3101522929583904
1.3102313318051735
1.3120916833408989
1.315078672107538
1.3175271704413474
1.3199005873644747
1.324154098575501
1.325636616934125
1.3269514237341826
1.3307794583689352
1.333731336627166
1.335304442564761
1.3379113874175397
1.3382721393401207
1.3387465876654678
1.3402335858698948
1.3409390948798905
1.3441846806089024
1.3482112742373011
1.348320334447361
1.3491483310113899
1.3516704873505092
1.3523435758569105
1.354399206570424
1.3558974452287875
1.3589464908043698
1.3592779322665427
1.3615743085406944
1.3644829883869092
1.3700668885938776
1.3739631686001155
1.3779503353904192
1.3789162568647988
1.379956821420691
1.381884788491727
1.3821954181321763
1.3825998012300902
1.3826279398758934
1.3852856103583249
1.388530723118997
1.3924440851532462
1.3960862663282154
1.3969689813613586
1.3989649568815574
1.4021111329430962
1.4048332127663237
1.4121217703171791
1.4129662638127498
1.4138601062434306
1.4157684563468653
1.4163499426565331
1.4234882139228182
1.4268421549404227
1.4313821150785055
1.4342077512969744
1.4382389213763542
1.4425771508692415
1.4466271765261574
1.4476761401269655
1.4509544279454596
1.452122062612118
1.4554277842415173
1.4571709477573564
1.46272398355862
1.463109251852308
1.4635590033172146
1.464464496406193
1.4655944426350722
1.470772640936899
1.471381528610702
1.472398020815429
1.4734145503424727
1.4795874306603354
1.4826974531388886
1.4845437727493151
1.4853689922366784
1.4860317579543705
1.4886904648978814
1.4898889805432773
1.490763536981591
1.4968910338812946
1.4969923506649745
1.5025477258493423
1.5050732660579336
1.5123677890853542
1.5149578702362398
1.5174227349969933
1.5201835387035212
1.5221380903320418
1.5260666448512255
1.5292827470203405
1.5300558808097886
1.5358537062989572
1.5381114821822404
1.540893406808285
1.5423095966962688
1.5436163575506983
1.544063430551028
1.545059646363467
1.5459809254517805
1.5477729801069222
1.5534010144199906
1.5543706723273814
1.5634770711381893
1.5689900340202023
1.5690060814341193
1.569608376137904
1.5718835812729663
1.5719827294386595
1.5735092067233718
1.578947438259494
1.5793845688603072
1.5832413646912387
1.587623737574803
1.5911772999888858
1.5934178771282967
1.5951253319362906
1.6032353167486677
1.605759532684144
1.6090478516211044
1.610781458174348
1.6121317761416583
1.6123524684677462
1.6133238781664334
1.6190161269601235
1.6200226617520717
1.622392712164362
1.6242153226356018
1.6307393493759146
1.631262805934635
1.6352899691607412
1.6483136720537255
1.6493472193463075
1.650275320173465
1.6518813461563617
1.6566711811224717
1.6613453300352967
1.6672698124929197
1.6696820150262957
1.6779689583353066
1.6813199453775904
1.6825918956490495
1.6859017103806577
1.6890356006939917
1.6903079270129946
1.6922739646265328
1.6982660084008898
1.7035032348090995
1.7055983453290646
1.7136994431082642
1.7167442582521153
1.7219422745583972
1.7275910515011463
1.7296601300792656
1.7307917652892568
1.7307956607248678
1.7311471712572375
1.7326367551903799
1.7361270765998935
1.7481738998606884
1.75241127902771
1.757885758048639
1.7604336407032282
1.7619003608886845
1.7647402241388883
1.7689135770912814
1.778446752061373
1.7786141023451447
1.7795474179404136
1.785533821495314
1.7900699961590751
1.7924062000932908
1.8006345165538817
1.8014117197977928
1.8030715909937267
1.8045964936306902
1.8170021832756769
1.8216049173650877
1.8230061678401
1.8248639577832797
1.826571609558906
1.826687697449763
1.8288730078352249
1.830439906386085
1.8323326926923564
1.8352847630128342
1.8382523417165417
1.8437234332530417
1.847984170070561
1.8484452122579877
1.850120443256012
1.850540665344127
1.8574143792180609
1.8600011163133068
1.8617798112154735
1.861953320832431
1.8653525835909244
1.8752692501602783
1.8758495553781618
1.8860555992494854
1.888365673593598
1.8890585745085289
1.8951181692093089
1.8983483238791445
1.8992390332057634
1.9038449144367946
1.9132461993235417
1.9197479292118933
1.933142224595355
1.9359743888250924
1.9372739985901948
1.9396256127496208
1.9454219025887192
1.948625538972934
1.9543253627397705
1.9570958692558573
1.9671347004981559
1.9672471544418517
1.9700856626222243
1.9844478524305451
1.9851555637233966
1.9866994173601196
1.988469325339454
1.997564188293892
2.0000903902571308
2.0063409236911247
2.015980434104949
2.0230032575388446
2.030794926399257
2.046525298207249
2.048293541090685
2.0523449327112653
2.0531467325351924
2.0539416018846293
2.055014009842191
2.0632558512430177
2.0639865030546707
2.071135579374748
2.0715600826160174
2.0725827778570123
2.072994922376682
2.0777915250335255
2.0935556559524
2.104717190047479
2.1121423727181243
2.1169692838200085
2.1197868925873475
2.134099939210238
2.14438027592948
2.151504437871253
2.1760770081588547
2.1835592473779486
2.1844114499556873
2.1849279192683975
2.204937095519843
2.2472889498575626
2.2519797546857596
2.271656765856358
2.2949207071087314
2.297221397309121
2.3237722419680735
2.39492554320599
2.4040432849901388
2.4229669413835473
2.430227219352819
2.4387087301188806
2.5309452487719746
2.5498178628783497
2.5586935886618205
2.5852352504694522
2.6077773801376027
2.6157452219299726
2.6193036681178157
2.809958394062904
2.8866099221405572
