-9372.005185712324
-8199.952190308819
-2528.2391605861067
-2190.5645629553505
-1320.6559310418058
-1046.946947996653
-943.5273268193623
-834.2702288613116
-804.7223818952209
-804.4614383328183
-684.0542871672614
-653.3121579194099
-641.3703060514731
-596.342955052545
-524.5965116315404
-500.56425070421835
-464.0365173680345
-463.1907620575318
-434.5695576427273
-395.40332320650873
-390.71245955085755
-342.555286285119
-325.0124162365035
-308.55370198065634
-305.2818192369541
-287.3492590033206
-278.17506040405107
-262.56035474478006
-225.93828985959888
-201.1877713396343
-191.77832603101484
-184.6850856185891
-183.1495987073611
-166.22723023173214
-158.4909334574651
-155.26584487165775
-154.76205423422076
-145.87907567668321
-144.80306195660643
-141.92642800705048
-136.42190133678096
-132.27183409811227
-130.66741073502604
-121.9436498574733
-120.42816634948855
-119.28397319582561
-117.9850006101185
-114.52814664117966
-112.50974709526075
-110.1288363726888
-109.36545848393811
-107.45431143978585
-105.09928163627686
-94.78481723672104
-93.94280360126633
-92.06424389092204
-89.28027343452239
-88.7316175071535
-88.70915925983896
-87.5272705574091
-86.6655968290272
-85.72385864908323
-83.40512928307194
-83.21567314358583
-82.64016507959425
-81.92422056334405
-81.65591022405488
-79.12146012195814
-78.69395067378764
-78.51871587097797
-78.49427741688977
-78.44969989524043
-77.20141392078924
-76.8800342118576
-74.44652900126027
-74.24475233392141
-74.23527741837677
-72.33226802447952
-72.0334162965667
-70.65219308778595
-70.23731117920804
-68.65772695343058
-68.34542222987305
-68.00474999455624
-67.91750030566692
-67.65398147780762
-67.26806161189587
-66.51298214948889
-63.76363113241119
-62.45312184399539
-62.154255427454146
-61.68305683230679
-61.48675640154595
-61.24013842306773
-59.9553855304039
-58.839257584337005
-58.29465837446575
-57.43540978386824
-56.91091351019265
-54.875081596579975
-53.90520741570307
-53.29448345315117
-53.142231915065494
-52.7981445451556
-52.59087372989638
-52.32477289460631
-51.76789154694204
-50.92436788360241
-50.27778256856865
-48.90994498436626
-48.83923868752475
-48.82945073508803
-48.17918302009164
-48.14613689593115
-47.69313551482811
-47.377519040363865
-47.178125290578876
-47.104007091885684
-46.408512079245
-46.166174011421546
-46.0922739180201
-45.98047568611297
-45.61618551945491
-45.28826513145558
-44.99287736587398
-44.80961806711998
-44.48768937354265
-43.96836638370285
-43.57307411769348
-43.45292321655347
-43.3500688346688
-43.321822699312385
-43.224717086929964
-42.6164990247722
-42.372217647854164
-42.34892661947102
-42.334627544460254
-41.92767384668637
-41.85366302133861
-41.72299578954595
-41.445434158766815
-40.74228165642822
-40.65770957794865
-40.138950398477256
-39.75258398819215
-39.493799444881454
-39.13819812341218
-38.63593072722396
-38.46178381914974
-38.40378248085397
-38.25222449313784
-38.132822532975005
-37.65712018780624
-37.25701248859144
-36.810400740763406
-36.51913412431902
-36.29200725113265
-36.28139608923287
-36.1656581526912
-36.077951957393125
-35.56295702155882
-34.951258463160485
-34.72612273425653
-34.643523086205384
-34.28066825671738
-34.047490815039666
-33.59665050935766
-33.414612035796786
-32.806049523881065
-32.326981641438
-32.32558009384055
-31.809315622633033
-31.634251811320297
-31.23220734959423
-30.934355127174364
-30.66403360611523
-30.3435586170584
-30.27656254245287
-29.919974337597033
-29.80145682940193
-29.496627426710518
-29.01176677316304
-28.88658941906112
-28.663631669939672
-28.60598809168893
-28.25349216105885
-28.210164774464147
-28.179767665268123
-28.118310396244485
-27.82659267873281
-27.415919315663167
-27.387522902240146
-27.375940813864453
-27.265766544671607
-27.229781951596216
-27.220843197090502
-27.19246563749722
-27.187767065658562
-27.060604701860868
-26.93026329980202
-26.85787269113234
-26.800280227652486
-26.540271858199702
-26.322489516440076
-26.19084167339275
-26.109219509772007
-25.920158164741537
-25.920151835348754
-25.751712818606528
-25.62197580190088
-25.60309371102213
-25.514429876615008
-25.418505350038814
-25.31644157501044
-24.942040113945144
-24.921279228603506
-24.848137234020257
-24.776110667082023
-24.740701432540305
-24.62569353591117
-24.283148391298504
-24.232118070399196
-24.125335131616158
-24.035959845584962
-23.95518483778344
-23.31532398868606
-23.259679855674136
-23.257934689096384
-22.923152226710883
-22.789625386520665
-22.752233186417662
-22.53360346027047
-22.51870560902708
-22.1899888297972
-22.125106908272443
-22.011101359485803
-21.948314547164127
-21.914026829682626
-21.889426507531375
-21.80666083970202
-21.684161104583435
-21.504626092364163
-21.472579219474582
-21.461207042776223
-21.387139825652337
-21.006519316889573
-20.995009877228878
-20.902093051445902
-20.889912219438287
-20.7723320892383
-20.45018216853479
-20.38204925852918
-20.055318629754687
-19.909653978222536
-19.75735394394273
-19.700094247486312
-19.597672474694626
-19.575672077362558
-19.57234059478353
-19.562203683506468
-19.534170362721024
-19.50734330527516
-19.270511975949177
-19.11209519331344
-19.060295872558843
-18.89251009789968
-18.6536948616238
-18.611701996435173
-18.60973770299051
-18.520177828676697
-18.494524130642702
-18.2494882911288
-18.248925665294852
-18.208000809948917
-18.168118909380013
-18.12004841364415
-18.073984321360715
-18.006368579313413
-17.937134884787685
-17.83509329810243
-17.830047038184546
-17.59555792732701
-17.539695342044688
-17.48034076543236
-17.432033809119005
-17.372335682134654
-17.071638471404974
-17.03474743235272
-17.013502211893623
-16.87064487424727
-16.66988600431791
-16.6080157916797
-16.597773890083023
-16.467450816079538
-16.439480189012613
-16.43648084885138
-16.423521837985536
-16.422094817117824
-16.35945097564938
-16.355794613685838
-16.320459847608205
-16.275688634797387
-16.232007919171405
-16.194224202084577
-16.13303645838749
-16.122441200313993
-16.116850496432555
-16.048451265296734
-16.03234336643708
-15.9789229257488
-15.883982882356571
-15.883699898935838
-15.806946564522951
-15.775263159235285
-15.688721633678917
-15.652946987493081
-15.633741694909464
-15.611768913580416
-15.607869496790638
-15.591683914796501
-15.566141320900766
-15.517279924448133
-15.471886789973468
-15.424923254565607
-15.393533885826056
-15.3810271757567
-15.326366386776103
-15.254955049863153
-15.200055589295598
-15.125453686376675
-15.10994214868171
-15.043554110032723
-14.963660561154017
-14.955533520852736
-14.933939831460052
-14.920298704721228
-14.82967521943743
-14.780645452091381
-14.737453094125357
-14.625135960284426
-14.618890586216978
-14.589582032433027
-14.515337216618597
-14.37000593420607
-14.331657141346923
-14.2474371602672
-14.23252111626488
-14.173076465188837
-14.146763445336578
-14.09745653522276
-14.053649018409939
-14.05124717964999
-13.979844896958461
-13.952065776814976
-13.910477389134105
-13.907964597278394
-13.904501167287766
-13.867445077333027
-13.856181725381898
-13.838258806718809
-13.793397733019859
-13.793235171811169
-13.765781562088652
-13.738673925444198
-13.734893908041016
-13.631238251014356
-13.57380900727158
-13.572725675540527
-13.547273338919487
-13.520574468586268
-13.517642662927155
-13.514207740666508
-13.47295579453103
-13.460047319943023
-13.393810073607462
-13.389755895015186
-13.332034862977482
-13.33106855268843
-13.316522050363435
-13.249413440990402
-13.206283373019868
-13.08759401309421
-13.072909445872405
-13.059084377996502
-12.936759092621122
-12.91473316591231
-12.913151305612733
-12.899800340389476
-12.887828966892538
-12.884979235920675
-12.84795909686319
-12.803689192962587
-12.741241689767161
-12.711325665859196
-12.687592293371878
-12.68417278784728
-12.674718106649864
-12.64856706008182
-12.629566748106853
-12.603107986658971
-12.600374887492134
-12.5942425743972
-12.577008030779652
-12.543501666339548
-12.51917643881919
-12.477858471012302
-12.469111654815638
-12.467429614790833
-12.467001695838768
-12.434766071895885
-12.388416022654113
-12.313472909245279
-12.29951020475696
-12.252682066336282
-12.145419011105787
-12.143413707168975
-12.137452012476741
-12.036110890926377
-12.014992946055925
-11.98549532697308
-11.972031382034555
-11.95944751611409
-11.91196153418354
-11.88820234707914
-11.881442316486904
-11.86988686972114
-11.852619036843869
-11.846929742742839
-11.8391374408471
-11.826775480538567
-11.807860259804789
-11.799480529852607
-11.795463747630896
-11.786407526225789
-11.784252274331648
-11.780082945078936
-11.76275317564266
-11.74858644295536
-11.731719553658866
-11.705638668267515
-11.696975548077695
-11.671218201845306
-11.584324208172049
-11.502068646095381
-11.48532433993213
-11.482822227727045
-11.471510606980964
-11.46787161456232
-11.45416814279455
-11.436212050923807
-11.355050687322604
-11.324862107512384
-11.27532893469596
-11.274848646228909
-11.271794136482205
-11.185711338687327
-11.184418254323727
-11.182401546696024
-11.181255857983086
-11.097139450574398
-11.093834075225711
-11.066703303465255
-11.038761729962314
-11.037978402883212
-11.017743802021194
-10.997132210551396
-10.972841791574691
-10.968519558928827
-10.948593655757977
-10.924677454614871
-10.905974742576372
-10.895235786395508
-10.887520064092797
-10.799614527030705
-10.793085958630048
-10.73184059524141
-10.726635706084176
-10.707677494359919
-10.707447832684785
-10.704092077356464
-10.684512056562518
-10.656763218784103
-10.647871787944549
-10.636668484743458
-10.629031128393356
-10.597164357644463
-10.568392862529613
-10.563048482222412
-10.523234436525833
-10.517402110734057
-10.46235498971463
-10.449268620544096
-10.415723545944125
-10.395383820530762
-10.347881282066515
-10.341937305496304
-10.302881536822987
-10.30142498414995
-10.25479898676867
-10.248538390850127
-10.206180959670531
-10.187917314772656
-10.162977812376452
-10.12721935002697
-10.111028927334981
-10.09392724884254
-10.093525483319112
-10.031220353030598
-10.026581098577044
-9.983368056792362
-9.979705813337437
-9.960410115579604
-9.944081449821326
-9.935434316791227
-9.86680773212109
-9.866234293556897
-9.860768272481698
-9.848922546886746
-9.803426884555176
-9.760312496197397
-9.759567240662054
-9.724896881025177
-9.723492634876223
-9.711242754092474
-9.699580351601833
-9.668681376155654
-9.610446934988838
-9.591305591753061
-9.589544567547803
-9.497429487457293
-9.487412114767915
-9.421008636124231
-9.419009925809181
-9.41502029761312
-9.397886209416662
-9.378022147010103
-9.372028949763564
-9.328026247550575
-9.314597788993035
-9.296631932716043
-9.28251475299708
-9.265202700448572
-9.198387859343313
-9.18761819993757
-9.1854294491291
-9.17846060435049
-9.165768499405202
-9.163250971751918
-9.124313402927402
-9.121401963038114
-9.112534468689946
-9.1109536025215
-9.105794649177469
-9.020440581656107
-8.997348730820125
-8.98524946673923
-8.960804821086843
-8.93352146012048
-8.91005095334041
-8.882848154066638
-8.84092426327914
-8.811175388781516
-8.779978239353738
-8.727152926354758
-8.72443827996109
-8.686646907306095
-8.678342882226126
-8.618570274417548
-8.61835198731982
-8.601291296875825
-8.601091007410645
-8.59849104568716
-8.575072991498114
-8.56975840271176
-8.562020879937059
-8.555132697628997
-8.548764093397248
-8.54325123247018
-8.534473567099056
-8.512643046032643
-8.511745741723532
-8.499892011499643
-8.475113767741616
-8.443709708382835
-8.435986212847371
-8.426387593771546
-8.426369167324767
-8.401171995738135
-8.398639631715213
-8.398378999370617
-8.382192397818628
-8.372048219526674
-8.369913879982573
-8.360302883432569
-8.359436454904488
-8.294218207154936
-8.289223248207644
-8.284996598407126
-8.271275434905927
-8.259761221801755
-8.258252065041518
-8.250355542781861
-8.24995865684789
-8.24662233173052
-8.219985345138438
-8.189702761452137
-8.18291307658903
-8.169471022990956
-8.155111195330239
-8.141980737060296
-8.127541068643106
-8.126746604985438
-8.103872087277713
-8.085070645500807
-8.083434534695144
-8.081191484230661
-8.075215712829506
-8.040152973086508
-8.02847022362285
-8.017264102988307
-8.003127229244246
-7.985521647967562
-7.980097601724634
-7.975747864687546
-7.96248613349182
-7.95943885407152
-7.949092274911894
-7.943309820850013
-7.904893920083611
-7.90425765591012
-7.901953858491945
-7.858578684363328
-7.847108654442046
-7.843512684195326
-7.827995066443571
-7.824359305528541
-7.821882653621725
-7.806831231983093
-7.798012771591868
-7.779307594469691
-7.769428422986013
-7.7639160788437165
-7.7354601371565685
-7.728050955859328
-7.696803028134396
-7.687514235683576
-7.678805130037498
-7.63993728479957
-7.629360149075216
-7.602741943411137
-7.593866807026112
-7.583434672351493
-7.580962427249204
-7.5717488345265
-7.5265102410035105
-7.521046330538703
-7.511765775607326
-7.503287509873335
-7.49692600769967
-7.492025485192651
-7.477871028789654
-7.474138193360565
-7.473918159648427
-7.469687089252696
-7.4655705559783385
-7.46278317072316
-7.438765391992799
-7.417356803967322
-7.416219526879607
-7.4084002213613385
-7.397927886292571
-7.385454256231335
-7.359619032349448
-7.351970202163383
-7.347057059526726
-7.345709914681974
-7.342601185010846
-7.336751979116031
-7.331149104327823
-7.32435387389992
-7.31363572294114
-7.308532885154163
-7.2985075819822605
-7.297646521652062
-7.296949022632381
-7.283381745449221
-7.278639957958148
-7.2774311419808395
-7.258832782623093
-7.222909122594387
-7.222042565034473
-7.221856180766471
-7.2162028378062075
-7.199404496371093
-7.189765856038186
-7.167875092056204
-7.138338538529118
-7.115986382619406
-7.109589281732513
-7.1094119770419875
-7.100121027468174
-7.097714488041801
-7.09297975770517
-7.0732120850870315
-7.035647247145016
-7.009190429903741
-6.990265457052539
-6.9811404606409795
-6.971246562019214
-6.969418215755974
-6.967681863179214
-6.964445634513578
-6.963257957013958
-6.961402186764632
-6.9547791700000605
-6.94042794382229
-6.909107100914641
-6.902801162647608
-6.891894342046842
-6.862513910125746
-6.845541892822804
-6.844639199150128
-6.834031850625621
-6.8113902804799356
-6.8059187585112255
-6.793273887891024
-6.779064656041532
-6.771311349320332
-6.758113409040684
-6.752273286269084
-6.747416911586628
-6.746432663711557
-6.742758731274568
-6.735310969190049
-6.733486709727098
-6.699654666033259
-6.693463947008531
-6.686713989544069
-6.686430468485038
-6.668083574656946
-6.662314567984467
-6.661725236695988
-6.656093207654232
-6.655586801751548
-6.645364126767472
-6.6423937543552585
-6.615524394366142
-6.6152304781427365
-6.612462608731101
-6.603582301305735
-6.585760560864985
-6.574652992061904
-6.574158852647484
-6.572563537991138
-6.571313449874647
-6.566158969013361
-6.553035288275522
-6.55025780877597
-6.550235322829505
-6.530487015297442
-6.520383249405761
-6.499410014402091
-6.49620723474941
-6.4934501212359885
-6.4900173565572965
-6.485065643111397
-6.477683400001908
-6.4769902509522375
-6.469469460314615
-6.468437781103896
-6.4573225378206605
-6.453092855198005
-6.448641502794162
-6.447732662078012
-6.447208288100271
-6.4343096884321955
-6.432579211491804
-6.417958353614888
-6.411005767536669
-6.40469966422847
-6.377694232816976
-6.375222574111176
-6.368706986907835
-6.350617418299864
-6.339596385130664
-6.33498952380906
-6.329125287880796
-6.313968747294654
-6.310261906157164
-6.307652100733369
-6.307635664152379
-6.30650811121358
-6.296792598310326
-6.285470719887597
-6.276298060770836
-6.2750690111748915
-6.274244561509699
-6.273670971399764
-6.268599665212941
-6.261110413755373
-6.257360578270863
-6.239930429810562
-6.239395076715959
-6.206268306292817
-6.1961654819558705
-6.195005913417548
-6.1816612099570865
-6.179183480585753
-6.162860605880122
-6.150634497576408
-6.146019300376501
-6.135359572056427
-6.127696131747932
-6.118667749362621
-6.113087909354444
-6.109435011314597
-6.105832480014672
-6.097480215696567
-6.090144239279259
-6.087012514930825
-6.083324032886297
-6.056835577692641
-6.055824501433269
-6.046222675337326
-6.039875863886925
-6.030477046396727
-6.018495598365906
-6.009726799817798
-6.003911842174241
-5.9998959350764665
-5.998274078913475
-5.979584272071548
-5.958899781399434
-5.941680517732687
-5.9173478437088765
-5.912505779194953
-5.910520793887385
-5.908235094335324
-5.897807441746215
-5.896304513012039
-5.891901179852219
-5.882038314186185
-5.881480118139589
-5.874776281455162
-5.854598202384633
-5.842328034089577
-5.835935679323251
-5.82049729064185
-5.81920260605754
-5.816302308781141
-5.805887747343114
-5.804494970739646
-5.8015259763224805
-5.79965341651219
-5.78079390493541
-5.777401156823461
-5.7669967178375945
-5.76285475362868
-5.753855580624268
-5.7495866813208
-5.737297450141082
-5.735580879786491
-5.727619495806773
-5.720952697579622
-5.717515063949133
-5.70607417124673
-5.704474527386402
-5.700421248283455
-5.698601957618491
-5.698069964959205
-5.692063341455389
-5.6844310565333345
-5.679060553833344
-5.643704448519095
-5.606739054247987
-5.595536351946631
-5.5655721202863875
-5.560465720275243
-5.559663378857605
-5.5513092025705095
-5.547842349310146
-5.536622122888966
-5.5295354626337705
-5.529431155319793
-5.526612142383424
-5.525931716748256
-5.494191391689807
-5.47535399556748
-5.472482184667667
-5.46930496913966
-5.4671983061765745
-5.463523994929141
-5.456170717398219
-5.449997326186727
-5.44578111079082
-5.440545986528424
-5.436096822905619
-5.435708297061645
-5.409451100277974
-5.408111340475003
-5.3969681327204295
-5.390847122630837
-5.388245604565978
-5.382631375006154
-5.375197930242116
-5.361458888215563
-5.357007808573135
-5.355441257492866
-5.353894929710809
-5.346906862329593
-5.345185826206361
-5.335928070699589
-5.320799672253003
-5.320050241171236
-5.314447156783401
-5.307700963370295
-5.291883234618199
-5.288386355688425
-5.287186627937272
-5.277621374074025
-5.25825695332098
-5.237704916033139
-5.222698748014919
-5.217686740814964
-5.2102646809091695
-5.201191740319404
-5.1986807920972975
-5.194914299432586
-5.182651215166329
-5.1804612202108045
-5.179893383068737
-5.158685408105342
-5.15306871798488
-5.14966755586882
-5.139069511728095
-5.124932730672213
-5.109973052066946
-5.108241320443973
-5.107818663876889
-5.105458323547793
-5.103395580015588
-5.099687470640954
-5.099216064861883
-5.095942589626293
-5.079922199043049
-5.075753693458392
-5.070252277385394
-5.067538172051305
-5.064959209715387
-5.050757667332176
-5.050066427058187
-5.047537559860295
-5.046231248489503
-5.041575644344366
-5.037157201827217
-5.032491884014844
-5.011272972341613
-5.008405377466724
-4.991310680139227
-4.984906307008231
-4.982336025477325
-4.978102885882063
-4.976520383611911
-4.971128919925368
-4.970607828700692
-4.964377879044633
-4.962632499722067
-4.951789568157169
-4.948377434037473
-4.946932849449345
-4.9458116303022415
-4.918711662712946
-4.918530673419679
-4.915451295760696
-4.911236395819357
-4.886983450926872
-4.884343553955709
-4.8644371543299325
-4.862757789241154
-4.86152119323238
-4.860817733259328
-4.85861838514201
-4.849732609229614
-4.846988710638735
-4.841957678439771
-4.832682527373323
-4.830604539843668
-4.812012121376627
-4.811598328601762
-4.805668864198801
-4.783250610832279
-4.777848542789
-4.761334844285793
-4.7530012520565
-4.748360085624572
-4.7467512638904035
-4.741034552149407
-4.737061409077787
-4.728519168078385
-4.723103701896083
-4.7104635758366475
-4.694926419369714
-4.689036211620158
-4.68795004650173
-4.686842848139554
-4.683628900763397
-4.682146432712139
-4.679970623094964
-4.659166376950411
-4.654806780479006
-4.639942345501491
-4.63575171216689
-4.614515785421116
-4.613795701566916
-4.6107351136705965
-4.604577622982327
-4.601837299629959
-4.5969655058616645
-4.591758369704422
-4.584082004227557
-4.567943794719239
-4.5639257201884895
-4.544572204335555
-4.542129201851505
-4.539304421248977
-4.536067057549853
-4.53546618463935
-4.52968496969205
-4.523931705292698
-4.52355482300697
-4.5141773066540525
-4.512913492888197
-4.512100433842216
-4.50776403059494
-4.4877250500143
-4.4874396762177735
-4.487239057858677
-4.483069609168268
-4.470650178168653
-4.460926175620904
-4.422870663341037
-4.421920631923723
-4.421656305998198
-4.4105284310096184
-4.405842949572073
-4.403842533984109
-4.391694773521242
-4.391670279327796
-4.38543062532305
-4.358075292803164
-4.3576288807471855
-4.357517700208416
-4.357203809187881
-4.352169446053353
-4.350558367482068
-4.342187176068071
-4.339012990459757
-4.331837699363641
-4.320691724425366
-4.319316664207229
-4.316597989250358
-4.312559839147664
-4.306541223257974
-4.301592771872776
-4.301233919178917
-4.292180928374387
-4.290323162489995
-4.287560904490337
-4.286674772369043
-4.273357874428905
-4.270276966487836
-4.266873340710762
-4.25359306532567
-4.251051927590628
-4.246379474192162
-4.24435034048703
-4.236361483136136
-4.236254145428533
-4.233349564509757
-4.220183889622495
-4.218476609720938
-4.21578030899857
-4.2146569473157545
-4.198674095397451
-4.19091855937786
-4.18320057318071
-4.182951550035156
-4.177745014986103
-4.170508845038661
-4.163045410453499
-4.160708332810271
-4.1488999368506425
-4.148875410711403
-4.148765142117504
-4.147838316447925
-4.144938280532459
-4.144013722144223
-4.140901275125167
-4.139687076538949
-4.137429749402727
-4.1295281233690915
-4.127028076443158
-4.124593124474103
-4.123412055704742
-4.1227285326111245
-4.122609489308594
-4.121911402091488
-4.117563713750639
-4.115117905236123
-4.112447368500743
-4.100799630175303
-4.099591465270931
-4.093980554231248
-4.088487883826392
-4.0864072469178225
-4.082717466522715
-4.0714081977516425
-4.064803028498167
-4.06227260574142
-4.060003989077263
-4.058305743669896
-4.056555345126904
-4.045038241549671
-4.036056214442048
-4.034833029874067
-4.030192148726071
-4.025792840168454
-4.021148715926736
-4.019861341973675
-4.015817280451987
-4.010826286488745
-4.0062281314119454
-4.00334810493353
-4.0032355632073475
-4.000594658656568
-3.9870758651241656
-3.985972331782026
-3.984564089074056
-3.977309741492282
-3.9759893168485756
-3.971840025476796
-3.9707345388742383
-3.9695007672623035
-3.9658252790149398
-3.959351727375103
-3.9577488093828745
-3.9530176618161117
-3.951553971526328
-3.9475285112942657
-3.9440084345603412
-3.9419503298336678
-3.941107871771562
-3.936445235443822
-3.9363387755780943
-3.935547463099172
-3.9325239361393876
-3.9309459549155674
-3.9137245542549524
-3.91184961748015
-3.9113036765234552
-3.910816550009934
-3.90813149633233
-3.8963561806518405
-3.8927711810182863
-3.8892463234025096
-3.8859025150066033
-3.8760249412770333
-3.875982364045083
-3.8734305289522175
-3.8663162577307344
-3.860086606447957
-3.8576889760501123
-3.850374872924874
-3.8440495507183297
-3.8402094344426203
-3.835782440455306
-3.831719889146399
-3.8298932445912706
-3.8265902491714225
-3.824286721059818
-3.8237867175366813
-3.819211515229079
-3.81562211493099
-3.81503368005308
-3.795561046963651
-3.7903253794154272
-3.7766449701228466
-3.7734883569802893
-3.7691785118216634
-3.7640910027643977
-3.762027701463551
-3.7612543518892303
-3.7610465957412202
-3.760152526340769
-3.7590858038257404
-3.757122089495516
-3.73573265572031
-3.733472582097436
-3.7181301447923376
-3.695192889933743
-3.6939704584683017
-3.693333937912752
-3.671291269986532
-3.6711363061811166
-3.664456842130539
-3.659096594499978
-3.6586268778740036
-3.655293829389114
-3.648085491471867
-3.6468414483284484
-3.644714701299817
-3.6298408681712626
-3.6234919982825238
-3.619507875637246
-3.611355127105519
-3.6096130640496966
-3.6059406866300927
-3.6051890677137646
-3.5999864842628067
-3.5982199377244006
-3.594339207787188
-3.589266611317178
-3.5804577440708276
-3.579973634503469
-3.578568072405889
-3.5732632470623966
-3.573039038161733
-3.571976558189656
-3.570231364680105
-3.567384960871377
-3.561895751600982
-3.5582679098303167
-3.5537272537903544
-3.5507054338579906
-3.5452912678015283
-3.535103308278998
-3.530468537782915
-3.524919112805543
-3.5234453739555267
-3.522497506812638
-3.51510048044028
-3.513848195921262
-3.5100890796568507
-3.507718666480088
-3.5075151725577993
-3.506314138778609
-3.5056530920458897
-3.5023895389611774
-3.4955110310104285
-3.4879908448586137
-3.482077107517368
-3.4790449085112636
-3.478699162021049
-3.4759571527373003
-3.4752546864099134
-3.4722399382585065
-3.461493397190611
-3.453946855712705
-3.451664447721496
-3.448233465684642
-3.4345519143963217
-3.4303551214167207
-3.427092265027348
-3.426205081408984
-3.4210203541619313
-3.408513943729166
-3.40340739595423
-3.3947394494756518
-3.3933994550043187
-3.393149227754412
-3.388483413936776
-3.3867428220124047
-3.380650820949333
-3.3762728080925966
-3.3750771137573357
-3.37240730425519
-3.3669509734400354
-3.362400009411122
-3.3582681815834703
-3.353582545080473
-3.343608817707632
-3.3379621236692496
-3.3207486163749076
-3.3186022685791157
-3.317508919292107
-3.3174548959213306
-3.310235836098684
-3.29907755921746
-3.298544900837168
-3.2958390171832583
-3.2927559220163647
-3.291790655892618
-3.2892993382016713
-3.289281888671288
-3.2878580360524134
-3.285636937711571
-3.285115975166483
-3.2810888258127777
-3.2793562527032263
-3.2788346869342866
-3.2665122977898418
-3.261698256822756
-3.2529785603226977
-3.2500797528332392
-3.2496192661957983
-3.248296338327258
-3.2476826241632097
-3.238527322265327
-3.2341601527082466
-3.2325768634612535
-3.231671360809158
-3.225700950104895
-3.22513237823029
-3.2203432618867875
-3.2186967728250333
-3.217557224896364
-3.2123056262225953
-3.211634904536019
-3.211536472913469
-3.2067347505207384
-3.2000994528116373
-3.1948761500487217
-3.1943947574840754
-3.1941069651851905
-3.193901983784292
-3.1928351345502346
-3.1923328122539676
-3.1871339918389845
-3.183417759078213
-3.1800750547080705
-3.175049586664327
-3.1722256129897977
-3.164971416002229
-3.1570299014554664
-3.1567262016641693
-3.1561348345756417
-3.1503804877381443
-3.149622376784553
-3.1470568015653764
-3.144082876435825
-3.1419946810652495
-3.140107194754831
-3.138718653140401
-3.1375197898492617
-3.1370068876328894
-3.1235889382948323
-3.116380865966548
-3.1133341788365727
-3.110599075178709
-3.1031321270448533
-3.1025450075946592
-3.102164194927763
-3.100406783501712
-3.0977064801680334
-3.0958022705017423
-3.0947337766435146
-3.093805191067924
-3.087156599503797
-3.0733633847629824
-3.0720970804333425
-3.0649255224371688
-3.049116140861226
-3.0422178805859357
-3.038286413096228
-3.037970323739181
-3.035108805946841
-3.032318049127156
-3.0309125304384654
-3.0303580728737263
-3.0268592892875246
-3.0255222586741364
-3.025314711451362
-3.0179286027846968
-3.0139312474020343
-3.0139190224843295
-3.0127410890127813
-3.011862853271314
-3.0103797699892505
-3.0097325316696057
-3.004713247958085
-3.0029090877271907
-2.997939553862847
-2.9953928371543848
-2.9930694030781626
-2.9910980912129164
-2.9868438894241165
-2.9861759699968475
-2.98126967308547
-2.979876053124971
-2.977507062431289
-2.9725023205263423
-2.971298659286769
-2.969424596063284
-2.967308847187058
-2.964764302166584
-2.964248083854854
-2.9635723866572032
-2.95787011773242
-2.9571966511558703
-2.9521009929015776
-2.950650754904469
-2.9460407519961973
-2.945020804295223
-2.9434886208806477
-2.9418778257862606
-2.9326236683325035
-2.931818548326298
-2.92968944262001
-2.9292181157603174
-2.926935830993659
-2.924486790943436
-2.924098669246068
-2.9197953249191393
-2.9192691537387363
-2.9174167916412346
-2.914370530068443
-2.9143342833048953
-2.906204802194333
-2.9017571014917705
-2.900884393833653
-2.898446595935412
-2.8890093757318827
-2.8875422810389244
-2.8778427861187517
-2.875384799515196
-2.868627755344349
-2.8589359709085445
-2.857268121309908
-2.854632313779362
-2.8532019917638505
-2.8510485418451825
-2.841077131849633
-2.8363346309313977
-2.835069216160689
-2.8291104051708422
-2.8239643780855657
-2.818840911399109
-2.816488061036142
-2.8155898724415156
-2.8137867001784045
-2.812949584875617
-2.8092452410369066
-2.8062032698336696
-2.800620577723594
-2.797597541287095
-2.7947201539930293
-2.7925177433118833
-2.7915318969987726
-2.785851505549389
-2.7839179225817428
-2.7761674463995183
-2.771649510142227
-2.768492681320141
-2.765791987300662
-2.7628060146100952
-2.7622900703906748
-2.7615601672903844
-2.7575247460300303
-2.747124909776442
-2.7460918244402723
-2.741284239240633
-2.7361823429081196
-2.735930855794752
-2.734880116166143
-2.7333876581868752
-2.731654780408052
-2.7293896399407984
-2.729068240322834
-2.726153706651902
-2.718923159678747
-2.7171128854338527
-2.7142049714083
-2.709497727802277
-2.7042246981448033
-2.703670095300693
-2.701160334953713
-2.697503527883382
-2.6974317008038557
-2.6937187753026075
-2.693546809264823
-2.6918217778196896
-2.6882419103406336
-2.6846078572364163
-2.683432699475389
-2.682661746677195
-2.6775701828788554
-2.673719481178354
-2.6732612111613627
-2.67104267340586
-2.6664701769743395
-2.665329203292251
-2.662945398100307
-2.655088077259634
-2.653483072383291
-2.6447937575829106
-2.644530595069959
-2.642754175180979
-2.636243529082954
-2.6344307682943993
-2.6317920212200105
-2.62684238961331
-2.62671908656447
-2.6258625341455533
-2.6178513446777156
-2.615163262731498
-2.6147281405843814
-2.6116311198794144
-2.6091697532764893
-2.607124171196325
-2.605590115488776
-2.5998997871039284
-2.590919413129991
-2.5885234430153243
-2.582237920539998
-2.5738435241828723
-2.573491273996509
-2.572311200089157
-2.570090534379842
-2.564090629812513
-2.5632960345063944
-2.561028492676122
-2.5568529566952565
-2.5527069832326403
-2.551718320322528
-2.5480907135865203
-2.546576727728769
-2.543645970552708
-2.539082309360828
-2.53709805820878
-2.5342334744743567
-2.5327537627209655
-2.5287754047296773
-2.5211631418861478
-2.5162283731474795
-2.513382632007444
-2.5100971891454043
-2.5100631165688303
-2.508055197514441
-2.5011549535305155
-2.5007961235892684
-2.499775902792003
-2.498309353428699
-2.495442102372136
-2.4910275054380056
-2.4909526384008354
-2.4821039254468427
-2.476409222470763
-2.472396551490144
-2.4679681402731575
-2.4678268014624885
-2.467575755752618
-2.4550143467313146
-2.450517443119486
-2.4489631668314464
-2.4432626288638533
-2.443148366865737
-2.4403662219992284
-2.4382145156017097
-2.436542559933231
-2.43576037864223
-2.4340392038993786
-2.4289528366231163
-2.4222018140284955
-2.4155536254503644
-2.412636519207411
-2.412466043914771
-2.411671100681661
-2.398632389830263
-2.398378967298069
-2.3945531564454243
-2.3934970398102258
-2.38875502209231
-2.3886799297123047
-2.383077194191061
-2.3779296159333785
-2.3759969353479162
-2.36528384001659
-2.3640010982924675
-2.3626636231837144
-2.3608574919725975
-2.35067953139715
-2.346923722061173
-2.346188783661472
-2.340177695520211
-2.3363553452889825
-2.3351243865876583
-2.3333810059280373
-2.3330131456932763
-2.3268505657813603
-2.326160158403763
-2.321429914201749
-2.3205440733333123
-2.3103559524770394
-2.310288245784881
-2.3097735210254284
-2.3042739929535108
-2.3036702465252485
-2.3024686961887864
-2.301602761615328
-2.300621983805633
-2.298611173277874
-2.2972402312692886
-2.295294747772312
-2.295058820583769
-2.290171660112767
-2.2865986971279217
-2.284975050293144
-2.2841175313887536
-2.2777094861813127
-2.2763141675048537
-2.2760124837365012
-2.273551716772065
-2.2725103439693606
-2.269349102610926
-2.2689764299259205
-2.2684689449821676
-2.2670550559438514
-2.25891863429623
-2.2584671918538963
-2.2569576233001882
-2.2567730914389665
-2.2499892487972604
-2.249721402104486
-2.2474144934808953
-2.24369348071949
-2.240295210151119
-2.2396677265079665
-2.2374239669071168
-2.2370753473233083
-2.236050196080643
-2.231085105040279
-2.230170272750992
-2.2240761995529352
-2.219658039540563
-2.2185260527143615
-2.216346641711335
-2.215145370254543
-2.2148664840120107
-2.2109587875228227
-2.2077056083847157
-2.2065472700794473
-2.2031050012870685
-2.198323049439067
-2.1972905658766417
-2.1951289576438695
-2.1929744157993776
-2.191759428629324
-2.189610433841585
-2.1892664358030625
-2.1855605077862705
-2.182696880221812
-2.1814696609102024
-2.1789138405014077
-2.1748297440082762
-2.1736871106502207
-2.1722171918297484
-2.1668864474491185
-2.166400202347647
-2.1636536189898754
-2.16364662099425
-2.1624499675084814
-2.1595112329461976
-2.156789399046641
-2.154308554280586
-2.151611248948993
-2.14730298573827
-2.146182479437396
-2.142960213201027
-2.1389298757207875
-2.1365303583934017
-2.1359896846880493
-2.1358978527607446
-2.1314307611677816
-2.1310897225879573
-2.1254249788050292
-2.1227340102857926
-2.121303595507162
-2.1185270016529607
-2.117437694126787
-2.117054720769697
-2.11605576433304
-2.114613148782116
-2.1145546199692222
-2.1130944538998193
-2.1107051771939425
-2.107964580075315
-2.104213748307621
-2.1025946293526987
-2.1017369204372605
-2.0986898677451435
-2.097492787864028
-2.095518847516496
-2.0921854385306045
-2.0918872443588423
-2.088069791121211
-2.081527766357714
-2.079802689125345
-2.07977600124193
-2.0786055590440973
-2.0761902854970375
-2.0754586246741296
-2.0751524630676963
-2.0710120748716125
-2.068291819227661
-2.0595121910878387
-2.0585886575781034
-2.058087745925943
-2.057399124383903
-2.0572732785037147
-2.0557488039223806
-2.0556888618297307
-2.0548441612239894
-2.054045005667274
-2.0539639510934147
-2.0467446465906782
-2.0439689928176152
-2.0424088363569135
-2.0337439123463383
-2.030628656958993
-2.0269748766863156
-2.0246110495703693
-2.0228239408709054
-2.0215490797289646
-2.0200850281010645
-2.018532673823582
-2.0129019321339476
-2.009319392630136
-1.9957249420906982
-1.995157670540427
-1.9950945590663478
-1.9945813390628315
-1.9878748286219108
-1.9865316026236721
-1.9863280604169988
-1.9857883421122544
-1.9846926962845846
-1.9845033560502303
-1.9829579574628675
-1.9781593669553377
-1.9725929307602081
-1.9721953373313637
-1.9712825037930983
-1.9694684386510266
-1.9690117828584446
-1.9682218571588126
-1.9670331996630543
-1.9640912350587216
-1.957116365983843
-1.950674075363433
-1.9480253094995477
-1.947724022929672
-1.9457462960708105
-1.941918311483842
-1.9401383269004917
-1.9384332860709783
-1.9382087206317546
-1.933488101509535
-1.9322025858646397
-1.931328636266693
-1.92882261547513
-1.9238129283233742
-1.9230713157194783
-1.9214373462252465
-1.9099223416394147
-1.9062463860648533
-1.904996759850058
-1.9028149215130452
-1.902346831249366
-1.8972342079245432
-1.8958208848838507
-1.892340401146967
-1.8908938371479622
-1.8903342181390104
-1.890020916969216
-1.8897101962826819
-1.8848745441244916
-1.8847376524536759
-1.8816980195513082
-1.880210303264598
-1.8762511817705247
-1.8753754268628327
-1.872986749592986
-1.8705281230929252
-1.869980869767761
-1.8619416970678293
-1.861084304683363
-1.8609698577570135
-1.8596084414913718
-1.8594640011239978
-1.8590745772134376
-1.856235945223756
-1.8542402254415933
-1.8538273828281748
-1.8506675767763543
-1.8491921527704875
-1.8490895329153412
-1.8485520595521603
-1.845489409280833
-1.8439702851414377
-1.8417871206185166
-1.8409339422676714
-1.8379099966048698
-1.836015551203868
-1.8340442874458591
-1.8325067337762688
-1.8322370898908524
-1.8317218628611363
-1.8294651325174316
-1.827118449303141
-1.8267645659049756
-1.8264695008218665
-1.825717145622738
-1.8247227764134744
-1.8222038440860682
-1.8202809377759945
-1.8180698285836079
-1.8175773613623343
-1.8156186613842993
-1.8087923584072423
-1.8078653418186441
-1.807101733812341
-1.8068960378078351
-1.804447938556042
-1.7967797323592154
-1.7948962146735579
-1.7935784477785273
-1.790459740119843
-1.7898514794014053
-1.788142613022303
-1.7869496988331615
-1.7851937806645053
-1.7821097494903673
-1.7814555276626831
-1.780145415082733
-1.7761512356940563
-1.7745739665371532
-1.7711769493019516
-1.7704923594296833
-1.7694956925272367
-1.769365628434064
-1.768284303299845
-1.7676243340739237
-1.7630376671064987
-1.7602143526356104
-1.7580245781831647
-1.7552060010634079
-1.753965144052633
-1.749513489614313
-1.7443577934798455
-1.7432292156607379
-1.742770674456295
-1.739747890389271
-1.7393439201524352
-1.7365644659578408
-1.7359238905354561
-1.7344825591442339
-1.7295332750809387
-1.7289079043686497
-1.7274103195540982
-1.7264605386273364
-1.7262329235298313
-1.7246047136445883
-1.7233789746740933
-1.7215857751101973
-1.7212368937373173
-1.7141883447283723
-1.7103752655413877
-1.7099037372391142
-1.7041273505552073
-1.7024384392816274
-1.7016621006183126
-1.7002590362772023
-1.698868944073415
-1.69738178584646
-1.6972693592341779
-1.695997779886917
-1.693844511878206
-1.6897268310256004
-1.6867265469504833
-1.684490108557771
-1.6843965384593784
-1.6837577232028391
-1.6823757834080517
-1.6807670639985783
-1.6782712804683104
-1.6761291628143133
-1.6733854978911835
-1.6733029215940587
-1.670714333261956
-1.6706240625246498
-1.669523793748222
-1.6694034530432904
-1.6667866476393718
-1.6660848871433167
-1.6634793391759963
-1.6626889822206379
-1.6618275249407048
-1.6605318407947798
-1.6570406844376633
-1.6569895608739547
-1.6564780116109616
-1.6561736484814589
-1.6560333354619918
-1.6537253417902815
-1.652237863159149
-1.6478686273847327
-1.6471201317366067
-1.64151701547052
-1.6392411848199804
-1.6277669950802576
-1.6258347654528738
-1.6254864399062612
-1.6230996600194136
-1.6221569311638828
-1.620373922505616
-1.6158247061059496
-1.6136970082074882
-1.6133661278498546
-1.6132767064344773
-1.6126045660408646
-1.611855335813424
-1.6106772515632162
-1.609607440968996
-1.6093034331882765
-1.6090001838777064
-1.608764806478519
-1.6078050925610965
-1.6021355463056033
-1.6008727969318677
-1.5990004034375365
-1.5966142633416949
-1.587048254703716
-1.584817763636531
-1.5801572879429056
-1.5794433414824196
-1.5786634798706758
-1.5777748522310624
-1.575095382744435
-1.5684249003781419
-1.5656487610931529
-1.5649486180289007
-1.5611395061932152
-1.559590463761593
-1.5568635063363578
-1.554291618609617
-1.5520583322331536
-1.5510605546171738
-1.5477105618413718
-1.5474622274240444
-1.547311617818661
-1.5465177186743426
-1.5409939815040326
-1.5399630859917464
-1.5393216676321275
-1.537515748618877
-1.534509768776653
-1.5273124605512551
-1.5221673634363948
-1.5221481937012682
-1.5198830400638244
-1.519082732558435
-1.5181377920312897
-1.5159990450703598
-1.5147500858253702
-1.5143352135567136
-1.511164063217103
-1.5087891449992852
-1.5029928158287373
-1.5014518071803205
-1.500208809488229
-1.4966831465332295
-1.494252443319532
-1.4847991937265637
-1.4846459069350637
-1.4768619835774444
-1.4716073273972894
-1.47066528721522
-1.4693660932868233
-1.4686691358637716
-1.4648253092819337
-1.4647187192442706
-1.461920843467349
-1.4615341609278598
-1.460910286551506
-1.4605673208425127
-1.459443373288504
-1.4560339901952302
-1.4542694177889148
-1.4512376565986012
-1.4511574092038666
-1.4507639114948874
-1.4470103650486072
-1.4458190010285332
-1.443611260297062
-1.4423827813262429
-1.441304936794988
-1.439952244359377
-1.4386987150079498
-1.438514492775277
-1.4378503336263115
-1.436003223723779
-1.432352483830205
-1.4306677679339346
-1.425535542053915
-1.4242519193040488
-1.421276252787518
-1.420340396585733
-1.4189750845514975
-1.416988473560763
-1.4157782460656136
-1.414880537579072
-1.4145939219566532
-1.4123810996090653
-1.4098576521969448
-1.4074516036625448
-1.4068649690446238
-1.4021165726727494
-1.4015682768506734
-1.3990748665547754
-1.3984620348839973
-1.398244208808308
-1.3976685590865365
-1.397240180545959
-1.3943435916085
-1.387558399411295
-1.3862566034876502
-1.3848486219241138
-1.3845581200395585
-1.3837552429611648
-1.383631663374369
-1.3827568217802186
-1.3757233013683545
-1.3753473624307269
-1.37386182746455
-1.3737210960890247
-1.37305779870376
-1.3727331966678753
-1.3715456553062224
-1.3714297712799186
-1.3696459321524517
-1.3679399111334374
-1.367839051972747
-1.3621690012431626
-1.3617942981889055
-1.3592378482973313
-1.3570249599168416
-1.3551629597354822
-1.354145581308198
-1.3539846552636616
-1.3535315159933448
-1.3489241176180016
-1.3468901770025328
-1.3457840401604122
-1.3456952394188182
-1.3452712513274974
-1.340320879264415
-1.3387533877838587
-1.3372655172158412
-1.3359310776845106
-1.3358908995422933
-1.3348528504906783
-1.3345540514664347
-1.3344373462864951
-1.3334790784239408
-1.3240285259570732
-1.323491406677952
-1.3174435121714982
-1.317021952519497
-1.3153490516558008
-1.315021186680413
-1.313101439390536
-1.3123301418903575
-1.3101274541904604
-1.305729765367897
-1.3046024120557425
-1.3045480602580923
-1.3031101698617928
-1.3025201352742615
-1.301401260696558
-1.300838977974992
-1.3005336150620137
-1.299639475236388
-1.2990094838948916
-1.2985681621390766
-1.295680779175827
-1.2953364780036551
-1.294558669180906
-1.288898383464703
-1.2866699872418037
-1.2850116988391562
-1.2834105193650105
-1.2793400819151786
-1.2775966861718757
-1.2771786097681512
-1.272971037764557
-1.2729311399026069
-1.2716516014237842
-1.2702014298239996
-1.2694593381363126
-1.268358475806749
-1.2615397967944668
-1.2604968281130202
-1.2585140164726887
-1.2545965028124337
-1.2457770621876556
-1.244880452485426
-1.2442714174857838
-1.2439695081918343
-1.2408066585692632
-1.2405452388984735
-1.2391555247095438
-1.2388374477887993
-1.2373423808310582
-1.2359184523677433
-1.2350475530651912
-1.2347116892038916
-1.2327744910630307
-1.2321156474357906
-1.2294963198620015
-1.229115206533102
-1.227309014967775
-1.2256333961713337
-1.2226819677778593
-1.2222865895110169
-1.220771788404517
-1.2199118077294684
-1.2176054900802042
-1.2167152098244145
-1.2160941835645718
-1.2126943430839454
-1.2098518075693168
-1.2089231282165307
-1.2086245101637383
-1.2059047098193374
-1.205726102628124
-1.2044095499151695
-1.2027056395664648
-1.20209082170305
-1.199419892865891
-1.1943963866389082
-1.1940514082328024
-1.19220209160284
-1.1914806909044031
-1.183869258752348
-1.1819259687735575
-1.1802470635872486
-1.1799390387785607
-1.1776206199706993
-1.1747485568735385
-1.1714498910025022
-1.1676828167024718
-1.1642599070366586
-1.161095354379178
-1.1585583015841028
-1.1575876376262864
-1.156912685683594
-1.154669512735419
-1.1514021937634782
-1.149518775853259
-1.1488674070827856
-1.1485617202116742
-1.1485540555441425
-1.1484138722863968
-1.1477846420508644
-1.1465057872423638
-1.145696037816729
-1.1450651545418824
-1.1440426925325153
-1.142941194230768
-1.1394239590576818
-1.1387315736217307
-1.135086714493504
-1.1339361266390113
-1.1298445186290356
-1.1293887109231062
-1.1237130457897089
-1.1228402221634721
-1.1223929987104668
-1.121008018581227
-1.1206867521345714
-1.1188252980378193
-1.1162908202857582
-1.11355852123939
-1.112056818912209
-1.111001054839021
-1.11053278016933
-1.1074575319818836
-1.1053717454207705
-1.104364757884837
-1.1017005019100485
-1.1016691365238387
-1.0958390293518698
-1.0938334623553259
-1.0936128126037303
-1.0917000125767746
-1.0912605000093625
-1.0912142200026747
-1.0891462710041435
-1.082124824511143
-1.078245724438934
-1.0780521200043742
-1.0744095195997723
-1.073026016947165
-1.0712585155213934
-1.0710980575048996
-1.0687937087042572
-1.0631323199089988
-1.061691710438397
-1.0587663306089812
-1.058439590289214
-1.0539683841562757
-1.0508814405695435
-1.0505756354282436
-1.0496320046026484
-1.0490624150116132
-1.0487916788681544
-1.0478595133545272
-1.0467949679240283
-1.0456326862975214
-1.0453408024111184
-1.0388704438095444
-1.0377465308432359
-1.0365837350362914
-1.0356480403304453
-1.0317592860538525
-1.0309836781058648
-1.0305331769099353
-1.0258978940787205
-1.0252245115848573
-1.0227753751447732
-1.0220527763039613
-1.0209879858950923
-1.0202871662613084
-1.0199569159845923
-1.0195454189912496
-1.0190009937711486
-1.0188394957836722
-1.017767387042877
-1.0177134223007962
-1.0145643240383477
-1.0141103742073359
-1.013361296491747
-1.0119361678741998
-1.0046582598306135
-1.0027677430565296
-1.0015434087883337
-0.9987580344572685
-0.9976365474295191
-0.9919254168232781
-0.9918315410771331
-0.9906322017773015
-0.9905407740420135
-0.9897009447613468
-0.9893554873198382
-0.9844964354793032
-0.9833416413171489
-0.9833304281680744
-0.9827559471552629
-0.9815229715084521
-0.9800391701621344
-0.9799061737604122
-0.9775530426908817
-0.9768343228380741
-0.976078037725828
-0.9760644146122719
-0.9749422367050405
-0.9729443526627315
-0.970942410272648
-0.9701067099767371
-0.9698614429439616
-0.9684396636850904
-0.9654773012112613
-0.9629880804816403
-0.9582959021573358
-0.9567425777097434
-0.9549126970001749
-0.9544216388460085
-0.9541066935174549
-0.9500589513214256
-0.949776729611301
-0.947110534150717
-0.9466687630816005
-0.9461522623421089
-0.9441470549683921
-0.9430606761653837
-0.9428491875704927
-0.9384086313243052
-0.9364247597677335
-0.9344596457542839
-0.9341425362608871
-0.9328927069920188
-0.9323256461761233
-0.931465084886111
-0.9283834503264607
-0.9257959181037114
-0.9235752635157712
-0.9194617813770709
-0.9164251016134454
-0.9144672890358014
-0.9124521532762172
-0.9092552732525028
-0.9066609317667625
-0.9049815857116301
-0.9000981250518995
-0.8999467341706161
-0.8997069232917055
-0.8979933474078574
-0.895041780585014
-0.8939922116059722
-0.8939469770729722
-0.8884717720116243
-0.8858727828937628
-0.8852640142323787
-0.8840120767207579
-0.883688433991942
-0.8830292116749034
-0.8829656070266234
-0.8827897698148597
-0.8823385050204093
-0.8822387626871419
-0.8797460681977973
-0.8774515422854923
-0.8768175809494699
-0.8712349396705252
-0.8680275969975477
-0.8677905831708855
-0.8662704595030575
-0.8646789124946803
-0.862866629612417
-0.8618662877582092
-0.861493581230564
-0.8611620106273494
-0.8544205536378452
-0.8520630961719502
-0.8489397937430289
-0.8487079693725584
-0.8487071717463571
-0.8483131024411864
-0.8467712249700565
-0.8453024416080878
-0.8444320768675191
-0.8430785309882813
-0.8427573806075225
-0.8380361949246532
-0.836000336140702
-0.8357877512789271
-0.8339113214469789
-0.8330467833451111
-0.8300482189186389
-0.8294180367565566
-0.8292344703415183
-0.82700125799525
-0.826501215289204
-0.8256326877247626
-0.8235924685110183
-0.8229483111143097
-0.8227980729265828
-0.8176602969260733
-0.8172664094126789
-0.8157804124089074
-0.8153624550676999
-0.8145966785568607
-0.8145529538972811
-0.8142708673146895
-0.813407990881649
-0.813066229919283
-0.8114178252795974
-0.8083555037128272
-0.8071005448113097
-0.8016264116398741
-0.7994663860306114
-0.7976915098407713
-0.7955148824705404
-0.7948866368749613
-0.7947590883875089
-0.7878779314594394
-0.7872706825589603
-0.7864215664939056
-0.7860071537506027
-0.784124275524525
-0.7796362371501024
-0.7780702669926339
-0.7767091627590128
-0.7766504655998651
-0.7763892007808126
-0.7734591713876352
-0.773182930393533
-0.7727422815327416
-0.7721640677562812
-0.76828238256543
-0.7680569237564225
-0.7675309554057289
-0.7668515368864096
-0.7613822006983324
-0.7597966947634752
-0.7591269879896111
-0.7583523691360105
-0.7576395678411122
-0.7556373973240809
-0.7550915209279817
-0.7534175145826358
-0.7519697993043244
-0.7515923511442042
-0.7514340242397628
-0.750299894057859
-0.7499884695645304
-0.7498174064487024
-0.7497617038224155
-0.7492578832151949
-0.7491494280664287
-0.7468177233333083
-0.746459547871976
-0.7436197883158149
-0.7435880336836603
-0.7426496392540113
-0.7411099361112015
-0.7402224669510451
-0.7388534053171957
-0.7344620962533064
-0.7299749059192813
-0.7279466467553186
-0.7277191725449699
-0.7246059808562477
-0.7244084172944978
-0.7211694091208309
-0.7204201556985859
-0.7192670696131426
-0.7186501414937583
-0.7164710656469795
-0.7161526486010286
-0.7154512894493614
-0.7142883148818033
-0.7134507247094516
-0.7108299519508797
-0.7087591390515466
-0.7083252480024036
-0.7057878739736908
-0.7052230513480343
-0.7044819445247587
-0.7040189281698297
-0.7004121518052332
-0.7003928903280958
-0.6988391033282376
-0.6987839894360137
-0.6977351604539104
-0.6924297265122037
-0.6923987699683642
-0.691097935302701
-0.6889028572019334
-0.687947227342391
-0.6856702605807348
-0.6853543400252475
-0.6853112939734166
-0.6839090659376118
-0.6827018083089622
-0.6823292526419459
-0.6811427605871757
-0.680902083891019
-0.6800290797104216
-0.6798008792094486
-0.6789336650313839
-0.6782096085290568
-0.6775155579409132
-0.6766187726866211
-0.6765330295996412
-0.6757085128162417
-0.6748330384389933
-0.6738162806260758
-0.6731391898583005
-0.6708738923970488
-0.670502092417002
-0.6690358400431149
-0.6663182336215313
-0.6661789476824337
-0.6659894422072947
-0.6590886676492137
-0.6559188017991273
-0.655547718778375
-0.6551573358898546
-0.6544085714034495
-0.653226415724548
-0.6530166148600242
-0.6528148820883328
-0.6501509462433017
-0.6495698132677312
-0.6494640604010246
-0.6490463859824125
-0.6489199958904579
-0.6486145311872019
-0.6477842477210614
-0.6469167988195963
-0.6456559383087566
-0.6412640362619942
-0.6410451496634485
-0.6372705131594424
-0.6367384495016916
-0.6358269282788466
-0.6357773003789051
-0.6355314873808744
-0.6352735761861362
-0.6343974451241394
-0.6341665221412492
-0.6304303296717815
-0.6303892077721053
-0.62787045695154
-0.6267636664816282
-0.6215440344517457
-0.6206225811964035
-0.6202079329885261
-0.6157590795808247
-0.6140883952250086
-0.6129556392170619
-0.6125145593152701
-0.6120384540317608
-0.6096992832103652
-0.6073950927611379
-0.6069176665086465
-0.60659402858416
-0.6064865222767571
-0.6025058304967661
-0.6016690338859831
-0.6006007496860816
-0.5991040378868067
-0.5965728424162379
-0.5956756205356027
-0.5934709263088325
-0.5910707101168833
-0.5879017357864003
-0.5825511741646183
-0.5820449598885651
-0.5801755319048854
-0.5783022315682208
-0.57494615920086
-0.5731281055099877
-0.5731060658378029
-0.5696650177727806
-0.5674853524837913
-0.5667539123127049
-0.5667195744749798
-0.5662293858999004
-0.5646913861695505
-0.5634474934811655
-0.562694913648279
-0.5618620303497784
-0.561764396516495
-0.5580790593117799
-0.5579579352632733
-0.5566787052132444
-0.556596713127134
-0.5551230241900786
-0.5540146794020959
-0.5499500162074588
-0.5443905056163183
-0.5441914965720509
-0.5390257895321272
-0.5371719019292314
-0.5369967596969716
-0.5352836694952977
-0.5350034729981153
-0.5344192972725152
-0.53408601786958
-0.533952310417977
-0.5329939745769603
-0.532349688829444
-0.5322269638191945
-0.5318419331714574
-0.5291965802787604
-0.5276259069160331
-0.5269113252767663
-0.5268878981078886
-0.520421285026827
-0.5199923908687105
-0.5196896565219309
-0.5122095418598687
-0.5118267580598862
-0.5098948032609708
-0.5095126883438419
-0.5093304933237571
-0.5072910981724341
-0.5068937288641815
-0.5053226289992047
-0.5031564301311848
-0.5030633707151966
-0.5027612837044857
-0.5023413289503401
-0.4990889022733472
-0.49894204391616814
-0.49662243492425273
-0.4945490855658686
-0.49292895264320036
-0.49123324414357705
-0.49122867581191443
-0.4900485879206621
-0.48843670978900683
-0.4872522927755687
-0.4866219530740815
-0.4850709359916324
-0.48497872601459824
-0.4849625165894784
-0.48396678700391405
-0.4824921005123305
-0.4810893801789824
-0.48092501372102403
-0.48023525197433015
-0.4800598977779726
-0.47951403194251
-0.4790541443551728
-0.476475322540154
-0.4760570218093395
-0.47589969339578286
-0.47410915326425984
-0.4729266894860581
-0.4717307884258535
-0.47065123332974124
-0.4696481211550123
-0.46792584176022456
-0.4675736905303006
-0.4670419337252433
-0.46703675928912025
-0.46259877444983716
-0.46230474436528013
-0.45865944194328834
-0.4571705471283557
-0.45716943457651577
-0.45625478178710277
-0.4544500863813088
-0.452785235512986
-0.45004601797173893
-0.44943200103562364
-0.4468521791430161
-0.44637831612752454
-0.4459673979215555
-0.44492567153262386
-0.4409414854543098
-0.4343918439054609
-0.4280767343338424
-0.4277525278011368
-0.4261210862376637
-0.42457011746559414
-0.42445288767673595
-0.4217529228450956
-0.42099361364609367
-0.4194007505317767
-0.41866367023702966
-0.41666792110677353
-0.4155909267569354
-0.4131229229017691
-0.41292227683763627
-0.41158008976559857
-0.4096248016394263
-0.40836862580986544
-0.4055293163384533
-0.4053856211387661
-0.4044796425494589
-0.4041461349740946
-0.4024775643475322
-0.4020859220390763
-0.4012482897474114
-0.40028562099328513
-0.3994650622650138
-0.39771970174177573
-0.3971121436010989
-0.3941890645090267
-0.3914877391666679
-0.3914834482655283
-0.3900648242286011
-0.38606037485319367
-0.3844140079196663
-0.383662125006361
-0.3828188511523998
-0.382634128145221
-0.38263231699182865
-0.3774884280323182
-0.37730652015953425
-0.3771342717527572
-0.3704245726206824
-0.37003883913388846
-0.36863459829831546
-0.3647340708077795
-0.3646793169236293
-0.36250667154994237
-0.3623748845108431
-0.3621129280813006
-0.3616903838592814
-0.36121593273320163
-0.35891115437747456
-0.3567809443848613
-0.3521530597128537
-0.3512078600380141
-0.3495952991630078
-0.34905486191723306
-0.34813800780537213
-0.34770394396784354
-0.3449626312391994
-0.3432118475063073
-0.34274102462307954
-0.3403935482423519
-0.340088087845515
-0.33512999313170844
-0.3336048496165698
-0.33009179996567295
-0.327607872273168
-0.32752047922871974
-0.32736843651186776
-0.3260084054820278
-0.32565131862897395
-0.3252997358770816
-0.3219842976569347
-0.319870976837351
-0.3189991048577866
-0.31780660003224503
-0.31759478872952773
-0.31712897111887695
-0.3167102609404244
-0.31635426320603494
-0.31584392929535826
-0.31455322212884984
-0.31416635961385
-0.3118500355378035
-0.3096928034262874
-0.3095466339083317
-0.30850238461278523
-0.3076742259929509
-0.30645230520083133
-0.3059123872225288
-0.30587883879077427
-0.30396950034944314
-0.3013002552503612
-0.3010464980786147
-0.3006863684333093
-0.30025129409032625
-0.30017655424937406
-0.29940275752011214
-0.2993648491336364
-0.294797428887811
-0.29141876250556015
-0.29016701544978163
-0.2895693425136896
-0.2864165574684643
-0.2854974034989469
-0.2841745240094662
-0.2839416505778979
-0.28243131010611067
-0.2804698271193091
-0.28024366590048344
-0.2795801456530801
-0.2769859926133529
-0.2765924893235514
-0.27521314646959383
-0.2700849160709989
-0.26917797186191206
-0.26132591872824307
-0.2609263075767938
-0.2608474199724885
-0.25974635005754965
-0.25769307179657036
-0.2574745063774666
-0.2546118210587201
-0.2524029092264888
-0.2510083115010756
-0.25013852138798487
-0.24939746512006583
-0.24813444138372343
-0.24807933766951606
-0.24802118534903317
-0.2448723322260531
-0.23941492121127647
-0.23003455689770935
-0.2295668196586902
-0.228510602899123
-0.22826881501796448
-0.22800046390058315
-0.2276966146399203
-0.22691552838443252
-0.22401786801347334
-0.22363182796964642
-0.22253972328656657
-0.22051342901077065
-0.21806963715757577
-0.21751240828924223
-0.2140336524089259
-0.21333623009306835
-0.21202571697153771
-0.21168050839956554
-0.2112253625198337
-0.21113420604369604
-0.20772947205023606
-0.20681303943826135
-0.20662435750662572
-0.20609486558895984
-0.20188130921529923
-0.19987484409173562
-0.19940620209701881
-0.19862052324189083
-0.19831678516498613
-0.19596786429332913
-0.19591599368266754
-0.19502040023236744
-0.19362708407400953
-0.19229597882904725
-0.1913618724785925
-0.19026126841745283
-0.18833594502187906
-0.18806001259041275
-0.18747262222007358
-0.18598897169971496
-0.1833860129060776
-0.18293549052386238
-0.1810374397413943
-0.1767531691705878
-0.17546743578882718
-0.1745304719117928
-0.17435546891545983
-0.17423079778458672
-0.17119885293540782
-0.1710926933252611
-0.17022552623736908
-0.16990027555512643
-0.16568806552589
-0.16495919503008705
-0.1630506484085736
-0.16113480169465322
-0.1603119397823039
-0.1584498976672638
-0.1583665401093982
-0.15801733537289664
-0.1579768928374995
-0.1579403921623077
-0.15773291878431106
-0.15721077629193603
-0.15623059746517687
-0.15389256422496117
-0.1529382888739803
-0.15289835213573555
-0.15179457940207475
-0.15086207660008522
-0.14859683944023616
-0.14790052177850155
-0.14609326818701118
-0.1435755499181339
-0.14333727728901757
-0.13752815980096583
-0.13643198918680555
-0.13503317007200055
-0.12955792674660016
-0.12940055469329914
-0.12637144299112024
-0.12629888808547973
-0.12430385368109176
-0.1239105506916306
-0.12233825380031271
-0.12088241891810358
-0.11908488903971837
-0.11654252244571173
-0.1144642697713682
-0.1130430722934111
-0.10900511884027342
-0.10763254296005487
-0.10522614483966308
-0.10192334356820476
-0.09762373863920748
-0.09548756456582308
-0.09522237483415014
-0.09395177550519415
-0.0936298452228791
-0.09139308047193906
-0.0912389555807327
-0.08863423013487293
-0.08501566883105338
-0.08261624689433081
-0.08168558293898398
-0.0815221689412785
-0.0801261500310565
-0.08012199005901688
-0.07723311376379058
-0.07537740473681143
-0.07467832421455467
-0.0741505440032657
-0.07406333526107739
-0.07226947085315472
-0.07211351120186943
-0.0678720329524306
-0.06760817375745598
-0.06719570680331033
-0.06679991256742457
-0.0665882881781068
-0.06562907982784383
-0.06538547460716748
-0.06243573413740788
-0.060659170825037134
-0.059859856838295145
-0.058895625395731566
-0.05867314563214815
-0.05779683309168937
-0.05642533938004324
-0.05295957142993768
-0.052332737799040574
-0.051896845776041256
-0.0517043393196025
-0.050524633269909414
-0.05034825549866373
-0.04880063685930336
-0.047849359385079615
-0.04619723944548154
-0.04488143072478712
-0.04362283090486074
-0.03780401537877032
-0.03644450186025955
-0.03320475805767498
-0.032930223649970225
-0.032452307733878416
-0.03206839080838786
-0.03197227617716292
-0.03111650016845191
-0.030765151678523006
-0.030668432880323837
-0.029440068503893135
-0.029371289687525535
-0.028301748113295888
-0.028074108825950628
-0.025636810778210777
-0.022555631745956317
-0.021698385260037423
-0.02030535706650094
-0.019068448319803033
-0.01808950691258815
-0.016249296455526002
-0.015827293783767016
-0.015697436876510484
-0.015359769060282635
-0.011250082736233624
-0.010796155675349028
-0.008148330210003829
-0.00714301442750237
-0.005748438788797383
-0.005396619021929228
-0.0023219479718848968
0.005279043701906794
0.007543568131889278
0.009986758314271205
0.011139705862671184
0.011234383038980902
0.01126787703163333
0.012249163070014446
0.013468070273140453
0.01387426337608455
0.01442911617301542
0.014641098421159793
0.017793676859164775
0.01907074974973827
0.02099534686304727
0.022431865385549643
0.02336508634807044
0.023815423368613198
0.024304131638006377
0.025264723353702834
0.025422749708665537
0.02603312876147773
0.027141327156354866
0.028281224858359932
0.02879458286932679
0.029016587750439027
0.029743498413072333
0.0299398634871626
0.03095909026735355
0.03346453686772832
0.034558731254555886
0.03745910090615279
0.03746640701671222
0.03777827905519693
0.038223279529607156
0.03841289371076573
0.03950586394810518
0.041201875306368096
0.0436963730663088
0.04724431082931685
0.05024831694352108
0.05327907224310224
0.05635841129845842
0.05669908795178283
0.05780738086054349
0.05960389670137067
0.0605200280743205
0.06160528153251843
0.06447120146201635
0.06486819266185842
0.06732569559193236
0.06833455169956248
0.06859924507962512
0.06922864848305665
0.06938597062107243
0.06973148340925273
0.07237860289335141
0.07340623676138908
0.07357345625146472
0.07419829995818461
0.07665454247019365
0.07924772558968513
0.08061905237015676
0.08154844480994661
0.08259252523753302
0.08500813386854078
0.08543403129066048
0.08594935274251259
0.0867247721770083
0.08720861127967722
0.0872551276060814
0.08985251583025067
0.09037067140592336
0.09170812661616445
0.09347708268094279
0.0935875593471569
0.09442612233164316
0.09509226744378707
0.0968351671080328
0.09743261298622108
0.09764317024729843
0.09766252588058177
0.09993582654308845
0.1002028199389241
0.10039411733374293
0.10070372104365
0.10072899263403068
0.10211765478914914
0.10279078640095729
0.10334797708858545
0.10633624278359949
0.10842523418677885
0.1084658473894452
0.1085355934491784
0.1097240489348495
0.1112371313335005
0.11169056113640619
0.11869991537955839
0.11916997688711595
0.12207238811932797
0.12271014990263412
0.12280377540903747
0.12292803855662104
0.12636399555247593
0.13029596687397316
0.13051454481323943
0.13176512997162726
0.13183759180571464
0.13683712988281438
0.13742880226734613
0.1394236674677809
0.13989375681726507
0.14179718869935154
0.14340020302036394
0.1443012565413257
0.14561910731318017
0.14587473475123952
0.14764762130802722
0.15070701263432829
0.15113333468130863
0.1521052961350211
0.15216006057357415
0.15281417910138295
0.15750374605999667
0.15923611707620888
0.15936257703122525
0.1602134745273981
0.16025142830812433
0.16253267154708717
0.16420194256902765
0.16704437451903287
0.16743892985324493
0.16802259501702907
0.17029522011063336
0.17069121034179902
0.17277555761720953
0.17293544675564998
0.17315522517287785
0.17719638763929926
0.17915078189043576
0.17994971518859348
0.18376656249783194
0.1864554492640883
0.19190356419555665
0.19421178339598777
0.1943636015793888
0.19477934210234416
0.19549651353696873
0.19613453301892114
0.1976946329564956
0.19999118181061837
0.2029315100499126
0.20301170084638676
0.20371975258373848
0.20624294758395834
0.20684903027157053
0.20989519972192638
0.21078815373637305
0.21172362538196465
0.21321062552855485
0.2169670102867789
0.21728203413456726
0.2172999565659403
0.21896217277306307
0.2197039748399423
0.2202138218192945
0.2223592357752175
0.2234685776522119
0.22478437459042688
0.22505801272649928
0.2284559607603004
0.22890884174102644
0.23129412355003395
0.2345067622348237
0.23460728554230847
0.24305883996466557
0.24332761881967077
0.243773428640923
0.2443797948900338
0.244760687860336
0.24607944005450189
0.24647253816332781
0.24690015939515797
0.24965913815831864
0.25254636129784913
0.2530224988144897
0.25425932099514803
0.2544424686920481
0.25596215885838963
0.2578107259152542
0.2578397181005966
0.26016775637691025
0.26095114660281504
0.26165049313955413
0.263875536516441
0.264609092994966
0.26775621349677003
0.2700700489413397
0.2708254976511038
0.2711882242589705
0.27373099610823515
0.2757758355444273
0.2764950746518564
0.27683516439354355
0.27812559291922256
0.28081617787933455
0.2826672688568784
0.2837976355622541
0.28392751091558377
0.2850893445690855
0.2859200642889715
0.29091472486204983
0.29240902224652376
0.2925746019555313
0.29394963430134524
0.2944013498699011
0.296172395986491
0.2966628510796716
0.29678660239393495
0.29952435041921743
0.30032740684133663
0.30132048025937896
0.3058894343820904
0.30653367328165354
0.30668517244728094
0.30956409685780717
0.310104144215932
0.31031375613795403
0.31441076624514475
0.3152124092530222
0.3153384020692359
0.3167446330647076
0.3191303139039001
0.3209195070622236
0.32536297319679536
0.32604695778028875
0.32669326832742684
0.3298477535731087
0.330454485792659
0.3342591424841571
0.3357295128706759
0.3372917627207085
0.3384511362126341
0.3406058928861088
0.34142143562141114
0.3415821592437948
0.3429128296998747
0.34359397216239573
0.34427929548540737
0.3467569204454171
0.3485194096240323
0.3485749094996963
0.35023504735105127
0.3504183440081071
0.3531268352954381
0.3539197431115224
0.3550343623947567
0.3563223654772009
0.3582669321642451
0.3588792918732147
0.35907637113195773
0.3612955161250333
0.3635964429310493
0.3644997633164849
0.37080232675273433
0.37837533923706
0.3808282528344442
0.3825602733619659
0.38528994379875875
0.3855025048385566
0.3858989556956777
0.3875526791513929
0.3876108868407455
0.38912475387502865
0.3913329318896259
0.39324267340870345
0.3942998784848176
0.40064098608503185
0.4008729947138465
0.4028628146309898
0.403622564821752
0.4044997286789648
0.40510378025924854
0.4080615223666285
0.40806571857159707
0.4099268943151526
0.41359515718431844
0.41477095472973924
0.41479769169762937
0.4159360314551992
0.41825801049191424
0.41927171331971996
0.41996176827213866
0.4206465783237323
0.42090317275005623
0.4212585243499535
0.42205884869302257
0.42256610398329425
0.4244890201409688
0.4251062352561259
0.4256767127186462
0.4259342208891728
0.4293408500892959
0.4321473228516386
0.4339273315033331
0.4375092164194706
0.4387868198056517
0.43984418447714924
0.44121685012837
0.4433934519866414
0.44465671852871036
0.44557370791590434
0.4461470428268927
0.446952633056509
0.4504380015092358
0.45211191216190233
0.45968085048847396
0.46222728266648383
0.46250678273232293
0.4628591546554412
0.4648556669235282
0.46647066626469896
0.4673719284043669
0.47060264582172284
0.47085942126145613
0.47148913651565205
0.47198935242795265
0.4750802073268896
0.4751535702262807
0.4757572248281957
0.4766199523293837
0.47731687601016004
0.4781081768810512
0.4801831580799556
0.48295494267206557
0.483729506115343
0.4858718845876659
0.48603774664539384
0.4874400384024895
0.49142181175961486
0.49432269511795507
0.4944445574717963
0.49887079216514263
0.5002431590080288
0.501202783640786
0.5017024978829208
0.503207210429678
0.5043868262794822
0.5100794088919687
0.5126731978166793
0.5129144486653663
0.5130382914645175
0.5170504882004255
0.5192144300303168
0.5204984970563074
0.5268298247676974
0.5301165608634032
0.5320680504314346
0.5341084651565787
0.5344794900870724
0.5353630427415791
0.5368220945222004
0.5369065084475146
0.5404656899530058
0.5406162767684118
0.541610279708656
0.5417219733240458
0.543292392565965
0.5456671416186054
0.5457601216330752
0.5473918961529216
0.549658300121254
0.5503762228734825
0.550725031522542
0.5525357282117161
0.5542134372519922
0.5542732109193143
0.5546591145784354
0.5548380295511738
0.5552615473496862
0.5561559785575372
0.5563800646302115
0.55847870638694
0.5595654458624999
0.5604954209626265
0.5632557528155745
0.5632682040671021
0.5656214149158263
0.5722503944329341
0.5736671451920812
0.5739075537085523
0.5766819909793526
0.5767861115478028
0.5777633364606448
0.5812672932132934
0.5813958808562509
0.5825113797215244
0.5850802906345204
0.5859221880733724
0.586108553607426
0.5862949485733738
0.586846666641125
0.5871448594366443
0.5873460391283992
0.588170171388861
0.5897206345559585
0.5900043924236306
0.5919534062594828
0.5933843718220111
0.5948518970203944
0.5963704802432022
0.6000204091122928
0.603793441823657
0.6055444894046029
0.609381218180629
0.6103458614361053
0.6111234376380941
0.6116503506130909
0.6134977228590096
0.6154997125092116
0.6156474887061826
0.6157427331376948
0.620713453382659
0.622095052653398
0.6238717487523694
0.6248956792343972
0.6325648566472342
0.6343801176564052
0.6348294384748737
0.6367936990354297
0.6368752783801194
0.6369300006636325
0.6402569917937317
0.640331848027296
0.6404656390844125
0.6427207682980789
0.6437869530886422
0.6475253462273205
0.649627548093232
0.6507054706803784
0.6507869755707677
0.6511218567202525
0.6550650514865524
0.6553735627067936
0.658019338590353
0.6584716061929303
0.6629188322346958
0.6633263278075883
0.6633604342324053
0.6636501011480016
0.6640949055092816
0.66470734550926
0.6649848955504468
0.6651976025338744
0.6657351584464306
0.6664123622496082
0.6694518658487849
0.6696870604989853
0.6706452843828248
0.6714825356095081
0.6723563387825914
0.6752756129112287
0.675445958734699
0.6776662283897887
0.678302305815344
0.680428866069927
0.6819390138212259
0.6822236063167186
0.6841006823937819
0.6906676719978084
0.6957365148616138
0.6960856669144091
0.697860600627384
0.6994729595999034
0.7015030900139728
0.7036919519625023
0.704577069504754
0.7048112523138358
0.7055749510935502
0.7076034230279715
0.7081573595117331
0.7133279372242396
0.7134293961608524
0.7138026033449267
0.7175477397940917
0.7200723078870344
0.7203498436600084
0.7230384569906269
0.7231407898689325
0.7236318662025926
0.7240227607844212
0.724954204485392
0.7251385018140379
0.7259829899847059
0.7264825281948569
0.7296021439029259
0.7296594380611686
0.732469291667627
0.735038453087707
0.7357712262369147
0.7376454950069128
0.7387888830353881
0.7439335694959319
0.7445701941007178
0.7462406849760115
0.7499191269634409
0.7505337909000518
0.7514751582566391
0.7547070288644548
0.7564728415364105
0.7581937733311432
0.7619632315084025
0.7635512588292099
0.7648712529155677
0.7674669076771397
0.7678970425434202
0.768109522140244
0.772509138060752
0.7731498035536205
0.7796877269798751
0.7800556927854833
0.7803664620693369
0.7805620475023065
0.7805774885410479
0.7816282687962998
0.7819742750327814
0.7827518768667301
0.7831923618481447
0.7852602386059303
0.7906363466082938
0.7958347880266684
0.7961200202061501
0.7967336885516232
0.7967545184236094
0.7974883817070646
0.7976803077738919
0.7982263259967416
0.7984528812720653
0.8010867833816321
0.8021218017222773
0.8037528608897047
0.8049093748040504
0.8049769043968047
0.8064796140013505
0.8072698430980614
0.8170201130881997
0.8181921627493952
0.818919895136264
0.8200779888732452
0.8203464093192652
0.8213697261095698
0.8240867523393192
0.8242469681014116
0.8248639283606619
0.8263797810961181
0.829098757369779
0.8294640080205846
0.8318692807395058
0.8320248379848398
0.833596780874805
0.8372374069582236
0.8375141244038532
0.8381426310737025
0.8385575870459396
0.838982608583039
0.8418183950866048
0.8430078341383375
0.8435748139034225
0.8461773267575291
0.8480065969807659
0.8488065640659108
0.8507678396570468
0.8534953770743415
0.8542264006392081
0.8566908623694043
0.8568369242092093
0.857218158603997
0.8603282652561228
0.861919852015261
0.8654494393495741
0.8679014770126722
0.8693374615918261
0.870886636818103
0.8714014711648231
0.8739554225793935
0.8748496366601178
0.876086795313942
0.8797533612153695
0.8800114022823443
0.8813598169187842
0.8821592947002713
0.8823549220778579
0.8839250148413577
0.8842379543531196
0.8860373005415995
0.8893727872778047
0.8926404292683516
0.8940126717888989
0.8956345523668324
0.8975869843982871
0.898388634014404
0.9013977010233385
0.9024591794497119
0.9033739303145537
0.9036718398272863
0.9036842786286062
0.9106214218668895
0.9112119387653945
0.9117133290632441
0.911896819316268
0.9124656256385827
0.9135507079034862
0.9138185701375682
0.9166545256386434
0.9199121564675783
0.9218419271337107
0.9219754030736559
0.927010836651518
0.9323729432036717
0.9325485959043244
0.9330432951181548
0.936185477212083
0.9366060474463572
0.9369663652430715
0.9399439594314993
0.9419433582911094
0.9426384505856793
0.9428255669070102
0.9438262894078714
0.9504566084255699
0.9506994941216417
0.9528764693758186
0.9539507412008242
0.9564546364301865
0.9573125510164595
0.9583246284772017
0.9602706298216418
0.9610042489562893
0.9621066303230168
0.9628249575031862
0.9631705263411149
0.963635409286443
0.9666384773208863
0.9670380049534482
0.971949400252677
0.9724260054105378
0.9731677389932794
0.9765851091453063
0.9789513291695902
0.9796901556146261
0.981784066848882
0.9820705476550615
0.9827174943164254
0.9859713261899802
0.9860384191984859
0.99005624975569
0.9920720594563486
0.9925522991317229
0.9926614346605551
0.9967867876487286
0.9990818224018727
0.999593804897261
1.0005359033842451
1.0025246218687516
1.0044148019611585
1.0068366126058674
1.007023017394532
1.0090092645406483
1.0096732999468658
1.0140559578889885
1.0151832249254455
1.016685075921347
1.01749616717883
1.0177765058188741
1.0203354208174502
1.0287623915548498
1.029553722319235
1.031595861159582
1.0323135534024712
1.0327647379858442
1.0366531625032318
1.037619923674915
1.0382927296182658
1.0387514059977143
1.0418195107748174
1.0432989495141338
1.045182157362109
1.0455967339266508
1.0475597928850948
1.0478873066392858
1.0483824643506072
1.0492662409909266
1.0509872315048354
1.05197421774546
1.0542960755466353
1.0551813822556508
1.0592502255390857
1.0607847663090062
1.060994402211199
1.0611880707896275
1.0630734780015751
1.0662148055186629
1.069836005466896
1.0712141970080746
1.0754531874570066
1.0764375196087321
1.0787319182464343
1.0793960279388564
1.0827600529745465
1.0869189803995754
1.0879721250818786
1.0910810152607826
1.0928553392237816
1.093077290906006
1.0953395041892886
1.095639725508373
1.0967870667562964
1.0974480019986055
1.0995944033860452
1.1008349593608262
1.1015530285997128
1.1026353316881181
1.105998311822154
1.1065412929214795
1.1073127197595725
1.111150130407549
1.1118378954273374
1.114172039936966
1.1168494075867408
1.1172974649243272
1.1225665817116663
1.1262816202265644
1.127195179572985
1.1274885909423684
1.129090789698869
1.1318984004945178
1.133118685431409
1.1343782929976582
1.1361307249841364
1.136255567174087
1.136351905810935
1.1365999043292057
1.1370574219219942
1.1376854305808584
1.1393964440964597
1.1395536359077467
1.147889510272148
1.1492476193536891
1.149859606912636
1.1498899359480375
1.1511671345630765
1.1526960911975583
1.1540328295137434
1.1540708817622116
1.1543832649497554
1.1551721292706192
1.1551726140299392
1.1586076726799848
1.1601179311822531
1.1618646683654439
1.1619934673098875
1.1638087905053256
1.1648103497227134
1.1680731991649491
1.1711097221391662
1.1719330511445507
1.1731743437530173
1.1733932825540658
1.1777597333866792
1.1785074714753216
1.1797081980983721
1.1870868844357847
1.188872669959512
1.1893206496901276
1.1914945441840328
1.1933464195153698
1.1944250672225438
1.1950233714039051
1.1958129216903841
1.2027324692401575
1.2049997890405437
1.2084921808699758
1.2089599080342546
1.2101721248523303
1.214889091431767
1.2155103434412622
1.2166873960694753
1.2239769856080678
1.2288415840296745
1.229349050720888
1.230341158832567
1.2320991837517457
1.2378575534188476
1.2423897316396622
1.2442320467249484
1.2442973772329182
1.2464693548683576
1.249296628829262
1.2579490140782144
1.2600166260530559
1.2607890253671674
1.2617336163208654
1.2627661969507202
1.2643318511884463
1.26537208306788
1.2662956614268435
1.2683882886970823
1.2704266062193217
1.271299007790586
1.272701418182958
1.2753628491950577
1.2777372241168687
1.2786300336886898
1.2789323222471074
1.2789984799094039
1.2797087555096396
1.2798500627205902
1.2836246955323207
1.2838124916810738
1.2903199037696598
1.293220934062279
1.295763751381831
1.3004619926522134
1.30181654297946
1.3089981503535428
1.3124881117373617
1.3139824355433232
1.3152373472022476
1.322740485792366
1.324345998039371
1.32499438766447
1.3254665683532882
1.327161334981964
1.3303197784938723
1.3345439546100557
1.337311072969745
1.337909950990492
1.3412835711557973
1.3415590230755248
1.3435544072953105
1.359530937701595
1.3596107247122928
1.3630957771358279
1.3639153869325322
1.364300229700678
1.3654609969952443
1.3670163882985216
1.3710904587250723
1.371816887119902
1.3719601092670197
1.3734283881175542
1.3789905485858431
1.380407358275656
1.382125905960187
1.3836217484667956
1.3845675950812675
1.3860146384886156
1.3864011596466972
1.3874758087067809
1.3878901911925356
1.3917189850214526
1.3926910066877345
1.3959351518650613
1.3962542679931234
1.3963862781032716
1.396485414379935
1.3983136396915055
1.4011619848354575
1.4024208977552517
1.4055377139643481
1.4060746178257517
1.4131495939810161
1.4146115288200802
1.4158666265677053
1.417221471726875
1.418855879873158
1.422589445271841
1.4227488642926613
1.4240639952546574
1.4245155328675616
1.4255511448626654
1.425632903102979
1.4272094399877324
1.4273932478413278
1.4292839018687529
1.4322738038647027
1.4345764725671009
1.4351425385744851
1.4371512637760553
1.444183829067525
1.445659057927106
1.4485939131124588
1.4499498217654412
1.452067724536949
1.4528410550206747
1.4549100812950202
1.4563047590209144
1.460064530197673
1.467496023947105
1.468995646179374
1.4769042450519754
1.4788812275150696
1.4828833001069242
1.4829939763602353
1.4832819288346493
1.484547601684139
1.4853768430186316
1.4858039511911214
1.4863754819770911
1.4884862013452245
1.488643375546086
1.4952414563242193
1.495333797607092
1.4982047640731864
1.5007690810275787
1.5012895269056221
1.5058912483350668
1.5059857939989227
1.5099015884665659
1.5114122477374519
1.511988889231315
1.512404009062588
1.512717153922177
1.515616792717711
1.5156666660300728
1.5158615140367746
1.5184026723476274
1.5194793929483383
1.5218913611530283
1.5221195899657993
1.524140873641444
1.5252862459460086
1.5261954414787087
1.528797603854478
1.5343395383971927
1.5350771633068854
1.537339625591023
1.5390845797272803
1.5402003458423281
1.5410454766507689
1.5420353427090099
1.5432548929956806
1.545023719641002
1.5516389332155276
1.554639553487629
1.5552870833356733
1.555591046587402
1.556763415935015
1.5575051806089486
1.558003306830519
1.5592657466645543
1.5611069643786148
1.5615581814367967
1.5659325003264306
1.5731556014582875
1.5753553269925376
1.5757746774635786
1.5780963904527563
1.578112855916323
1.5855930680216566
1.5874034096177931
1.5921385027019939
1.5947494009295557
1.5977613753144495
1.598789868728558
1.600023002618249
1.6032902746089812
1.6038667222754366
1.606447823729224
1.6067384109750342
1.6096239900642038
1.610207326690509
1.6104974223028838
1.6120420572928054
1.6174794858847017
1.6221496848816017
1.6233321065305373
1.6248423009366955
1.6306139893749103
1.636904492998593
1.6386902143348843
1.647437787274674
1.6591686247815478
1.6600574184495405
1.6617945930517055
1.6655258786395402
1.6673043005751016
1.6741428168353307
1.682491923479215
1.6854478895404408
1.68855216267605
1.6886460373973224
1.6891883132862575
1.6900822145835517
1.6908911970539222
1.69475960710235
1.6966726271261559
1.6970275482195665
1.6975522731870711
1.7010424289424515
1.7028536669272596
1.7044547365096352
1.709435624161182
1.7115985518413663
1.7178742379936627
1.71905323965812
1.7192051896947325
1.719665799514447
1.7197956758772723
1.7255315484192217
1.728011081365806
1.7292108359928386
1.7304646432385018
1.7317670751857557
1.7322604496613434
1.7342087497995988
1.7410349806976302
1.7426412860053888
1.7433167841269122
1.7440614238053809
1.7469389290680557
1.7482227433010953
1.75006153140257
1.751556598547128
1.7518610664655394
1.7525263144176741
1.753922014551267
1.7587291896134623
1.7634089624197131
1.7644367566192891
1.7651024574351126
1.765405198554661
1.7657613389173021
1.7667126242929934
1.7693258008647366
1.7766324761721926
1.7811372908467362
1.782627626318496
1.785053041748999
1.7894515400698237
1.789692243611574
1.794014052943754
1.7969521523666172
1.7973154435686118
1.8083661859304594
1.8110488198362038
1.8121586631892836
1.8146058628918744
1.8205679946528066
1.8218704403592465
1.8218715939041872
1.8265817789022993
1.8385266243207792
1.8441399064956694
1.8470822760615082
1.847300053550024
1.8480552593482704
1.85918806181285
1.8603186524001192
1.8624317033954
1.8634217352632743
1.8641181258235702
1.87025960462934
1.8717075232326055
1.872469200944328
1.877315541615923
1.880976470471228
1.8813036388580833
1.8939119205236454
1.89536911572583
1.8999196288369113
1.901961616002919
1.9062872137170506
1.9081149686776917
1.9089735320944317
1.9122735523642493
1.9163538163346843
1.9236599515140536
1.9251995961279713
1.9270641229596528
1.9274126893640173
1.928552136516179
1.9332834486665764
1.933418973711368
1.9336409641074228
1.9418196960574168
1.9426568921428773
1.9432765343358036
1.9486855203269844
1.9495130186817846
1.9543710878957565
1.9627641476066864
1.964312195908487
1.9655062782451913
1.976442619531521
1.9880092851903879
1.9882329745057636
1.992769623132899
1.9963763679790172
1.996639140129165
1.9999725632775547
2.003591542972467
2.00671523837776
2.0078795750018172
2.0082798378269806
2.0112617652870757
2.0234827294790545
2.023781055399744
2.052268123799302
2.0540818784236903
2.0551364268351278
2.0666480122307087
2.070354120313801
2.0719742418850533
2.08337447966309
2.0844020532579086
2.086580779042232
2.0888367281727125
2.1090218806875685
2.115194387200505
2.122195116235117
2.1339691042889593
2.140657862208651
2.141775281781995
2.1580335700604696
2.165993714857262
2.17371944551842
2.1850200876219907
2.18936398143882
2.2013911807896336
2.2027952036499605
2.2168509502299094
2.219051362140361
2.233905365740757
2.246157203606812
2.2715559964352376
2.273577215248923
2.289157361801071
2.291468806281415
2.299940079414226
2.304010107261626
2.306358840042197
2.312709016840982
2.3444741826769344
2.3739114672410073
2.4081253595522307
2.4332093180206997
2.498929591941198
2.499413114370737
2.507011067026081
2.5657021608069623
2.5792214506510045
2.601376854047813
2.6014684339533924
2.7023601414799483
2.73306303157206
2.7477755662100494
2.8607760775109172
2.973641690445403
3.0957295905597055
