-32778.364570279315
-8200.040824636664
-4104.104220196299
-3285.842591375555
-2437.3568043030527
-2434.4320242252434
-1644.5254657979726
-1604.1111824345123
-1318.5778796202512
-1176.7350370696386
-984.0737120819833
-754.46028305421
-560.4986931346575
-444.66563402304934
-444.012826792789
-429.6211987159305
-424.5276317449774
-412.1292606797532
-319.6070032336721
-319.43238504729294
-298.793679571809
-288.1116038606639
-284.09047201188497
-272.1240971267029
-254.9242445093636
-217.70441004969456
-201.3308736487795
-174.0414730815679
-172.00607354850607
-165.19398543533094
-164.58681629999597
-153.88163554990717
-152.1803681573262
-137.94608675465508
-133.22321353921876
-126.80822449143292
-118.94217941983051
-117.4282700166053
-113.3903816999177
-108.1238832294413
-103.95293710759928
-100.61389625221513
-95.56027386083903
-94.33779561163666
-93.71759224481465
-93.38566246991488
-91.65534738850926
-91.17831637351067
-89.85389929866064
-88.20333688902679
-88.13506685578332
-82.27865993091511
-79.97820515117732
-78.99623589864477
-78.35722666148433
-77.57913339608473
-77.27734887962352
-75.94825934043067
-73.15732733298874
-71.82396624552872
-69.50023925365076
-65.10262289098725
-64.41213021392555
-63.41565333496123
-63.25026689279792
-62.35627752003798
-61.89796950647144
-61.874694271932235
-61.69154974980335
-61.52454820242163
-61.164594005908825
-60.80867215897309
-60.62384303031979
-60.35829805050978
-60.335063055063195
-59.930651693321956
-59.31306773108007
-58.99544580808307
-58.72231620945774
-57.444171957768894
-53.64352778382624
-53.023454329501284
-52.25212417639012
-51.65999404547837
-51.55746595350681
-51.50302420237002
-50.297401812863896
-50.12625783617189
-49.87657320301894
-48.105049120593414
-47.318508910374895
-46.9234736169744
-46.683645150605386
-45.77688064429328
-44.63589146831867
-43.41553019343094
-43.38116194000861
-42.80548825978126
-42.599047066016475
-42.45576683943389
-42.11264416110466
-41.96527019336565
-41.83902555632381
-41.28622585317605
-40.87409946089159
-40.51851586854791
-39.48363988799623
-39.26706207838726
-38.77885745514949
-38.1139468790798
-36.83263879733278
-36.78627795455503
-36.71115394605411
-36.44858955142894
-36.21706523559661
-36.19061976613813
-35.28745877326869
-34.451245674070066
-34.36842724167445
-34.33679434996466
-34.24530131369126
-33.95306063248551
-33.866360391684296
-33.82719351971595
-33.4079393574829
-33.19571930564761
-33.03289783992388
-32.709291632239854
-32.6421952314207
-32.43775959151247
-32.06058097865943
-31.956370936755597
-31.373206553004252
-31.32611260822026
-31.32610389416748
-30.89089010516434
-30.774015024422287
-30.681665513756805
-30.505401081257478
-29.90640521968096
-29.896625068653393
-29.78347305240441
-29.62837725459315
-29.08617457395212
-28.833778688429923
-28.54717449594937
-28.471230070291103
-28.470206883444238
-27.69460405523556
-27.607458586310226
-27.574268853210295
-27.547752129859596
-27.29402185248572
-27.163300315956153
-26.769041325796252
-26.465058267546173
-26.39506164950265
-26.330353352891635
-26.292247715609427
-26.250689542278145
-25.922272975167353
-25.903388164453233
-25.741680261407147
-25.61276908760146
-25.537304893885842
-25.502236707694255
-25.494788135109076
-25.493693255739046
-25.18745645903901
-24.856981185032183
-24.778715604241732
-24.748721872692236
-24.698154925459143
-24.677611328879312
-24.64831506878083
-24.500333627241726
-24.33343427817928
-24.211473615079953
-24.187082283390904
-24.179663752491038
-24.166169503610757
-24.00078512257182
-23.9590429950475
-23.88246307863018
-23.817207140906472
-23.557741645008374
-23.541105228281253
-23.523335255992
-23.371132304053383
-23.367580148376597
-23.239593892406344
-23.120287335803347
-23.034776768985125
-22.978247626577655
-22.949189993686407
-22.738512705941268
-22.449928744004396
-22.333159195845415
-22.20070485703571
-22.175806816883906
-22.034215339783245
-21.969426833802284
-21.783335018081708
-21.70691837739352
-21.629563050881703
-21.580426218530757
-21.430469162449462
-21.17236201665885
-21.042612391338864
-20.896617218966945
-20.84222182322388
-20.827799669382912
-20.711600207941565
-20.645869825183574
-20.53676237428088
-20.400193804393066
-20.073709573807854
-20.043225361295665
-20.04301336895429
-19.973718048572767
-19.94328702144475
-19.8544471770227
-19.707698722025036
-19.70319688718612
-19.687652210426645
-19.625508792963796
-19.610742160056994
-19.59600754744175
-19.492734899918098
-19.477719699341222
-19.320633074219455
-19.29635155476541
-19.217753874415273
-19.139620318097645
-19.134267872830964
-19.07770481424097
-19.043876386860358
-18.994540728690993
-18.96568680238066
-18.91729157309025
-18.806065839240183
-18.66338735209748
-18.580156040533545
-18.457577179723774
-18.37741730472987
-18.34521546157443
-18.259738513103066
-18.257627371137573
-18.179878905106094
-18.1667676322625
-18.107610742712495
-18.045609613639805
-18.028325592380835
-17.854304970512597
-17.673011373414234
-17.59109203017518
-17.505088789657954
-17.470002933278074
-17.3205679620662
-17.271599718601855
-17.264004484564584
-17.249042892735687
-17.195964148696767
-17.175631155595052
-17.123428013269095
-17.119442944277903
-17.08835185726729
-17.051346459640534
-17.01314345714327
-16.96354477589604
-16.930754465506137
-16.928982813615484
-16.925139773998247
-16.773950965562666
-16.68022464791133
-16.543743877400015
-16.511279830828204
-16.50144539117634
-16.485640293960486
-16.44966754865846
-16.428433726467905
-16.31375457745278
-16.188277533883717
-16.18128229664647
-16.13920804393373
-16.139072733621582
-16.02905802901557
-16.02259078008949
-16.012508058617577
-15.984963237411831
-15.977420816452668
-15.976299498023618
-15.876506701757709
-15.811490603367357
-15.798383513821115
-15.787213715691621
-15.673688750970223
-15.61103575896443
-15.48356283852959
-15.399993760119564
-15.219969073654202
-15.174521611410611
-15.110037138616725
-15.046468828694493
-14.980442433582438
-14.888982652302598
-14.88636717759522
-14.839712545102214
-14.830611255142085
-14.774133352003618
-14.7510579716775
-14.663332622519562
-14.662625075963724
-14.633198268031784
-14.562333724036426
-14.534467039358937
-14.475989720325625
-14.292221707301367
-14.28406213409574
-14.280331956782351
-14.263594538546439
-14.18945411126632
-14.17013542090065
-14.136609550572661
-14.077663242745654
-13.87470477742211
-13.845547349325436
-13.823447433422906
-13.797830139224319
-13.78067506414488
-13.779956092812881
-13.762905758004274
-13.656966758514848
-13.619142644984079
-13.581514612648887
-13.527430627481294
-13.503642038685221
-13.474340354930963
-13.456673919796655
-13.441695878302404
-13.44155064637707
-13.431349793769918
-13.383351667318314
-13.369510376982776
-13.29894289934086
-13.167823873260447
-13.166602079766026
-13.155918548067318
-13.133224505345787
-13.119403686351657
-13.090105340828991
-13.074190155588377
-12.970020701204854
-12.942715225114403
-12.940267548336665
-12.925727126714447
-12.878000802912663
-12.816274656935216
-12.792862330667983
-12.735907254088245
-12.70157027210985
-12.691928160107098
-12.683234857228554
-12.680659206804698
-12.658326057959089
-12.657999835010456
-12.605949240512793
-12.602304453846475
-12.532866819753941
-12.52820719391189
-12.502726294967005
-12.469571862311565
-12.467764018229227
-12.452534252105293
-12.438973243698886
-12.41895414426897
-12.416806478071583
-12.413383574024024
-12.397086102307759
-12.321292960430126
-12.303942710337704
-12.296754112524315
-12.271299046925657
-12.225266805746045
-12.216048095528262
-12.212929111815171
-12.136082556364972
-12.119298647313148
-12.10939258504112
-12.106790953702577
-12.093966668475566
-12.064883409374408
-12.042739946227817
-11.969502478194968
-11.894348975333697
-11.724506072410914
-11.664855204324123
-11.634207379194503
-11.605277143203228
-11.578086452251306
-11.567306519368195
-11.541632767451793
-11.475803602724916
-11.43867652116228
-11.418414940339916
-11.41648011407278
-11.367353434919796
-11.35243529157825
-11.34622640158103
-11.282366504834888
-11.27972570898757
-11.24202254656382
-11.241112648983023
-11.238819319501232
-11.22858251434633
-11.206874604903472
-11.188125334170197
-11.123471712226142
-11.095501134731942
-11.080225277522706
-11.047558863118677
-11.037141998498287
-11.032196204665887
-11.024987545402219
-10.997296686428326
-10.98772351368978
-10.984655890556233
-10.970971580376137
-10.963008321515256
-10.942676740915163
-10.925032000913172
-10.904609347339843
-10.819134836628606
-10.806067566441707
-10.800123758963416
-10.78547828868594
-10.7695710426203
-10.757270725065693
-10.733000488693543
-10.7329455856696
-10.709785875910747
-10.671242427572356
-10.665176256845301
-10.633512901454742
-10.605429015051964
-10.603358150995046
-10.586352817062403
-10.512657397046308
-10.50434983150058
-10.484087501266792
-10.461090122678158
-10.452882729324863
-10.427048763776046
-10.409235827701753
-10.40681062749219
-10.392410677211096
-10.385530020316178
-10.384518523547374
-10.384392210748153
-10.369198883126899
-10.359606069894905
-10.3340130975973
-10.319456075796825
-10.305923287942115
-10.303802998181494
-10.301375760323921
-10.299655816241808
-10.29210153965018
-10.290190651252793
-10.262019481425439
-10.25080940986625
-10.242985088609739
-10.226700346226835
-10.1666644716807
-10.15955616866863
-10.150592774922126
-10.115048875116512
-10.043049664925558
-10.03605886488842
-10.016684188844053
-9.987245672124828
-9.976952011300199
-9.94996503655751
-9.928123459225894
-9.923752360700654
-9.880440611239903
-9.867334978815073
-9.836341082301505
-9.833492219328313
-9.804037195033773
-9.774803327698482
-9.706890959579582
-9.69774620261714
-9.689966970748038
-9.675331047469431
-9.663007645042814
-9.651035337575806
-9.649265352411563
-9.631026656947531
-9.606715654179688
-9.594427423855606
-9.571442649177683
-9.531795563459061
-9.509387689336668
-9.488964062502804
-9.483699676805774
-9.476688794122504
-9.469008149191414
-9.447216737560083
-9.4060955472675
-9.402322310714545
-9.385174644836546
-9.384824575715772
-9.355134182750293
-9.352736931025477
-9.347031028561354
-9.3293489334442
-9.298399032886913
-9.292070661490117
-9.283032687753074
-9.276835648233607
-9.275339395689127
-9.270618362284036
-9.251751033334155
-9.240591585407325
-9.231757372154599
-9.224171927088511
-9.197044676622617
-9.172526389614195
-9.163010083133857
-9.154401004143256
-9.146136251483208
-9.128450746718867
-9.111607513999033
-9.096056155986924
-9.090970456515981
-9.058974552138473
-9.023310163077882
-9.018391202409171
-9.003845997687453
-9.000525357366422
-8.9795807673641
-8.94932773493247
-8.906785066144575
-8.863106825791487
-8.858809721435096
-8.855669725955142
-8.825809151336069
-8.81461206057795
-8.78564279056572
-8.779660325609278
-8.745668232893987
-8.743989354102004
-8.743608064676126
-8.735633026428998
-8.708805386349201
-8.693019128207453
-8.688403941894597
-8.67284073967651
-8.665327255035146
-8.662860684769461
-8.660698092730929
-8.660620156304146
-8.651793851014032
-8.629560374806411
-8.61384749064247
-8.583581883951698
-8.56688003421964
-8.561828203673432
-8.56020670072249
-8.506915676934291
-8.471025778772049
-8.465111336280307
-8.455933036016171
-8.443444593195078
-8.407349773459682
-8.402167760122047
-8.396154564635767
-8.355619295998299
-8.335873760298073
-8.306012317992883
-8.304660064214787
-8.302158468823784
-8.297229710842394
-8.288175419181496
-8.284991987143094
-8.2803425524945
-8.278848644429623
-8.268877678113133
-8.268210186490734
-8.262339087863943
-8.256258575473897
-8.237695552145889
-8.219875449906242
-8.216298665501485
-8.20487686993766
-8.175336195121853
-8.110350324242729
-8.090048830000136
-8.081317365091717
-8.06726755527432
-8.05874882334545
-8.043672651851553
-8.037343435999293
-8.031675895818715
-8.021794936854171
-8.020785629102662
-8.011011401583096
-7.990211417732151
-7.958543261301111
-7.955902363230044
-7.925488825734489
-7.91330758716597
-7.906853925848893
-7.892190359947692
-7.856142469603528
-7.841362476026603
-7.838827743390977
-7.827399738324997
-7.795771070583246
-7.793845723934087
-7.785520745251308
-7.780322507590562
-7.779093420991261
-7.76020025221723
-7.759260075109126
-7.739386360394924
-7.7326894262022146
-7.706803259954137
-7.698732014657448
-7.678462696834179
-7.667708766818303
-7.662633636159569
-7.658417513586734
-7.635602340904767
-7.626331221870082
-7.601367730425625
-7.584576294052148
-7.579149295988296
-7.5768105800097665
-7.557981615446353
-7.5398839160672475
-7.528019363583727
-7.512692652762149
-7.50388790321378
-7.503851678863382
-7.474135058136191
-7.447788710513622
-7.439813966678144
-7.429780153040685
-7.42939331609913
-7.408554724102335
-7.392334864459359
-7.387355142867714
-7.369998071175447
-7.360036928359962
-7.346950718010138
-7.311913470971339
-7.310135907463671
-7.3096893901424504
-7.289160527895187
-7.288907270667918
-7.249083094287197
-7.24607550478283
-7.231963456155654
-7.231853275999268
-7.22382330076006
-7.218322221558116
-7.217121924881486
-7.206330188817518
-7.1906248393397485
-7.190069380440688
-7.1730120096613295
-7.1633608914631015
-7.153103612590729
-7.146571095187501
-7.094021944112571
-7.090419781669631
-7.063848966165425
-7.048172556706864
-7.039352482774099
-7.0038371968779
-6.977766822395486
-6.9550474085048
-6.951504086296853
-6.949504623421225
-6.930073366416593
-6.906978468016906
-6.896230151563733
-6.8921067424631275
-6.878840505839848
-6.8243078186745
-6.816729695125403
-6.807054659491657
-6.800511314471512
-6.77121476902575
-6.7678664944232825
-6.763382861713886
-6.758492216555161
-6.741941686034592
-6.740116374963563
-6.712020628998749
-6.711688211967281
-6.701565013727249
-6.663999140168249
-6.663436851851579
-6.644708227467397
-6.634940544307188
-6.627872523952197
-6.623741474270217
-6.619032944553364
-6.612519946329378
-6.588061082113672
-6.58541714600282
-6.575213526417896
-6.565623915689324
-6.558453146818773
-6.556988165934274
-6.55376437445765
-6.551872148285334
-6.5335694718930695
-6.523107092101766
-6.519588946816528
-6.517024505350553
-6.5113426318864285
-6.505377374660793
-6.5031082646558325
-6.488685668137032
-6.452878600292703
-6.429408418426332
-6.421651271439628
-6.418794113059789
-6.413763925429635
-6.413061739824502
-6.41157514975705
-6.411420300320652
-6.407663426119935
-6.398983345493158
-6.3887106473160475
-6.386902408802301
-6.3559466776193165
-6.331785751380219
-6.324258231680172
-6.316450882854459
-6.3121064577806845
-6.309003372974028
-6.3078877047771
-6.301097969986214
-6.298500957826304
-6.2835275077127175
-6.274699796355297
-6.254735932839759
-6.251428254276041
-6.245414093215173
-6.190639198812251
-6.189040614905675
-6.178874737216887
-6.178447509034292
-6.17048387670648
-6.168867806199497
-6.168190465142314
-6.131835191364382
-6.110083066226398
-6.107608971042444
-6.106912993602229
-6.105650834628731
-6.099765548935097
-6.088200214107896
-6.067152984748338
-6.055964227800611
-6.054681029644888
-6.041645151269309
-6.037817583088962
-6.024182054946051
-6.013588257197505
-6.010009816969126
-5.9804768353339535
-5.980082277624707
-5.971597211188748
-5.922995915401896
-5.904697049317708
-5.900296127321263
-5.883261271821117
-5.87904243588976
-5.874396280167657
-5.868826394510789
-5.86439885490428
-5.847803974124552
-5.8364057348550595
-5.830996213696622
-5.807161889536905
-5.805480648014255
-5.804768272493001
-5.8028093750343785
-5.801592042554713
-5.792874173721169
-5.752818609865146
-5.750382639735325
-5.745534195602054
-5.736639991120419
-5.7321716219197745
-5.724792620378233
-5.722034773415172
-5.7178125547088
-5.716286059490113
-5.715500371130476
-5.698654538681058
-5.695936279712907
-5.694579452230776
-5.681360776973032
-5.675614450217
-5.674768319251623
-5.672979535272061
-5.661416040286526
-5.660660658511997
-5.6490494560709905
-5.647650748985958
-5.647175669052427
-5.6462825228202975
-5.623670792026731
-5.61477617000433
-5.592938463369764
-5.587318224842557
-5.586661242551045
-5.5533580397788285
-5.550167601654993
-5.547902314950309
-5.52683714287995
-5.526719267933867
-5.52276740195782
-5.516164841483997
-5.5159559018972475
-5.496536060142235
-5.487891888702903
-5.465507098275038
-5.460020830353158
-5.455279440858641
-5.454428624682463
-5.434394408921971
-5.43407639174451
-5.416298917535029
-5.415275467421482
-5.412693222480621
-5.3913260545136215
-5.381618808171625
-5.3810198391380855
-5.378088581420693
-5.374305297406627
-5.368448937021359
-5.356944939728188
-5.354489546106791
-5.354352363617715
-5.350517735189577
-5.3323583670415315
-5.3295984212782255
-5.329389859918491
-5.322433787737655
-5.309671912578935
-5.30857472328677
-5.306586718440107
-5.298722743903494
-5.271639382673438
-5.267493851919175
-5.247349747055966
-5.234613646735509
-5.233398080670919
-5.22579605506155
-5.213126698733115
-5.210006040384721
-5.205844632169581
-5.201306490763953
-5.194757346804566
-5.1921409916152435
-5.185075389213392
-5.184810739446811
-5.1823411167083195
-5.18052973102608
-5.178992237329016
-5.175190145068872
-5.142009161010799
-5.140332011528487
-5.1351894540165475
-5.13264045015892
-5.12557946033463
-5.124680587276976
-5.1239733395316325
-5.119084414556637
-5.094360227720356
-5.091269327747671
-5.084392235304154
-5.067498907920816
-5.066886608463353
-5.056037357586527
-5.026145884946027
-5.016715043103816
-5.01190924751887
-5.000673088093915
-4.999334435542831
-4.995017094724063
-4.974346133719742
-4.9710374711474135
-4.970536951385761
-4.96541849699496
-4.957875047751495
-4.95141145621148
-4.94771971647403
-4.942184180324517
-4.9366989067959
-4.919569413422753
-4.918677580494517
-4.907130842688986
-4.900126262974505
-4.89985923725936
-4.894431328657339
-4.880297245847257
-4.853966523790112
-4.849016181362839
-4.839196404354082
-4.832718377278183
-4.827452817997925
-4.821822954643871
-4.811109549255994
-4.800386422116493
-4.799551420578528
-4.788494095375599
-4.7879536043566775
-4.786953438718525
-4.786007187437414
-4.785118328097064
-4.777896310389897
-4.771670845046833
-4.77015696659741
-4.769500316900072
-4.768888726162043
-4.749462596838668
-4.748544021340125
-4.747125965589078
-4.746493889431121
-4.735803653460241
-4.729258329979645
-4.72414447470063
-4.714957094182731
-4.705568783962271
-4.705404185004424
-4.699318667544766
-4.693192706329142
-4.683459729556316
-4.673674543131569
-4.673625795468698
-4.662747175610556
-4.661576286362657
-4.652830097931836
-4.638956679123846
-4.631281608007207
-4.631055594952075
-4.630778828205055
-4.623266526634589
-4.611728172769811
-4.608841444396967
-4.6004180937782175
-4.591208860823604
-4.57504894902317
-4.575014459526715
-4.572972373566168
-4.571476315863443
-4.5679017327536675
-4.560227125816311
-4.550206898812387
-4.542222636678466
-4.532927510547404
-4.532368994014626
-4.522322663477717
-4.518463060442285
-4.502922221712973
-4.502354091827626
-4.50180935466846
-4.501802662658434
-4.492927444911013
-4.487308129113752
-4.482583041709938
-4.479244540940291
-4.469693250928506
-4.469167814029715
-4.464989316920783
-4.463491959802279
-4.463428245676379
-4.45955289159187
-4.453400710246336
-4.447565785871735
-4.445748060084238
-4.4345581351451555
-4.430882729706553
-4.414097708768124
-4.412541490508097
-4.411293885555963
-4.408901155991338
-4.408106129591409
-4.40772001810559
-4.4052021215517865
-4.401570855693747
-4.3992935132180655
-4.39925970515729
-4.3948289018438755
-4.394046360890303
-4.393760494539613
-4.393655115093795
-4.385570691395738
-4.381415202135734
-4.378726063576692
-4.375427152281256
-4.366452555465275
-4.36279181341819
-4.360324860500295
-4.328084190744026
-4.3241324199127655
-4.322324567728841
-4.3058920710361495
-4.301090723026179
-4.300697247517309
-4.296144142491595
-4.293307763243651
-4.274154573925048
-4.254923191049906
-4.2483650333972545
-4.2374381663085545
-4.23672136524567
-4.236469455317908
-4.234310338257271
-4.231561703499587
-4.227496102352083
-4.224961713623063
-4.216890753994985
-4.215767765093782
-4.2102872747436795
-4.204398395762055
-4.202094883027556
-4.199031090602657
-4.19346603219635
-4.192885791716778
-4.188759537710066
-4.183238830392097
-4.183010824883401
-4.182974578746194
-4.1713987617364205
-4.164397504474717
-4.1530001621362675
-4.15247244981014
-4.150114942181273
-4.143822637859684
-4.140251397005655
-4.132024595927017
-4.131105025545154
-4.130165964832502
-4.124050348131645
-4.12376514059584
-4.121518765620497
-4.121454581568806
-4.118791419096345
-4.11818680031076
-4.11735745964897
-4.115198383430458
-4.111768186291581
-4.106464972607357
-4.103194090588929
-4.102241611299986
-4.101937600877571
-4.098040635568044
-4.08727953353898
-4.08593549150837
-4.081952249458492
-4.07935953550239
-4.064136602934612
-4.062552014627982
-4.061776546898088
-4.047706653127863
-4.047327067353483
-4.042188188072983
-4.041795417276413
-4.028172869390201
-4.018975811892325
-4.015796249697508
-4.007382221414222
-4.006913242583167
-4.005353644005284
-4.001425324526027
-3.998778534627045
-3.9980175686846255
-3.994676328691553
-3.990964017015998
-3.983371419691374
-3.975377517482766
-3.9750881356109957
-3.9746724962400934
-3.974010931684115
-3.970840199797846
-3.970314205022479
-3.964345394049033
-3.958767656155989
-3.954054147664417
-3.9457477029725307
-3.943745037821939
-3.943272641182687
-3.932170601372671
-3.9313459957773462
-3.923646165370896
-3.9172182367252986
-3.909619696315286
-3.908136030904486
-3.902162797192942
-3.8991812074871968
-3.896442527090857
-3.8939639255243605
-3.8938368514990875
-3.8926499702402033
-3.8905109232278647
-3.8883436338557678
-3.887675447737652
-3.8817965988492205
-3.8769196832235537
-3.848893799029719
-3.8459358480164134
-3.845256089922887
-3.842195490230032
-3.8400702600272023
-3.839981931394613
-3.8349823360330504
-3.833461625617965
-3.830645810615354
-3.83013373400905
-3.8254089741987944
-3.8222108977321927
-3.8206216188790227
-3.811517355739415
-3.809357972192553
-3.806649353576706
-3.8014505364568296
-3.80077261907131
-3.7997777239478534
-3.798509136375643
-3.798233662574431
-3.7963550311257865
-3.7950140657654274
-3.7862854160474564
-3.783352975816384
-3.7811641873462367
-3.7755992265945526
-3.7745940401822566
-3.769020207083577
-3.763730168086579
-3.763430811614051
-3.7614917520161106
-3.7611836758166306
-3.760423639575963
-3.7591194263186427
-3.7586753830725086
-3.7524500749297047
-3.7490978325827493
-3.7464820802568397
-3.7435774811240528
-3.743255912885336
-3.735382516528987
-3.730874777491187
-3.719874051377199
-3.717291914011072
-3.713678646335067
-3.7063604237772747
-3.705760936801724
-3.700719032718042
-3.699887998908099
-3.6993281374434623
-3.698187953253221
-3.6885392866456854
-3.684553409978572
-3.683947144970088
-3.6801244155799893
-3.6724607329657397
-3.669899878911667
-3.6562414209015954
-3.6528292838874243
-3.6415041660806944
-3.6414464462851663
-3.635378336317771
-3.631525772285518
-3.61010271356869
-3.6090622338435505
-3.605857987120695
-3.6055047252100794
-3.6040317995914424
-3.603749701348284
-3.593445470913653
-3.59166382727084
-3.5910936527272472
-3.579088607233869
-3.578868209997043
-3.57599443858981
-3.5748763588286323
-3.5732398283389344
-3.573111394414926
-3.5693214545376444
-3.5657519384133356
-3.5634912836755133
-3.557137557887504
-3.556482341792603
-3.5513367745267472
-3.548267264096416
-3.539377193760499
-3.5368267907486652
-3.5352179826912264
-3.5322075423506827
-3.523157370837651
-3.52282937392142
-3.521997043138108
-3.519705508795567
-3.5183197251704663
-3.5146583367036075
-3.5140328356783095
-3.5139837217761887
-3.5075939382745904
-3.5061454679239765
-3.477717422263005
-3.47732265379343
-3.4726372255663147
-3.4716707872470325
-3.4612011787072747
-3.4557923338400354
-3.454838805188649
-3.4519517406893416
-3.4511899115698155
-3.436378091483105
-3.4356769445951345
-3.435596304294336
-3.434380246965298
-3.4339493815048625
-3.4308860820002467
-3.426310494978791
-3.417709880537797
-3.4158183606357992
-3.413486528112484
-3.4049561416618355
-3.4033425400106534
-3.401513885890166
-3.3938520640274525
-3.3929085933598784
-3.3849201616175786
-3.3804029523093204
-3.3793837322433626
-3.3757017942486742
-3.3756568608114756
-3.370774736604944
-3.3660229114773195
-3.365067970634059
-3.3643071675150598
-3.3552213484509315
-3.3517984720300893
-3.351547821205161
-3.351356826140881
-3.3497809341077094
-3.343607864156779
-3.3432080351353477
-3.3423363199703147
-3.338461405874553
-3.3376089877004844
-3.3370420431652628
-3.3350918097647217
-3.325414352825142
-3.3242432801385515
-3.299134699105038
-3.2963510167869328
-3.2885994564888597
-3.2859953838009153
-3.279572810864936
-3.2757959020508345
-3.2711914550472043
-3.2615371669154047
-3.2544154159006835
-3.2498476273904062
-3.2484901334345206
-3.241692414477236
-3.236180735583088
-3.2350415890631323
-3.2332299844096566
-3.2325177414142137
-3.230080495930017
-3.2298710221650286
-3.2264657085765327
-3.223790689304983
-3.2202561657507416
-3.2180272965094727
-3.203756092609743
-3.1982913656220893
-3.1939090974230355
-3.1910876751183377
-3.1854065357659263
-3.178941207220722
-3.172156840445411
-3.1629803571570476
-3.159825179780653
-3.155435538428345
-3.154249941094044
-3.1536537298185627
-3.1517138381079373
-3.1406141505751677
-3.1358774106557936
-3.129320869696098
-3.1267954508796247
-3.126170053590091
-3.123691448716296
-3.1223272608117494
-3.1118218882506
-3.107681296838456
-3.0978787145718685
-3.0952492977203505
-3.0918257768162816
-3.0910610363566575
-3.0899905055399417
-3.0893329055167116
-3.0879051005658824
-3.082923846738663
-3.0777458568370575
-3.0770250088205913
-3.073957205267088
-3.0714515307143744
-3.0701964001738844
-3.0671122415735024
-3.066554875696193
-3.0654891854262694
-3.0640072435906927
-3.0608875970813685
-3.0589290237002427
-3.0502355979941296
-3.0501167250026726
-3.0467897631496106
-3.037601901499321
-3.0374092892345548
-3.036997220235145
-3.035264048829731
-3.035235364178543
-3.0295428450119153
-3.024741075670103
-3.0236642533861287
-3.0148564434906575
-3.013773339394481
-3.009628580360038
-3.0038771344939974
-3.0036017291660215
-3.003593965859901
-2.999603466672347
-2.999582446545461
-2.9959097240087114
-2.979336594248167
-2.975473974556212
-2.9742175024018795
-2.9738607895277656
-2.969025079063435
-2.9660517132989113
-2.960090572224604
-2.950605190581568
-2.949402464488007
-2.9477446557649114
-2.9470990570308064
-2.940208464804554
-2.9279908200911424
-2.9266159852570075
-2.921850094985593
-2.920092258180648
-2.919036019251826
-2.9165666729332806
-2.9114786547419476
-2.900849095432154
-2.8974648889238646
-2.89669166784529
-2.8941737684632076
-2.8908448492445795
-2.8870004194580123
-2.8855098441279505
-2.884573569092578
-2.883826375011716
-2.8706935173316026
-2.8657652012738946
-2.8653586134485654
-2.863993748712926
-2.860262229130166
-2.8554063098757574
-2.8528050461521985
-2.851682883055368
-2.8462182328913337
-2.84408139643262
-2.8435735324307942
-2.83469704458846
-2.8332858620776538
-2.8326157393772244
-2.829644599668213
-2.8282430187422363
-2.8212969266418484
-2.8180511139608773
-2.817795060448137
-2.8172105358452497
-2.815836122457766
-2.8142856710061004
-2.8141438381980044
-2.8127511512729204
-2.8032610306185832
-2.8027975519738764
-2.8002476143552153
-2.799017616985128
-2.7978081595773117
-2.7897361657917386
-2.788504231631622
-2.7852625491551066
-2.780870274717647
-2.773100185385935
-2.7712755661928528
-2.7702609868531205
-2.7635669707029384
-2.760897353193249
-2.7536452300129546
-2.7500851373547155
-2.7429635603579388
-2.727755858423535
-2.7276926120686866
-2.727112585431035
-2.7268245439489385
-2.724532771234649
-2.7231946519906414
-2.718407420607876
-2.715670934114409
-2.7103613005224103
-2.705790804260267
-2.700111523587015
-2.699070127194374
-2.6982304027979733
-2.6940443459675527
-2.688763068781362
-2.6822256745638797
-2.6770092039917612
-2.6730057115474013
-2.6680690253267647
-2.660852033075928
-2.6586951576582494
-2.6578319596341062
-2.6557581012404334
-2.655646781637995
-2.6496387378002884
-2.6495853217864793
-2.6433142153016296
-2.6399384616447
-2.6397027385501337
-2.638164658068938
-2.637847336565807
-2.6368724245465986
-2.6325224353225614
-2.6313991256081337
-2.6304796909854566
-2.6292327145776433
-2.6290786709903466
-2.6290232996730603
-2.6279193417450575
-2.6273128367701397
-2.6241446799891692
-2.6240737023030145
-2.6223325808512814
-2.6206763467559164
-2.6180516016843907
-2.617223157649387
-2.6167734109640866
-2.6165947479929366
-2.6153448483188377
-2.614155584957785
-2.6123886386833304
-2.607470723576261
-2.605722949757137
-2.604758673668533
-2.6038402002996586
-2.6010457082826446
-2.601004845478322
-2.5997584975015036
-2.5995935767495624
-2.596372735645943
-2.5945648363525424
-2.593120573099889
-2.5923362439259057
-2.589310053672526
-2.5866921462515693
-2.578809770650863
-2.5777377775595673
-2.5763319397197657
-2.5718380427961343
-2.5696501195645314
-2.5549765124183317
-2.5495782307562824
-2.5457751443921808
-2.5441623351567473
-2.5388760370505974
-2.538671106804366
-2.5382970256555306
-2.5382921855221645
-2.537258058922034
-2.5367548776415223
-2.5347890855671578
-2.5333712046809906
-2.5314318410565697
-2.5262208356191733
-2.5260633778055084
-2.5219411903956135
-2.521287066043392
-2.5160162517562292
-2.5148630097773013
-2.512893457195792
-2.511467317329117
-2.5102166896304863
-2.5049302294355513
-2.5039818296112846
-2.5003223884265093
-2.4991665595912393
-2.491396131087993
-2.4908221600476055
-2.4886430102815265
-2.483296464605628
-2.471626762095207
-2.467423600174859
-2.462876206555626
-2.4585688085403223
-2.458055211103078
-2.4580236270665656
-2.4570775640305524
-2.4568909437123008
-2.45239826928395
-2.4518961033423805
-2.4482273889089288
-2.445881798028867
-2.440517511332413
-2.4385593921368405
-2.431281854195859
-2.4282102625850883
-2.424275100766352
-2.4242279794830535
-2.420801105855432
-2.416818447010152
-2.4102261589157985
-2.403045602932709
-2.399471123212601
-2.3873428066260187
-2.386327932528802
-2.3859995399743203
-2.3781018174009674
-2.3740951962009933
-2.3730874849161485
-2.372557299228705
-2.3716183878716706
-2.3643079213251
-2.359435908655918
-2.3589512633251806
-2.35710895469886
-2.3565000095607567
-2.356022515373691
-2.354421091565703
-2.3526279256760247
-2.352453914905472
-2.351087219022669
-2.3445872230663785
-2.3430942189593083
-2.3420069482168793
-2.3395790291160337
-2.33700742407731
-2.3355067290496296
-2.334718128345286
-2.334428972563064
-2.3314697170737806
-2.3292909234912766
-2.327771805817948
-2.3276142278538527
-2.3252242080795296
-2.3236632254084326
-2.3178505074757028
-2.316445026336231
-2.3127905416325594
-2.31248349695729
-2.3065605158919036
-2.301134584579583
-2.2985648281051616
-2.2967760499848264
-2.294063943146028
-2.2937565165576097
-2.2914679488644865
-2.2902670418854987
-2.287698876068808
-2.2851428246314667
-2.283310260479684
-2.280539581152242
-2.2802239505005977
-2.2734400927899605
-2.2732544491657727
-2.2730564254387593
-2.270526478524413
-2.2658828110538005
-2.262436375523487
-2.2593043544687443
-2.2588667038096646
-2.2558863129423177
-2.255446094239807
-2.2552237401755493
-2.2481621529661955
-2.2478532227896513
-2.2478252836041226
-2.2465156856636375
-2.246099410724549
-2.2445701383608143
-2.2438525638765614
-2.243205095990114
-2.2376984250727396
-2.2373610899392395
-2.2361308884210307
-2.2347434167751343
-2.234463037460258
-2.230774989576089
-2.2305656248932104
-2.2286609566524076
-2.227889633629315
-2.227152681015172
-2.224970175513227
-2.2234701157775074
-2.2234219549922507
-2.2206887870960115
-2.220671995705651
-2.219314009808163
-2.2127231210411327
-2.2115439716357286
-2.2093496170503313
-2.202308079115178
-2.194546646421745
-2.1929675269784603
-2.190483533740769
-2.1865216887053878
-2.1864508705005927
-2.1854380973698344
-2.176012876631879
-2.171369642928931
-2.1659917515078915
-2.1532702322336896
-2.153004088743473
-2.151394401283028
-2.150895210371588
-2.1502620277900353
-2.1491478309929213
-2.146493173602154
-2.1385868067975187
-2.137759893825952
-2.137697659162082
-2.135575503866584
-2.133602068602527
-2.131995988554524
-2.129897544327594
-2.129294662227086
-2.127062951100533
-2.127024768175991
-2.126564710241787
-2.1264141455593704
-2.120506567815978
-2.1192827230343587
-2.117518040443587
-2.1132668772882277
-2.1102645888515976
-2.1060780226990183
-2.1056358519753955
-2.104432215881042
-2.104180827005624
-2.1039232191688155
-2.103724196286077
-2.1036731332290532
-2.1032843071546607
-2.0997212355354193
-2.0988517988493833
-2.0981956960652863
-2.0972480594209317
-2.0929391303942166
-2.0905586527524003
-2.0830666784232093
-2.0809899648976744
-2.0806929366944287
-2.08010635320679
-2.0740731439343243
-2.073084469901037
-2.0693534830488325
-2.067637028573365
-2.0623264860528705
-2.0583668587878416
-2.0556936833934962
-2.050985957653703
-2.05078804208923
-2.049664702540202
-2.043002868961744
-2.025540582513826
-2.021657251226942
-2.016171235305946
-2.0160182578753196
-2.0154622496698726
-2.012474636952951
-2.0122346433870213
-2.0054699811039267
-2.00354516819888
-2.003334339710295
-2.003312348219036
-2.0026182637357155
-2.001844139250529
-2.000944544312401
-1.9999445290635451
-1.9986844617163413
-1.9979299866468287
-1.9942001733614052
-1.9922254750772308
-1.991098106732786
-1.989702905914648
-1.989544944236896
-1.9877814503261668
-1.9864267146840473
-1.9805412416826274
-1.977067681993562
-1.9749645758521466
-1.9745658066098295
-1.9732481099800068
-1.9701596664430097
-1.9695312846199082
-1.9642519049078193
-1.9636339600760138
-1.9617289015002402
-1.9571015364988522
-1.9545321855761078
-1.9540847642198467
-1.9524210243681392
-1.9497007300598714
-1.9491702305682397
-1.9481766050399871
-1.9467603948942442
-1.942653429745756
-1.9397121965525128
-1.9388168197615196
-1.9381703765297171
-1.9347276008321233
-1.9297426887450788
-1.9258724078408673
-1.9232704895972348
-1.9230273181960633
-1.9221029652601809
-1.918454994648678
-1.9175236834940068
-1.9162884425860476
-1.9155620249057006
-1.9148214305377187
-1.9144652918206135
-1.9123294340685624
-1.9112064965540423
-1.9100829264545536
-1.9088485667588673
-1.907905043088557
-1.9062709331576055
-1.903479848195722
-1.9023884355120029
-1.901840175311425
-1.9005640804153188
-1.8963846265488682
-1.8944904073424897
-1.8937821032902322
-1.893494415318472
-1.892446421272746
-1.8908728179159553
-1.890395610444059
-1.8888290615061836
-1.8874978820948827
-1.8847431703031643
-1.8840500011490557
-1.8800448797323188
-1.8797651031862124
-1.8729635372805593
-1.869291065022616
-1.868656328926534
-1.8672376324516202
-1.8665903888441024
-1.8641402799836146
-1.8610819230479931
-1.8586112629377012
-1.855965024901959
-1.8545088532284928
-1.8489071551752227
-1.843691974088424
-1.8426517015059214
-1.8419827753937579
-1.8416464963624408
-1.841417726725645
-1.8409890029114857
-1.8400494202145046
-1.8389644187694518
-1.8361961206395847
-1.8351095552256633
-1.8345485889753639
-1.8333296759571613
-1.8314028112861465
-1.8307040021283303
-1.829301154946965
-1.825585513894129
-1.820590269358417
-1.816965700678181
-1.805671999036745
-1.7997453133522274
-1.7993380001807353
-1.7987297526089843
-1.7977482257966002
-1.7959899698450141
-1.7958887692297085
-1.7956262965783099
-1.7938623629213617
-1.7893846670950504
-1.789070230016105
-1.7866676084901894
-1.7843405596060964
-1.779378082527376
-1.7761516934396822
-1.772099924637162
-1.7710710144686612
-1.7702519009313127
-1.7694308190697594
-1.7687262970429178
-1.7671681229506013
-1.7622520506731865
-1.761019076737534
-1.7606770515325243
-1.7593170463291652
-1.7589092753885638
-1.7576477157755548
-1.7565350285659205
-1.754416399651943
-1.7521963218916672
-1.7491498880603533
-1.7482176174273376
-1.7450917691334369
-1.7448644076215958
-1.7440895919350605
-1.7438375895866742
-1.740221961521834
-1.7384530077328135
-1.7335652845840654
-1.7332053196383264
-1.7328116688189803
-1.7327114066125895
-1.731518001290171
-1.7312726249641264
-1.7290585517590569
-1.7276591269566008
-1.7224177345740619
-1.721583163732028
-1.719043356293713
-1.7184943081388355
-1.7181372013099474
-1.7165811007791867
-1.7155192593684427
-1.711844182155939
-1.7115552842729225
-1.7053126525976814
-1.705089036886473
-1.7026822486754933
-1.7017418789369698
-1.6997389585946743
-1.695727017223426
-1.6956640080814007
-1.693234311215185
-1.6919645397272611
-1.690565505357053
-1.68633768333354
-1.6816383174492904
-1.6762768849841312
-1.6738081920437005
-1.6732329273396631
-1.672698172796594
-1.6719373487365394
-1.6719184447869657
-1.6692775504333486
-1.6689018231837704
-1.6687816920894425
-1.667374992142116
-1.6654147517042865
-1.6643331646002157
-1.6636372433020161
-1.6632208284862544
-1.6601217956954977
-1.6595689792748298
-1.6587534883339796
-1.658260595612357
-1.6547989541586414
-1.6501866093252955
-1.6476718745265992
-1.6468419624274742
-1.6433123058611019
-1.6410585659517591
-1.637556883544736
-1.6351631822218513
-1.6316712711972232
-1.6313511993451701
-1.6299360654639128
-1.6261516831839848
-1.6244813383163748
-1.6241066034499707
-1.621397178745235
-1.6198697645607374
-1.6136097078536142
-1.6108212766995136
-1.6103291080699564
-1.6095180577062658
-1.6075132844146114
-1.6073412771066882
-1.6034717152649793
-1.6030850868646294
-1.602483066387258
-1.5932755172305173
-1.5930362205537756
-1.5907291062148452
-1.5881653268873768
-1.5874520310484288
-1.5865680804913425
-1.5856870050706693
-1.582248460070568
-1.581605678287819
-1.5806363366573333
-1.5805884075169137
-1.5804788074630345
-1.57841568269653
-1.5750584160624914
-1.5750533148263965
-1.5729633329529187
-1.5687634155348211
-1.5650017440693902
-1.5642424633089829
-1.5641272754650446
-1.5629172141005783
-1.5624963313936227
-1.5596309883109516
-1.5543976458305995
-1.5519123151850724
-1.545099921539584
-1.544833354832114
-1.5445307786495415
-1.5409871149591363
-1.5388912731930806
-1.5385855186544448
-1.5363555410250638
-1.5331432946838381
-1.5315201159316825
-1.5313038286900227
-1.5298767618473197
-1.5264570710742997
-1.5238528407017284
-1.522985142249667
-1.5216004831258085
-1.5212434955440277
-1.514609617191755
-1.5145209987306796
-1.514217331504834
-1.5117023283287985
-1.510691917837623
-1.5074998738336645
-1.506860129001503
-1.5053301998910755
-1.5009679799385407
-1.4996869632444536
-1.4990944548007055
-1.497553533612595
-1.496569030292154
-1.4938217537725096
-1.493706074581444
-1.4924086519617779
-1.490350124822453
-1.4902067232806666
-1.4725043333965184
-1.4675665951574497
-1.465867346997172
-1.465206674376364
-1.4591904375425673
-1.459045893347815
-1.455170272458334
-1.4544418043449325
-1.4487833120102498
-1.445754982872465
-1.4420937443506292
-1.4407479243871086
-1.4399183651626832
-1.4397192593404795
-1.4393643324512804
-1.435138281585497
-1.4351207685072094
-1.434074981027953
-1.432181817825472
-1.4318955614323738
-1.4306856440844835
-1.4301125169389381
-1.429486838891161
-1.426857973630621
-1.4249497706067187
-1.4245475576714024
-1.4214322188686856
-1.4212351388328748
-1.417873980353574
-1.417720478154164
-1.4157664217641173
-1.4143852843529785
-1.4138400544860912
-1.4097187922977872
-1.406339775979516
-1.4031082615439623
-1.4021142820092058
-1.4015447905743372
-1.400106958619463
-1.3996740226888664
-1.3984911672193698
-1.3957711476877328
-1.3859493267599334
-1.3767342838880925
-1.3766196547222558
-1.3760920956433274
-1.3751936928282253
-1.373954017388603
-1.3736951495454983
-1.3653481074410934
-1.364034619772272
-1.3630584390465263
-1.3603733102589994
-1.3600227053207554
-1.3581934007999457
-1.35654094343259
-1.3498798890142067
-1.3474148600501121
-1.3471522877672986
-1.3460720135794526
-1.3449082589077306
-1.3430942101404661
-1.3429873934205117
-1.3406180224956725
-1.3393030255535499
-1.338725408548528
-1.3309565030516475
-1.3256024928279577
-1.319816387247665
-1.3172196752627414
-1.3130636013457633
-1.3115961258274322
-1.3098499785190378
-1.3089748173420173
-1.3070892672834518
-1.3057633883305337
-1.303340404938699
-1.302803938134658
-1.302655883919539
-1.294615941590963
-1.2916107520326159
-1.2836996390490714
-1.2833620064639761
-1.282446588857464
-1.2807258688391965
-1.2780271967170662
-1.276125731454065
-1.2759830031037211
-1.2747929699887905
-1.2724451786845297
-1.2714756292458351
-1.2692947339450917
-1.263853537745124
-1.2634190121137032
-1.2622557395487206
-1.2617979677203968
-1.2612579842945606
-1.2588014490868542
-1.2548461533747988
-1.253921368367751
-1.2491177742398594
-1.248732258067685
-1.2449028089087464
-1.2447630261565343
-1.2441388770415547
-1.2424202968280298
-1.2396642051463012
-1.233575792137526
-1.2298455193013917
-1.2292357690179907
-1.229054087180963
-1.2278239871285908
-1.2255264856726926
-1.225523088007475
-1.2248292087747288
-1.223392521350935
-1.2181744180304181
-1.2171355254626954
-1.2157286456739238
-1.2150086854326465
-1.2143764975909466
-1.2140273980773877
-1.213018025350723
-1.2118699404227837
-1.21173036058424
-1.2098774667961862
-1.2094066915035528
-1.2076017606735998
-1.2075153076960405
-1.2052805723293392
-1.201441775122168
-1.2000008120949546
-1.1962734589727586
-1.1956900244526105
-1.194376156254692
-1.1913538463790334
-1.1885638361824127
-1.1879354848227648
-1.1875648774710907
-1.18549771165366
-1.1844512675496448
-1.1836965911661839
-1.180732022158295
-1.1798400489222804
-1.175040530840941
-1.1750110791413426
-1.1733806858039615
-1.1731710650428266
-1.1691570319796645
-1.1627314830944937
-1.1619325435471688
-1.1602016931814716
-1.1591030283327854
-1.158915129933026
-1.1588122355673454
-1.1554822904015607
-1.1552343220520098
-1.1545726400143201
-1.1538649309650881
-1.149100620391022
-1.1490877370307828
-1.1470584714041105
-1.146026265817067
-1.1435812181175262
-1.1431259377055727
-1.1397188338806856
-1.1394505496068088
-1.1388533852862843
-1.1385049754876642
-1.1357018894615103
-1.1327523190947182
-1.128551503842383
-1.127917671704326
-1.1269156387680583
-1.1266929508258945
-1.1257403637915688
-1.1252311773953463
-1.1249541171994886
-1.1238995236614822
-1.1210661919229634
-1.1208630866196962
-1.1195605612677424
-1.1190866048902535
-1.1147569626590301
-1.1141486505038485
-1.1129712506452478
-1.1094544460488227
-1.109057064752223
-1.1085473139322708
-1.1079601873217086
-1.1067717536148478
-1.1035060041373743
-1.102675071963803
-1.0987543819266352
-1.0986771445960495
-1.0984062828889327
-1.096829639317704
-1.0956973314126446
-1.0949330133848483
-1.093794678044985
-1.0937850382895893
-1.0933839325864763
-1.0933174101113028
-1.091891372598542
-1.0913841925527974
-1.0912170062134265
-1.0891423312350885
-1.0865869032434898
-1.086043605978837
-1.0822389039628204
-1.0766190616184073
-1.0749051047613154
-1.0735620187498514
-1.0724624338584388
-1.0722835572858913
-1.0717843613294233
-1.070301454578043
-1.0663684096726787
-1.0658524941206085
-1.0642751198112277
-1.0628532157847705
-1.0618320447452714
-1.061784624976801
-1.0597195312386987
-1.0586936043840443
-1.0584029520889728
-1.0573531094786337
-1.0549185697671
-1.0534784092934344
-1.0529690886733607
-1.052428643802024
-1.0521899083152493
-1.0519602644920127
-1.0519454161966157
-1.0509611359625533
-1.0500369874457038
-1.0471530214133729
-1.0469767875164346
-1.0461625026996977
-1.0404053068806123
-1.0380413758089044
-1.036164886076719
-1.0343605429366614
-1.0342470148133271
-1.0317792274652886
-1.0317603685538677
-1.0316261250454224
-1.0296453731708655
-1.0277153546732758
-1.0262742598934762
-1.0243288251960898
-1.0201602318358338
-1.0154428691989001
-1.0100676294880098
-1.009653250601898
-1.0069812800457436
-1.0069766019497337
-1.004627394392397
-1.0011185850099429
-1.0008973816931985
-1.0006964940612193
-0.9991559055195585
-0.9984396602554404
-0.9976130778896799
-0.9974047249819487
-0.995604320209668
-0.9955363128364039
-0.9949995447511998
-0.9936389035044919
-0.9924693615479401
-0.9904792586689651
-0.9898503719241557
-0.9844286143987171
-0.9842209138857055
-0.9834286788198023
-0.9826974137927144
-0.9796916467896991
-0.979190617336476
-0.9765736349091012
-0.9751142251602241
-0.9728897609479181
-0.9715103152492297
-0.9712610484040236
-0.9699855238466337
-0.9697668471939526
-0.9693010759272558
-0.9680615472688162
-0.9676247986790072
-0.9662794317184829
-0.9647410447721838
-0.9646439022705752
-0.9623129942722428
-0.9575268560350295
-0.9549360101562808
-0.9500273954271257
-0.9480950466612238
-0.946471070155549
-0.9451900616149822
-0.9444800690370991
-0.9417780241727789
-0.9406851387349752
-0.9381662911636566
-0.9369198545337623
-0.9328922833648285
-0.9295034394191958
-0.9291400329183188
-0.9289716012381632
-0.9285964005180137
-0.9276038071265814
-0.9270355410013981
-0.9227404904614497
-0.92194087321286
-0.9218533090383325
-0.9205451529195829
-0.9199592694085889
-0.9153725426908873
-0.9119235973632762
-0.9116641059832846
-0.907700058495409
-0.9045554935561064
-0.9044324015359462
-0.9038149138208267
-0.9022716571537597
-0.9019845433281009
-0.9006397020255003
-0.9004080015294744
-0.898537175293549
-0.8956397095352933
-0.8956224307215626
-0.8950252097232523
-0.8945334538370232
-0.8932708470187585
-0.892352119048081
-0.8902933472909706
-0.8877399747553936
-0.8850999877662891
-0.8841998250690724
-0.882918521254511
-0.8822176291242175
-0.8805870126314167
-0.8794243571659446
-0.879276440103709
-0.8789892821541129
-0.8783202003186148
-0.8780674938477475
-0.8732648799424002
-0.8716295924044435
-0.8678053595926006
-0.8676899325491971
-0.8671124865875712
-0.8667602521884965
-0.8662873615844922
-0.8656289411579827
-0.8634638097226648
-0.8628092363253851
-0.8625326247800306
-0.861627971915673
-0.859973642936654
-0.859796164364536
-0.8594543462918094
-0.8566459480061508
-0.85519031847643
-0.8548926643547338
-0.8543363810673776
-0.8498459288489422
-0.8482772994702077
-0.8426520295457088
-0.8418227641348858
-0.8411518559278841
-0.8393195565696743
-0.8375811959344288
-0.8363207197209762
-0.8342996513644612
-0.8313144425921956
-0.8269101513492391
-0.8241732035572734
-0.8236757274505184
-0.8220802645824412
-0.8212556103695046
-0.8191247323686291
-0.8184017360079443
-0.8176936398369551
-0.8162108523935486
-0.8156127938192541
-0.8148024428174152
-0.8145090840472257
-0.8123806565634807
-0.8109459579716334
-0.8103105002961593
-0.809207540442309
-0.8087807614043274
-0.8086173760394755
-0.8075400905659273
-0.8073558433707637
-0.8046366625890953
-0.8019772327325765
-0.8017765700405308
-0.797044783483213
-0.7960256728119532
-0.7929845590808561
-0.7929054066293764
-0.7904269422741547
-0.7862671437215342
-0.784281412008746
-0.7822829570643632
-0.7822469739289297
-0.7806280969379402
-0.7802692257977256
-0.779302820844437
-0.7790560187528603
-0.7789591528611814
-0.7780766329058258
-0.7773754090270432
-0.7764278494079487
-0.7759353106540294
-0.7735922731228808
-0.7725838463045729
-0.772451177654623
-0.7724277378677679
-0.7689430195046641
-0.7673022557779571
-0.7642190730428579
-0.7620692092912265
-0.7612220155934722
-0.7607279993664958
-0.7578154413017428
-0.7567320161287641
-0.753543683575649
-0.7524407988577706
-0.7520240262122159
-0.7504945235682456
-0.7501774859460368
-0.7489047842739197
-0.7486162647998543
-0.7478871302180718
-0.7469756861594227
-0.746580416405156
-0.7453436780900348
-0.7431820717787452
-0.7425803793904302
-0.7402159939022188
-0.7342036730991053
-0.7333129812061164
-0.7331816752016158
-0.7309774842617909
-0.7280900629955229
-0.7278705929224916
-0.7274511218028681
-0.7272175785300494
-0.7267987481544129
-0.7257343349562171
-0.72471963713242
-0.7243493195242531
-0.7240211078789811
-0.7220301066894583
-0.7174784697089733
-0.7162262167184854
-0.7114310817115913
-0.7097453983503698
-0.7075841786021826
-0.7054350732511445
-0.7049956284299007
-0.7027008319961616
-0.6993589735189135
-0.6985890521123441
-0.6963231159220482
-0.6961063540391049
-0.6957351841279138
-0.6955834740115705
-0.6913835547428349
-0.6906904958710379
-0.6860985491877298
-0.6800751501821594
-0.6799963438417108
-0.6791266149038103
-0.6756626418504051
-0.6730030064091503
-0.6708484082623725
-0.6699570503701465
-0.6686977478036791
-0.6683624065125765
-0.6660987081669008
-0.6647222956218041
-0.6640315077851875
-0.663487895742674
-0.6612921275702639
-0.6567582525411749
-0.6567228024992458
-0.6566270212950895
-0.6559531346177446
-0.6548595339184304
-0.6537183383247412
-0.6534332192473906
-0.6493768111472047
-0.6454056383712293
-0.644682313169957
-0.6438820626486935
-0.6383156181727373
-0.6345765786599259
-0.6338544518896728
-0.6315042923002353
-0.6310795530837366
-0.6278001836523885
-0.6268898585627558
-0.6239161379957517
-0.6212559897954386
-0.620857825626705
-0.6185975988059684
-0.617340218659773
-0.6114872928837357
-0.6098300861052817
-0.6095258344267152
-0.6048595701048731
-0.600858358405667
-0.5993543987378683
-0.5971681374957238
-0.5913368823794891
-0.5909869615100144
-0.586445982226396
-0.5861039690840864
-0.5825238713086297
-0.5805804062839178
-0.5798823276852687
-0.5790541486763081
-0.5762860599912623
-0.5757451602543444
-0.5753387860014768
-0.5751684029774252
-0.5743863478283322
-0.5735904972447742
-0.5718375480898935
-0.570855950138093
-0.5679664395902897
-0.5640872278324789
-0.5638793199030531
-0.5624642163863093
-0.5582192413397495
-0.5573627465659597
-0.5558083278570611
-0.5548492903073989
-0.552237533006694
-0.5470184056656122
-0.5460695405423684
-0.5438925922504907
-0.5414983293759643
-0.5379135673589966
-0.5359293544849087
-0.5358356275996651
-0.535576390248458
-0.5343460036167916
-0.5306580150002268
-0.5293341199869211
-0.5279289702813196
-0.5240532415988837
-0.5179339631059638
-0.5174010864549811
-0.5147212271089957
-0.5117172397949634
-0.5104237645047676
-0.5102092647192067
-0.5097519185747348
-0.5036455605848751
-0.5034872088959587
-0.5016129353050297
-0.5005449176888578
-0.49432079525373573
-0.48900526026032864
-0.4882482473050007
-0.4851614811619773
-0.4850302381111343
-0.48311666796246255
-0.482623859856531
-0.48144708723151064
-0.4810934276014951
-0.4783401765597791
-0.4782175271495015
-0.47727105413253434
-0.47416574991840055
-0.4737439222104033
-0.4731398669142739
-0.46967133930480254
-0.46733192821287084
-0.4662792108755714
-0.4650271592629822
-0.46480770176040287
-0.46128578863659386
-0.4604281575683819
-0.4602200830838923
-0.45918316708824014
-0.4569430747864165
-0.45260367062679707
-0.4512000062047319
-0.4510739449660154
-0.4498012676915191
-0.44964814122418295
-0.4488504043269278
-0.4468338847627632
-0.4466391730654021
-0.4440766373729621
-0.443753058187381
-0.44204771188263153
-0.4384079117515986
-0.4381329829890343
-0.4381111267724138
-0.4370697709398027
-0.4365970651589749
-0.4358550154159886
-0.4349877521053982
-0.434460520910876
-0.4341023231139819
-0.42994757703172737
-0.4290703998530577
-0.4287672328279253
-0.4266906921040785
-0.4258638631109155
-0.4246734539115654
-0.42219614802984584
-0.4199200098700737
-0.41962434279017197
-0.4196067738038609
-0.4194164462161377
-0.4184084433447861
-0.4148838261065624
-0.41142893690123405
-0.40733465832034144
-0.40351712192809963
-0.402786997855899
-0.4026434786569949
-0.4021241562800726
-0.399976798607518
-0.3999737852422014
-0.3990469789792953
-0.39873664595999603
-0.39792695064979583
-0.39792694872085055
-0.39692062836429187
-0.39618644730728053
-0.39497538428360224
-0.393778284395362
-0.3936938690408833
-0.39199226111662605
-0.39079391584284856
-0.38899197041403466
-0.38845411610392033
-0.38719427569570486
-0.38709767658682925
-0.3863362599434317
-0.3857443716728065
-0.38550020187591283
-0.3854393573292188
-0.3826105774747521
-0.38211572091326074
-0.3807713629376931
-0.37884829215755755
-0.3741791050710165
-0.3726592261805054
-0.36998196970597697
-0.3672214638795511
-0.3648753226775624
-0.36458278510905484
-0.3632762298858543
-0.3608802835207053
-0.36000356167774195
-0.3592632293724246
-0.35599347084775745
-0.3544802362817454
-0.3544529556877041
-0.35182984341212264
-0.3511394552274578
-0.3509051393154583
-0.3506704391050582
-0.3498769514467587
-0.3496701806872557
-0.34955133274370864
-0.34874916184294824
-0.3457150376437309
-0.3425374980395792
-0.3416485326745592
-0.3411585247597174
-0.3386796529894198
-0.33797506691218837
-0.3338116861233871
-0.33045449266985827
-0.3303946980756635
-0.330340457604829
-0.32914560264968623
-0.3291113582652939
-0.3271074263118139
-0.3262440502250086
-0.32597998525393224
-0.32556823999770457
-0.3247377049661043
-0.3244767998032235
-0.32376644467802007
-0.3233192325874731
-0.3200169497861577
-0.31761588921474704
-0.31595681790727237
-0.3144769500614215
-0.31167280789894636
-0.3106658866443941
-0.30928106942770195
-0.30896932156265144
-0.30765070797952765
-0.3065952565933887
-0.3064192064145964
-0.30631047567360015
-0.3054471360862032
-0.3054185976292768
-0.30401210208667895
-0.30315095926594193
-0.30142852888539634
-0.2982490419270801
-0.29634888276655724
-0.2961175767730875
-0.295268006186967
-0.29327938778840773
-0.29279933959400906
-0.2927261507916766
-0.29125897536741086
-0.29071667454017436
-0.2905293167115599
-0.2894668214055387
-0.28725274421991487
-0.2871903527966003
-0.281774841887824
-0.2794999384155984
-0.2772513103533726
-0.27120857796385855
-0.2706030014630686
-0.2704977156514645
-0.26923483349516264
-0.2680187890338934
-0.26785633714154855
-0.2622322805801547
-0.2619265689506357
-0.261310313387523
-0.2602756462833482
-0.2582804112152859
-0.25632442940347777
-0.2557882402650504
-0.25386195959905816
-0.25203029058327897
-0.25110556457828287
-0.24968819787224428
-0.2474148596173631
-0.2468574487528966
-0.24598295068452541
-0.24594393466044595
-0.24533374394249796
-0.2439747109692747
-0.24244904784001287
-0.24092726050940455
-0.23683381919182192
-0.2343044379100222
-0.23417913810310398
-0.23398141057870592
-0.23378800247670284
-0.23329276717200176
-0.23221776280288342
-0.23204005401687572
-0.23146700913458967
-0.23093914025214618
-0.2305793485870092
-0.2273353277358493
-0.227166985739814
-0.22702485651537208
-0.2261228809974628
-0.22610466025664377
-0.22268907530905724
-0.22154358322048873
-0.22026051850300699
-0.21988404770668502
-0.21967901863591488
-0.21938756544903237
-0.21892692433511612
-0.2181968616477039
-0.2153798017419296
-0.21445905563388734
-0.21321050334536937
-0.21281066713122432
-0.20645678897766195
-0.20534246464210282
-0.204850746116654
-0.2006513335138722
-0.19957772633780796
-0.1993595149299274
-0.19720866287450306
-0.19679897634228916
-0.19554303703527853
-0.1939483064809296
-0.1938315401717186
-0.18941735132760065
-0.1892343752559944
-0.18852784346756413
-0.18799465047118458
-0.18367845646058448
-0.18290388677436764
-0.1807146851642017
-0.18049989785391318
-0.18047058895507068
-0.1757716533467676
-0.1748687954011101
-0.17482296472163517
-0.17187633432391064
-0.1715063024473238
-0.1683478819251465
-0.16824847721476738
-0.16607680112047873
-0.16364865407499207
-0.16242331674552835
-0.16209507731401762
-0.15992598231493682
-0.1558320860665997
-0.15441218792114364
-0.15302869912898387
-0.15296425668192926
-0.15133524706431256
-0.1494457006678016
-0.1464335059179203
-0.14455898039932324
-0.14109687696049833
-0.14079541221849345
-0.14062010984034778
-0.14059991650875026
-0.13920568612763734
-0.1332230026575819
-0.13307332372356584
-0.13078438505143747
-0.12922379411286344
-0.127378259637968
-0.12707381291362185
-0.12329994638880387
-0.12174534652250155
-0.11775668471658018
-0.11701501712786522
-0.11643174798632017
-0.11638124700495778
-0.11448665650291379
-0.11395862472615292
-0.11372861873258588
-0.11276010044265306
-0.11132546585207209
-0.11041451192602947
-0.11039761688213601
-0.10934564739544334
-0.1087359834531697
-0.10795397886018207
-0.107628582480357
-0.10694930598538144
-0.10633404708503513
-0.10518093503965142
-0.10513611853467586
-0.10361879411281516
-0.10321746171226076
-0.10299036791066551
-0.10177996147772556
-0.09977755909466024
-0.09539603258568641
-0.09407231333512439
-0.09240187329966404
-0.09239726977305457
-0.09145408617690387
-0.09071751931917477
-0.08766462048196078
-0.08503680732375885
-0.08373911475084439
-0.08274694926926351
-0.08163419932691984
-0.07985097353367115
-0.07904712544165898
-0.07727250946835906
-0.0762976531159123
-0.07295489065548955
-0.07078876118801336
-0.06845977085065458
-0.06759346042756331
-0.06700031198432821
-0.06552959785987246
-0.06352728489912152
-0.06289855807380829
-0.06197604310635335
-0.059726162588435994
-0.05570997220145413
-0.05521371306501849
-0.055096475197079275
-0.05426064874244774
-0.054192670928654985
-0.05392036157550878
-0.053800755745574746
-0.05277270695661951
-0.050547155961534584
-0.050540610223751115
-0.0499308227721294
-0.049692582062576096
-0.04916410462752458
-0.04892290123627696
-0.04819503706744932
-0.045219621122660425
-0.044274624389785966
-0.04343759072917608
-0.04274558610887769
-0.04221511599637301
-0.04157893423191583
-0.04155771922918838
-0.039600045218141144
-0.03907199581992016
-0.038811720745300926
-0.03840955286478409
-0.03750852470337118
-0.03692152777760571
-0.03635748995612442
-0.03534686343509147
-0.03506112577565462
-0.03504391781532079
-0.03503246338384869
-0.03274863495029956
-0.031307378512694384
-0.030336891783210196
-0.029936819924612834
-0.029529289500376033
-0.028709995363580987
-0.02755589713219775
-0.027410819504620654
-0.02734403922099904
-0.027115447269939752
-0.02613222231796375
-0.02510128210855056
-0.023782401344386694
-0.019117031359724757
-0.014187041902980119
-0.013425308274003012
-0.013133579093504433
-0.012482176984957793
-0.01161778072885955
-0.011477763981143557
-0.010339477562018362
-0.010036780660022226
-0.009332942475496375
-0.003849603268301194
0.00336951745047831
0.0037437905050143883
0.0043496132282953015
0.004492576045516561
0.005111392187851824
0.005926760504936235
0.007336364166614151
0.007499317835387764
0.008319326190562304
0.01021616967464789
0.013076721284537296
0.014385458805991624
0.018558059680433225
0.019162017853561752
0.021138333910804552
0.021191316310017166
0.022021573622740723
0.02241394750052128
0.02340401063478359
0.02438447538575933
0.024952814109800055
0.02515372266287036
0.025318995867454563
0.0256085815053812
0.026405650855686913
0.026877177065015134
0.026955710466466942
0.02775036662741409
0.03003439256689422
0.03197282868876161
0.03276833571617843
0.032976827658087515
0.035031207460414215
0.035063206105231504
0.03635429954543636
0.03641928289904062
0.03697633919197718
0.03818025894453553
0.03894101524319232
0.04003007467935335
0.04296076340254193
0.044381959882188626
0.04487732579078141
0.048237257744716766
0.04854559905062539
0.0487252887298254
0.04988033776707177
0.05048996121771204
0.05400964506693079
0.05425731705093355
0.054964775505423
0.05810352243840389
0.05886112788749376
0.059568353521034345
0.06372990055929084
0.06420649849925775
0.06436842859722636
0.06659723857908395
0.06732465956083067
0.06769545136973985
0.06915187920872146
0.0708947619077559
0.07097741627254195
0.07120438084213654
0.07188428197381858
0.07217590546459685
0.07233307461447647
0.07683412170893078
0.07710670922292195
0.07882020371008347
0.08593552020926436
0.08730730409807258
0.08807338660976949
0.08869275961945933
0.08981856304835284
0.08994672467864351
0.09095982653636814
0.0917847331219993
0.0932534559769369
0.09383472661862724
0.09407702563559228
0.09497746035819232
0.09620519573256325
0.09935135867902017
0.10059543772862564
0.10093272744898038
0.10636983624004748
0.10955181756687082
0.11311738298310459
0.11391910190351273
0.11483809264598399
0.11534086970244767
0.11609601404664982
0.11759705425511136
0.12138015803832748
0.12189353994899188
0.1233373989120774
0.12460916813226525
0.12610145116771443
0.12673007401658154
0.12880809862887538
0.1315148813573852
0.13245626563838186
0.1350588831804569
0.13533525686629355
0.13547573819732994
0.1372730127968863
0.1391487867196643
0.13921551009337818
0.1395641770724857
0.13974175336170577
0.14257322552197993
0.14488175169938122
0.1476480877106372
0.15071377662990704
0.1518868546248886
0.15242994093141893
0.15275155898614312
0.1527729474178926
0.15332581808025048
0.15367321973345005
0.15476724915029594
0.15520742026798684
0.156047580778512
0.15734175094936365
0.15792998829654759
0.15824589905431574
0.16217148866598263
0.16246174876670516
0.16381871510672374
0.16475187980199796
0.16552501830221747
0.16571037653540188
0.16660947208255522
0.16692584260798726
0.16805330513638883
0.16813497894418217
0.17259180658443707
0.17301122636435884
0.17303024738936135
0.17316711157189102
0.1743596721453794
0.17544192691753863
0.17675546590321456
0.1778048048772296
0.17873126607521317
0.17918114253675427
0.18114021661095225
0.1813512777194708
0.18314330290079642
0.1835762171157439
0.18575782395034046
0.18633655773187063
0.18698080309679
0.19094814575849436
0.1919900786273674
0.1944876562465303
0.19542130657153978
0.1956535146121533
0.19583102517008466
0.19583738812975948
0.19658126919787705
0.19717673799452362
0.19959306575009583
0.20095728421000886
0.2020301305553106
0.20269412989696803
0.20717683457576985
0.20803026178623146
0.2095135175818184
0.20991420366256985
0.21149201276411034
0.2118420552171858
0.2121802295005878
0.21342915561333536
0.2174775123670627
0.21824477658439645
0.21843734868238857
0.21969418694785503
0.22004567819366144
0.22044173013243334
0.220768610285702
0.2214769532681446
0.22223492417085988
0.22494033345968506
0.22514942733740645
0.2270304010237153
0.22706667745476183
0.2278606592140563
0.22819666635582403
0.2288907525226685
0.2303043076724631
0.231870498946267
0.23208576227394595
0.2340830852978194
0.2356607250107451
0.23603659000530453
0.23951918769510877
0.24178782533990878
0.24227727813994504
0.24296839025757166
0.24431150688234848
0.2445686966860275
0.24555377551759827
0.2463097362178831
0.24676059473953416
0.24788448301176758
0.25070795297130666
0.25238797063533513
0.25267176931039437
0.2535739572806676
0.25527597886435616
0.2564958338191831
0.25677977675364716
0.25740406869046095
0.2575534843669792
0.26078590901510024
0.2609728352339679
0.26626935607179014
0.2666970568275424
0.2667711417873375
0.27142404654795504
0.2721125084084697
0.2731337476575896
0.2738033429436403
0.2738422648398443
0.2741937761994557
0.275690210700568
0.27588834360275516
0.27855742674553
0.280207880944751
0.28057780493414164
0.28168603215510113
0.28171947040105266
0.28183574920269727
0.28196640987738997
0.2824403029333005
0.2835699336530987
0.28648829611858817
0.2868999861458298
0.28780791317612675
0.2889439330497395
0.28954185185808207
0.29076820072905596
0.29082022213119607
0.2944833378377634
0.2987925664424155
0.2989295562181167
0.30057253717032445
0.301211564327127
0.30154921290901004
0.30427191411644205
0.30586071165787265
0.306619774460437
0.3092526368791345
0.3097826734605693
0.31032344648696425
0.3132777458196562
0.3134740297716231
0.315544523039995
0.31588032061360793
0.31681204843511757
0.32126768726559707
0.3218110362028517
0.3227723156285853
0.3246238843916295
0.32664501922165645
0.3275807995263673
0.32832109818020005
0.3289312334977006
0.3289716056640488
0.3310997797075002
0.33278120750018747
0.33367003537347883
0.33667591124509777
0.33951586146143686
0.3407966633088643
0.34182132750905847
0.3424654510139697
0.34255507114418277
0.35174132338821607
0.3522053000327844
0.3534972024101104
0.3545794910452809
0.35601893682291963
0.3572164311295962
0.3573326890081092
0.364833000988077
0.36502751610486955
0.3659577734914694
0.36745817248047363
0.3674826021770339
0.3684510090272767
0.36853830124161535
0.3685451611568757
0.3699802156630348
0.371134389414522
0.37131700637735365
0.37211706587998833
0.3727463496225888
0.3807820619175428
0.38190969489765236
0.38279064108169697
0.383509454714526
0.38356719852360766
0.3890181335635937
0.3904122896281995
0.39556636099231834
0.39603638189975277
0.3980055204270144
0.40019722568497906
0.40027817173932817
0.4034860910490095
0.40410692742004006
0.4066664698844865
0.40750819714404757
0.4077911983994963
0.4083668557474366
0.4121681876765161
0.41507283714586196
0.41533044483135606
0.4159218120452265
0.41616651052210407
0.41833159794886143
0.4184208565980966
0.42148634717072353
0.4228737002329934
0.4230611986972138
0.4238574153538186
0.4239293075948071
0.42441704787378476
0.42573609949716046
0.4264457841915157
0.4282388878327854
0.4303175471363938
0.4345432554376728
0.4377978181995532
0.4397619810724862
0.43986755304189795
0.4410412635606368
0.44122044808352756
0.4430748346698277
0.4462377422397262
0.44716415995846215
0.449097315716798
0.44921364524882224
0.449299077959602
0.449420183308761
0.45054076609817184
0.450861777488561
0.4508813982751604
0.4524476365567592
0.45412106182825707
0.45706956012519667
0.4573913439663172
0.45798779821479024
0.46036805123917535
0.4610202722204235
0.46220321540954845
0.46224049258021116
0.46246882063538375
0.4640819153660099
0.4658147461820446
0.467696611540349
0.4679775594484845
0.4684473620760981
0.4686318760918343
0.46881083721707784
0.4703173595268436
0.47222850697598157
0.47486253520906
0.4755983137439059
0.4768563701427837
0.47711338917978424
0.47927567549803707
0.48034461229621367
0.4810424822867664
0.4817078429155259
0.4822015667983351
0.4828272634279363
0.48477588422848905
0.4869628787634454
0.4873940472219717
0.4874561935544769
0.4909827275932851
0.4913493884329169
0.49276741375657457
0.49455711912381234
0.49500338898348734
0.49507064072670487
0.4960305993453043
0.496202416551176
0.4981127958881408
0.49984385049290675
0.5002203245334623
0.5043573941328793
0.5048872506018629
0.5066208813122779
0.5072169954512531
0.5092020878652141
0.5121113836400594
0.5128268734460197
0.5128437849728568
0.5154607619867483
0.5157795405994912
0.5163292840364753
0.5166434284546746
0.5206555847245249
0.5216144976787964
0.5254387926552364
0.5290972822436829
0.5306404759235335
0.5311388039835654
0.5329893580611582
0.5330593657945821
0.5353784345002863
0.5361146806122885
0.5378412435834434
0.537892455965773
0.5387666842266908
0.5387991858206608
0.5421035285411377
0.5427355165329861
0.5429553768937331
0.5438828428720596
0.5443303483362513
0.5445684887001673
0.5446634467096806
0.5472299387866543
0.547436057339501
0.5542001843815082
0.5547318633471936
0.5554565912348924
0.5554865459346281
0.5558747923942697
0.5580118277981525
0.559068116487766
0.5591285329178062
0.5622274205940984
0.5626836077584012
0.5671039002008229
0.5682639477198604
0.5689779248679129
0.5702777580149578
0.5705752437717286
0.5730357732256499
0.5742567862354326
0.5742660862856777
0.5754930488705987
0.5759454294973644
0.5786713004000197
0.5787377400444013
0.5849250453990038
0.5873647123873957
0.5899787589202895
0.5901079159126644
0.5931273607112622
0.5977020844396699
0.5985652883846193
0.6013910346168047
0.6018990491388081
0.6029908287676531
0.6064081845413554
0.6069067044992873
0.6084418631866606
0.6095228003673346
0.6105643999747453
0.6106620135135234
0.6107798580599156
0.614709304933538
0.6165062959816997
0.6174955617020096
0.6192347895806833
0.6198715836418921
0.6202546962171445
0.6202847708025074
0.6222525841159834
0.6235468966635145
0.6252709109615227
0.6295196942423062
0.63091093851028
0.6371978544965322
0.6378802552218786
0.6409355151780862
0.641235284953258
0.6421413045589665
0.6423999548657673
0.6430911835880285
0.6431681707585393
0.6451144630861291
0.6468476539857191
0.6475649499790366
0.6476503447864204
0.6489871125887762
0.6508876471705172
0.6509549951478453
0.6525401193200695
0.6537493333325333
0.6550238001402716
0.6571862934585929
0.6620058662275252
0.6672610335061367
0.6684491683657156
0.6687493809707967
0.6712472021458167
0.6749860381857099
0.6749989308105409
0.6843502739066801
0.6846547186440264
0.6851566707627108
0.6874872996064405
0.688316097433654
0.6887270035312933
0.689456988841197
0.6900455092142239
0.6905533266876424
0.6911605732493906
0.6924149583600787
0.692551772861176
0.6941195692550792
0.69429407945863
0.6952216588530478
0.695688785612057
0.6983517881212649
0.6988515049774243
0.700695782018961
0.7022705364865169
0.7026031114747552
0.7026885940207502
0.7038233655699802
0.7038249712017346
0.706844282195997
0.7071066739654568
0.7072838942066375
0.7075384753335427
0.7077129702305904
0.7079519553205109
0.7081000364191543
0.7090513454742657
0.7102185711866883
0.7112700252619306
0.7119959741320344
0.7120196899356834
0.7126690212244396
0.7168919348588916
0.7190124864688798
0.7225092268192697
0.7237010088678963
0.7237345273307145
0.72451663735459
0.7296300836730538
0.7301723853487104
0.7312794347220148
0.7315845807651289
0.7355112072412482
0.7356353279602648
0.7363339605486825
0.7376077604649136
0.7390695764581368
0.7407692480303019
0.7418573140772114
0.7441083107993147
0.750718362216706
0.7539771304066235
0.7551453212329899
0.7576496540882476
0.7581433221524859
0.7584183096127753
0.7585075648688815
0.7597212764600346
0.7601760374365093
0.7624235530626631
0.7640911041412562
0.7658195446158892
0.7661083403852366
0.7712992743257877
0.7718213268500735
0.7793698709902178
0.7797875022975497
0.7799399244719598
0.7800603361507658
0.7810034552621121
0.7820657645007771
0.7853845086195534
0.7855707636465471
0.7878289397980338
0.787886471281241
0.7881607465916296
0.7893687847936873
0.7908873427764194
0.7908995808811546
0.7919114663706749
0.7938907891893955
0.7950902489953343
0.7959541767633039
0.7972643029719925
0.8000285105438552
0.8032648055311689
0.803402524512996
0.8047710651713607
0.80552455085945
0.8069694090904788
0.8093083119736906
0.8105917435523519
0.8137375336352985
0.8145788090307299
0.816905452493023
0.8172309925681446
0.8186585444419496
0.8187274761637823
0.8187973689670103
0.8202137010022545
0.8214820128085654
0.822702908352525
0.8232941640104664
0.8248664493384429
0.8263688665316209
0.8279116612036581
0.8281555157590063
0.8286735109429081
0.8288147135072195
0.8297850642044531
0.8318954517627468
0.8333698749751459
0.8334093451309368
0.838812906620361
0.8412923276494353
0.8414999365962523
0.842533106373917
0.8426266987285669
0.842979720906161
0.8528423928810065
0.8567365648930932
0.8594939958155883
0.8631601732519054
0.8651214054324481
0.8659175526893474
0.8700547293757538
0.8735034475833308
0.8749225537922631
0.8783052793206549
0.8784807003445523
0.8797833425535734
0.8822142224696052
0.883578892895698
0.8849591388195931
0.8874023696769259
0.8911134424691868
0.8946113155088511
0.8947191039760318
0.8949311697007101
0.8959196052656717
0.8975673239661239
0.9006995491971812
0.9009118319974966
0.9020523838112209
0.9021225708029643
0.9023179388361464
0.9028663490385432
0.9030074850578985
0.9049673595835184
0.9070742010068414
0.9074880203465424
0.908037851251441
0.9082920201973497
0.9095829574842298
0.910676167263594
0.9155584709738961
0.9186306177760126
0.920365067285686
0.9218954412775787
0.9228670184102493
0.9276127375813157
0.929809324588682
0.9298111481191206
0.9318654505884694
0.9335763727117741
0.9346373376863853
0.9380609606789417
0.9406316138140998
0.9421781129504525
0.9425260894820413
0.94255136922535
0.9437317530805619
0.9483857339362579
0.9518049678901163
0.953653254863678
0.9613390779961554
0.9654139575751588
0.9680460560262633
0.9680466839318239
0.9682831623858592
0.9683668939805499
0.9686250147444252
0.970470358854901
0.9714082471387995
0.9725584548717497
0.9734381086168273
0.9734461654256588
0.9746566781164085
0.9761719551746346
0.976276501199876
0.9776455203824455
0.9779395726795213
0.98077934490478
0.982338794070212
0.9844107319408458
0.9880597211141369
0.9883537532538678
0.9893743301159235
0.9894891853016696
0.9908040239962574
0.9920735288997315
0.9948346877458085
0.9956970461892455
0.9957824123385544
0.99905650467627
1.0000050039958037
1.0003138643555538
1.001842600615783
1.0062966730062484
1.0076702753733198
1.0079433569854581
1.009738402410028
1.0112193043464046
1.0112796036156515
1.0123097393739657
1.0124482403980672
1.012721923911593
1.0149314749799871
1.0154199038612524
1.015507381837642
1.0160757590087302
1.0175341964078881
1.0186115667970348
1.0188431107358842
1.0188442524239052
1.018847530496546
1.0190879639770551
1.0202215118140634
1.0205371520209612
1.020782301073765
1.022030932979328
1.0229844898234153
1.024649682845796
1.0306616411758829
1.0318309875143878
1.0338338415464001
1.0343551124781798
1.0355230590045443
1.0370763556605826
1.0373164661278982
1.0379056464141763
1.0385798831067599
1.04267660876302
1.0439771888533018
1.0445957186954289
1.04530921946942
1.048370340836382
1.0500546688672696
1.0523114977273107
1.0581205329983168
1.0581336942740789
1.0639679884862792
1.0652928426008912
1.0680331624206632
1.0684282810427508
1.0698432692292918
1.0699870572473256
1.0712536042533567
1.0713052284432334
1.0729988554720638
1.073954451153784
1.0765968847087832
1.0769906963401774
1.0770315555164016
1.0797186298965777
1.0798543732036703
1.0819558798492501
1.083411125296702
1.0843535369083448
1.0859505805196878
1.0876432001803633
1.0900916947432933
1.0944046213833694
1.0944362696131784
1.094564193186432
1.0948445905647484
1.1005659085963633
1.104097999991431
1.104516926411414
1.1060036076591362
1.106704398359411
1.1074970954639691
1.1086527787363074
1.108808513062242
1.1108009079042034
1.1113301089407388
1.112237417557591
1.113643446804043
1.117926170949515
1.1213422040768164
1.1240913180803311
1.1252337671800192
1.1259996183208214
1.1261227219907295
1.1264520700136567
1.129828714964233
1.1308404898222766
1.1308770785479885
1.1347348597416185
1.1358139316313296
1.1358311200228308
1.1373347582497528
1.1381015871072986
1.1387307863874343
1.1403693418728613
1.1439665274139796
1.14472169745328
1.1458242466724737
1.1465115097727332
1.1490957248520832
1.149853193092839
1.150747395502971
1.1525063759924659
1.1527360066238954
1.1534622437194133
1.154927756343843
1.1554905248401133
1.1574929321689438
1.1613031851442361
1.1617169501441265
1.162666389833142
1.1664357869388295
1.1670257095384446
1.1738593668172947
1.178384023032648
1.1785396972959856
1.182667688799627
1.1855209320694684
1.1858699457335704
1.1864603319845415
1.187558587713601
1.187735096939989
1.1920499895463639
1.1921071193794266
1.1925432942970036
1.1930141436067503
1.1939184732989734
1.194253599854685
1.195262144549671
1.1974601630277044
1.2008572824495638
1.2084841408416551
1.2099512773486802
1.210450577958941
1.2170315018733544
1.2179945127001544
1.2202900793021834
1.22106989818421
1.2213634868513525
1.2224020449556925
1.2247158608111988
1.2247332751441617
1.2247890066518594
1.2273551263106648
1.2333467227359411
1.2335083044879696
1.2361326578765415
1.2371616619603294
1.2466853281015107
1.2471951197890203
1.24852460618118
1.2506562182839294
1.2509924442891076
1.2564241798803408
1.2588941121411141
1.2593482575607118
1.264318513669759
1.265139496199399
1.2683708471442992
1.2706230221373105
1.2759462157372496
1.2798604046294808
1.2816969593632774
1.2846281458052078
1.2882545540319619
1.2922728100884227
1.3020288382299696
1.3056338101727984
1.3070571448774568
1.3090646321818582
1.3090902061189427
1.31425255511006
1.3143346661705075
1.3175426025169354
1.3189186017331966
1.3203098818432562
1.3209841935992217
1.3223162257726169
1.3225454395903993
1.325493308639894
1.327286136408338
1.3284075044203705
1.3284555053432536
1.3336985702599418
1.335831186409815
1.335878166487598
1.338935652197855
1.3393155734298678
1.3399503931160623
1.342363967753793
1.3450605417602148
1.3455253249489736
1.3475415437876979
1.3489265570844955
1.3522532833153376
1.3523715079002483
1.3554658733338294
1.3571745333363998
1.3582885185048605
1.3593352010978965
1.3600810091934585
1.361087119360809
1.361547084939509
1.365661369592618
1.374684283899772
1.3747290371125827
1.3752152947331475
1.3767960481381056
1.3774330324615665
1.377527770559907
1.3828966902060111
1.3846462474715504
1.3849045615981503
1.3855198662709776
1.3859690962836488
1.3904109270424172
1.394659217752821
1.3951554054493267
1.3957962995954964
1.3988147445464105
1.4004991225224204
1.4153610868336475
1.4166825918947192
1.4171365208407274
1.4179730448014238
1.4219059395676146
1.4238373621887943
1.4249063080168045
1.425200072214605
1.4282318126674793
1.4309140744343423
1.432275694503039
1.4329087362135864
1.4365033050573377
1.4388674883535058
1.4417895242956307
1.4424017889502538
1.4558305057811478
1.457050168244419
1.457174162745258
1.4624224931207124
1.462579503237184
1.4633511062017894
1.4634948282640634
1.463972838072232
1.4641378603413053
1.4656203085162502
1.4687924676456965
1.4693537480553875
1.475043191350344
1.4781777579217708
1.4782394374412742
1.4783693171205512
1.4804658433504556
1.4838594380237968
1.48594353897334
1.4875191675805188
1.4878680664693107
1.4906536749940833
1.4965342675268527
1.4991569774623428
1.5070750658524288
1.5087712337777766
1.5089017428060814
1.510837539558259
1.517987034944384
1.5195622398975128
1.5255969379472973
1.5260207969902697
1.527645856776298
1.5312081255723222
1.533971677422099
1.5427785710224238
1.5436092713329437
1.5500099925505122
1.553095642008023
1.5532956135553246
1.5534941954833303
1.5543952428035668
1.5582376809921106
1.5614493682824553
1.5673642924453746
1.5718317643414932
1.574601373916939
1.5802021379236895
1.5973880386904535
1.6001215979078325
1.6038476393329453
1.604218946595855
1.607656092977558
1.6083843924907435
1.6084660565150908
1.6124198386362614
1.6124786032873586
1.6157004209533583
1.6219874789328022
1.6228099165639853
1.6234679885330492
1.624088905797827
1.624633730560027
1.6260266727583383
1.6356718040834086
1.6367786984366415
1.6371348420528036
1.6407442663236695
1.642074149484849
1.642866114609339
1.6464903453323654
1.648912411822897
1.6503568846902934
1.6520178073421488
1.6523201303166688
1.6550481104056622
1.6554490854030193
1.655765481304387
1.6567903579281915
1.6645967443935228
1.6652377655170914
1.6654793245781467
1.6660765315997006
1.6733322573223905
1.6791968086291043
1.6838665065022973
1.6868220650209498
1.6909968435408649
1.6913322014256287
1.693343479267235
1.6989419899762797
1.7016617671141208
1.7030748915770295
1.7076719044935198
1.7080667092221722
1.7113180403471788
1.7114475529295872
1.7125439095888466
1.7132946808734069
1.7184071532042697
1.7199628060918186
1.7208987224891652
1.7216775078552295
1.7297925118305466
1.7302579666691182
1.7330601695940828
1.7333602057007793
1.734400986867263
1.7547338125417498
1.7581263893523253
1.7677817874075599
1.769452461790272
1.7748219131320109
1.7756137053081096
1.780002574585171
1.781826704950202
1.7831848587297074
1.7877156659366111
1.7889799280663805
1.7962334427685245
1.7970617965249303
1.7999885659376107
1.8090524796508864
1.8144438242455305
1.825215383051174
1.8253267809638238
1.8291205565964435
1.8331825186577397
1.8381305078882817
1.839145434556924
1.8431179381792646
1.8448488736259891
1.849042956588708
1.8494623548016245
1.8497322855293001
1.8497577039803605
1.853130486610746
1.8531338391487573
1.8545735765928455
1.85782406739421
1.8591750560432558
1.8666939019971394
1.8769177823168244
1.8772024645617518
1.8818181138548802
1.8851918004501176
1.885508062335062
1.8864777971454663
1.889954575231091
1.9045293748126022
1.9046635292511667
1.9063816280030892
1.9117069620295213
1.9122173959989937
1.9129897890150254
1.9166773358073217
1.9189750748780718
1.9412306565620887
1.9604439753409935
1.9615681715333233
1.967281720155952
1.9674502977744457
1.9686089989189353
1.9688631928996894
1.97626770183073
1.9772245832497162
1.9799651805592304
1.983549501483286
1.9836293669016483
1.9862764869402116
1.988344732525979
1.9893224510300935
1.9920422578456352
1.9980245688427951
1.9981252674607428
2.006968490833816
2.0073717727890354
2.014644674278104
2.0226531063371125
2.0259638466376075
2.0361933451539835
2.042950119019303
2.0430838171561643
2.049797017739017
2.0648998644860463
2.0717309059859437
2.076135167146024
2.0811612913137565
2.1060774930768504
2.1165530533643717
2.138472105989483
2.1442488565008775
2.1450712782284835
2.1505837953716442
2.161460344949658
2.167548840558681
2.183725503232364
2.2110005313870693
2.231842868552336
2.238673252448142
2.256009128640856
2.2628796286511728
2.282972691316764
2.287125831204853
2.3060105924593897
2.315339661485375
2.3205415209713154
2.3233330794676887
2.339436361330752
2.3569847506023924
2.3604782532015482
2.374631291945365
2.387466124465049
2.4158398158548255
2.447357910314783
2.475701348730664
2.525293558245874
2.5436852844001323
2.599357230614477
2.6184768537017953
2.651813934497977
2.704568189345337
2.7424614028036314
2.7464774058573918
2.764211138769552
2.7685062955921818
2.956379866623732
