-2268.8869250265766
-1687.0245001721232
-1062.5312408890024
-941.8820097436501
-927.6199590038989
-917.2643601501665
-890.34302724791
-767.2554081027889
-370.4399994577983
-251.98662076281698
-249.53732827034824
-248.22959034492584
-239.39286098696806
-233.5839762080789
-226.19813328256254
-220.883658810052
-216.15294681277837
-212.76272885185696
-202.06835662991605
-187.65250526591268
-184.36911706372982
-181.501601424747
-173.3155139985194
-156.5294136204065
-144.51207849120436
-140.67190815112275
-136.39388796244373
-131.7598053367467
-125.35224847166405
-123.2608950265544
-120.45430776919093
-119.87363659566036
-119.6251249797624
-119.61031369519624
-117.83353097341201
-117.76811246887524
-117.12680136473679
-113.29375639190671
-104.40710742536255
-102.38313558933301
-102.00449971967569
-101.43781355851398
-101.21163856137889
-99.30092054417439
-97.66965765150971
-97.4993926474474
-96.98399549048388
-93.8732423239442
-90.15686242291565
-88.52581898690052
-88.06739698880378
-87.12787171330969
-86.8477774821984
-82.56930719458192
-82.28978770556756
-81.95039123097126
-80.92775626531903
-79.99167631324075
-79.313829794585
-75.77530512342061
-74.68914125869793
-74.16465611602727
-74.0903605559066
-73.92286591548633
-73.44246052940436
-70.97219625847141
-67.50930480331152
-65.02599780362081
-64.0035077868428
-62.392061749113836
-62.12889257801414
-60.96046817559806
-60.53116883208346
-59.31496384889785
-59.09371533011105
-56.339664526328754
-55.38591380577024
-54.03400902480986
-53.94415665184681
-53.69633160643258
-53.55215962476096
-52.54717278950203
-52.052596232317555
-51.91454522522591
-51.829640668465494
-51.51931620436792
-51.11029518637774
-50.43547359023313
-49.336945116475256
-48.20333741024049
-47.9614642918871
-47.9231977661454
-47.91881052667503
-47.043027472692955
-46.71092896376601
-46.26027994653782
-45.83833482739671
-44.6492916665262
-43.78892238076207
-43.5876078390441
-43.56847284778688
-43.31345803540559
-43.26805931733655
-42.85749923207024
-42.72450599901975
-42.19873825652827
-42.144371297099696
-41.853274934318165
-41.85271853299346
-41.69227945850329
-41.630382522802314
-40.50168306476522
-39.857005964973375
-38.72288580458184
-38.67301576309835
-38.48497032311866
-38.476052559380875
-38.407033147436934
-38.06527478610561
-38.009134187038946
-37.6749664258945
-37.63705741916621
-37.02549670804231
-36.607582311773086
-36.48088565061467
-36.384817457073666
-36.029132739554605
-35.95690788204853
-35.55155127393751
-34.94971312276967
-34.37092044582793
-34.31070405540545
-33.49157901428866
-33.43158903936358
-33.135174867195175
-32.89325815479362
-32.61556058212575
-32.125499824270875
-31.68542596661615
-31.385139661047802
-31.146082660295896
-31.124846889592053
-30.758569826253243
-30.090401631210998
-29.854078673872902
-29.503101952219545
-29.465034253049044
-29.021159638350607
-28.943606483284963
-27.39603616161629
-26.915886418110265
-26.704977300977394
-26.369489325083258
-25.877092059184235
-25.79821959305325
-25.468444656677374
-25.409513928670187
-24.881880568002227
-24.725799546824003
-24.538930154742765
-24.502698750496307
-24.40335240124488
-24.329618614803476
-24.31127516163609
-24.027494476776102
-23.905129948003967
-23.840276862296335
-23.58508534624093
-23.582880676318016
-23.475163574388226
-23.2821271364172
-22.851782103623897
-22.576427595889374
-22.57384083947924
-22.521030095611295
-22.281322852997214
-22.198337650052228
-22.03616178396392
-21.951753223426774
-21.84815159823012
-21.84136253928299
-21.840403852415857
-21.83824725780518
-21.814185028656677
-21.760094800957603
-21.72177738043895
-21.698070957623795
-21.697656690693815
-21.559925316816866
-21.54237206304116
-21.509012804172837
-21.496186532619088
-21.44238443401338
-21.370350104107047
-21.358381315574782
-21.324243455286418
-21.144263013774943
-21.08900970518795
-21.05405678528913
-21.008479096266683
-20.89532781890617
-20.6459217786878
-20.488764216942794
-20.45246728109514
-20.385209625505478
-20.280960042807905
-20.21961381170725
-20.134324494177218
-20.058740194767296
-19.861662868069608
-19.822758450708367
-19.816113029293785
-19.789475251717658
-19.620290158109206
-19.526188464581338
-19.50871040637074
-19.477428423464826
-19.31166715730478
-19.308311910123614
-19.18681591465629
-18.964122170926238
-18.91678849858603
-18.89208721471558
-18.866324035714015
-18.865727234101747
-18.736442501711497
-18.71478620386589
-18.640548661323166
-18.507202048602576
-18.465683382154786
-18.453454832276645
-18.438891356883254
-18.41961666301001
-18.284886281321477
-18.01734020514241
-17.905638645321808
-17.871371244444937
-17.809642023135442
-17.776379716864408
-17.607020077146636
-17.584749728588793
-17.569576402040035
-17.55743036212969
-17.545039269494854
-17.504303553834234
-17.414337814553843
-17.403387337315664
-17.325142117963175
-17.314678583170895
-17.170719219533236
-17.152894404543748
-16.940325170770762
-16.875340294327287
-16.78218514521447
-16.769359385090507
-16.739235443878478
-16.7254827333797
-16.709287935792396
-16.682259195509495
-16.65994881892074
-16.599092504901172
-16.579048497314435
-16.516922760040647
-16.38504563295153
-16.31169636075671
-16.25709490572434
-16.148569366433186
-16.07238786439244
-16.070281323162668
-16.063890733154683
-16.056546235069995
-16.05306187744762
-16.047761415928704
-15.98161844881958
-15.938681675711663
-15.909696620815023
-15.788168641792549
-15.728229669187613
-15.713270722338626
-15.706760065697923
-15.678730951531525
-15.64073307336444
-15.553803589074539
-15.527402026250575
-15.44940259678088
-15.439680449392256
-15.40441460943965
-15.266248157690232
-15.162401889703263
-15.106894160809743
-15.073794610478812
-15.053554128179709
-15.045364242776929
-14.966330936963052
-14.922752889454035
-14.90451392497297
-14.881117900972562
-14.811586557335454
-14.7189600389406
-14.68211845276508
-14.676292524500035
-14.673756944211162
-14.671425274554808
-14.61823994589404
-14.587630583866256
-14.585389545627471
-14.579609428618905
-14.54387655803401
-14.49873982302228
-14.46544313038607
-14.447116062589727
-14.341527670577609
-14.291998537569185
-14.283011567085552
-14.249864019303155
-14.248111640897655
-14.237812095032929
-14.224471201611149
-14.22001375662171
-14.21690194782042
-14.210997485955684
-14.153142174044177
-14.086838763363085
-13.96735550880009
-13.93965980892386
-13.905957258594851
-13.879414801684224
-13.833199696255996
-13.819775002029429
-13.483245518827575
-13.431057247029594
-13.381730151561955
-13.30654585098694
-13.278630433135426
-13.258513465495241
-13.245257099363979
-13.21475186074733
-13.208527976890439
-13.064066191500894
-13.028953364748416
-12.970992311423277
-12.965249759541353
-12.891017171731988
-12.875578343584449
-12.86931187442094
-12.847251349694858
-12.720207539617663
-12.708354736929431
-12.68948868061862
-12.660470357969198
-12.652528990777357
-12.55392408307645
-12.547440854051903
-12.522912299196772
-12.522412803523327
-12.520465285046736
-12.516663771123143
-12.481293443941905
-12.462549177767634
-12.435878376930328
-12.410379573535163
-12.384941076319693
-12.356609475812078
-12.348378312262456
-12.291456548293288
-12.207335218183589
-12.203855553825912
-12.196847524830979
-12.189352645383067
-12.184737821531398
-12.182500923965312
-12.175391742190874
-12.120006712042404
-12.118702401222885
-12.071386091110789
-12.051374349960913
-12.03005055373798
-12.018565299841995
-11.940332556389222
-11.887198458822096
-11.8818413079903
-11.870613055959353
-11.848012294341224
-11.818055397178934
-11.817377908652814
-11.809441933462672
-11.769997984809681
-11.763021096634567
-11.762009060876014
-11.753969499311593
-11.704435638206128
-11.696759146985146
-11.69666220859329
-11.66755086349753
-11.605323847573006
-11.59730368268066
-11.578218200570635
-11.532679103426833
-11.46204569897386
-11.431936542918187
-11.409282824234344
-11.375326971891308
-11.309651575686747
-11.274141019161263
-11.245460334430764
-11.240110187329734
-11.202372004907138
-11.158506565747988
-11.151304673479594
-11.101439214104817
-11.081911145452263
-11.075687925593382
-11.06479600848487
-11.048444109336678
-10.997582904297417
-10.960311819505637
-10.951792337272614
-10.898986187911056
-10.865583697297787
-10.86064178418329
-10.854659361096708
-10.838815436744227
-10.832721654050474
-10.811414901110972
-10.792998022251247
-10.755278468311982
-10.75441199168391
-10.676929871578942
-10.646913217732397
-10.562257855875512
-10.561001671556607
-10.554446986807378
-10.547483382491286
-10.522369277164383
-10.504513231625738
-10.465883111801677
-10.465232081997325
-10.462496101723648
-10.461273874811699
-10.452300905260943
-10.447623381763947
-10.408093160947146
-10.385446301713287
-10.378433942010139
-10.365051076089365
-10.362073167542981
-10.348393050529733
-10.302196063064468
-10.288384250437488
-10.259919901754
-10.250465852344826
-10.240390293993553
-10.234140449195
-10.207384683669835
-10.20585637253463
-10.175041860348296
-10.160004563758255
-10.135419626636121
-10.109964090487049
-10.105843892309132
-10.094748308979561
-10.080304247531831
-10.073950796204096
-10.058193512256494
-10.029330554446265
-9.983686355026975
-9.910218634992146
-9.901278033952318
-9.893519952854753
-9.854247254679185
-9.775075998103384
-9.743452297035098
-9.717405979626205
-9.716868871327906
-9.703475670569166
-9.68979549244435
-9.647754825706215
-9.646886542042678
-9.6425628345397
-9.638740681349987
-9.595209103398926
-9.572212072650709
-9.56701445267988
-9.561417648298553
-9.552227905500583
-9.491111456922694
-9.487813199635244
-9.453589602528412
-9.450517154449772
-9.448637821212035
-9.441034308433045
-9.440455018035754
-9.428166828558771
-9.423939614921231
-9.404494542603524
-9.399262794744985
-9.397868469606042
-9.39174411997564
-9.344676665722808
-9.313818716506766
-9.310428712639961
-9.258616963820128
-9.234916737263566
-9.23226420368039
-9.221337259772442
-9.2109640291794
-9.210382432707673
-9.202727895705646
-9.177022814907483
-9.166730989378891
-9.162622617632618
-9.133507993818167
-9.128660087651246
-9.106946054663108
-9.098157460277363
-9.077526003892654
-9.03598385469358
-8.985630602575931
-8.965785687160645
-8.94064892684764
-8.92768932987926
-8.919504994946168
-8.909817900174023
-8.900119769305238
-8.898223655668385
-8.88989992413545
-8.889070700709704
-8.875740483744284
-8.857438728689575
-8.849588922108664
-8.843172268159218
-8.841794151062489
-8.828322330757727
-8.824357812763362
-8.817226181316837
-8.811864002184324
-8.804309841394637
-8.75500505843555
-8.745732021035707
-8.737890748055444
-8.736628884578316
-8.734028250234552
-8.712420567058897
-8.70347888622231
-8.675922332414517
-8.66308257306542
-8.647221450508901
-8.643730680564868
-8.64146039814682
-8.634099993918893
-8.627153130220059
-8.60899588858641
-8.57867694982572
-8.57763618673416
-8.577257722542026
-8.557845847666758
-8.548092127417222
-8.53538170309951
-8.527708041341052
-8.523158730861127
-8.484017424013096
-8.480291630388246
-8.46732057401404
-8.457159914928743
-8.412866713954028
-8.404691364577264
-8.402497444287784
-8.397682003176016
-8.392027182999357
-8.384246088583089
-8.38342105466226
-8.337566690803172
-8.335774456888895
-8.333605869152192
-8.318519013351796
-8.310370477687991
-8.270393102936788
-8.266062319532933
-8.244320221030621
-8.240035752803358
-8.238492672550684
-8.221798772216161
-8.211793860334156
-8.20215776769685
-8.18965610314397
-8.18347712094857
-8.160822732045869
-8.151453334158768
-8.146953180141841
-8.143578183654203
-8.078117140420634
-8.06881735780345
-8.06157263186986
-8.053993942452834
-8.041210152047412
-8.03592864022127
-8.031759010787198
-8.012090871944986
-8.003905650869758
-7.973937357890059
-7.953120566418939
-7.931619264922324
-7.925817950416366
-7.9235030942868505
-7.922493926739041
-7.919016500981666
-7.878897865051837
-7.839684242505718
-7.772308043020398
-7.768321470479534
-7.728555593513002
-7.724464382768369
-7.714838902578851
-7.710932176497499
-7.709069560326012
-7.707924921977545
-7.661223429113935
-7.650871012835701
-7.642415359108565
-7.635933868746735
-7.631419165146822
-7.631137886056369
-7.6247218579036025
-7.623749281567422
-7.566832379450203
-7.551360807644015
-7.541514481477371
-7.502287299936991
-7.488690238625886
-7.4841697287913
-7.4794147591295745
-7.479298678578791
-7.478333976830148
-7.477171781912448
-7.469372247561157
-7.460076372167615
-7.44662641870238
-7.435805174636382
-7.376743210635427
-7.350074731128847
-7.34682477896632
-7.345895615819444
-7.339023150745398
-7.307325698120989
-7.302583329559619
-7.2838266119551855
-7.278972466832738
-7.264620516307862
-7.255219740883437
-7.251356517172522
-7.249606207058082
-7.2480078810274655
-7.240035868219616
-7.238767148279841
-7.233293287573541
-7.231374771202716
-7.231295382959081
-7.19366457647177
-7.190389061271317
-7.181128496700192
-7.181052278189709
-7.177725436157919
-7.175745147394993
-7.15379782363396
-7.145977148932978
-7.140303721767589
-7.1352015352430875
-7.134574392982099
-7.122781491956996
-7.1197487254254535
-7.103363827699905
-7.098437925064168
-7.086785577410716
-7.075973741550033
-7.067955352691089
-7.065350414479591
-7.027582705642497
-7.0118242689835615
-7.010675942787339
-7.001991948596027
-6.9871861663608374
-6.982172653202852
-6.975130020109572
-6.9674713835081485
-6.937290556238761
-6.912269821559912
-6.896497413560203
-6.870176582450483
-6.8680894368467875
-6.866555100493143
-6.854182860419658
-6.8522586109444195
-6.84408967815593
-6.832075821455419
-6.826689545091146
-6.822268124667679
-6.814807173544053
-6.810018906253117
-6.79113663088638
-6.786128185943414
-6.777646114353229
-6.772789399366523
-6.7709598273503335
-6.7653579472480025
-6.7571799598841285
-6.755118181147276
-6.745292037132731
-6.736063335486817
-6.722384152277294
-6.707054886079014
-6.684237103312945
-6.67756637472057
-6.675960026952486
-6.667521453039436
-6.663392827974967
-6.649506821072414
-6.646195398660275
-6.628128026640356
-6.62754200455236
-6.625390591049914
-6.620984331597017
-6.6196430428403215
-6.607293302018798
-6.606126975926529
-6.59648421799802
-6.584977310559791
-6.576345732610401
-6.567561594349611
-6.554909040158854
-6.549294306054315
-6.5345883800024085
-6.531580309791348
-6.526538041747502
-6.5117693305342526
-6.497116430166752
-6.478276961902789
-6.469625146646783
-6.466980833409833
-6.451719576083761
-6.448376386254431
-6.444965401209637
-6.441351610814513
-6.438113720585209
-6.437728483606616
-6.435248336517949
-6.434891978924649
-6.428277857777956
-6.41572613092038
-6.407274623492132
-6.393781466517089
-6.393036874714369
-6.377579543374789
-6.367506531571468
-6.347959144745021
-6.339111977750504
-6.335965591285858
-6.322830371674321
-6.318755396735401
-6.315492456830618
-6.3060110047905225
-6.2903656100610945
-6.2893724256135375
-6.276920785305002
-6.274453615545079
-6.255887979317208
-6.250132460181813
-6.247597776575011
-6.247508004710171
-6.237995753739316
-6.229476079610867
-6.222029256040894
-6.210402507502803
-6.200029803923499
-6.19854202043666
-6.197843669589808
-6.195300161033549
-6.183281610780579
-6.173311012717739
-6.170262557018263
-6.159699771861106
-6.147973980397728
-6.140318961633813
-6.13432922211594
-6.13291444356841
-6.130958013505784
-6.121692166141164
-6.115396832407859
-6.115073543773528
-6.113352841897653
-6.109165096029743
-6.0830149888133285
-6.066681398025025
-6.062746842414295
-6.056217729698216
-6.046777859419766
-6.042369727683113
-6.032381165070785
-6.022715883698462
-6.019546843616124
-6.0120745593987035
-6.001467996656462
-5.994398373275496
-5.9939937917351696
-5.98626392055151
-5.985724442192124
-5.984648762594633
-5.982994592725512
-5.979321573213034
-5.963822244189902
-5.943036026076662
-5.940614259775247
-5.936862098201386
-5.927344803147005
-5.923373135096654
-5.910650112263157
-5.909075452750038
-5.907147769528204
-5.903391073845498
-5.8999584057684356
-5.89913595980829
-5.895726653153673
-5.873350710955812
-5.86008684761474
-5.859966592939113
-5.854020875736299
-5.838182857350557
-5.836836673187692
-5.834184400373649
-5.805477793177987
-5.805056757390828
-5.803118749914694
-5.801242880826471
-5.789406527176656
-5.789294575753527
-5.7694011201830335
-5.761295467204841
-5.754728644008074
-5.750911356020449
-5.745464136715678
-5.73197734554839
-5.731794660861829
-5.730494909728615
-5.729384116740795
-5.701679297002402
-5.700017625442003
-5.693474628733526
-5.69260428628659
-5.692364080063971
-5.6905039609715065
-5.690016350836073
-5.689947172806189
-5.683223340910496
-5.682513210065869
-5.6802649195745385
-5.676672292611551
-5.6766125331050805
-5.676264471583461
-5.67083997208221
-5.6673022129942305
-5.667183683315319
-5.65908965729019
-5.658054841280767
-5.6508828161197435
-5.646264978518466
-5.645923587270935
-5.6445255087986155
-5.643798983414701
-5.627575047689915
-5.600586107209542
-5.593007624967739
-5.58787157195717
-5.5876562374804735
-5.581057538459138
-5.578494872226616
-5.575601862430834
-5.5737775863539225
-5.572080584728814
-5.558160844254314
-5.548565963492464
-5.5342672350164195
-5.514627457136027
-5.514237460581089
-5.508503780441208
-5.507113545716822
-5.506740992700422
-5.493073670495372
-5.490646520901676
-5.4904989601168515
-5.488600978471704
-5.486028115694209
-5.483892753146885
-5.476305101489926
-5.470740898885132
-5.467290909990799
-5.466546736307716
-5.464502993586638
-5.463166146700665
-5.461667250787567
-5.457201431512783
-5.441665139729469
-5.427579683527675
-5.4274493720225445
-5.413904670783565
-5.411480515011682
-5.409322921959765
-5.408356409628035
-5.396069620500732
-5.395955222612016
-5.37053167278897
-5.365909929045522
-5.365593962299982
-5.365297814329745
-5.35846326632031
-5.356276426196819
-5.349233281149252
-5.341610438356939
-5.333065581945026
-5.317609807108611
-5.310940195119885
-5.308101515014606
-5.301272352367168
-5.299784614676677
-5.2824352234194505
-5.274876132178331
-5.2705991993789745
-5.269553983403755
-5.269038077385048
-5.268287833394657
-5.2660015643966815
-5.24202892257252
-5.233980822323106
-5.227661767322383
-5.225780393049881
-5.2077293542825736
-5.204096782244286
-5.190284942032026
-5.185167835812839
-5.1585625226223275
-5.157835373689494
-5.157472574422595
-5.144927905232238
-5.142939648829881
-5.137886910782516
-5.115954885463013
-5.104647214138206
-5.102950242545342
-5.102046525609522
-5.0984923239166715
-5.077456284580478
-5.073077339080093
-5.069071748682028
-5.063377024842558
-5.044121924634869
-5.037103184465636
-5.036940920027192
-5.026548499933641
-5.020178251726027
-5.016234717986263
-5.007696139062872
-5.002736361924909
-5.002067732736519
-4.978902953980984
-4.970340790678286
-4.965782727583811
-4.9600127100171365
-4.957418815600139
-4.9551328118284275
-4.953424550848025
-4.945529522444417
-4.945343965664818
-4.931750602678955
-4.930625390634019
-4.926328397634495
-4.923532177119414
-4.917816392038413
-4.916858178070516
-4.90643357201969
-4.904412116821765
-4.894719956884666
-4.890788371413176
-4.890696732868771
-4.890336563294171
-4.872069129393201
-4.861166263144189
-4.853785816755138
-4.851407903893954
-4.7931646525599625
-4.792237605736734
-4.7907499765231965
-4.787318542195783
-4.787288234618441
-4.785183879652568
-4.782911965232781
-4.779373309221057
-4.778405342660845
-4.778186585898447
-4.77014097827562
-4.762060570969763
-4.760589955853195
-4.752445769325528
-4.74192293254626
-4.731936453135026
-4.731467691848166
-4.7313573834359435
-4.728043816199534
-4.724965878442799
-4.724013614225201
-4.719968243151078
-4.717363061469087
-4.71223441493362
-4.71133447729831
-4.710028423707094
-4.709541721579984
-4.708410487524597
-4.6964576155728315
-4.689475687903494
-4.688777341750247
-4.675010281792712
-4.665496025000085
-4.6588834045107514
-4.643046573588641
-4.641711919474659
-4.64009846616296
-4.620693984276878
-4.619595558183724
-4.614108310263494
-4.606940254726261
-4.600229218312272
-4.599386567267644
-4.591302015726255
-4.584881059428386
-4.5801077706335915
-4.573950756619728
-4.559247286265201
-4.557643454975093
-4.545630210197536
-4.545408763587572
-4.544221800029522
-4.53860580543667
-4.529231368624604
-4.525961528386556
-4.519845396867286
-4.514132419049764
-4.512008155994815
-4.5074820970865535
-4.505453871968038
-4.5003288825530285
-4.496740785114793
-4.493954545681066
-4.487154710651701
-4.486655067727677
-4.481429659034093
-4.47230690686506
-4.4718872786505655
-4.466807949338292
-4.4657403759386325
-4.460314740348493
-4.454523378973007
-4.4513079364076305
-4.4479048025468355
-4.446456692248649
-4.443456612980717
-4.432368745111812
-4.428914071966521
-4.427239933432723
-4.415901235530443
-4.4118595416167325
-4.401580685971614
-4.388694798138252
-4.383477789439291
-4.371356351869985
-4.3559880619041795
-4.351906533738024
-4.332007901862463
-4.328794790991312
-4.323590412193765
-4.322299405700751
-4.304062236843222
-4.283770869281749
-4.283013782918037
-4.270297168994681
-4.265300069245392
-4.257269106107758
-4.246545235116266
-4.239976669020917
-4.237727205764029
-4.237150554534214
-4.22199412345788
-4.221799355047286
-4.219068175355491
-4.213655044335644
-4.197422237325816
-4.189621343939174
-4.185967367660414
-4.16470733867129
-4.16154102100597
-4.157497496475659
-4.146717120195175
-4.144885211188399
-4.132722603957777
-4.126027219479944
-4.125311909953327
-4.125109766633626
-4.123216543996167
-4.122266398847943
-4.115230684596216
-4.109214009735052
-4.101791994043202
-4.101358233884542
-4.085239961661418
-4.082649283467958
-4.081747347335011
-4.056342649093401
-4.055736027118294
-4.053913669101862
-4.052713409504602
-4.052113847957347
-4.046151413719605
-4.041662782013599
-4.0279674455965395
-4.0279112573093565
-4.024247701313337
-4.022209820317295
-4.018266193083611
-4.010689539511907
-4.009208911115114
-4.008370520284901
-4.005201883237371
-3.997632449817826
-3.9935245400553514
-3.9862667273362
-3.9805305915715232
-3.9795579596798367
-3.9760205117411784
-3.9751321538185924
-3.966419861772974
-3.9603738720315214
-3.958447055136014
-3.9579517974828775
-3.9556579888838455
-3.9553657969536564
-3.9488879115512807
-3.9441687513491903
-3.9400308546024174
-3.9196567810315406
-3.9132472339656577
-3.911171688421378
-3.9042849238995094
-3.88947428107912
-3.8890054391666826
-3.8847519325239337
-3.8830023894734933
-3.8791121675880005
-3.8693443451814957
-3.866392653338992
-3.8622851812496686
-3.86059006166797
-3.8540249961500423
-3.8456891251424623
-3.8420021063290397
-3.8308809869678524
-3.8278890677754656
-3.82581975673972
-3.8255641140081584
-3.815964219436579
-3.812792709921365
-3.8105315993554005
-3.802434396673407
-3.7957065881540712
-3.793423591273526
-3.786744155857285
-3.7849175813900833
-3.775276564762016
-3.770720371852037
-3.7682871472447177
-3.7639082253442937
-3.750360258113387
-3.7474923850169226
-3.739953625796605
-3.737507422368975
-3.7356172721776106
-3.7290797256764137
-3.726495306008662
-3.7238115604658457
-3.722967701762676
-3.714984806452123
-3.7147550839208128
-3.707043305127365
-3.7070105685706687
-3.7037880391285642
-3.7012875471696614
-3.7003250069092513
-3.6950790795835387
-3.6873519922166444
-3.686239459064191
-3.6837927512052335
-3.6760485615909264
-3.6742846165881167
-3.6723149990628006
-3.6710827786478033
-3.668635524367449
-3.6654272899791684
-3.6608472277276904
-3.660244934602497
-3.6555749411577168
-3.654271338786571
-3.6465010852126873
-3.6440465893721683
-3.624821528574527
-3.6177790363599303
-3.616927936395422
-3.6077191198328
-3.6059323342352902
-3.6015508617039065
-3.5985937451489027
-3.594048956561567
-3.584411114232252
-3.582642396423782
-3.582360005643274
-3.5774583407953617
-3.570149203288934
-3.5695744002932672
-3.5650158581298705
-3.5634345558874494
-3.5602876179504754
-3.549869132353738
-3.548617466872181
-3.5378075814042473
-3.518589136361015
-3.5180118959703157
-3.5119099111189263
-3.510392484899752
-3.4991765269804675
-3.4936541551182674
-3.492802123541048
-3.487258046684895
-3.4825234614681815
-3.480608060807689
-3.4765027018399763
-3.4734716104957464
-3.472798603151328
-3.4722733568876647
-3.4624096528025774
-3.459879008091735
-3.4537669828474873
-3.452204352499858
-3.4501867885700004
-3.4457071914873305
-3.4442247457555863
-3.4427096094014877
-3.442361850650454
-3.4392070038504627
-3.43704444774081
-3.43663701870687
-3.429202184146706
-3.428253957662749
-3.4209721018632573
-3.415988646400867
-3.4127493310225963
-3.4125129078958913
-3.409567163057317
-3.405736590406138
-3.405323803103748
-3.405154170815175
-3.399222482528132
-3.3966992498138557
-3.383154715603938
-3.3819457581758487
-3.3802855956936706
-3.37803888903417
-3.3780015813515063
-3.3744751135068745
-3.3733889865625915
-3.3703403497778925
-3.3697794448810012
-3.3670990473690425
-3.364584603799249
-3.3606614190848076
-3.3565523607999244
-3.351554000720596
-3.35073670826681
-3.350097207264036
-3.341860472792994
-3.339522718000889
-3.3321951814591086
-3.328716214206972
-3.325403290444097
-3.3252027620842792
-3.3230482950258455
-3.315495825743156
-3.313953702434066
-3.2951711814939024
-3.290047319254438
-3.287491529775429
-3.2871137752455013
-3.284984137101912
-3.28377389566762
-3.281399643400662
-3.2708493853404335
-3.2675113476444926
-3.255265016309957
-3.2538862630560823
-3.2482983240004777
-3.2432156574942486
-3.2320774514952046
-3.230602120443692
-3.2273374015800442
-3.227238833345008
-3.225497968151605
-3.2185306492611376
-3.215866356201069
-3.215711413493101
-3.2083902810602636
-3.2055268306970537
-3.200777300971383
-3.200098343420053
-3.1998000434829366
-3.1937459367953607
-3.1927811778358866
-3.185316313231273
-3.1810889818349777
-3.1805424787946994
-3.180402657112867
-3.1792435077794203
-3.1761440490292356
-3.176041794532522
-3.173562694206539
-3.1730378189333943
-3.1697319232526198
-3.1694332852822003
-3.167018306261089
-3.164616700715899
-3.162414304143439
-3.1599600466187745
-3.1591622826890897
-3.1589689505501046
-3.1576227765152023
-3.157622291180895
-3.1544514086539115
-3.1537372941565867
-3.1517767004771384
-3.1499611939270173
-3.1493801965916224
-3.14570957624892
-3.145250508639319
-3.1310273040150496
-3.118790975179997
-3.10480424924332
-3.1014367463451853
-3.100603651768135
-3.100348996338796
-3.0831629061567964
-3.0825191357994703
-3.0801771375239646
-3.079420573895435
-3.0754887205394317
-3.0729492863702355
-3.069454537476841
-3.061975778944532
-3.0588189099628402
-3.0494130520060345
-3.0450051933750366
-3.043270838907994
-3.037726418641827
-3.0255279133428195
-3.021950960504696
-3.0215820483266844
-3.0201676051648687
-3.017484224484646
-3.0171945271328
-3.016024815354935
-3.014939193609524
-3.0095514438803006
-3.0029221752969573
-3.0027352649502763
-3.0014409521904724
-3.000578493454362
-3.000021281834261
-2.999776787471506
-2.99262025167876
-2.9897790324816107
-2.9892954851671174
-2.986594305234883
-2.9865931819118448
-2.9856202891860657
-2.983441443756599
-2.980760626125625
-2.9794728236169084
-2.9769579941866153
-2.974617834777232
-2.9745983552357877
-2.973378539499582
-2.9683190264481305
-2.9615035389646795
-2.955853479754488
-2.9530950230039634
-2.952740729270107
-2.9461829067812153
-2.9395629287970593
-2.936968969594653
-2.9359421563802814
-2.9329732525166268
-2.9298045825221624
-2.92755659828709
-2.926523994497305
-2.919610980556356
-2.9180109881096534
-2.908857002976522
-2.908034612667116
-2.9080297105258825
-2.905344136926629
-2.9005569104408484
-2.900361731493371
-2.8946506330642814
-2.8915718870763363
-2.889434682108551
-2.8862206029825312
-2.884789175679757
-2.8841872803578394
-2.881050206713589
-2.8769713962819403
-2.876923635461252
-2.876630714021002
-2.8699743061672374
-2.869374257266787
-2.868340522734794
-2.862476913511448
-2.8610564158805083
-2.845713877482448
-2.8454389276714758
-2.8420003235661717
-2.823983016752287
-2.8188275970069987
-2.818140093264171
-2.815715759533972
-2.8138795196472137
-2.8124406823894583
-2.8109298045260243
-2.8076589348709184
-2.8020067458283675
-2.8005728698367345
-2.7973135878250233
-2.790351653094404
-2.7869259423743538
-2.7798297525619518
-2.7778444582867063
-2.7773341834762415
-2.776414128987244
-2.7759525532004323
-2.7738601906450873
-2.771150191706149
-2.7687140933954795
-2.7672935333079844
-2.7666204338149
-2.7641102022558526
-2.7607230579686033
-2.75855703774904
-2.7533124588878373
-2.7516429801227034
-2.750906829295662
-2.7482891710676745
-2.7406380113142297
-2.7377817156885125
-2.735353181450671
-2.7336090679834886
-2.7332862836087264
-2.7326949349582956
-2.723553959940046
-2.7219702956808
-2.721716251835319
-2.7210987059786333
-2.7181699593304365
-2.7154991325313294
-2.7111883640940593
-2.710624875053097
-2.7072208650784555
-2.706631353367129
-2.7053894644132725
-2.7023614358859054
-2.6989378461258213
-2.693932642893412
-2.6873325831525383
-2.687211607985949
-2.6824494102575986
-2.6776768569330733
-2.676123703450631
-2.6744316634633782
-2.670406855473574
-2.667175179498169
-2.6632690618709467
-2.6581948546385603
-2.657467437779578
-2.6565733194471672
-2.6534865727993755
-2.65065819175775
-2.650391269563987
-2.6456852049445705
-2.63852404849454
-2.632508919944025
-2.6295861681299195
-2.626579159884075
-2.623844445680084
-2.6202034226731614
-2.6196310678899675
-2.6188260215456984
-2.6187414069894315
-2.6167802096382573
-2.616444511064251
-2.6121811499470713
-2.6110006035252757
-2.60974537599594
-2.6091432250358926
-2.606147641974904
-2.5963014247039857
-2.5932823626816326
-2.5911649851154506
-2.586949588134769
-2.5866833326161673
-2.58621084605102
-2.5835455962268883
-2.57983840514547
-2.5772370813709693
-2.574430392894336
-2.5691493889290196
-2.564009243826576
-2.5620196896267515
-2.5595100840759146
-2.5570736483122647
-2.549331164731673
-2.5478762942881445
-2.5473611477877283
-2.5471455315806857
-2.545693359001122
-2.5449299413949373
-2.5382995272921227
-2.530159677051777
-2.5286675500847373
-2.5221124533119124
-2.516616310902089
-2.514991692205135
-2.506637796935208
-2.5009718410241404
-2.498038195082727
-2.4961359043590683
-2.4907504873220994
-2.4891730161501613
-2.4873367958835324
-2.486597197699323
-2.4843265570502813
-2.483557722992681
-2.4822726358852605
-2.4815296820675026
-2.4777356808219713
-2.4677310490152498
-2.462802457133231
-2.4610807811901205
-2.4610183824586804
-2.4594513182143856
-2.4566901092927274
-2.4536034927665917
-2.453257767847596
-2.4516412177796076
-2.451573346811788
-2.4500099670613116
-2.4471545539500372
-2.4467947307894478
-2.4451017629340654
-2.4428440267125113
-2.4410699623027736
-2.437047234191655
-2.436018979130961
-2.434719766419131
-2.4321504756952708
-2.428367975882329
-2.427550336341718
-2.4258676455582853
-2.425190257296199
-2.4240914532853957
-2.420586764335985
-2.419955515106324
-2.4170915474474595
-2.416916052772706
-2.4127121108819347
-2.4109121289729445
-2.4057071518954394
-2.4021697111483027
-2.4009758393310032
-2.400165994683653
-2.387260913925763
-2.3856073254517254
-2.383234796654415
-2.3816716321619125
-2.3795573364195013
-2.372237903790242
-2.367451799995244
-2.3614265822425207
-2.3606627165396734
-2.3606239097102835
-2.355977344821565
-2.3480693201404566
-2.346445403531666
-2.33935950632989
-2.3390783484461446
-2.338292619709017
-2.331279942058728
-2.3282416032012443
-2.327036437159764
-2.325616354708683
-2.3251111578156047
-2.323451343458382
-2.3225948751844254
-2.320771399488506
-2.3129168399796205
-2.3123793464827016
-2.312313472144494
-2.3115005183206447
-2.308322225421721
-2.3070703166403685
-2.303987625681189
-2.295134224938553
-2.291337653450722
-2.2876565590723623
-2.2850914449073043
-2.284735379103217
-2.284526844769454
-2.2827590394939774
-2.2763418200217442
-2.2752761369893544
-2.2750608517297763
-2.2744125765851217
-2.268313451900743
-2.264990250604507
-2.2639398162298248
-2.263654760605544
-2.2621516429306263
-2.2607311078943413
-2.258654223846519
-2.2561320057612937
-2.251132309153429
-2.2468208605916944
-2.24544035755311
-2.241655049304657
-2.2399518018687656
-2.2375002137480076
-2.237094766944556
-2.2284512427339074
-2.2268108051775926
-2.226600450338802
-2.225823635689109
-2.225821590789158
-2.217902199906376
-2.2167486964305363
-2.212958806432797
-2.2128920307711315
-2.2125917186784525
-2.2100051171611486
-2.2082472976781404
-2.20735946782074
-2.2063046405133058
-2.2024291848900517
-2.2007342139882393
-2.199940057212688
-2.1983788245781115
-2.196854413886998
-2.189554240732217
-2.1885888776233338
-2.1865466688210775
-2.1843721518823314
-2.1835114490127268
-2.181803376340098
-2.178494151587298
-2.1767312740221496
-2.1745445805853594
-2.172012055099217
-2.170754324562046
-2.1690627921654033
-2.1678734895578997
-2.16743617063926
-2.165215428113836
-2.159973517092828
-2.1576248390629105
-2.1575621648568477
-2.1575011840837135
-2.1571154424059644
-2.1570743816371443
-2.1557107949209793
-2.1512262043633656
-2.1480255356860294
-2.147632094220077
-2.147105404467168
-2.1465496327732927
-2.146257508876814
-2.1451467669832573
-2.144132227940272
-2.143170502702396
-2.1424744520174657
-2.1417177601038393
-2.139955037392089
-2.136599599898843
-2.136144457057891
-2.136019492125325
-2.1283474002881175
-2.126764256913673
-2.126586421300196
-2.122928325793006
-2.12256744588133
-2.1172465902356326
-2.1118313456477007
-2.1116462318022697
-2.1066434634747386
-2.1047126613886737
-2.102290693024348
-2.09928645720832
-2.0886112599328785
-2.0858628280691724
-2.085698796020526
-2.0829694411633564
-2.0817834786382914
-2.0794075584111553
-2.0765219475754813
-2.071802049471145
-2.067477660228258
-2.0646738366986734
-2.0640506823697287
-2.0631277488659503
-2.058682056666907
-2.054640947500574
-2.0515662673790294
-2.04328689019121
-2.0379531171730543
-2.0345850748670387
-2.033933877486494
-2.0266847369414367
-2.0253531081310188
-2.0240848074499653
-2.0238774841969196
-2.022867219514677
-2.0188341658417523
-2.0150269523140616
-2.0104948052632827
-2.001981470785041
-2.0016046166791543
-1.9978721729098146
-1.9952382751156978
-1.992183357724646
-1.9921647222442491
-1.9873258957824025
-1.9818380294562212
-1.9803201473716
-1.9785358466102894
-1.9717026494549592
-1.968647687113961
-1.9670021673509535
-1.9667805044501026
-1.9663047503601727
-1.9646477081162161
-1.9641581739573408
-1.9610958768123283
-1.9596695059780629
-1.955453880526742
-1.9527438291805286
-1.9513006558485442
-1.9490771876966368
-1.9476463806018889
-1.946198292583109
-1.9455871302835146
-1.9455367650276445
-1.9430151935087945
-1.9428446848983107
-1.9414861933313936
-1.9350465085694402
-1.9313541605489977
-1.9249854497312884
-1.9224511940758648
-1.919995975672596
-1.9179083860821748
-1.917662857560136
-1.9161877812244532
-1.9146544743208016
-1.9099474723340357
-1.9082126464147542
-1.9080252390419454
-1.9059414855441026
-1.9024902217935127
-1.9015718398026142
-1.8975568566737193
-1.8963379325494811
-1.8887888547717968
-1.8885168348062074
-1.8875915558252203
-1.8871215347661061
-1.8865142777763857
-1.8859950498559046
-1.8840835757130212
-1.8790501941174722
-1.8771078795575182
-1.8729137543687346
-1.8681831415171537
-1.867847905330022
-1.8651083660909307
-1.8641643533905943
-1.8617523846289636
-1.8614818007963323
-1.8612609303656846
-1.8588823221419577
-1.858160294530374
-1.8562721367396062
-1.8519095445729234
-1.8510938539901642
-1.8505029144276899
-1.8467953483529804
-1.846259349209592
-1.8429797786283362
-1.8388391542153137
-1.8354061070454097
-1.8351450423712599
-1.8340999821577304
-1.8333568472481965
-1.833082412770061
-1.828864265482283
-1.8238976254087063
-1.8219807619349104
-1.820317062643116
-1.8120761911465975
-1.8117604817602997
-1.811277377206989
-1.8101892022660144
-1.810015100541683
-1.8097278729662079
-1.805327650711893
-1.8049153895865548
-1.8047955516821594
-1.8042540751303722
-1.8026890319726139
-1.8010002728353116
-1.800512325187833
-1.7919193894711574
-1.7904540702608995
-1.7853955536300692
-1.783488276676695
-1.7833604324217542
-1.7832640580042467
-1.782999278821138
-1.778332058532161
-1.777033707886099
-1.7750843460230468
-1.7742375743279781
-1.774177861346634
-1.7724073716634843
-1.7698608900130608
-1.768295371513746
-1.7672478961993638
-1.7647500391681001
-1.7617436388159058
-1.7609240379046542
-1.7589193959683396
-1.7583947288799935
-1.7581778846161569
-1.757311802258857
-1.7544798806246873
-1.7541349887475413
-1.751747779842411
-1.7516260194727438
-1.7468382528012016
-1.7459927272373155
-1.743928857906632
-1.7395572429044932
-1.7368661199085995
-1.7342961119072244
-1.7292928565307446
-1.7287714021510223
-1.726049036684158
-1.7248896983428554
-1.72371435966271
-1.7207689514224889
-1.718848336702635
-1.7169204348007945
-1.715048420162827
-1.714981395478921
-1.7138724929112852
-1.7134215022415393
-1.7117803567437158
-1.7065585712172742
-1.7022723857494102
-1.70118854795979
-1.7009204707948595
-1.699891032024523
-1.6948480594489648
-1.6921635856729047
-1.6902422096071015
-1.6899954972223608
-1.6875409794916794
-1.6864045338590903
-1.683899682324458
-1.6809727284045264
-1.6803041639062126
-1.6784761953377902
-1.6776477548322772
-1.6753936835339984
-1.6727256660567817
-1.6723215191079217
-1.6718062735940054
-1.6704555215335537
-1.6651236788661437
-1.6641219433981473
-1.6615972899791092
-1.656674757103915
-1.6557943799508865
-1.6551099921169707
-1.652366661486188
-1.6510548308133122
-1.6488755603082117
-1.6471692017309223
-1.6471641745825651
-1.645788269571045
-1.6446108362449878
-1.6443992019667752
-1.6435996367067143
-1.6425916276230181
-1.6424046507436243
-1.6421424793198707
-1.6381695479180582
-1.6380397322123441
-1.6376057364663614
-1.6345134883651287
-1.6343424958916444
-1.634055112373363
-1.6305461702568267
-1.6301526074562858
-1.62924263022883
-1.6285316384962576
-1.6229884688622414
-1.6185364697262437
-1.6184690866048697
-1.6171443109108592
-1.6106663606100593
-1.6101975176050278
-1.605632818039589
-1.6039023800668057
-1.601970718515517
-1.5994561666266813
-1.5966412666598782
-1.5938929265461579
-1.5862457994068029
-1.5855067764670485
-1.5843375716558188
-1.5840943478933645
-1.5836716292626924
-1.5822541290843612
-1.5739633146637373
-1.5735754582524581
-1.5732307691327776
-1.5731880070281798
-1.5711037495479916
-1.5684451021659451
-1.564956940736801
-1.5635118846368334
-1.562754034741792
-1.5619024883286337
-1.5600748021968078
-1.559538773755918
-1.5588493352633956
-1.5581330365236523
-1.557888675993234
-1.5576722391598146
-1.553634391618735
-1.5534820823680182
-1.5468800051455007
-1.5450947901488121
-1.5441032989637624
-1.5437376857405802
-1.5418790674008545
-1.5416877119755692
-1.5415864043759384
-1.5406868736772619
-1.5406682746193827
-1.5392370582211696
-1.5375269733144645
-1.5337447152280608
-1.5321455578130316
-1.5284481811802029
-1.5240974418046545
-1.5216688454672898
-1.5211178928477787
-1.5164066932345728
-1.515286687065133
-1.5085568502938702
-1.506843883499716
-1.5062440378914355
-1.5030058559350767
-1.4988606349265723
-1.4968629750298037
-1.4945190008873765
-1.494062289970059
-1.4912719102365988
-1.4906617308141021
-1.4901176605291622
-1.4866021683604878
-1.4854595755490831
-1.4828475903250071
-1.4763616313024432
-1.4753897018145037
-1.4748578714268474
-1.4695459619383342
-1.4650602412815588
-1.4560218539593217
-1.4543698330504031
-1.4528151300064724
-1.451659275868118
-1.4484192814738672
-1.4451556889792627
-1.445005200269736
-1.4438933398571974
-1.441044262419325
-1.4363231516822705
-1.4355138165851415
-1.432977246967025
-1.42967107371744
-1.4251651926580817
-1.422499986260625
-1.4222403296329396
-1.4214973535455167
-1.4187968377954454
-1.4170544480878695
-1.4167107235804446
-1.4161338673471766
-1.413041721618119
-1.4059079427071977
-1.3998041085184942
-1.399623082244341
-1.3991964279746352
-1.3977363319582239
-1.396649190315247
-1.3951809859980855
-1.3939191704197347
-1.3904569558659992
-1.3836890105941255
-1.3835392528220463
-1.3831858313835608
-1.3788196562772912
-1.3783754963203774
-1.3775293843450314
-1.3731734036620735
-1.371267050378974
-1.3701789921551901
-1.3684184151622658
-1.3647587061759345
-1.3614927455701638
-1.3519179782683692
-1.3494628570230682
-1.348662637711811
-1.3441217185282621
-1.3380270959949745
-1.3369864855657612
-1.3366419316865759
-1.3336924035506699
-1.3323464620852574
-1.3298796685692427
-1.328875178500138
-1.327536246631486
-1.3267805126395338
-1.3252661059795852
-1.3250343470886201
-1.322458774724546
-1.3222467791040362
-1.3220852426469665
-1.3211251381156708
-1.318765013160854
-1.3187259270361067
-1.318263944423296
-1.3180606263416144
-1.3161842157975383
-1.3159205621782522
-1.311981326772953
-1.31042233760808
-1.3081815996573969
-1.3038862169321945
-1.3022581096542045
-1.3019632178581313
-1.2982380398222693
-1.297036158581066
-1.2948231855710903
-1.2926490323455493
-1.2902336222128028
-1.2899939141166583
-1.2875939961750997
-1.2871342651712783
-1.2864254395966892
-1.2861802053125755
-1.2858185994688134
-1.2820897028532783
-1.2795187026219639
-1.2776746243052015
-1.2755777695857538
-1.27308021108185
-1.270076556187876
-1.26657983261495
-1.2643125414580878
-1.2632530644749593
-1.2609753421375491
-1.2577790061227576
-1.2513823728029019
-1.2458300501134645
-1.2431010383239152
-1.242368252604169
-1.2422391236901504
-1.2357970745301103
-1.235743241349319
-1.2355592567447349
-1.2353016055243473
-1.2347857179618411
-1.2331889652835444
-1.232019888077125
-1.2267815704272782
-1.2209340382720046
-1.2199705108177825
-1.218143136231407
-1.217221415595611
-1.2167156199611098
-1.2156493539405107
-1.2148662700140354
-1.2128749726431236
-1.212711401429255
-1.2126271931109498
-1.2119239814876346
-1.211022462160257
-1.2104235267305399
-1.2042498909831014
-1.2040241487452543
-1.2008588874214297
-1.1979518377260827
-1.195653361807058
-1.1949864608648966
-1.1939804151785314
-1.1904710986146132
-1.1888779819475115
-1.1860384924338203
-1.1845833062441071
-1.1833444515544294
-1.1829102880340456
-1.181730380309909
-1.1813681858919283
-1.1799748209585574
-1.1798354476660886
-1.1768956825732135
-1.1768293578050675
-1.175445197584813
-1.1725189211916067
-1.1720986408902463
-1.1711214892909427
-1.1708288215747946
-1.1675209975835812
-1.1670356188964397
-1.1640220813347018
-1.1606237933641341
-1.1585984538774716
-1.157535342195921
-1.1568279980231453
-1.1537815842115298
-1.1536849359097192
-1.150729977883183
-1.1501252440260246
-1.146581086207071
-1.1448903030986646
-1.144819439627938
-1.1435912188943513
-1.1399866092437034
-1.1372900855700063
-1.1369899994432278
-1.1360483550953737
-1.1355383256852731
-1.1350834126795581
-1.13345574266721
-1.1328401695412815
-1.1326345691051252
-1.1300328831340285
-1.1297270722096993
-1.1290680143209229
-1.1285154702797617
-1.127352381027985
-1.1248218812466204
-1.1247331489876444
-1.1238218939268982
-1.1228022220581195
-1.122465889431346
-1.1216456343369319
-1.1203785220634979
-1.1185201884177567
-1.1185086205087882
-1.1151489355391355
-1.1132967445340851
-1.1129330155211719
-1.110290459531682
-1.1102409573558147
-1.1054143112896095
-1.1052188363129338
-1.104782158180763
-1.1023127533157804
-1.1018358787726643
-1.1006968967808193
-1.0962171485281194
-1.0951823644040515
-1.0922626886369922
-1.0917263561372341
-1.0909705323275283
-1.0890384567492275
-1.0851398278010833
-1.0823929719581837
-1.0823183638695206
-1.0817178678932151
-1.0804387590573044
-1.0774109939751866
-1.0755218055446112
-1.075319889079897
-1.0715030396133347
-1.0697220878651486
-1.0667411203177726
-1.0647411084536793
-1.0587260881808696
-1.055241550642043
-1.0547331948847445
-1.0517888771395483
-1.0495113096207942
-1.049150162066507
-1.0491279748215416
-1.0446810121535886
-1.0445046841014496
-1.0442023399408045
-1.0427274706918088
-1.0387444191080877
-1.0380747105214567
-1.0366006908786738
-1.035862491758305
-1.035702938166347
-1.030391171663693
-1.0292693389858592
-1.0288935356893743
-1.0271448201465976
-1.025327700631399
-1.023038967836333
-1.0219668662226582
-1.0208867529798011
-1.0206980356353188
-1.0168997753586004
-1.0161394388510139
-1.0157055294591513
-1.0153163389214397
-1.014411748220542
-1.0126484529002089
-1.0076322491547174
-1.0065333497506987
-1.0060258159288087
-1.0006303097490703
-0.9989905123967747
-0.9979473877252942
-0.9979079065141241
-0.9950361028085168
-0.9943636714474308
-0.9941986264322465
-0.9910103767448586
-0.9898852698673168
-0.9894082904514504
-0.9889708671875168
-0.9888107403128256
-0.9875497503698396
-0.9837424791702781
-0.9803804211277913
-0.9783448767419793
-0.9757780103722458
-0.9721967687088403
-0.9721118798175309
-0.9713229473195115
-0.9712999296976678
-0.9705957317864607
-0.9704715602594802
-0.9668429208349816
-0.9657932662180019
-0.9634346414766969
-0.963288250371231
-0.9618223993534201
-0.9614273129015891
-0.9606616422288988
-0.9600911696757553
-0.9599490157108218
-0.9594911825517618
-0.9588024409246287
-0.9582072656456301
-0.9577510202200323
-0.95465929827166
-0.9521648746458551
-0.9502247882982475
-0.9495892215775039
-0.9485853435856276
-0.9482631892980425
-0.943837677675767
-0.9429549101639403
-0.942688575380044
-0.9417489333160031
-0.9400936184788157
-0.9364921567839137
-0.9334687124557929
-0.9331899991710911
-0.9325782319067486
-0.9309303421420687
-0.930530701383457
-0.9272003930935517
-0.9257533431350806
-0.9253514867959645
-0.9240313142793378
-0.9224332575473103
-0.9221827692811647
-0.9215373119125616
-0.9194374823126327
-0.9191911256982968
-0.9178744603052162
-0.9173050924449582
-0.9172377172640493
-0.9145821985972117
-0.9141488994783648
-0.9137268887962985
-0.9129136998211038
-0.9123079517168442
-0.912147903418058
-0.9108278269956334
-0.9091320712288283
-0.9033629532119446
-0.9032379955584645
-0.9020601110813615
-0.9011453702735227
-0.8997216073576271
-0.8990522619010624
-0.8971227293004106
-0.8969246234672354
-0.8968507440294293
-0.8890339593240719
-0.8881173502114861
-0.8876295497266838
-0.8835423239467394
-0.8800151825879794
-0.8796036822784536
-0.8794407956089355
-0.8777028206767815
-0.8766700535813448
-0.8765198810828139
-0.8745177011503716
-0.8731560589660826
-0.8715606540690077
-0.8709704709886492
-0.867814336527905
-0.867210608554228
-0.8661957645563348
-0.8655692425882929
-0.8649033506201866
-0.8644199953621317
-0.8618648039510348
-0.8588958251040144
-0.857635396995988
-0.8557897128523818
-0.8543821409135259
-0.8530541227480805
-0.8501479157841527
-0.8498135140202551
-0.8484927096817672
-0.846567194587533
-0.8463391321778255
-0.8451540059569792
-0.8451014656947341
-0.8439136403386345
-0.8433724889243264
-0.8429496200209857
-0.842057081371533
-0.8380571814807019
-0.837844436088849
-0.8343419990718606
-0.8340044662484828
-0.8330420448672309
-0.8330157141981331
-0.831950164065653
-0.8304186061786464
-0.8293950984083979
-0.8259048489005135
-0.8248395459100712
-0.8236713212754353
-0.8228482576199727
-0.8216644635240743
-0.8200215048950513
-0.816625728060375
-0.8158541280249182
-0.815627574255203
-0.8148442319217455
-0.8147842628470554
-0.8126875476801808
-0.8084877854106374
-0.8077745572331705
-0.8071000255737808
-0.8068970522927924
-0.8060976341508168
-0.8033745967309518
-0.7990124661903157
-0.7968496791969889
-0.7944309137707742
-0.7938840232749845
-0.7933112465663426
-0.7906935235670013
-0.7889787778124404
-0.7887488010464399
-0.7884961881973203
-0.7883696291561354
-0.7874283138178044
-0.7848969595074078
-0.7845509258753445
-0.7825710987060712
-0.7821856211583349
-0.7812095634120202
-0.7787830139323456
-0.7781382690192002
-0.7767495234108639
-0.7764070164969981
-0.7750395358982295
-0.7727257527822443
-0.7717967048916665
-0.7716365961942804
-0.77070936738724
-0.7697682218240613
-0.7693877052791229
-0.7666583363940617
-0.764882974834921
-0.7647061889799504
-0.7634287033015529
-0.7592353546053755
-0.7586787522247952
-0.7584790362024199
-0.7578190420920123
-0.7560947170312118
-0.7557268937210418
-0.7543579528860576
-0.7538799887572276
-0.7516502007635475
-0.7513738942379398
-0.749617532637312
-0.7481009161895855
-0.7456697736338244
-0.7449188312849209
-0.7429656320033339
-0.742908702790443
-0.7426451497509876
-0.7423461662157819
-0.7388522330927999
-0.7378456310084409
-0.7373626312200117
-0.7355183196765732
-0.7348021153932431
-0.7332462735238536
-0.7320028446483346
-0.727110485884028
-0.7148911985474679
-0.7139912644283097
-0.7126163176577018
-0.7071671288284498
-0.7061162828867147
-0.7058846060270918
-0.7052242676397382
-0.6989363534954066
-0.6972037142585117
-0.6965334884297498
-0.695817696252261
-0.6916172329065704
-0.6897012247636698
-0.6858645045715257
-0.6843723003665847
-0.6826128216557228
-0.6808140019508302
-0.6782562104458706
-0.6778508505751476
-0.6680358200075722
-0.6663676526486821
-0.6657864073516234
-0.6645964576567716
-0.6645904521831271
-0.6643275545128913
-0.6632355006568288
-0.6617912375607249
-0.6602059731837284
-0.6598870786322613
-0.6592001937993595
-0.6565806952039396
-0.6558901123823345
-0.6549706687649459
-0.6546707701519779
-0.6540355772262028
-0.6518562988803185
-0.6511286208702909
-0.6505893984064736
-0.6474851461284309
-0.6446435346685329
-0.6421021687662045
-0.6396828413464689
-0.639032045370025
-0.638298850316253
-0.6321150766604692
-0.6315037091423645
-0.6310802386038297
-0.6274952067369974
-0.6254613469544883
-0.6249002531236088
-0.6223300410308666
-0.6207525651708584
-0.6200640061543985
-0.6165017420827812
-0.6163425477921909
-0.6161181659053558
-0.6078500612367708
-0.6078421121840106
-0.6077660997534515
-0.6054150771117103
-0.6044757877463646
-0.6044041851567067
-0.6034945923454245
-0.6033718204559363
-0.6020070963854173
-0.6014203333790173
-0.5998510352142632
-0.5986689923639053
-0.5981651440430038
-0.5961822706462406
-0.5960548631157481
-0.5959670792015999
-0.5959023022735311
-0.5957203320627024
-0.5935198689378023
-0.5931910560089739
-0.5909485529254898
-0.587964610249625
-0.5870355560127437
-0.5855375342006585
-0.5844557559400434
-0.5827216194198336
-0.5788551438087604
-0.5754106588426867
-0.5743019932029431
-0.573008956030477
-0.5722640151396127
-0.5720562640157503
-0.5715099133855801
-0.5697898940076223
-0.5696902961953474
-0.5685645739131051
-0.5679397907531829
-0.565363485290306
-0.561539813957579
-0.5596549531157826
-0.5556594039017524
-0.55562048731547
-0.555157401441413
-0.5538737354534585
-0.5536415744257601
-0.5517864962813392
-0.5487149282329697
-0.5470396364679015
-0.5469749389964005
-0.5467585985700903
-0.5460596709582829
-0.5442243864567886
-0.5439914371111861
-0.5439194224952544
-0.5438539637926915
-0.5428777538353
-0.5415916879423996
-0.5403393166249181
-0.5378448659655372
-0.537249516998621
-0.5365949939821649
-0.5358542251457757
-0.5336111402606992
-0.5327291290807581
-0.5327015495559212
-0.5321448009530461
-0.5319934673124272
-0.529791973789088
-0.5265750438652829
-0.5254769117672391
-0.5244279588060717
-0.5242133520105626
-0.5222063010654463
-0.5205335386350161
-0.5181940455518396
-0.5169189734717341
-0.5160150600263196
-0.5153445829201976
-0.5144331565371765
-0.5138417053438501
-0.5104805205784999
-0.510220369604507
-0.5062582196398059
-0.5050940493007253
-0.5040161485767993
-0.5020660489233163
-0.499216756703597
-0.4953185802891419
-0.4938480723942871
-0.4926154095665402
-0.4896241146643509
-0.48919042466039864
-0.4870904439199613
-0.4856401625476001
-0.4838533001597487
-0.48341995041349617
-0.48274767812545716
-0.4826707101448905
-0.48008577467400687
-0.479414686099946
-0.4788072665454317
-0.47630642569024517
-0.4762693227515832
-0.4755208609418036
-0.4732163049018743
-0.47219029524862166
-0.47117281493426777
-0.46935020895828056
-0.46746124463164956
-0.46724417806547525
-0.4653680179588997
-0.464879152483475
-0.46410039815843246
-0.4611711642967756
-0.45977051338540836
-0.45845613334344715
-0.4578925713484562
-0.4544298819061503
-0.45024131372032716
-0.44965836674099735
-0.4484873847630767
-0.447501932184246
-0.4472709448919016
-0.4467880113146948
-0.4451310018765957
-0.4451276990897068
-0.4410233606317867
-0.4408188604714227
-0.4397797600049883
-0.4359084823341043
-0.4357372471962625
-0.4351189137677922
-0.43487690697849063
-0.4347071529004708
-0.4334909097965176
-0.4325954949144467
-0.4324560192672221
-0.4307698703722511
-0.42910727205347843
-0.4285603846080439
-0.42819937133067487
-0.427860899190717
-0.4278449472524707
-0.42739611162047
-0.4271425035538598
-0.4248084257799114
-0.4233168996788338
-0.4216853704105411
-0.42140491227302707
-0.4205445648473355
-0.4178043128866281
-0.41618971781669317
-0.41534699159938093
-0.4150454124906118
-0.4146627070125336
-0.411520019691029
-0.41047193668585347
-0.40991433205763206
-0.40062731710402016
-0.3995004849813997
-0.39729288103439925
-0.3927918402507091
-0.39276870948978926
-0.39045447032387937
-0.3888623371600959
-0.38748732247054113
-0.3861574470737338
-0.3853722358826184
-0.38526663418919105
-0.37914976906948716
-0.3753173098065249
-0.3745104258237285
-0.3730730559863863
-0.37104854068772863
-0.370489417145177
-0.36723477971544527
-0.36411855364896306
-0.36162517467576494
-0.36046868839649726
-0.3580420556899965
-0.3552555360184371
-0.3548187122990738
-0.35435040112076666
-0.3539194509393571
-0.35366250411674593
-0.3529421896991408
-0.348618863059177
-0.34850732340880985
-0.3480089390986282
-0.34533095873443803
-0.34486845526634835
-0.3426300222823708
-0.34141874580637555
-0.34087367745807584
-0.34011455949769265
-0.3394219172057551
-0.3390331007086962
-0.3380566542676726
-0.337705525189826
-0.33504927750661284
-0.32879436776001214
-0.32743913475335107
-0.32371957093614234
-0.3228703158485473
-0.32231745176838134
-0.3198357632417311
-0.31897119513930106
-0.31729883612484555
-0.31186301974204483
-0.3101697424529975
-0.3094648367802789
-0.3087234909680966
-0.30620690221762065
-0.3030779708205787
-0.30225793034932064
-0.3019778907811719
-0.3015544632694549
-0.3011146589605068
-0.3002056258888962
-0.29984642868412514
-0.29976301885499096
-0.29737843244205175
-0.2968337253440756
-0.2956018753673909
-0.29499976165907693
-0.29364528056526223
-0.2930397566271008
-0.2922449499112406
-0.289025316780572
-0.28873932537271263
-0.28664255506742686
-0.28484484352545025
-0.28439909136131875
-0.28421326501446353
-0.2840754630653368
-0.2836284086467057
-0.270502034933675
-0.27024597437140946
-0.2690371671540809
-0.26824109727489653
-0.2677464845023233
-0.26725075351803496
-0.26514240357044905
-0.26329834181877776
-0.26005409256080436
-0.25857457405112444
-0.25807453207622766
-0.25483584634575074
-0.25467819117921253
-0.25382949161887225
-0.25260634948395577
-0.2513307366272697
-0.25049753655474516
-0.25037694403381383
-0.250047800780606
-0.24862946197735636
-0.24816648712675649
-0.24705603193974646
-0.24682372369433692
-0.24142617002048372
-0.24121102473169376
-0.24109744969531122
-0.23849610169683078
-0.2365016999233105
-0.23588202903101219
-0.23555488387890666
-0.23468528615920575
-0.23423237560743684
-0.233549931965513
-0.23194576216206383
-0.23037768689904947
-0.22905168071719617
-0.2264272971317802
-0.22563781858914694
-0.22489064286316285
-0.2244854330019917
-0.22298242264665163
-0.2219591609212125
-0.2199475052151173
-0.21874824568434825
-0.2170436637807288
-0.21328369230811606
-0.211426639360499
-0.20978972240389504
-0.209070092966267
-0.20827138618187008
-0.20727631870721214
-0.2059789575726425
-0.2048476840469753
-0.2037378795900352
-0.20112304392308478
-0.19999174382246893
-0.19858769654240194
-0.19448536746225342
-0.19394929259918536
-0.19193178313129444
-0.1917980310615962
-0.1898808820083897
-0.18754903651723376
-0.18713464770925625
-0.18344322202083074
-0.18267989817035124
-0.1801948131942484
-0.1787579407665939
-0.1773383718812344
-0.1752214353650906
-0.17433936435769704
-0.17315899739177076
-0.17243007354172635
-0.1700900235632523
-0.16975034023433871
-0.16776259826376105
-0.16760568499449446
-0.16574643134281447
-0.1653508896947522
-0.16116591183912798
-0.1591965522461068
-0.15864501491767646
-0.15829560480018823
-0.15796011145586697
-0.15122298864369288
-0.15015485353119834
-0.14867026433361008
-0.14751362339849683
-0.1466606716694907
-0.14608110494048576
-0.14534582349679293
-0.14500905595390534
-0.14348913609270852
-0.1429126351717993
-0.14156724835316614
-0.14112578592867264
-0.14050582025932545
-0.13996458160785552
-0.13863868487494668
-0.13836789745503053
-0.13708201999202563
-0.13631309621060028
-0.13570912186730677
-0.13341655653613826
-0.13065411710757835
-0.12910282451231186
-0.12866192910231522
-0.12739644973045655
-0.12569765559245855
-0.12557427046604913
-0.1251160367670362
-0.11849459061641612
-0.11626908321355589
-0.11486774890948592
-0.11384514631801701
-0.11161048870060314
-0.10914054093574443
-0.10851215178393236
-0.10828749738911125
-0.1073583229499876
-0.10723730262369291
-0.10686820120622287
-0.10491465818916756
-0.10425703423573696
-0.09787074353575687
-0.09777809340284715
-0.09646357506890457
-0.0960930510214919
-0.09387786287993716
-0.09334694185587128
-0.09277111141239991
-0.09248605513798669
-0.09229708882444751
-0.0905331696305168
-0.09009116674028239
-0.08872231769502059
-0.08748116793917649
-0.08543186896403587
-0.08461699528171686
-0.07784142460121646
-0.07595914827612438
-0.07226679680839043
-0.07200719432867742
-0.07164728137481613
-0.07004882316058958
-0.06472364700170041
-0.059479674033047325
-0.0586474021036828
-0.05745618399935659
-0.05629298255677484
-0.054366721442373867
-0.05394217518498812
-0.05358756549451382
-0.048855144506875225
-0.04748970840339639
-0.047018802859191244
-0.04607066671415683
-0.042396704025874754
-0.04156135000630512
-0.04088681690172269
-0.039359115644519216
-0.039292264375987984
-0.03809685724133749
-0.037238974760225196
-0.034494498094246206
-0.0336315233611717
-0.03362507115612767
-0.03165886861724665
-0.030167388451171395
-0.029087368036610717
-0.02742101950412429
-0.024871329940201692
-0.023361115753634087
-0.014509432911210929
-0.014380111888171898
-0.014138636150964334
-0.013311871224579552
-0.011414045875104493
-0.011128130370606448
-0.010013571338238603
-0.008608593370476036
-0.008075962393738534
-0.0037920445751654652
-0.003383484803901715
-0.002363999884415602
-0.002148393741083554
-0.0009156967352184076
0.00011146550653362564
0.000986623613082993
0.001192943669317742
0.0013640454361321525
0.0013869942634410215
0.004447567647233086
0.005125330292888641
0.007625794996904911
0.007988134496553778
0.00823987306947016
0.00863122841992403
0.010356354990237293
0.011319530037060543
0.012143674297198426
0.013423174041422903
0.013604060134885743
0.01441608154473601
0.015632263959521886
0.015639818241807962
0.016727716741581064
0.018291149537571938
0.018330616949357004
0.01904036717725266
0.019218579812424308
0.01953523163936956
0.02025397391505243
0.02241356800910621
0.02314462146046692
0.025513770329979146
0.02564811756974872
0.025754570531257737
0.026205931100311775
0.029640411382815812
0.030866427964370446
0.03095026446920085
0.03327130917918514
0.033483930737048306
0.035642029689677
0.039384149475605534
0.0394842881419446
0.03994675187480512
0.04643197304886948
0.04696538866059327
0.04815370227223725
0.050471658649168916
0.05218931470789401
0.055574241423676285
0.05608102051471642
0.058294484169249094
0.05970967324444276
0.06418318360415931
0.06462073860985662
0.06543824831540723
0.06563331001602972
0.06636852616806654
0.06638440475951368
0.06720534037552744
0.06771434307305846
0.07062954488657602
0.07075684179390607
0.07238522123347302
0.07476936005820836
0.07683510850900988
0.07730348480602989
0.0785159109849144
0.07879057878802298
0.08003890517199791
0.08133288483549558
0.08323134105496555
0.08501511307391596
0.08853208891470299
0.08889264669692101
0.08972220248690503
0.0962297624531685
0.09753680645257326
0.09774862911333693
0.09788859069589728
0.09838208997090125
0.09983739659000945
0.10137325189892232
0.10220965142257543
0.1053349226546142
0.10653600806339769
0.10868465884494949
0.10974898050544213
0.11035306520005173
0.11035491468895031
0.11167510082633525
0.11170048335760263
0.11382690417043956
0.114758158120563
0.11801454778505938
0.11968023471451561
0.1231147261701343
0.1268355702855979
0.12751742872730587
0.12788103166866327
0.13062725100949912
0.13192100538443707
0.13204003352969818
0.1331682340498851
0.13489679651075284
0.13738748645451482
0.13762967339177534
0.13807396883049394
0.14357786910198708
0.1458236068290003
0.14604422740437728
0.14690299804056423
0.1474074385612948
0.1488663198926531
0.15248083633620413
0.15426911330031512
0.1563885410924496
0.15720732083035593
0.16001020722537407
0.1614185922187914
0.1623820499698253
0.1626587874585858
0.16446212086437756
0.16571770369941052
0.16573253884267908
0.1686205314349633
0.1692947690924801
0.17047446721205137
0.17284665636393234
0.1737934585573867
0.17420229241816232
0.1757090019875694
0.17594024383410145
0.180580531993254
0.18202646201703032
0.18308349499282428
0.18359920068177482
0.18517482770299898
0.18715424534311947
0.1879391903747446
0.18854004871954083
0.188541098047604
0.19130729005146718
0.19402598884174338
0.19476103040258885
0.1949753058912881
0.19613705877257914
0.1965426330722913
0.19676473709445783
0.19888084538022932
0.20165000161885016
0.20175310379631176
0.20186616026482873
0.20415825238464325
0.2045868689918634
0.20615214428277195
0.20716890079294392
0.20766747763470128
0.20833257727632581
0.20853783271203447
0.21107999350378592
0.21180895832011679
0.211877714662154
0.21633056517174953
0.216881942597962
0.21852880846706202
0.21874350940117626
0.21975439888962578
0.22039594763751091
0.2206422609042022
0.2213929640311696
0.22177157139411402
0.22381421750414826
0.2243611605564481
0.2245314283508268
0.22606763430756904
0.22806386889431507
0.2306810866990492
0.23279962963506484
0.23800718613302554
0.23867689218609744
0.23884381062069046
0.24136623394625503
0.2424454267208953
0.24257446033938762
0.24481648944914447
0.24544928017135903
0.2454572064020012
0.245499726870383
0.24555705674806017
0.2461707729952768
0.2474254041905667
0.2489314701442371
0.2509135477888427
0.25099199612407
0.25118452193239904
0.2520460782618784
0.25219493581995855
0.2541743540518987
0.2580026341845651
0.25866590517352506
0.2589378548140926
0.2591210541816561
0.2596856199462984
0.26412711216278123
0.265343647876645
0.2659349817114077
0.26690576967465074
0.2670020028018416
0.26723792156667237
0.26748220085780794
0.2677687073275161
0.26788544752155513
0.2690672758117909
0.27218145536299976
0.27805460703482465
0.2790874532737216
0.2876898230457458
0.2878939259755747
0.28962455026528044
0.2906564192242626
0.2912811430686781
0.29153492812538445
0.2921716334874943
0.2931263024477454
0.2932257721209206
0.29751416474183007
0.29764917759573883
0.2981077144072354
0.2993297214210423
0.3006737140471456
0.30159613340000435
0.3027251385335577
0.3047276218460381
0.3053564370728521
0.3055191954044709
0.3073377241592661
0.3087071519372051
0.3107232369203319
0.3146969639752525
0.3149485304214784
0.3151627294181244
0.31683513227732296
0.3190306176670741
0.3204651241138401
0.3211536868835634
0.3235066904955085
0.32500992037479254
0.3254051051477539
0.3287807545051673
0.32921672121743184
0.33143572459149073
0.3322749755580923
0.3340566301513817
0.3342871097335207
0.3369046244876634
0.3371323259075446
0.33749443218452047
0.33854736653895573
0.33870502560862115
0.3388865420994195
0.34198701322613545
0.3423005388516386
0.3424543183055161
0.34260362816922624
0.34488137429810944
0.3457871526070301
0.347426506835009
0.34807560222259093
0.3506099757827412
0.3519189964580358
0.3561559684472842
0.35737208182061964
0.35849460820910983
0.3607521630648455
0.3612117859687152
0.3612194597731828
0.3669995520194904
0.3675403717582745
0.3684420432715659
0.36848798884089407
0.36901502232657857
0.37028264138210676
0.37063130807830236
0.3722391727650387
0.37553164527618066
0.38434180075902524
0.38473475936434476
0.38513755852813225
0.38524916605909765
0.3859259696908428
0.3867110326977536
0.38809538772721097
0.38838739076913953
0.3900143869693365
0.39006400101210986
0.39262211166429045
0.39591020307089764
0.3982878510798166
0.3996371864427055
0.40018429669983413
0.4024083572744529
0.4053137869926197
0.4055285165763013
0.4058072894845186
0.4064158165598787
0.40743042869721413
0.41081620929123763
0.41157772752915306
0.4119689359948275
0.4132168249497593
0.41725995890382506
0.417449777481526
0.4192838261207655
0.42029321155120053
0.421678771586085
0.4237795832251622
0.42439894085684493
0.4244331411013068
0.4262843871685198
0.4266724796457287
0.4279656486185828
0.4280747115735112
0.4282608776067274
0.4305814599016149
0.4316520178951979
0.4339619307125667
0.43503224223019765
0.4351392536436137
0.4394437107203977
0.4397118246046092
0.44069378201092957
0.4417922014585455
0.44292990582427494
0.4431334503993916
0.44364462743445565
0.4442443818983519
0.4451354966325053
0.44519150147099895
0.44686200243343055
0.4469473339727196
0.44708544866587185
0.44788599098981985
0.44789458696585305
0.450149563706853
0.4506830831832953
0.4515640649219514
0.4519646822785607
0.45199927441505877
0.4520947855604064
0.4553790015081186
0.45985387849406373
0.46062991659258534
0.4628702750733656
0.463539547175679
0.4668728033719499
0.47013960868051274
0.4734881729441225
0.4766209213734194
0.47734287451580837
0.4775235706274099
0.4782351304846282
0.4802240185028217
0.48340845399281834
0.4840198547454205
0.4843264623174921
0.4853978552122999
0.4857926264939173
0.4872057996816484
0.48743854011462573
0.4881707844541312
0.49024342536172977
0.4909955939136385
0.49205543675040975
0.49284496491895485
0.4943337793172819
0.49596219902282956
0.4978905794027285
0.49932206501271104
0.5005126993937851
0.5039326916601561
0.504869602933046
0.5062483979075292
0.507825723904123
0.5080707896445275
0.509573521547304
0.5100615622562872
0.5105200304636632
0.5115881357607464
0.5130791099423424
0.5139764875903422
0.5164087714138178
0.5201021259060898
0.5222366003383956
0.5233456392182341
0.5247212087871354
0.525289086430885
0.5254762524439804
0.5263504574666259
0.5282967851320415
0.5286015074368878
0.5287785161820011
0.5295585356670293
0.5323757503940258
0.532822446591463
0.5340145870730225
0.5353599487987687
0.5358659858353765
0.5362796518541574
0.5363679494291572
0.5431138254076648
0.5445701138927169
0.5470338186782602
0.5475614936130511
0.5503466819317199
0.5517071944598091
0.5527197744001406
0.5541514578421145
0.5556922668267017
0.5622319039973969
0.5653533270067075
0.571759425533307
0.5739276883275202
0.5752595088887958
0.5761788125085089
0.5764744112031124
0.5769612114361029
0.5771322592076246
0.5775059305416999
0.5785427378179934
0.5800903578265187
0.5844325702687682
0.5859753329106282
0.5867729012009675
0.5872422602966768
0.5930026100393204
0.5947863918406222
0.5949423267710119
0.5965222331359081
0.5965927813914066
0.5980204208656522
0.5992948557218167
0.6002292124662815
0.6014016804094745
0.6040726170283506
0.6074282462137683
0.6075133067568418
0.608529732875944
0.6087927188378103
0.609787115614454
0.61237066522624
0.6143188297748314
0.6147485971583057
0.6177483660116553
0.6186294523370575
0.6189737367502132
0.6220647652378296
0.6242744008249367
0.6248998924049167
0.6256547377920703
0.6262516819893298
0.627358937277278
0.6317984835497368
0.632341971276734
0.6335315660580241
0.6338127746323622
0.6366816432220691
0.6387179003209851
0.638845447810684
0.6392207495024176
0.6403819828948647
0.6412648939439588
0.6441650514037955
0.6458709948587366
0.6476063490964598
0.6492887674451222
0.6500118131750773
0.6515103326490902
0.6515626966341692
0.6547632212103977
0.656693011284218
0.6567552856252292
0.656915328290445
0.6587075647704967
0.6590656426688032
0.6609196695441225
0.6611199172508986
0.6627279915410818
0.6698413057657213
0.6710559843075405
0.6712306583718215
0.6730069616552347
0.6735428212341897
0.673600413383972
0.674158225076903
0.6751160851173251
0.6762039794569993
0.6769187314659134
0.6788340041482869
0.6795992584349901
0.6804155150508417
0.6827845427897293
0.6835724966267582
0.6849290448477258
0.6858159548070878
0.6858171539778906
0.6861560940843662
0.6862745559481281
0.6866964840075958
0.6902227228030412
0.6920177779507257
0.6942874033766983
0.6957593397107962
0.6963616019317025
0.6964407041239002
0.6965295580959481
0.6974910797304249
0.701179999082595
0.7019462194426592
0.702343647804648
0.7026427885315708
0.7033639640768262
0.7038364311690859
0.7078065778127699
0.7086305302299695
0.7104530234337608
0.711383872362627
0.713853508482668
0.7155427867935633
0.7162675010705043
0.7170369815768232
0.7179379408000351
0.7215522959788049
0.7272699746859141
0.7274121861318975
0.7287155208419167
0.7291449418135917
0.7299581603163348
0.7308796680059377
0.7319187128709865
0.7334890808802059
0.733501796975164
0.7357081091291535
0.7358867611062919
0.7367676138519066
0.7408315135567153
0.7422762260546998
0.7423817130619255
0.7455693208248958
0.745714925923062
0.7461549708376786
0.7475425653892591
0.749489278464558
0.7513383528744506
0.7540138274819851
0.7552566270919153
0.7582925654312919
0.7585849802006883
0.7586496323180072
0.7586759475548264
0.76389716196767
0.7645193621084758
0.7699952309884602
0.7718665036895384
0.7752490269707113
0.7752819341970875
0.7772909113806843
0.7776369944018864
0.7777994121465182
0.7783037280542292
0.7783162871908793
0.779591008241447
0.7807787082520072
0.7824388405707527
0.7829659284379491
0.7895216152502057
0.7905196703911314
0.7905240959721678
0.7926225875549151
0.793326018638928
0.7940508726381604
0.7964391706091632
0.7971596261929716
0.798187997474965
0.8039342661747655
0.8061190632554092
0.8076445903415318
0.8093520120689452
0.81245896171136
0.8128834715454499
0.8136111657585119
0.8139149739404324
0.8170153657381322
0.8171883648368996
0.8182989599654714
0.818408226925327
0.8194097769732824
0.8198818994653911
0.8199543929483413
0.8224544952896935
0.8224672698472394
0.8240269401075724
0.8248129652195472
0.8253910198433423
0.8257017171665229
0.8296561291252256
0.8305684988702149
0.8310635111501473
0.8310715158953415
0.8332354490503071
0.8361948140589492
0.8407901058321227
0.8420638884350521
0.8421059442997488
0.8427574112852606
0.8434243020561006
0.8454729736198302
0.8465720309752289
0.8488272474015182
0.8490414801361789
0.8491519512627838
0.8495617830088366
0.8509828562385084
0.8522160296915712
0.8537475371751886
0.8543508638207655
0.8552923127356503
0.857394007046066
0.8579875193993319
0.8597177323218177
0.8600874810714413
0.8630344146941801
0.8639751318487839
0.8651341343093942
0.8659546664456402
0.8662687815940835
0.8712975086829945
0.8722350794486138
0.8766638988060791
0.8853168555888399
0.8871814875460262
0.8888607912244127
0.8892383324583225
0.8923244213541636
0.8923323642166882
0.8927489937071289
0.8933379982627375
0.8940883882378367
0.8963345015665025
0.8972565061847992
0.8996928682744403
0.9018379332725974
0.9037446341067978
0.9052553690545307
0.9070480107428038
0.9091229297094049
0.9108483883457357
0.9117723845513985
0.9120044830728774
0.9123341439993965
0.9139599674989833
0.9159437206150605
0.916811345037062
0.9212245752812451
0.9232705645266195
0.9251824300113025
0.9254447482105553
0.926463644751931
0.9291388290320558
0.9303646310864767
0.9327945667082871
0.933324751713137
0.9338601512886446
0.934423332202835
0.9356262823059391
0.9383464266835009
0.9423615294827132
0.9430367789928804
0.9450199372393551
0.9459546187845553
0.9468830879123815
0.9481408569045385
0.9486118218166795
0.9498634419850132
0.951765220506499
0.9538408610337774
0.954321137851861
0.9546437125097028
0.956648301465862
0.9577999460701475
0.9584655889723999
0.9624785788242416
0.9629518410276545
0.9641556540319927
0.9641876363483517
0.9664770094368482
0.9666658162254953
0.9731286356143535
0.9737554223115223
0.9756996058341916
0.976284299562533
0.9784597220948168
0.9797622854550566
0.9799215339781159
0.9806972972339367
0.9809097604890625
0.9814931039424651
0.9814941143862711
0.9843329562988594
0.9848709578407403
0.9850809761858533
0.9856801736698895
0.9905655000454077
0.9943199623336271
0.9953980868384567
0.9957098886288861
0.9959022761265637
0.9968454226072898
1.0000975895837858
1.0011854990231461
1.001437803819073
1.001680399828127
1.007438048503987
1.0095677454985557
1.0101975452537881
1.0116613354650643
1.0175137302384345
1.0185341032318318
1.0241060970396036
1.0241266953467596
1.0250970708753844
1.0252685475081211
1.0265653127502032
1.0346058111642233
1.0347895002630239
1.0351073677511249
1.0371909453653916
1.0374546810701288
1.039569489395752
1.0418246099525725
1.0446075072811438
1.0447565513514352
1.0460321176264866
1.0485887915119225
1.0492778892808505
1.051828194947098
1.0524345866329488
1.0568850719401233
1.0580950411091077
1.0582723943937957
1.0593360902315119
1.0623639859490086
1.0646522465071369
1.0656548366665026
1.0662473076823424
1.068418394699564
1.0735499324960722
1.0793200729467027
1.0813604448465695
1.0817916383186057
1.0865089343291792
1.089056809055989
1.0902540891370998
1.091648262889225
1.0917791979145801
1.0922108902910792
1.093783496299706
1.096269956455858
1.1008735717856646
1.101327036166718
1.1025763511038438
1.1033319436303133
1.10507067725323
1.1059528995158932
1.1066789145996747
1.1091440451673862
1.1114808563130893
1.112067215403067
1.1147893324361595
1.1149753755636487
1.119717170730078
1.1271730635763844
1.128645047588624
1.1301109532431526
1.1310326147450145
1.1337579805508855
1.1360053607133147
1.1360363261698576
1.1372148310499786
1.1376768270740245
1.1377395824434655
1.1383371005137555
1.1421281831464265
1.1428852389173754
1.1463999576445443
1.1494125397755859
1.1512707273406602
1.152503825013862
1.1528654499269004
1.153030666681263
1.1556968174405324
1.1600174997904813
1.160960666306295
1.1661053285915273
1.1671452517811005
1.169391526807727
1.169583841244355
1.1696564482852743
1.171214932785961
1.1744015319405028
1.1750409937311863
1.1764097293895213
1.1803073244923283
1.181234725119419
1.1832784481289191
1.183742925783073
1.186193713125102
1.1865986518697376
1.1869956914253403
1.1871751905938661
1.18720616126105
1.188507402073699
1.1927929668290105
1.193652388648041
1.1943793556651
1.1957490867620715
1.2069928993516614
1.2077131974382311
1.2083601037741554
1.2102886110411308
1.2160987696338188
1.2161456144350271
1.2172221242080794
1.2174583689928509
1.220853834314906
1.2227472676724067
1.2228455802912956
1.2265344232051856
1.2266198367269456
1.227657429390429
1.2279282729956909
1.2285709339394892
1.2285828792143165
1.230844904967761
1.2407579356528358
1.2414125261345355
1.2424392694360338
1.243141470440852
1.2450102558015097
1.2512010590483587
1.253164728307286
1.2532409931789736
1.2536085434580855
1.2542319901988819
1.2615715645467627
1.2618618139254394
1.2639068258350876
1.267744416848524
1.2712880933238306
1.2728917057759555
1.2763207307631805
1.2799348752473245
1.2809260103986944
1.2811245413175874
1.281778557293335
1.2818317185925348
1.2910953906287312
1.291674109720803
1.292025057376359
1.2950977860096475
1.2967463903373035
1.298904974849313
1.305428362812886
1.31009044492524
1.3107485157588314
1.3120150308839038
1.3120481317043495
1.3155791029070294
1.3176314133872682
1.3178689104494405
1.3207550154840555
1.3209159987092334
1.3227839973156723
1.3246808469722553
1.3293669872439924
1.3315278447875765
1.3343386125369292
1.3352845562791882
1.335875386673776
1.3378369572713518
1.3403194445258277
1.3412954596902593
1.3432262819361072
1.3432693424467477
1.344683610615432
1.3472132589446018
1.347293650209631
1.3486240813478076
1.3487609175502528
1.351009586799286
1.35588432691404
1.3572248106294058
1.3613453565665439
1.3620945021207485
1.363004712508827
1.3671036775874033
1.3682510019953438
1.3727632690631149
1.3732969554707215
1.375201652399062
1.3766727416320252
1.3770428006633102
1.377601060473406
1.3784133490018735
1.379527387469737
1.3795664948925306
1.3796811729129552
1.384427602367904
1.3849694490419737
1.3862570673820411
1.3916272005928212
1.3924879713659692
1.3932963588335905
1.3957967358781265
1.3971340292348533
1.397148308450861
1.3973185142773514
1.3994252418653175
1.4004492452298605
1.4015851033738678
1.4017488126285182
1.4043152624715194
1.4045831365452845
1.4081091636814942
1.408545086017102
1.409815160002406
1.4135178246422766
1.4139920303942595
1.4243379818070578
1.4250709520936877
1.426071137706175
1.4263808623231555
1.4302452189844876
1.4442512801041243
1.4452396286960993
1.4472944711050344
1.4497783177288806
1.4513787307861705
1.4527077681369711
1.4540582911927973
1.4565113081939745
1.4565151255880378
1.458703583544811
1.459044199937618
1.4598887629069894
1.4613777368880467
1.4625005673624987
1.46252837262741
1.46310318148055
1.4713813328820182
1.4738393947856303
1.4768847934812508
1.4769296522651199
1.4807077674796527
1.4841565396346197
1.486729030872315
1.49608826285087
1.496555261598001
1.4976111026343566
1.5027864357107603
1.5038017318140906
1.5053520308575252
1.5089045540126582
1.5156027448161975
1.5175907089884983
1.5181343547100832
1.5222266033566005
1.5254295926041874
1.5257639540017118
1.527261968904857
1.5276014955723904
1.5313575543918239
1.5377181175412695
1.5391782538930807
1.5438807912302657
1.5439498433652412
1.5443229902543214
1.5489748509715258
1.5519568405232957
1.5528293567240015
1.5580155438405066
1.5601242879389574
1.560925684673431
1.5613955842088427
1.5623416114075068
1.5694472108189563
1.5726042623284595
1.5727826520546875
1.5808583130871603
1.5836297880229784
1.585750836841369
1.5863498201248816
1.587289106700061
1.5897592176724982
1.5907101119974079
1.5922141636713034
1.5947504498384761
1.595438765512739
1.597390073851524
1.5995496754297438
1.6021152125102411
1.6022770914421036
1.609113595661121
1.6161112237318496
1.6194018754681574
1.6218048474062083
1.6220321591175797
1.6259780202684313
1.631695196319224
1.632803372489537
1.632869572387508
1.6330780517495425
1.6353960494488629
1.6361499152819878
1.6365106293836187
1.6372589313204577
1.6379088311989274
1.638083594411157
1.6465466086416982
1.6502746184727093
1.6505835825062054
1.6543710145796195
1.6589874825124444
1.659134642921441
1.662072304133281
1.6621403524813236
1.6715480794426907
1.671600337816245
1.6754734643603533
1.684069651245149
1.686185833525079
1.6935839376396893
1.7039142994558634
1.7063117286698999
1.7078612802390647
1.7113610879306693
1.7129441652122863
1.7135862082172129
1.7174740472717
1.7179022269328237
1.722443505588033
1.7381069615884357
1.7418817341216783
1.743352323666469
1.7466300603738825
1.7504408736497648
1.750446818827569
1.7534692592175303
1.753868891481511
1.7562417890283393
1.7580351960840694
1.7603597537443054
1.7666977502302352
1.7668139970303254
1.767416325769568
1.7733506722108643
1.7762295949782387
1.7903005767227977
1.793928556412445
1.7969160803542712
1.7988079850641587
1.8032941871923849
1.8102768195432772
1.8126845092376724
1.8235083948170665
1.8280715367638807
1.832536608553375
1.8410312555665502
1.8543539186740028
1.8607097776948711
1.8689937883489018
1.8716051854530429
1.8750917856788134
1.8755328809319347
1.8791339693810873
1.8791659590019822
1.8822477976822967
1.8825729934275377
1.884323415517525
1.8876110285022405
1.8941253013606754
1.8963469992499258
1.9053634101170467
1.9073702704119306
1.9099954217267303
1.9217540381795717
1.9304166181425557
1.9391090942931117
1.9600429267477542
1.970694689035013
1.9735107712141806
1.973636525452918
1.9788125306597673
1.9805279671728937
1.9841264902454774
1.99706260874668
2.0040343295392837
2.0050104720368345
2.014047765299556
2.019501472989674
2.0216997335228672
2.023028492308549
2.0309398733557025
2.032534644356376
2.035996693743414
2.039524145877373
2.042037663100875
2.044532240180196
2.061037525304329
2.0648352562700665
2.0766362753542964
2.0796261688388977
2.0798690866319007
2.0810763762073865
2.1328997072153015
2.1404941274094007
2.1519478868667536
2.1750516208815682
2.1806100649349895
2.193229822993896
2.1982092925714745
2.198797302013373
2.200284230833188
2.2025889764908273
2.2035723906943923
2.211917352003872
2.2128729137500573
2.228606755710132
2.2362682600987687
2.2394531655437393
2.243882471666537
2.2455492661531222
2.24791505117926
2.2569598989578776
2.263684773247703
2.269471707122169
2.2765210221569747
2.317782057153615
2.340414234552587
2.3537144458071606
2.4018350387319636
2.458012117883295
2.471561013290243
2.490394351377488
2.5012218128690265
2.503449850848341
2.504915438346291
2.5452820181899054
2.561066600357216
2.6919056590808275
2.714283350573734
2.7677799531455616
2.8270209391677157
2.8483951289845177
3.118284022761566
