-9371.392562615803
-5471.21979432431
-4376.290977230673
-2193.1879879678877
-1644.3222056370919
-1318.0831080435662
-1266.7057506546887
-1156.101352212241
-985.9321121897738
-826.490612591197
-824.9737780929113
-816.7363600792662
-673.25697776528
-667.9296462922205
-547.5755042645482
-536.5197495889321
-437.8194776791647
-424.73219011486026
-403.60144441649203
-388.0888430793537
-375.02156517026674
-345.20725951726666
-316.0978612424287
-295.36326145992575
-263.1693091049067
-235.0496936243899
-225.80178826373412
-200.4673860791461
-177.7312719919529
-174.39347608763006
-174.3406389755906
-170.90833724018967
-153.0474509085547
-151.65765441790367
-150.4455839778193
-144.26306318023973
-141.18784502705554
-140.6498303807744
-137.42446493944377
-127.581889950128
-121.07408803564789
-113.17430046333563
-113.02604354951059
-107.67200823697118
-105.69692366960165
-98.6678098428986
-96.19507562095113
-96.12509390063346
-94.43854517580831
-92.8405586561041
-90.84227021365633
-89.95771662173689
-89.30087784138108
-87.09471061659056
-84.95630623866984
-82.31185099334064
-80.41591516062427
-80.33883168601092
-80.20206711078728
-78.73240053447404
-75.82783261618658
-74.55583482671393
-72.08717689280773
-67.69164330322567
-67.00522600218639
-66.27522223144081
-65.46835802145664
-64.70854035084271
-64.69262644902747
-64.3863937093382
-62.4003354566251
-61.313569674531536
-60.65889482644564
-60.31241570213449
-60.11386434575834
-59.840620625421735
-59.20522332390442
-59.07896991508904
-58.614269500714855
-57.19456569248345
-56.89297851975577
-56.761344691956005
-55.153134274422044
-54.24999609422657
-53.8527011009779
-52.60716568528935
-52.20301795718533
-51.92323695950145
-51.5554495831407
-51.41753067084472
-50.36987486810472
-49.36541728397341
-47.916484962749166
-47.89812417180647
-47.746070251869256
-46.6747588013888
-46.50971582629788
-46.28171292687374
-45.99027091017825
-45.25357795825963
-44.87963487842335
-43.829083397976795
-43.366892457476744
-43.07251019803315
-41.939369758148935
-41.84246428221347
-41.128628993283364
-40.49094924579458
-40.1801276977177
-40.177243881911956
-40.10450915250398
-39.14311235611528
-38.697808444699874
-38.47562299134538
-38.24868342089146
-37.9334753628784
-36.630083625937466
-36.58466702969931
-36.320432864065324
-36.314963777996596
-36.286044725916895
-36.186712241707575
-35.55008208824907
-35.10587259495884
-34.99119967780563
-34.93427146379393
-34.92237742388853
-34.797852946544566
-34.540368521050425
-34.14727329725234
-34.1157208814023
-33.85490455425266
-33.7194109177642
-33.3673367556907
-32.876762149856944
-32.80966342571074
-32.777636997043246
-32.50580715933971
-32.33705747263284
-32.251820955673054
-32.06868645047634
-31.71895067470114
-31.666667402660554
-31.475076873588804
-31.345150124362195
-30.720712514250568
-30.62513644549302
-30.4060889652135
-30.358174238771085
-30.082572429225994
-29.927770498206623
-29.901129085149638
-29.68027346365608
-29.641248982465616
-29.284337154982307
-29.185373826052643
-29.007438524319355
-28.92825053950197
-28.81803277331309
-28.796140134140842
-28.188292459848043
-28.08314628783386
-27.379561958076366
-27.21564286852911
-27.21196256779049
-26.991611638756993
-26.965389577006924
-26.855586241206524
-26.682009611001256
-26.615483175494067
-26.521321891061564
-26.255046587595764
-26.178900102007432
-26.038993590858354
-26.037725927881375
-25.990553749831697
-25.89482643397353
-25.872844161176545
-25.749291664031688
-25.736816104565854
-25.641567252247786
-24.866238660448957
-24.75187049314835
-24.340705514530434
-24.14274966211166
-24.124008889182534
-23.783823323525922
-23.62730090905195
-23.625854854743523
-23.511818288466667
-23.466893854996503
-22.889987618342452
-22.854310617114805
-22.845937220927834
-22.28265885810599
-22.215855705719818
-22.20996049867305
-22.072997096057314
-21.70756747673379
-21.36295051293217
-21.185663374719674
-21.143680353022923
-21.096760281657183
-21.054994156354425
-21.01695403702663
-20.96746839391515
-20.88757574467492
-20.8732429440855
-20.753082628972482
-20.69260991894045
-20.672313955478707
-20.64650164496271
-20.609311310429746
-20.429955400348852
-20.370666207396834
-20.22234632302169
-20.154328310473332
-19.904904565924735
-19.875750848674265
-19.79559872174218
-19.474017780237233
-19.444157640860176
-19.428860885159164
-19.36751422803547
-19.296525883985655
-19.01878327084666
-18.997910649216337
-18.888955393478273
-18.841997234425918
-18.834768891852356
-18.63530302503994
-18.613351580159026
-18.486166981915577
-18.386421008885954
-18.2975495229144
-18.256402266598656
-18.117872884109147
-17.96959160308012
-17.962694938153
-17.91365180528112
-17.90923712896191
-17.88587437063952
-17.85462987405044
-17.848000761593163
-17.843568939387616
-17.770029611980252
-17.75925288794086
-17.72027346550336
-17.71772744909954
-17.604140991613004
-17.582229833196536
-17.50148569915776
-17.438396395377776
-17.408919043683802
-17.313228824966593
-17.29593409791541
-17.18714367339721
-16.943460391342725
-16.915148439051066
-16.902165171270823
-16.901226301509098
-16.87930553826967
-16.85126891477273
-16.77453145623437
-16.55758609776614
-16.531839026349076
-16.505758906207134
-16.39600798497095
-16.361105924281283
-16.336154996070192
-16.3284983784366
-16.316405116788793
-16.307735742409186
-16.304734673826687
-16.25110559829784
-16.222549622130135
-16.219629199976684
-16.207187975368743
-16.15966588216961
-15.920128078950146
-15.887763342012324
-15.761249102985477
-15.71457900962422
-15.646522988111297
-15.558440245203862
-15.464909793418256
-15.425298297752674
-15.406246353990179
-15.35096734805929
-15.204572382826553
-15.154663722490405
-15.11695581484734
-15.086120477889466
-15.065804219372637
-15.012903156017613
-14.722740736053893
-14.70814884279525
-14.697202542307775
-14.690694081177496
-14.67791042579315
-14.624722118433247
-14.61884061957446
-14.588321111611414
-14.561229155282643
-14.396402110007475
-14.386007878353805
-14.332748308832413
-14.223878900652704
-14.193695685125778
-14.193244006042756
-14.13872897965038
-14.07362605918952
-14.07196898163241
-14.060649661135207
-14.035723706524301
-13.895567324508445
-13.860135373379572
-13.858452588612678
-13.851294481667571
-13.815943771177746
-13.803191879862455
-13.755688556396034
-13.745030324135804
-13.706240044535143
-13.66294977050434
-13.590609513933975
-13.558145132277696
-13.498436250985899
-13.494977679080973
-13.466125919453221
-13.44426320536895
-13.427938990539056
-13.40759708971292
-13.3714035223628
-13.36323390656417
-13.316691274157883
-13.30807498278961
-13.281760991530142
-13.275717488436236
-13.21820379428608
-13.186881703411668
-13.165193766428919
-13.121456609301019
-13.12046390882435
-13.105731251003826
-13.096077978813852
-13.083100308634208
-13.044489157296223
-13.010469739252454
-12.977024977092132
-12.93588799650016
-12.886514209473617
-12.852726115779028
-12.8287693900328
-12.820624114675995
-12.711769538873464
-12.678396213448469
-12.597228703062497
-12.579244966517019
-12.550814745410303
-12.444460488227605
-12.343521216960873
-12.341673995443264
-12.327115273968335
-12.315211495207533
-12.297153744694906
-12.200970792719142
-12.179128315288262
-12.167466843113262
-12.127994530063692
-12.087312248029116
-12.05547928048813
-12.05003789440414
-12.040473114986597
-11.94857066894254
-11.944004128357717
-11.90429704643275
-11.901453460243074
-11.880457853998426
-11.862674135348245
-11.854624327593424
-11.821019135883512
-11.818632665503788
-11.761373066167938
-11.733291646747315
-11.687886167477947
-11.650881606896261
-11.649707618051782
-11.643730580911225
-11.610225828731242
-11.529980990703622
-11.421165537845225
-11.408642183304083
-11.389260737563054
-11.341708230194806
-11.280725160409723
-11.275223653856372
-11.20692244048614
-11.174068232558074
-11.17324486425761
-11.173011197948345
-11.165478089489756
-11.162335843670961
-11.1082309795761
-11.083344912620944
-11.075921202372493
-11.069346361587558
-10.960450824501901
-10.957586568602753
-10.929376255088114
-10.890680999391128
-10.849742313601867
-10.841284484868675
-10.80564127608935
-10.787800056895698
-10.787386630561052
-10.762909757220022
-10.759826279268287
-10.73669313853098
-10.715067782303304
-10.706759955797345
-10.68104085690933
-10.67781450947122
-10.661471771322944
-10.597454084620566
-10.579958055335728
-10.545930945149575
-10.530990653298309
-10.48865742504579
-10.453199483572
-10.452929752070704
-10.429569518649892
-10.421127165237506
-10.40377044391137
-10.392148703212944
-10.367521685413742
-10.360060708442902
-10.320484307645112
-10.316737670050665
-10.295132298446616
-10.277430647432109
-10.264450108330811
-10.259534624012186
-10.224101207694178
-10.203393370520514
-10.191182763594528
-10.155073418580171
-10.152067898587438
-10.149117213091637
-10.134095646783107
-10.086103140032716
-10.078967950734814
-10.068461215035843
-10.057957449468693
-10.030465840535417
-10.028724826307833
-10.01930168366078
-9.997048082309355
-9.989435612068359
-9.971039643348776
-9.921270626191232
-9.908012362430105
-9.907298281415978
-9.899479450582588
-9.89310364051849
-9.868783143606667
-9.860968763936611
-9.855619160902663
-9.846814127250504
-9.838454755935366
-9.828041401403475
-9.817469173945788
-9.799157735468107
-9.77964974716745
-9.77431870694158
-9.76085157818739
-9.743834199709752
-9.726776292144082
-9.702085083455144
-9.661039569643496
-9.646238127397416
-9.633679656264981
-9.610945707900385
-9.60955234200323
-9.608562784120698
-9.599290647871346
-9.599124764799747
-9.585000469464036
-9.56790661227075
-9.566465765626852
-9.548052665132605
-9.538153380419043
-9.521634357135317
-9.5003631688481
-9.499523788045597
-9.496122483889392
-9.478685436430677
-9.463425898354693
-9.44319560166102
-9.438353369193408
-9.435793138065232
-9.425535216582078
-9.379231785164311
-9.364766472655575
-9.355122164525293
-9.31367068070593
-9.273398657924007
-9.266745152516275
-9.259044742713288
-9.217767683347224
-9.2010172218918
-9.196885181387936
-9.117713941721668
-9.095834358614436
-9.07697513982378
-9.065842368625962
-9.058520485299196
-9.036859786409844
-9.034463285902863
-9.02981826477204
-9.027671245210364
-9.027331157713704
-8.980411225739056
-8.979949993826397
-8.975922368354201
-8.968726930250858
-8.958370085120233
-8.950765180646618
-8.873594455266028
-8.848634914733887
-8.803433363281007
-8.796737384899986
-8.791477177575132
-8.78847145570499
-8.787448379572991
-8.784320554161642
-8.750074705715855
-8.739712243941906
-8.731209617466448
-8.722568277816054
-8.700128410301723
-8.668121791198756
-8.644695377339163
-8.616225561184487
-8.612938335899333
-8.61128288357585
-8.58339067657592
-8.580270813859046
-8.540906718707122
-8.536567843100656
-8.517225379659827
-8.504314690607782
-8.493094186402761
-8.49206918201647
-8.46492109337806
-8.454697844874513
-8.453579795355681
-8.44159381807144
-8.410249686768838
-8.400666682130387
-8.361654066210786
-8.352502660134219
-8.335889579797971
-8.295901638506395
-8.289143406178004
-8.264020916812154
-8.257977922584828
-8.238799346069989
-8.223645871594288
-8.218950751449768
-8.206428632039394
-8.202445692430448
-8.200415771932109
-8.165734966955833
-8.16368174090628
-8.157087285072206
-8.152935393217247
-8.142018344504592
-8.139742095830456
-8.137915410012852
-8.134347062150914
-8.120983221409775
-8.119453605901754
-8.118882810089845
-8.11009537019542
-8.106136305585757
-8.10442625094487
-8.08332513584099
-8.080760623378007
-8.076659022259392
-8.06754968805259
-8.048387427543098
-8.048171236812312
-8.039058410654153
-8.030843674056648
-8.011060179815367
-8.010684169643008
-8.007155445245282
-7.959064168754848
-7.957954969303527
-7.951718458955858
-7.939452199104748
-7.9268629469457235
-7.921903770207546
-7.90941120181963
-7.8994791931133514
-7.879785472532597
-7.856530614350607
-7.846316520491388
-7.84163644959969
-7.830562681702814
-7.829557509244835
-7.820437600863123
-7.818776016393516
-7.814560735675482
-7.8064674954226465
-7.789009601195508
-7.787241599427904
-7.778095462694462
-7.773959759204498
-7.772529659231985
-7.761342510104146
-7.76070045445285
-7.747623669811518
-7.746267103234846
-7.738446107576185
-7.716000660450619
-7.69397259322551
-7.689367763444169
-7.6849268286568595
-7.673593347332197
-7.6631530268077555
-7.634312962439147
-7.6222802797506874
-7.6069457398508185
-7.604058539275618
-7.5650749505528765
-7.542299417577395
-7.536991540896553
-7.530826348549281
-7.521586761258991
-7.521161923478265
-7.504094162383955
-7.500098012788051
-7.491396047119854
-7.481530080127415
-7.478561808763539
-7.472577440975177
-7.434861752886895
-7.431241344414495
-7.429868458337626
-7.407721979061947
-7.400828224528871
-7.397779794733095
-7.383257593378482
-7.378714385943783
-7.372950433367861
-7.361491596940647
-7.346616724868442
-7.329825908541853
-7.322441512925118
-7.296016964702455
-7.290811265740186
-7.285703767559336
-7.262956306669233
-7.248104099521871
-7.2468844707667746
-7.238508661583934
-7.200304096760716
-7.188349855990781
-7.153955732292141
-7.143773229808721
-7.126714854581676
-7.126261271720201
-7.125443849274861
-7.125410546882477
-7.120394926791699
-7.112372156223174
-7.109858312870753
-7.092046676347758
-7.08983002679053
-7.0631922097303566
-7.050269466035001
-7.0346476923687815
-7.03313576789086
-7.03108194244764
-7.015471945074181
-6.970999295673318
-6.960695913703752
-6.957751079773834
-6.954829148434704
-6.953366127636002
-6.949449139631101
-6.94885410457039
-6.945335533180801
-6.928277449721106
-6.909434924178219
-6.8923029985250714
-6.889106837096884
-6.881962425262726
-6.871300042018537
-6.862864809679149
-6.852418157184182
-6.846428536348396
-6.817337657329142
-6.816443589695389
-6.815865870434331
-6.809732909426504
-6.80893183387983
-6.759178457845879
-6.748203554626391
-6.721161884591746
-6.7062903723233305
-6.689106370239788
-6.6842807637632635
-6.655043335758647
-6.653837051695272
-6.6499328883335895
-6.645043367690163
-6.611819049918805
-6.609697727067257
-6.6088507748174425
-6.587760748163056
-6.584880014535536
-6.5813741416436615
-6.571642255196894
-6.571189023025827
-6.5607240931105215
-6.536875389412776
-6.530734208567292
-6.5246616914194355
-6.522289406889156
-6.521568607882655
-6.518226447131355
-6.509653883828102
-6.507476698915524
-6.494526850659973
-6.474592942837592
-6.473599299506139
-6.463190090178516
-6.450765565533749
-6.432965864590728
-6.4298413563314085
-6.419936973422565
-6.418324991102267
-6.41659186514619
-6.411998303589166
-6.408495307896323
-6.400519743277897
-6.4001898039202665
-6.397875092509051
-6.384595173683502
-6.382137203398593
-6.3798250103559395
-6.362284196249224
-6.3502572976078415
-6.345324570308098
-6.342346614286842
-6.319455464216418
-6.310210205795524
-6.303321595148068
-6.300316690531237
-6.299012259254891
-6.284922075183356
-6.276183763745847
-6.269034621053515
-6.254079456155781
-6.2498329445474
-6.242737561874893
-6.239319875859685
-6.208013789187283
-6.206745739156961
-6.181427200572385
-6.173177977934903
-6.1690087705680625
-6.166256596915021
-6.161078332938942
-6.159454160197002
-6.158336037083761
-6.1514305532257065
-6.14336510354816
-6.1251165252119
-6.101481440986205
-6.0826771755611855
-6.081630253222066
-6.071733928249091
-6.069140730254504
-6.068080539740516
-6.062025652197736
-6.036639044489035
-6.0274681036467035
-5.985562524586176
-5.9789429356223565
-5.971835222291429
-5.966557932548332
-5.9653010468462995
-5.963193193230916
-5.950870804923346
-5.950452167321213
-5.9217257248772945
-5.919500578720636
-5.918602343824414
-5.909373487412531
-5.897594727765249
-5.8923136461081
-5.888537835381687
-5.887503118421763
-5.870494277848872
-5.862881013689769
-5.8609662790138115
-5.846627878617294
-5.83546737681615
-5.835310798740865
-5.833411503227433
-5.823532995048552
-5.820425396851332
-5.8200618175824665
-5.810427689272135
-5.788476501234335
-5.782391159688078
-5.765175376765228
-5.761510897679089
-5.755646594625166
-5.7505684694957475
-5.750265358275421
-5.743264502073924
-5.739495838911393
-5.732713346634423
-5.727054264026281
-5.718933928063409
-5.708298235762269
-5.704374442832512
-5.703729213046646
-5.690242128537829
-5.689169912263475
-5.68300487348456
-5.678379472225525
-5.67732534085372
-5.67233469489229
-5.666721461440505
-5.653174998304234
-5.651463421799957
-5.651202704660172
-5.646008252532358
-5.644155727534094
-5.635484868348906
-5.633889351944719
-5.6196621407639515
-5.596150850328017
-5.595082503958095
-5.571566167429366
-5.566133599240672
-5.560637870070701
-5.558958361027587
-5.554490897786488
-5.549079362384608
-5.546265492034658
-5.536635417275434
-5.5067801916356345
-5.503673024680798
-5.500583714127339
-5.4987550676852255
-5.486826312028476
-5.485645870614379
-5.480488350338366
-5.469052366900692
-5.450551358164473
-5.447445910051474
-5.438673646990174
-5.420035416859902
-5.417774480389129
-5.417325728098085
-5.39319651595149
-5.390502980986026
-5.38756475284448
-5.381348874123488
-5.377944322943253
-5.375086507168523
-5.3721586236462535
-5.364157203410064
-5.361126121197099
-5.348555811919604
-5.333443593703112
-5.333304456813695
-5.332596600301505
-5.331353245842403
-5.325949824484812
-5.317907253580399
-5.3053971327789196
-5.294370956883536
-5.2787653304696445
-5.277007568724154
-5.267889222230683
-5.265002370274872
-5.260844638089541
-5.259769276815705
-5.250289416260598
-5.245320969966195
-5.222626236850425
-5.2224400949549254
-5.219139812335145
-5.202481406520224
-5.193905776680378
-5.191021012098142
-5.187447015703642
-5.185513151964061
-5.182179976890399
-5.1785598276698765
-5.1768123600433595
-5.169755654827847
-5.160523102582593
-5.149266705058098
-5.144640605558772
-5.137072966022827
-5.132204937418805
-5.116244927435836
-5.107079373113855
-5.100799492291095
-5.095783133918484
-5.090142899606655
-5.079664691011375
-5.076170428361433
-5.070917140469916
-5.0620382434841495
-5.061618461856137
-5.0581177416171395
-5.043872599856606
-5.028009459479707
-5.021637850101799
-5.00874421388335
-5.0060209389015995
-5.00182994128495
-5.001251058149119
-4.99844950536815
-4.991911129671831
-4.987965628541367
-4.986734302593817
-4.985697796831403
-4.98263166224124
-4.974237437284043
-4.963516421633733
-4.950388679162806
-4.940356742901921
-4.93884002891347
-4.936754494275414
-4.933085821672224
-4.9276424820469416
-4.926532463118134
-4.91935369881529
-4.915428799787326
-4.914704885768276
-4.911802078858477
-4.90679047738467
-4.90422014788974
-4.898342562033854
-4.88198993424583
-4.8812986623297805
-4.875814160613208
-4.873653482155692
-4.869627593587686
-4.857081362888867
-4.848616342283726
-4.8418286938643105
-4.836384001170465
-4.834413931783611
-4.833680262702132
-4.828202885494609
-4.825287843501462
-4.8240042297062455
-4.813578338182216
-4.8055039063106335
-4.805225236621922
-4.800586839069903
-4.798552171268318
-4.78898260779895
-4.7850063221075665
-4.779960657263548
-4.775031420970452
-4.772548680042759
-4.756487005898938
-4.754084088393583
-4.748582059841924
-4.745773816522494
-4.737342206059543
-4.736310780872663
-4.726467240678639
-4.726071434689237
-4.716921857567099
-4.71371690814214
-4.7052692111300995
-4.703870683711775
-4.698482958178644
-4.6963866804662295
-4.6948885901339565
-4.688698098706476
-4.688380621767603
-4.68605000718611
-4.680975062231456
-4.675403645156431
-4.673152218617339
-4.665311154597569
-4.6613968587511
-4.656942393262557
-4.6473994443162905
-4.637764387997554
-4.63734364748413
-4.637222678163399
-4.631847678878277
-4.6244568078701676
-4.6163761626410835
-4.607372292160567
-4.6048311284348316
-4.5949681647702
-4.590440252409138
-4.589966008311016
-4.581759340229067
-4.581553201690043
-4.579992044560925
-4.576313498346627
-4.566524378355355
-4.564371934013687
-4.563405583950757
-4.562894647180475
-4.5573958583658785
-4.555610809316961
-4.5537928955918865
-4.541531073220376
-4.531031975863905
-4.507240377249564
-4.50355493994693
-4.503231540784163
-4.499678154777543
-4.4951374128426576
-4.489198830502464
-4.486727722680728
-4.486251558357578
-4.48083520130857
-4.480083176981106
-4.479834501916801
-4.4720196214501104
-4.4642476878924136
-4.463206111930274
-4.452324715913892
-4.45090021722931
-4.442199937935822
-4.435800262942633
-4.434655601884795
-4.427694771268538
-4.423087063924676
-4.417119369998435
-4.4170438486842105
-4.416581548177712
-4.406504184921833
-4.402842791846327
-4.398104389260475
-4.386580040671044
-4.378277284113245
-4.369081696607066
-4.3643267877050915
-4.363313980709666
-4.362800581419416
-4.361384023366941
-4.357238397709699
-4.351154663983049
-4.3438468483734605
-4.342506037899536
-4.325711933923424
-4.32472165143238
-4.322062624136652
-4.321323544186736
-4.320529134820377
-4.319373931391262
-4.315717843098313
-4.301867025199215
-4.292195516041225
-4.287138204486543
-4.2830116101630455
-4.28116309343322
-4.280607479062736
-4.279104793978172
-4.277734504616404
-4.274565566936628
-4.274507500736626
-4.269295862896624
-4.26132088092175
-4.245513083078871
-4.241846192619577
-4.241322528978103
-4.2380794696259025
-4.220593613455928
-4.2137101670726445
-4.206928515203447
-4.197209641149175
-4.195051611187033
-4.193506395333907
-4.183478755964
-4.177825177803268
-4.173675171178321
-4.155340858004341
-4.149642543429292
-4.133451910488429
-4.1269236559465705
-4.120059884946547
-4.117534795946023
-4.117457872034613
-4.109430120489931
-4.10905949215149
-4.1018096666837875
-4.098946951310499
-4.0781541336288925
-4.076418399116692
-4.073852324493073
-4.070511131504838
-4.064408826415746
-4.0642138934069525
-4.063573028024587
-4.059350303064787
-4.0541951812678745
-4.043893731829322
-4.042947871985604
-4.035492203412155
-4.0262727397232485
-4.025668931149142
-4.020492655544853
-4.018809196533658
-4.010318767331817
-4.009675845499437
-4.004086368486353
-4.001923120080759
-3.995391324534543
-3.9945071165002446
-3.9826641485227414
-3.98088525161888
-3.9761924305978096
-3.964246025300076
-3.9635437607088377
-3.9574928993610996
-3.9566314597239103
-3.9542647595085514
-3.951807854626474
-3.942865609985523
-3.9405401479836257
-3.935791771103364
-3.934004283503045
-3.9323947721083967
-3.929518752013607
-3.9266659552898626
-3.920520397230395
-3.9203334078002197
-3.919179837148949
-3.912477123368412
-3.9035627869166554
-3.9028182581203033
-3.902489289130246
-3.898340992719236
-3.8949806537820724
-3.8939996707841384
-3.89151494070563
-3.8902978021757812
-3.8897547546994526
-3.87609974939373
-3.875771049308665
-3.8731898902342152
-3.872048540784938
-3.8692894417017527
-3.867974757312364
-3.865541155645537
-3.8624131589524433
-3.859750707533325
-3.8551154585720564
-3.8549581305535354
-3.840790976592702
-3.8404759213790287
-3.8326581773767634
-3.827754855413019
-3.8262823754244626
-3.8188807045644717
-3.8151538299074192
-3.8112293222789333
-3.809487069334625
-3.802297524213545
-3.7992572178913626
-3.7967472496662014
-3.7963493361486815
-3.796066346655663
-3.795993308216463
-3.7959572819552587
-3.795777892642886
-3.7952324679106226
-3.7919328462465334
-3.79131195051465
-3.7863070408949997
-3.7649713538405107
-3.7638395018913027
-3.759562763366543
-3.7577253448843684
-3.7549118993980177
-3.7521614337105915
-3.73840094545967
-3.734548163012498
-3.73346247437626
-3.7320183435183933
-3.7278840425499316
-3.727053179034396
-3.7247015237306775
-3.7245059128560305
-3.7237805879945993
-3.7215057719823434
-3.7171416058548292
-3.715115131245587
-3.714267802221356
-3.6990764425676925
-3.696502109312502
-3.6932938805431093
-3.689263279521273
-3.6885200618838576
-3.683311409943676
-3.6693506119383117
-3.666440219711217
-3.6609418806041827
-3.660476084213415
-3.6526551399543035
-3.6502946058486043
-3.6430403117543215
-3.6405236600076587
-3.6392318627353877
-3.6357330041691025
-3.629065569686145
-3.6230421222243177
-3.6218217977432596
-3.617844973771779
-3.6163356955075705
-3.6069631746805144
-3.6020467931777436
-3.596665976171766
-3.570074979351661
-3.56519351162275
-3.5630328929579527
-3.5621176881908574
-3.546988603582561
-3.5454801632078423
-3.539651611371707
-3.53937944759745
-3.534572180489273
-3.5219580863784445
-3.5203485412264843
-3.514579718530012
-3.5138566255755306
-3.5041256514960186
-3.4946647461792795
-3.4937470566885382
-3.491883612708958
-3.4902642773229657
-3.486657192088194
-3.477060357870128
-3.4708857914953493
-3.4622654608646877
-3.439457201677712
-3.4385705290530835
-3.43334316480418
-3.4321160688238357
-3.42516905021145
-3.418365361753497
-3.410221343659214
-3.4098052133177994
-3.4057472206640114
-3.4005800770654435
-3.397488966042949
-3.397264044646555
-3.3947177592625573
-3.3944818255949176
-3.387594702103101
-3.3846424905245245
-3.384395019957914
-3.3817007076443124
-3.3732165745261513
-3.3703500750113684
-3.370271262830096
-3.3656406625846826
-3.3614467218961877
-3.3576035541571656
-3.3534990828694973
-3.348468951214971
-3.3350712090598646
-3.3311037374282044
-3.320797900597052
-3.3171373047161152
-3.3121259810234394
-3.311484514991849
-3.3046229686206274
-3.303368555747809
-3.2968699637303693
-3.2930271713738897
-3.2887692361761296
-3.283489452777184
-3.2801061047780475
-3.273164447831916
-3.270357584597594
-3.2689348023216
-3.2681454193114083
-3.2678811282004725
-3.2628765349261326
-3.260635047763055
-3.249011749808769
-3.2462272988278897
-3.238974097888488
-3.2364668557530907
-3.2246614530194235
-3.2141372730603694
-3.2140381872863766
-3.2115220919529373
-3.210272271971694
-3.207105767903535
-3.206726386571447
-3.19991643192997
-3.1993778073409698
-3.193132233271956
-3.18932752894269
-3.186520223989605
-3.1840133102020878
-3.17219976120034
-3.1714706923260136
-3.1663524258270197
-3.1646991435552767
-3.162147747632597
-3.1607765047702046
-3.1577657740190928
-3.1575190482739317
-3.150510734867713
-3.1499982459240785
-3.149212832565517
-3.1418664738008264
-3.1344421172969534
-3.1300027873290723
-3.1297305507917677
-3.1146489281154635
-3.113775217690294
-3.113750010841974
-3.1128848167148644
-3.109388787328508
-3.0937689784646345
-3.0926281958316615
-3.0913342384903997
-3.087704163384289
-3.0791076756777027
-3.0671550219630355
-3.0551946408074167
-3.0535489174127277
-3.0483130490901305
-3.0443480722849596
-3.040916831008988
-3.0302174741529653
-3.0216559358202235
-3.01897596918607
-3.018074247386479
-3.0178832251720737
-3.0175864886022117
-3.0166965064061753
-3.015042573779665
-3.01340027206236
-3.008602690809956
-3.005996330097916
-2.9990202293924786
-2.9946614415244
-2.994054470111775
-2.9939962297078067
-2.992332313522411
-2.9845314733254686
-2.9813340482905506
-2.981231277985221
-2.9757757324610568
-2.967010362343918
-2.966872226877855
-2.966076457045151
-2.9616302085679145
-2.9594728041221154
-2.9577047532547773
-2.9573114157426046
-2.957155626455598
-2.955787786432124
-2.952892765976645
-2.9473725096359926
-2.947114026914572
-2.9350451586448463
-2.9344856581667753
-2.925996472238074
-2.925616190600938
-2.9211708469279767
-2.9208803895791897
-2.92006958825103
-2.918408063876283
-2.909510235100414
-2.9082812195118257
-2.905111905281588
-2.903711568086665
-2.8982373747713672
-2.8957087681922276
-2.8897042544746596
-2.884120283351687
-2.8837515164661696
-2.879205380630932
-2.878291525861858
-2.870872766401755
-2.867296544057958
-2.8663122817016777
-2.85231659923693
-2.849856134392995
-2.8487240087005947
-2.848434514983172
-2.848308998164552
-2.8476065444741465
-2.8469765127637374
-2.8456115139760896
-2.8413740117164537
-2.8385887080287167
-2.8353707121234537
-2.833452623610642
-2.8322612505015528
-2.8313256415090216
-2.8312304814600497
-2.8297449586202394
-2.827647545957112
-2.8229926441558413
-2.8206991489149966
-2.81896131229896
-2.8115977532159224
-2.810742551813888
-2.7995373467853226
-2.798282869886187
-2.7966641272029036
-2.792683867232048
-2.786601450432154
-2.783105912870208
-2.7805030132477433
-2.778369059709472
-2.77397760625819
-2.7698711712401876
-2.762600500838916
-2.7623104516917683
-2.762126653570877
-2.7615213928269164
-2.7600300285917143
-2.755701346014977
-2.7551510495157987
-2.7541087554955737
-2.7534278594959987
-2.7506719790004692
-2.7446382454698472
-2.7436376729141676
-2.74226180690601
-2.739188838779026
-2.7321994130960143
-2.7216265528044286
-2.7173760665131863
-2.713810543129384
-2.711794901987102
-2.7062984118683726
-2.705816885360318
-2.7037883284896487
-2.7009793793323222
-2.7009287754459086
-2.700003613280894
-2.6991368980426556
-2.6968893597544086
-2.6967353668423053
-2.689230186881437
-2.688492232780984
-2.6884708985816737
-2.6871431685912066
-2.683226082539325
-2.6820608113113726
-2.6728754202387885
-2.6664632678939872
-2.666241093615447
-2.665606762768004
-2.6642615958292653
-2.663997588735498
-2.6597390416285096
-2.6566975429908517
-2.649053212858039
-2.6478250868166535
-2.6445011564956524
-2.6428591413538527
-2.6421773480906507
-2.6374373278567256
-2.6309621500123166
-2.630894662943918
-2.6234815576888764
-2.621578356976603
-2.6169195897445157
-2.6164548602322277
-2.61309167236687
-2.612292275092091
-2.610931483375493
-2.6098490035981854
-2.6061888720466007
-2.6045686252162406
-2.6035340015035047
-2.6004801354497338
-2.5961347251121665
-2.594218110531944
-2.590708748009437
-2.587997682978789
-2.5827033155106687
-2.5822905722981906
-2.5810092046662967
-2.5794712447355383
-2.5790549172708586
-2.577152854051498
-2.5749466145317816
-2.5691941078401794
-2.5679713794105683
-2.5669264905794744
-2.5629232697889
-2.5602844621087346
-2.557705162606791
-2.5550034716920917
-2.5512375292479232
-2.5439448846594566
-2.538689463762068
-2.534301898583692
-2.5318199924170255
-2.5310065884264934
-2.5259153667265215
-2.524955311545134
-2.5237565852803274
-2.5223997191332437
-2.518685125023089
-2.5182101190771022
-2.5012686768475296
-2.500846393354764
-2.4975178274276724
-2.495182694251666
-2.4950879765303497
-2.48440741233627
-2.482574066584228
-2.4811653227641774
-2.4782663386179644
-2.4728117962420466
-2.4699084593359917
-2.46957706620315
-2.469096554524098
-2.467753547411717
-2.4621298044747046
-2.4600362840830976
-2.4513494536445846
-2.447373980019086
-2.445072581555117
-2.4313320976134003
-2.4280275720385998
-2.42023383043388
-2.412032871278397
-2.4068772037484307
-2.402817001894575
-2.4021356251779413
-2.400343035561117
-2.3966900449327944
-2.395436510860283
-2.3906704340841616
-2.3902779035052473
-2.3889239832294202
-2.388281609418457
-2.387574497315901
-2.3874247303822345
-2.380254990166613
-2.3783980851522726
-2.3769808462499538
-2.3752056363510516
-2.366210490610986
-2.3646163896256702
-2.3633656537830907
-2.360700294937144
-2.3606890970770005
-2.3567150726104527
-2.3548567674510874
-2.354306604959674
-2.349927036171564
-2.3473936259821224
-2.346933697649366
-2.343159457772878
-2.343051840667484
-2.341474584395891
-2.3365235483155837
-2.33533374247067
-2.333963782364241
-2.3265520685275254
-2.3255016491685567
-2.317251014677747
-2.3162637758258326
-2.3145557156606946
-2.312571101020119
-2.311659792383501
-2.3101208363139647
-2.3041902193295094
-2.3028011249410874
-2.301254531025741
-2.300778258965125
-2.3007555407246136
-2.2998031578468465
-2.296993704322902
-2.295920421149309
-2.292137875306411
-2.277959782087883
-2.276267708489063
-2.274379825518518
-2.269645367412406
-2.267132878649933
-2.2628565425497262
-2.2615926302531193
-2.257374327667357
-2.2497657475347563
-2.248677911146027
-2.2445492895747474
-2.240330399408764
-2.2390908495272095
-2.2359638370146704
-2.2359555004343274
-2.2343993106808258
-2.2317440191802764
-2.2313592565459026
-2.231228885536626
-2.231067062413635
-2.230443740739898
-2.229097327014375
-2.225268504606844
-2.2249182591603134
-2.214222226410258
-2.2129993205563
-2.211739059178328
-2.201586811657715
-2.200778894503973
-2.197839515150548
-2.1970981501747335
-2.194952854955045
-2.1947997955177745
-2.189448087602746
-2.186702805251025
-2.1802494282320213
-2.1798591214370857
-2.176569138760608
-2.1746675505293123
-2.173324002388471
-2.1690636960452307
-2.1688246204880635
-2.1672764028237097
-2.1666129934447795
-2.1656531956026415
-2.1645027536111634
-2.1593651779362255
-2.15866103527409
-2.1565025700904124
-2.153783968416693
-2.1529134233380063
-2.1505895098128884
-2.145578316692179
-2.144479637449607
-2.142698398826951
-2.1413687939566404
-2.138591628550658
-2.1379378863658687
-2.1376084000605906
-2.130383723831299
-2.1264981613834673
-2.125930035228339
-2.1257829815683076
-2.124783738347916
-2.1236658977660596
-2.122702520067395
-2.1220261624558443
-2.1208919199871263
-2.1174286036656835
-2.1172803087348067
-2.115076874547373
-2.1140125534635787
-2.110154130162471
-2.109912429934609
-2.10387412709867
-2.1020119149377976
-2.0980274059516733
-2.0970753864262974
-2.096963111328431
-2.095969193555468
-2.0958704024240085
-2.0933843685319506
-2.0929468623376675
-2.0928248877531366
-2.0926822452349145
-2.092194104659286
-2.0890358725680276
-2.0848407339799717
-2.083521420335506
-2.0815423966256374
-2.0771418216265203
-2.075735314845819
-2.075566835178223
-2.0715162548060797
-2.067316600134295
-2.0655589019182674
-2.0607796609024884
-2.05824867334373
-2.057930680712863
-2.055591777090335
-2.0508357520498586
-2.047400165810297
-2.0464451649561495
-2.045989100423893
-2.041846279870061
-2.041509064990694
-2.039742687057969
-2.038681311565486
-2.0380674227754256
-2.0372321864702876
-2.0363077060078383
-2.036004006066259
-2.0334857146448715
-2.0323510583006925
-2.0201139626374767
-2.016392035901979
-2.014684236007609
-2.014443028348846
-2.012714917250496
-2.0117658839726964
-2.011256905275032
-2.009534843384409
-2.0092188920924587
-2.0081095062250376
-2.005949955810112
-2.0021890814822676
-2.001372161362715
-2.000980449434482
-1.9999992866074723
-1.997226152535223
-1.9932679439905296
-1.992213926787689
-1.9910934350855403
-1.9900721247699198
-1.9895954430092888
-1.9881433243455433
-1.987482616037238
-1.9868660938022447
-1.9867453786110816
-1.9866277240743084
-1.9847622574198538
-1.9835519468645137
-1.9826549507632119
-1.9818673535052342
-1.9809715954840748
-1.9792753881544873
-1.9778146007717137
-1.9764873248091337
-1.9748570636823244
-1.9745842992819789
-1.971598490260923
-1.9654585953983528
-1.9651173319755784
-1.9640373686699402
-1.9580700262318815
-1.953471249214312
-1.9480412906454425
-1.9474634211946056
-1.9468388600750406
-1.9459383849035852
-1.945665726329744
-1.9392097824611418
-1.9364841021080965
-1.9350252378296289
-1.9346105688608553
-1.9288032195498492
-1.9284774378868383
-1.9275659507915754
-1.9274958592964972
-1.925511053517535
-1.924833539282237
-1.9247286854498362
-1.9235290316834643
-1.9225190940953714
-1.9155182273704194
-1.9097727713865396
-1.9081862396431033
-1.9040607977905988
-1.9039687215130177
-1.900971758809999
-1.8994073552130752
-1.8991045624235556
-1.893828387857702
-1.8911493664566068
-1.8886377604986415
-1.886516868026761
-1.8863895893110878
-1.8855489659419193
-1.8846145800016845
-1.8776536470885237
-1.8747315907335382
-1.8722919057140328
-1.872272868352417
-1.8699500524898567
-1.869307034519759
-1.8655092387768613
-1.8652974187112934
-1.8650657538442852
-1.8614786240747072
-1.8586321516580278
-1.8522652218115485
-1.851601163155061
-1.848650024652418
-1.8475628309550647
-1.8440301479678811
-1.8438336809960383
-1.8429912665162669
-1.838221773135149
-1.8357956520072345
-1.83568092232447
-1.834058310188077
-1.8326066094204352
-1.8314707091494908
-1.8283533974713342
-1.8264594814594837
-1.823751764340602
-1.822357150032642
-1.8166868753462175
-1.8121138193521078
-1.810337966031736
-1.8101436651023044
-1.8089318481629286
-1.8032960484615117
-1.8018467334430446
-1.801266781087455
-1.8001350347767815
-1.7978545308774552
-1.7954829486124169
-1.7938587467066949
-1.790955884829986
-1.7909402112085688
-1.7865120720324172
-1.7809260586340452
-1.7780660743064065
-1.7729096294425397
-1.7672856695661499
-1.7655236325243122
-1.7653442574469902
-1.7646588477939495
-1.7632926282044479
-1.7632483049189442
-1.7628311247999866
-1.7625232855796815
-1.758703141683216
-1.754516642345276
-1.7543538622977546
-1.7537710316187112
-1.7524544100493737
-1.7507684961771686
-1.7500049006096967
-1.7498080985307027
-1.7487452434909672
-1.7467160757330125
-1.7460365341526516
-1.7443639647366709
-1.7421442818984993
-1.7416798952236454
-1.7413443727943299
-1.7413158042560526
-1.7412694345011275
-1.740756045441615
-1.7376545303360207
-1.7363916942481434
-1.7355921518321158
-1.7348289748449885
-1.7338838640734902
-1.7331362815769804
-1.7318836103253616
-1.7304502896151732
-1.7302152025369022
-1.7290323598664121
-1.7278721585029804
-1.7230652089623917
-1.7227338425624814
-1.7224668744435763
-1.719580009525865
-1.7183343238956041
-1.7150718095137871
-1.7111394120101975
-1.707068276663534
-1.707038849645854
-1.7069711028473022
-1.7050523089623006
-1.702020811830185
-1.701740402694564
-1.6975164794084914
-1.690697058604829
-1.6856896931570158
-1.6796798886422049
-1.6793935820975687
-1.6785488430806401
-1.6781995159963288
-1.676468535400475
-1.6763668731371602
-1.6738718748730195
-1.6736566281278846
-1.6708808978810876
-1.6707410712315425
-1.6688424942971052
-1.668494090822688
-1.662245067748532
-1.6553451649529858
-1.654894290621947
-1.6544612814624555
-1.6543813757468775
-1.6535399002130322
-1.6516499025019218
-1.6502058663434995
-1.6459828326154216
-1.6452000804803368
-1.6426331920521307
-1.637808991408635
-1.631514345845867
-1.628788641299812
-1.627048355803009
-1.6258408115856677
-1.6241125049277323
-1.6183132630014616
-1.6182516848710558
-1.6101319057245593
-1.6083987499959114
-1.6057907603330104
-1.6055845551771304
-1.6004729974479073
-1.6002018124579291
-1.5974677890499351
-1.5969855133342332
-1.5952114508813071
-1.59493178633618
-1.5940924838765516
-1.5940870231924846
-1.5939675344651558
-1.5914328815320662
-1.5905876521630375
-1.5904434810521133
-1.5903471295930758
-1.5869908927371212
-1.5853563188660125
-1.5840722631537667
-1.583618906140839
-1.5810980380079354
-1.5807626593648383
-1.5775162131529656
-1.576351719585272
-1.5751559681459133
-1.5734548692802512
-1.5722219714057495
-1.5700374637234686
-1.5698947916309143
-1.5674796685993038
-1.5657724262347341
-1.5657409566900697
-1.5637438104316232
-1.5605612955772146
-1.5582451372944677
-1.555119139945743
-1.5521373105157792
-1.5506682192191348
-1.5500800188670674
-1.55007848883213
-1.5499142776963748
-1.5484340988648646
-1.54641622909568
-1.5433111418335663
-1.5423828180264203
-1.5408791188031254
-1.5388874594649922
-1.5361408212843564
-1.5349821003368742
-1.5331691776127956
-1.5272831437526821
-1.5240622652688651
-1.5228181877765747
-1.5171231778301202
-1.5163748936520411
-1.5151546792646797
-1.5123935235609687
-1.5111439466876573
-1.5102421006240283
-1.5079307774532642
-1.5044982979122499
-1.504402311048158
-1.4991723580519056
-1.492827254464757
-1.4927030157004737
-1.4923468833851354
-1.4923378799070126
-1.492198057044262
-1.4911254921015182
-1.4873879758088167
-1.4873729175357546
-1.487353720446737
-1.4872329403227567
-1.4859690887304025
-1.4853071273975502
-1.4822809895286255
-1.4814855995901857
-1.4801819464637607
-1.4764823006094936
-1.475582502919519
-1.4744733033340172
-1.4700191624420595
-1.467838903087996
-1.4677800772360048
-1.4663839703213992
-1.4631192907409811
-1.4618288555774042
-1.4537911096880989
-1.451639163520708
-1.449774550128122
-1.4493606371362628
-1.4468615545290153
-1.4465482068120785
-1.4430200845475913
-1.4404146824963429
-1.4396580518058615
-1.439487291422004
-1.4375222625790767
-1.4333677477311781
-1.4309101926324526
-1.4303899760647767
-1.4273143158103232
-1.4241878911620807
-1.4230723070795939
-1.422377836810237
-1.421988488497882
-1.4204943933417051
-1.4203832244704016
-1.4202058385173608
-1.4195248995498648
-1.4142233311944103
-1.4113618761514086
-1.409814693687302
-1.4095024191148195
-1.409236367176257
-1.4090817003565828
-1.4001047264522906
-1.3977561550956523
-1.396564651327534
-1.3958061795589143
-1.3922141817425358
-1.3917681159543718
-1.3913719476275466
-1.3904643735076558
-1.389009338770418
-1.3887687987709731
-1.3875690528791036
-1.3849153842153206
-1.3822103449888392
-1.3809010087004006
-1.3797867143263947
-1.377800647107708
-1.3761996802102412
-1.3722445315156069
-1.369783153759131
-1.3689720619860353
-1.3687141042215483
-1.3668794056450282
-1.3646480607026592
-1.3627484678959159
-1.3625213865502845
-1.359159110252837
-1.3591171165253062
-1.3549698184080847
-1.3531717761380988
-1.3528473399873238
-1.3520288023790503
-1.3492973420624959
-1.3490208957462162
-1.347474190811354
-1.3382342101424025
-1.334676016622937
-1.334511942656929
-1.3335734273955784
-1.3315074492805572
-1.329905532802358
-1.32912867470927
-1.3278936183837822
-1.3265305235513138
-1.3264050530477443
-1.3256728896867673
-1.3256452819499192
-1.3230360153115739
-1.3225671246936228
-1.3216660754513454
-1.3181594434862647
-1.317166066059428
-1.31646871760645
-1.3163644671967132
-1.3152720926805554
-1.3151269606871918
-1.3111760790158207
-1.3102321724010688
-1.3094444730437789
-1.3082055938886994
-1.307298957649146
-1.3036304221309893
-1.3016102064107233
-1.2994692257315137
-1.298682300003342
-1.2977085895426062
-1.2959058759544004
-1.2903420638129128
-1.284586050319549
-1.2821687756914744
-1.2773482578631246
-1.2748462212238758
-1.2747778899066335
-1.2731189662786728
-1.2719115702998334
-1.2678624816016484
-1.2678584333288687
-1.2668775333254958
-1.260091837464238
-1.2576081284321563
-1.2568659097419181
-1.2566731642765978
-1.2565552490873393
-1.2527432506376646
-1.2525198252366256
-1.2524033992530181
-1.250992030675186
-1.2500917241390366
-1.2490597175368392
-1.2443635162382316
-1.2437765996765953
-1.2429124385455155
-1.2422579156751525
-1.2378588252538945
-1.2377086589004869
-1.2355507764664366
-1.2312655002292776
-1.228415981617327
-1.228008990261117
-1.2205439333385661
-1.2186444718643332
-1.2155126486270262
-1.2150649690590778
-1.2141201072344456
-1.2133455852984882
-1.2117147926585219
-1.2115858868484297
-1.211167810201132
-1.2110866473383832
-1.2100307120799811
-1.2097898097858897
-1.2073766966267248
-1.2000592197723412
-1.1998731956909403
-1.1982289960197785
-1.195739634189363
-1.1918540584554929
-1.1917299502344512
-1.1911533900222562
-1.1889132022999613
-1.1877680240689925
-1.185372972598655
-1.184579600058677
-1.1833852726501952
-1.181250976649574
-1.1808971100331123
-1.1798531979540519
-1.1791230990626134
-1.1787683779474516
-1.1781559449217807
-1.1742288532055467
-1.173100844717788
-1.17199984852195
-1.17190921295718
-1.1718013224811585
-1.1714998839461608
-1.1688786306716423
-1.1681962776075392
-1.1680598884880171
-1.161545213476412
-1.1613340164571273
-1.1584907842441237
-1.1576036048025802
-1.1560520555187157
-1.1552392343207745
-1.1549913931987241
-1.152761138603865
-1.1523814082026957
-1.1488758528121552
-1.14243759517801
-1.1409728126113658
-1.139033578983613
-1.1377084030519733
-1.1349263142361439
-1.1344901022058718
-1.1329124670864765
-1.1328954417369745
-1.1294786024452823
-1.12823699312239
-1.1167622512889035
-1.1150105236222574
-1.1130228337612829
-1.1126303900435792
-1.1116984768036118
-1.1109068219985883
-1.1099072695810817
-1.1097027008367766
-1.1088202400330032
-1.1007906099784361
-1.1000083629934732
-1.0992521564635416
-1.0950053501612678
-1.090331607643978
-1.0899697096621581
-1.0889689169529584
-1.0881265071750355
-1.0845357728868086
-1.083767469045004
-1.0834165943859768
-1.0831540319760165
-1.082138258012924
-1.0766460394067547
-1.0762309951767761
-1.0724622529198304
-1.0714861119625596
-1.0706559947616978
-1.0672775563646064
-1.0648598878937097
-1.064722285222493
-1.061853130611381
-1.0611989852076518
-1.059935296115474
-1.0594886454883694
-1.0585597473115358
-1.0584620992752303
-1.0549593916567446
-1.0542189424015813
-1.053539337536319
-1.0455466663271378
-1.0440374915522963
-1.0433081229496148
-1.0428244796952728
-1.0390807879431718
-1.038664056828914
-1.0381170583797252
-1.0378523396522013
-1.0371507064556547
-1.035394792451717
-1.0353002116334318
-1.0344275343341924
-1.034140015629055
-1.031870653126664
-1.0301960222003776
-1.0299367608329355
-1.0297686330187439
-1.028098258276572
-1.0273673974621333
-1.0265403019936932
-1.0220042229434039
-1.0207650006204805
-1.0139233783881234
-1.013600622344616
-1.013327552372725
-1.0080925749979301
-1.0055117012785246
-1.0047296571269717
-1.0046200391468953
-1.0043903892432404
-1.0015595483920112
-1.0007798267214914
-1.0002668579423362
-0.9967624671194741
-0.9926488778499378
-0.991529387033356
-0.9895433454863662
-0.9891739555618688
-0.9882157233685078
-0.9870885906282342
-0.9835478153097095
-0.9834935196079038
-0.9833918755685667
-0.9830850102909701
-0.9822676799270966
-0.9813986371696193
-0.9805379272273376
-0.9795824228049468
-0.9769277216327878
-0.9765593575705886
-0.9732003503816993
-0.9727481222175736
-0.9705395759460926
-0.9684426813765529
-0.9668364791521313
-0.96641283105255
-0.962023541795109
-0.9618076309342164
-0.9609462238411599
-0.9609385699965165
-0.9602745307645368
-0.9600085237559014
-0.9595203840792138
-0.9569095498128903
-0.9566281636379363
-0.9548225862592308
-0.9544027912591426
-0.9542479103783958
-0.9496692888830265
-0.9479296928880481
-0.9460198795408834
-0.9400897762842227
-0.938991595721408
-0.9376943567505639
-0.9337489525990803
-0.9316142009187591
-0.9312484966871514
-0.9273735470619848
-0.9242873441482531
-0.9235521817407369
-0.9215245912237414
-0.9206607963215765
-0.9203796204465466
-0.9200091937810874
-0.9194829555151358
-0.9179385571711771
-0.9172320257245636
-0.9131957294614934
-0.9110472841321561
-0.9109376753623719
-0.9085157348789011
-0.9083020418106844
-0.9082468004812813
-0.9070455106345764
-0.9061555434998009
-0.9049688269593139
-0.9043512518505303
-0.9035765714469304
-0.9031047201876553
-0.9024080971277025
-0.9019437458468841
-0.8991517665971952
-0.8990100852061287
-0.8978191652496874
-0.89721145369827
-0.8965940596170356
-0.8959773003612899
-0.8955918559486967
-0.8941530900370503
-0.8912878194717551
-0.8894602655130073
-0.8874006324319563
-0.8863196336895441
-0.8862436163346961
-0.8819204576564161
-0.8814266157566899
-0.8794438854936933
-0.8786326135348187
-0.8761571013567107
-0.875864965228719
-0.8750507378587267
-0.8738926931369226
-0.8731591617184107
-0.8713269662131171
-0.8682946519340321
-0.8678276928418057
-0.866358137884868
-0.8626111220032695
-0.8615582262090893
-0.861459718228601
-0.8613632461602524
-0.8611576703761655
-0.8611040986437284
-0.8602503706962513
-0.859950666760655
-0.8572491883518709
-0.8509459481565118
-0.8488552828156495
-0.8478147981726398
-0.847779432234893
-0.8473052792517841
-0.8462076940806628
-0.8438263896948353
-0.8436669889964665
-0.8432065643959646
-0.8406359098655185
-0.8405569256889862
-0.8392593855214526
-0.836616161621131
-0.8360373511527033
-0.8360153593678932
-0.833037104929111
-0.8290163957561387
-0.8289516201350048
-0.82890587835344
-0.827314658520574
-0.8268567764185885
-0.8257988859721472
-0.8237147007616831
-0.8224991167498998
-0.8223783952455276
-0.8214070238048523
-0.821329934184057
-0.820730891208481
-0.8188836748732555
-0.8182155824430313
-0.8175275028594333
-0.8163661579910587
-0.8162315358911593
-0.8158915898685889
-0.8145141655388484
-0.814069265504884
-0.8108353762653717
-0.8081542437095334
-0.8060836288790831
-0.8032924036039597
-0.801839016712691
-0.8001402826966294
-0.8000184848201044
-0.7981397783433417
-0.7965268945720941
-0.7941842542437819
-0.7941578979733739
-0.79394677892905
-0.7920526210112256
-0.7909584337762338
-0.7907531791070993
-0.7899886681958587
-0.787862355169598
-0.7872627943336605
-0.7857347409426527
-0.7855118737912197
-0.7852336616371536
-0.7805308189441493
-0.780339177363076
-0.7785809653053819
-0.7774287676829322
-0.7762595446279722
-0.772987822245295
-0.7725172699737142
-0.7718351019565142
-0.7716105415736593
-0.7715436627972309
-0.7710665568567041
-0.7709757278695603
-0.7688343119380978
-0.7669383761421316
-0.7667077728637215
-0.7658353493276462
-0.7643922022860105
-0.7641820576991329
-0.7630854351046796
-0.7630070169263543
-0.7608526620309102
-0.7598459716038626
-0.7581965080235562
-0.7580529697536141
-0.7577534225690603
-0.7566936530916426
-0.7548533359712768
-0.7546499845310337
-0.7543395325501705
-0.7516908203187884
-0.750495066362746
-0.7482265866682927
-0.7471418337493925
-0.7470973726278145
-0.7459487587123297
-0.7445004093766691
-0.7428192370648291
-0.740932314942828
-0.7400943852645863
-0.7382058060794664
-0.7365678146620249
-0.7330797495088011
-0.7325257586846957
-0.7323436527864514
-0.7319349105926329
-0.7307174320521675
-0.729982882044064
-0.7191391493726355
-0.7161743919848981
-0.714122647065397
-0.7112863034495689
-0.7110668759746409
-0.7057843332123167
-0.7047524970782149
-0.7038476213342781
-0.702677730711193
-0.7020922417683004
-0.7017218725916461
-0.6993761441685291
-0.6974197898074777
-0.6963316125183032
-0.6958028224566714
-0.6944504366708821
-0.6939186029511364
-0.6915595485951914
-0.6914609029280407
-0.6891054897053358
-0.6830869106891945
-0.6820052558482541
-0.6818908202804195
-0.6816080487207916
-0.680954642395705
-0.6803505761403192
-0.6772729095049166
-0.6741245266993483
-0.6738082902792631
-0.6697065794076129
-0.6689995532216209
-0.6688634643787331
-0.6672253700940254
-0.6631071711341058
-0.6617342091377403
-0.6607233704831912
-0.6604238079500205
-0.6596737962639049
-0.6586603641950778
-0.6582990525992624
-0.6572280920307977
-0.6549536040866661
-0.6543735832213226
-0.6526064319055455
-0.6514018936126397
-0.648858819047073
-0.6472150498107498
-0.6470292929589754
-0.6469218736671636
-0.6437560017560854
-0.6432636655428718
-0.6426032200006857
-0.6425670290651042
-0.6410540471727069
-0.6391106188296042
-0.6388923273832466
-0.6382641256081839
-0.6316698766057116
-0.6295210330308726
-0.6287012461326977
-0.626424874088969
-0.624846376119733
-0.6235900914796769
-0.6178876966957418
-0.6178159407085817
-0.6146382378700618
-0.6089059774606091
-0.6064078376853299
-0.605519604305214
-0.605071883509403
-0.6049115491904361
-0.5988146581154942
-0.5985442976424041
-0.5960473428383655
-0.5953005480672516
-0.593292185504756
-0.590280262652991
-0.5891168967948004
-0.5887735122430412
-0.586172236756918
-0.5843103432894361
-0.5837082017039338
-0.5826532811925942
-0.5783884228916335
-0.5763200660492162
-0.5759348414205946
-0.5756380265142745
-0.5750682828171587
-0.5739170295475128
-0.5718815560149448
-0.5704549702089495
-0.5687772917717452
-0.566029987723094
-0.5649007870459936
-0.5639804534652303
-0.5631917175447874
-0.5590153516698027
-0.5583277783888536
-0.5564324629754716
-0.5538953115164221
-0.548819812735363
-0.5452793702531458
-0.5428129599099687
-0.542601374842977
-0.5412906314707612
-0.540829998770924
-0.5393596772296092
-0.5376252418270036
-0.5335740493844091
-0.5316753923838022
-0.5265926285992104
-0.5230606211398757
-0.5212185383857043
-0.5194746375333252
-0.5192790482186591
-0.5173688104514724
-0.5164964320338018
-0.5125252371477869
-0.511093696214725
-0.5094142166828923
-0.5083448699455214
-0.5072815136082853
-0.5071356703753301
-0.5068824283256091
-0.5068091556282307
-0.5061206905862863
-0.5058477033644467
-0.5031133098490694
-0.5028425595342805
-0.4995469464962422
-0.4990350083370476
-0.49863124338739695
-0.495876705479347
-0.4941494989697784
-0.49407845856975785
-0.4935924552794979
-0.49343905819019485
-0.49236885275130926
-0.4919974291606198
-0.49132471219507357
-0.4894066073596578
-0.48787154021784523
-0.486124260875902
-0.48540672137633845
-0.4755616681139586
-0.47536413325307814
-0.47476484917857426
-0.4723650146662438
-0.4719064856591221
-0.4704677721501335
-0.4683189458844312
-0.46798535011617753
-0.46726284281262565
-0.46522376491330353
-0.46498790983170435
-0.4636857046592028
-0.46134122665413657
-0.46083457161787633
-0.4597061110961276
-0.4593807764751352
-0.45929499541171726
-0.4569291317908746
-0.45570140538855464
-0.45557229831467894
-0.4554047198361378
-0.4552535466534892
-0.4545307784268038
-0.4540528696441669
-0.4499444619610548
-0.4487083468914564
-0.4456621358237921
-0.4451141417176126
-0.44456026037971286
-0.4405637257777955
-0.43946394625602847
-0.43547462765859724
-0.43494855879057664
-0.4323509134008102
-0.4262531072216845
-0.42366524533670136
-0.42235533254274304
-0.42161373610891273
-0.41885540539598226
-0.4174875073728592
-0.41745347880149186
-0.41438531405351453
-0.41233298201745994
-0.41198852702854855
-0.4049430971457231
-0.40465319464826455
-0.40433659899917274
-0.40377252746415115
-0.4027635486296526
-0.400180218542039
-0.39748751153885165
-0.3973334875976608
-0.3964057286110695
-0.3963899714681903
-0.3933380346546467
-0.3913811216082155
-0.3907078930656662
-0.38716870688553595
-0.3870138153249686
-0.38643731606674137
-0.3853070608501252
-0.38514587594258953
-0.38250774106218266
-0.38177326328799144
-0.3792566989274445
-0.37879738351987097
-0.3766348441435137
-0.3742698676509666
-0.37320573001048973
-0.3731888408051215
-0.3722174085518664
-0.3691330262077005
-0.3683516891548916
-0.365039279451952
-0.3630190458168513
-0.36244810955254925
-0.36078675063539095
-0.357734003368664
-0.3573781342190517
-0.35214695092143455
-0.35004144185081154
-0.34950524337810485
-0.34940369704125596
-0.34936858122588355
-0.3491070272603797
-0.3421629719167921
-0.34131795553273514
-0.34101165162430286
-0.3383356574453557
-0.3359633903296917
-0.33547050808388057
-0.3354157691441585
-0.33539407075068683
-0.3350075759476233
-0.33170524950667113
-0.32944308685849
-0.32852140671049823
-0.3277058276571542
-0.3274661283225494
-0.3270499035994502
-0.32666919966568814
-0.3265969631988219
-0.3263205807000623
-0.32542097732594455
-0.3251548800478056
-0.32059917521012604
-0.31962494056006824
-0.3193354957726784
-0.3147797138390879
-0.31402261902680184
-0.3137385367880664
-0.31277163168631716
-0.30814637765152075
-0.3073647741414075
-0.30668628207226434
-0.303440213694297
-0.3032085922165634
-0.3009661047580049
-0.296821616720374
-0.29333836457466533
-0.2916301254061584
-0.290853304905346
-0.2892373777806067
-0.28716959364080175
-0.2863973357738318
-0.28361544098241076
-0.28238658393032756
-0.28051526826113127
-0.2795381156987744
-0.2788937821003632
-0.27489695698805106
-0.27178364564463897
-0.2703923235405499
-0.26985651990413384
-0.26751152800608446
-0.263553640412172
-0.26116842271702995
-0.25742331233990756
-0.2573397303075245
-0.25617511635306006
-0.2526630202319655
-0.2504380979107224
-0.24783408284107789
-0.24731807569402953
-0.24629212480964724
-0.2450588739455094
-0.24488245770236106
-0.24386265085070946
-0.24144105229184754
-0.24136378775246803
-0.23971110418179642
-0.23889668532692276
-0.23704992253620003
-0.23424343858789065
-0.23035219453880473
-0.23002828783265206
-0.22996622611843245
-0.2268722049773454
-0.22622644105862133
-0.2254453147206087
-0.22473715185878798
-0.2220727443902254
-0.22070537739514717
-0.2182366192936529
-0.2174051971073337
-0.21513951224424413
-0.20803846106705717
-0.20375863437414188
-0.20089182478979684
-0.19897859038377164
-0.1978915056236138
-0.19504111577912592
-0.19488075832370932
-0.1932525217312714
-0.19213002794946887
-0.19114749364455674
-0.19106268567949472
-0.19025416578528898
-0.18878478806585774
-0.18743949066504323
-0.185362423758187
-0.18513539296393566
-0.1831287846519415
-0.18088076952672238
-0.1798246812168245
-0.17903107737413493
-0.17885254988960653
-0.17845640885197966
-0.17782069706618775
-0.17771233617150672
-0.177323658925715
-0.17559657968692155
-0.17388637496347104
-0.1730827391195
-0.17300983782888457
-0.17246152688104788
-0.17122358987389888
-0.1670564089604084
-0.1669366481792468
-0.16671799441441593
-0.16241048723729395
-0.16188841719354452
-0.16023974847148853
-0.15732123480773486
-0.15702452688559293
-0.15577859817831885
-0.15470876883480367
-0.15226271963505922
-0.14979563342225755
-0.14895846412758976
-0.14849745310312523
-0.14788354998765665
-0.14231839434770222
-0.14136531792986007
-0.13857952059157697
-0.1290886227500635
-0.12507070158805306
-0.12439146080981234
-0.12368489807777225
-0.12240667453970577
-0.12056513956953063
-0.11917918888058765
-0.11482784691409909
-0.11457283958722508
-0.11397314389808677
-0.11120392604231333
-0.11035038376213435
-0.1057903124607481
-0.10488530043434247
-0.1047650128432458
-0.1039214360600978
-0.10366459981386245
-0.10021246059448485
-0.09882253749878767
-0.09820993130401862
-0.09801701333392608
-0.09731974016921077
-0.09690658245859907
-0.09541783881668264
-0.09537603773674608
-0.09471368622608212
-0.09414472462418177
-0.0922429236597842
-0.09036187792376024
-0.0879986375300772
-0.08512812429082317
-0.08331340305932763
-0.08283108450327659
-0.08177364520256936
-0.0811874484510452
-0.08058532405950469
-0.07933628360765033
-0.07879337198160052
-0.07878931207520298
-0.0773809676132643
-0.07303033645957946
-0.07226468543507536
-0.07056372638630887
-0.06977201920093218
-0.06971731040915757
-0.06902310506601383
-0.06771861224232278
-0.06728664247560168
-0.06665002097948991
-0.06653264415089721
-0.06607984722700244
-0.06581130254356812
-0.06415969274606659
-0.062028602586039816
-0.061082664183528146
-0.058662732000862805
-0.05717941558685813
-0.056132342471149815
-0.05320988403668103
-0.05242655480376325
-0.051670746754233554
-0.05092773926794747
-0.05075290925746001
-0.05039388246020271
-0.04923057085642224
-0.048354286924885304
-0.04769411078200125
-0.04488394641542104
-0.041501043551744
-0.03986251588057821
-0.03564484033576376
-0.03426534669760817
-0.03388944815011852
-0.03334665744732909
-0.03288959935867225
-0.03256502933665861
-0.031758140138864605
-0.031555678945557775
-0.0314409705725134
-0.030464976822011103
-0.030378414398947562
-0.02949669096779478
-0.028918471284376523
-0.02852993314521568
-0.026534863626897137
-0.024667021208048312
-0.023929239110023648
-0.02347285383031794
-0.022892813982342886
-0.022464634804027606
-0.020171258313090967
-0.019501662550057808
-0.01712919442847663
-0.014122703727503572
-0.008509106078517625
-0.008419028951440533
-0.007587535466268058
-0.007121781382828374
-0.0024365787307376596
-0.0009826451674221914
3.995145625501628e-05
0.0004304677237813026
0.0005863663265934377
0.0006731036506335553
0.001107496391842322
0.001142466522669805
0.0019056510480960909
0.0019336911057478146
0.003644234364735599
0.005062598165860965
0.005874486773074505
0.01074968190733716
0.01242043967063311
0.018326742071450353
0.019518616515244336
0.020042339758272992
0.020456698185329664
0.0227712280418223
0.024203874438185335
0.024237533679951295
0.025811426822707706
0.0275310888247009
0.029154957139667183
0.032440567077351656
0.03418115871824634
0.03675507433679981
0.037269604531117384
0.037323619537261515
0.039395046632908715
0.04088270332472077
0.04102971717947668
0.04209977309493451
0.04327310636930182
0.044170514457377213
0.04891893838802297
0.053954411506306865
0.05457535471791797
0.05482890010357455
0.05487979804799037
0.05671238495584591
0.0584592156374851
0.058571318175180416
0.06006575525315305
0.06086758942823481
0.06126557697784368
0.06175351954628272
0.06213751346719276
0.06441390034116584
0.0669068961689065
0.06848586662052769
0.07234176062882336
0.07289599440502692
0.07355785347280586
0.07489285168236981
0.0754407653791474
0.07752657999191599
0.08003894887905699
0.0809920154923971
0.08352841593821791
0.08572652419183453
0.08591921928425017
0.08830413982348728
0.08923323072921407
0.09017294329601755
0.09103403825952623
0.0914942193990757
0.09262056139299224
0.09318880690932729
0.09386390204754991
0.09439012191368493
0.09584852595682603
0.09760889065921213
0.09890456626591893
0.10254849211814843
0.10305605197648071
0.10309939133479451
0.10550978652193232
0.10991823904585567
0.11009929758972004
0.11081392204482832
0.11413808336954812
0.115510420885936
0.1155803279594041
0.11570387862365639
0.11905272274989825
0.12028453650291188
0.12123941917387149
0.12135083194343876
0.12289151478494487
0.12320478381067546
0.12377252998266541
0.12449259112069017
0.12465130357909257
0.12864833837965098
0.12965474102810592
0.13252937145074184
0.1337106505734394
0.1342322102620951
0.13448950806790702
0.13700695771934845
0.13877117172691633
0.13889554951234218
0.13962707587714407
0.14267607164008672
0.14336746067456263
0.14420692306014193
0.14490239196420218
0.14707156878340405
0.1475771130405578
0.1486611268931135
0.14874863505068747
0.14968991003917007
0.1519829676963942
0.15274930344510507
0.1579079432489398
0.15848693203732633
0.16076023680022172
0.16586968951317516
0.1670791527427964
0.16770515591190033
0.16796109348494784
0.16808833351795832
0.1692304802997885
0.16964809153647514
0.17005074839757026
0.17020694198186215
0.17106764034488953
0.17140630448914385
0.17299076843017835
0.17316273388695747
0.17322442427319612
0.17352299268326465
0.1775664498226609
0.18080472091030153
0.18160303982248893
0.18194864005442074
0.18399175871415271
0.1843259314870564
0.18591754274504624
0.18650546789603709
0.18714322317564913
0.18882813277864485
0.18909942428678406
0.1891486390445316
0.19151178374357797
0.19285169839065552
0.19359385780770844
0.19463534107571312
0.19620070102834208
0.1972264752541295
0.1975672634030885
0.19794669340705817
0.1988290209215534
0.20118925476017901
0.2020511330569077
0.20245074628596615
0.20290199002209297
0.20342097559964678
0.20362698300024085
0.2041047025870425
0.2069627671305621
0.2071326245729621
0.21011397732089054
0.2105269659768474
0.21100811248358434
0.21131344677839253
0.21148706112656634
0.2127642673413418
0.21316374056896503
0.2154838367499038
0.2189165375910745
0.21916383001286946
0.22094048443633152
0.22166456083610786
0.22282152960561902
0.22581002883972923
0.23027472630863943
0.23239973171068817
0.23441975092068942
0.23492182762215896
0.23772235599173874
0.23952984531065624
0.23995334058455497
0.2400261728088935
0.2408129788643001
0.24157897407440665
0.2429613771901954
0.2460920744232682
0.2482450518927055
0.2496713235130433
0.2499637184610909
0.2505535829039466
0.25133231711368464
0.251911981964293
0.25306328282307605
0.25758642693423917
0.25766602216549805
0.25779817556099993
0.2583666966275964
0.26019119595652995
0.2632162655626584
0.26553885747790174
0.26691955433994163
0.2683050245256067
0.271117870930387
0.27123856409750735
0.27363083454124937
0.2748103324420035
0.27734913793009874
0.2800950049839419
0.2823904360927768
0.2829653192680418
0.2857324121399685
0.2861237896797034
0.29308354251001045
0.293560597989756
0.2942866138729374
0.29511783855137025
0.29537758847587103
0.2967058294125744
0.2967187258113474
0.2969594252702372
0.2977858235932165
0.2984058478347914
0.30250153082558073
0.30366329848432594
0.3046387814840631
0.30737522029449704
0.3090779650414416
0.3106234348282577
0.31162505256198325
0.3117535979442695
0.3133388749928889
0.3134646655338075
0.31534617096828566
0.3165137383795016
0.3179652240507371
0.31902836795034173
0.32355369160753567
0.33015794015830574
0.3308155042845724
0.331659143034323
0.3319250113929373
0.33294061876667996
0.3343950603768186
0.33470231769184533
0.3360091284682345
0.3367313314816436
0.3369648691277909
0.3387474458233164
0.3389586138685251
0.33904582128388405
0.33971394691573664
0.34274797517422106
0.34324807054921735
0.3437794371059678
0.3447327887888716
0.34631413254814325
0.3471782930260597
0.3507685068334883
0.35123264312821645
0.35318581471246546
0.3535899367876333
0.3536736652667985
0.35427319729977597
0.3554180561007293
0.3557874745489379
0.3575523375955773
0.3604947054188441
0.36383196969374676
0.36467260622761444
0.36501102992085765
0.3680301166856115
0.3682512633435244
0.3702651152372061
0.37033991056084026
0.3711259689768941
0.3712118296723368
0.37121381347506677
0.3762433135555104
0.37803882044571485
0.38235318973346
0.3839445580052397
0.38420685262269527
0.3849559435297932
0.3857141324221805
0.38607305483426874
0.38706698146195373
0.38781374893420023
0.38866481306460865
0.3919282849801935
0.3944630406546812
0.39523028593259024
0.39573807805498656
0.3970941816937345
0.3982211164213355
0.39990216503933185
0.4010822611395175
0.40261418854546627
0.4035966970561353
0.40619901248871515
0.40666565878972816
0.40695018318600273
0.4077292205076392
0.40844338516959844
0.4105199012591993
0.41137067219829027
0.4128581327605622
0.4147540947440401
0.414822846884241
0.41508302543064407
0.4152289654697833
0.4174550932369131
0.41859693332956505
0.419064175506798
0.41928497753445915
0.4195880773081823
0.4200100938271175
0.421027788406963
0.4220840904335429
0.4237182678196473
0.42371915376360775
0.42411358006886546
0.4262164347985439
0.42625150296846376
0.42668105967743053
0.42757041158267617
0.42800620112578774
0.4281405851689758
0.4292911961246149
0.4335369908289486
0.4348647311603844
0.43579782378877796
0.43670673754586564
0.43700678640260615
0.43702564805174915
0.4374107630285901
0.4405029259483924
0.4413807236995873
0.44302174276181305
0.4439660892688711
0.4453453977135585
0.44776396918907646
0.44785370230322413
0.4478629885150605
0.44803820903850083
0.4500128443094026
0.4528525195373083
0.45353593818176885
0.45407876548613313
0.4556364274231388
0.46403790647954857
0.4648001325407388
0.46724349916849356
0.4679799667905671
0.4727097336515379
0.4741655704805462
0.47418030562607316
0.47680865735029737
0.47918733172980554
0.4835898387237133
0.48400738095388507
0.48785000235801795
0.48791275353546465
0.49214925860991665
0.4932967444435559
0.49366495525993614
0.4956116816715113
0.49621639449691535
0.5009935219239672
0.5010604045425802
0.5054792146073712
0.5060802749135527
0.5086285315562373
0.5088918105881973
0.5117751583237877
0.5122465401292821
0.5130262773204568
0.5136463324082441
0.5158939170910147
0.5161462948131886
0.5169436162011981
0.5170793349357043
0.5190583450129868
0.5191265901818278
0.5227262607554771
0.5246390844262265
0.5259108007899621
0.5263907008050082
0.5278152962169242
0.529178308777827
0.5296546423859974
0.5312271528230939
0.5319471440220509
0.5324057577552022
0.5327950262731288
0.5335394573612084
0.5341561029875939
0.534679754606178
0.5351506963020353
0.5386499725317309
0.5403320854365405
0.5407150016270064
0.5412053582094218
0.5438406300119396
0.5444391260106214
0.5447357625995561
0.5485318793738894
0.5516909076303568
0.5533808064601109
0.5558918053210968
0.5568239380873599
0.5572275942020904
0.5584279385933475
0.5587967915854974
0.5594641523865471
0.5595963897424366
0.5598462233033683
0.5614751770110462
0.5621802918069458
0.5685675529145758
0.5697329417869897
0.5742165735133501
0.5755011901967608
0.5776774453090017
0.5785308175900956
0.5793210340183679
0.5819392266170498
0.5868634734555667
0.5887634216306484
0.5904361352334473
0.5908185702442378
0.5911309169422141
0.5913083942937887
0.5913482491093233
0.593369901475657
0.5950005526099658
0.5952424698829449
0.5959132225277792
0.5960927596213451
0.6072574479806343
0.6092528738301315
0.6094157064667443
0.6095791984968011
0.6096318062894892
0.6104210661378964
0.6144936698250456
0.6146658448551889
0.6150712250493467
0.6162940335396345
0.617585778667628
0.6182723929597698
0.6184736599543084
0.6223594224649001
0.6230338312071564
0.6234284913618867
0.6254992235387056
0.626607358612481
0.6270382377495338
0.6282926956801864
0.6283719318140168
0.6294321534464904
0.6298836484806011
0.6321309040381009
0.63308866095476
0.6333137190774403
0.6371624070735556
0.6401034910158336
0.6403743353680459
0.6422438676187866
0.6461346099813381
0.6466586587132716
0.6500042404755393
0.6506581520974419
0.6520540713613181
0.6558350169499177
0.6562691462450345
0.6564644512751294
0.6590124426384928
0.6631269056355865
0.6638506641579751
0.6647570184676704
0.6685418648342218
0.6686144487034926
0.668964404718358
0.6693119622683568
0.6706084626992883
0.6706803629300986
0.6716556046189022
0.6716938115152842
0.6768781068927975
0.6778231749798693
0.6785807822296175
0.6793046999402612
0.681686903225899
0.6828891618868809
0.683837051365504
0.6875210064334043
0.6878039102660054
0.6907714551206442
0.694276441308809
0.6943083337195666
0.694355354223193
0.6973092295176322
0.6986584671590734
0.6997092327935047
0.7003511351203209
0.7013565688757123
0.7073018652588839
0.7122220042934092
0.7134836472931485
0.7154350929320762
0.7166072884989558
0.7180120523239881
0.7186720585619296
0.7204600502196576
0.7222739312148261
0.7237727312523646
0.7276614666967732
0.7281501700622378
0.729138879460977
0.7301495001381987
0.730435962480551
0.7328963913054067
0.7331401519569097
0.7368346202402274
0.7373830883018985
0.7376494936399915
0.7378562670063196
0.7383110102890488
0.7438923333620576
0.7450683403420534
0.7456807093806991
0.7515931776628779
0.7522860714864975
0.7547485382366503
0.7570692186105704
0.7590869120803434
0.7598434622015809
0.760524027775374
0.7612164718364614
0.7639047566699213
0.7652573063915336
0.7659863458377144
0.7661335911634742
0.7670546075297858
0.7672346159792777
0.7680999121543901
0.7701591599043653
0.7706084646301489
0.7749079914702932
0.7761223340046822
0.7762860647109195
0.779228877898495
0.7792300125833863
0.7844814678584605
0.7863141107518177
0.7883558311679175
0.7893447098267758
0.7893660889183438
0.7900185179816696
0.7908432899532275
0.7922637421444283
0.7929044834915704
0.7947406750292287
0.7955026687220074
0.7989999900162887
0.8001630094886232
0.8003266280021619
0.8017924027131479
0.8026527488149812
0.8040455405098651
0.8056434471934226
0.8077841933631458
0.8088913909397035
0.8095300017374899
0.8206820958069819
0.8222561050263616
0.8230007058238215
0.8267663948141367
0.8275196561939702
0.8287193255760448
0.8297960594911955
0.8316749860867817
0.8317829648055738
0.836785995735728
0.8404462630024473
0.8429156359489531
0.8447339800222177
0.8467166932484615
0.8508259391493662
0.8518116687654638
0.8526413521492764
0.8530072860483363
0.8535265922819115
0.855352154746961
0.855568595016587
0.8561994471234392
0.8581569650735383
0.8614414390441469
0.8684040736816012
0.870344743515805
0.8715861317155664
0.8720014967010221
0.8745757107638832
0.8755260715326166
0.8766956211344423
0.8786403861254852
0.879987531325885
0.8823924303942657
0.8830287639558985
0.8845694665492215
0.8852992843596248
0.8869943755882983
0.889231345044092
0.8894348683186681
0.8923450707851979
0.8929759885835626
0.8932251612006445
0.8933773587600331
0.8947323495477798
0.8974828529978301
0.8994278235777652
0.8999871959256287
0.9003295849452473
0.9008042788756967
0.9025381538770484
0.9030357656125094
0.9036067456303776
0.9039581468885775
0.9046548422244203
0.9047710234349373
0.9057867048145867
0.9087136540407685
0.908960391083722
0.913426960663833
0.9153647218270576
0.9167761546619924
0.9244162894603558
0.9248716800734894
0.9275131963322203
0.9277096371941469
0.9302528578292253
0.931602116213138
0.9319626397625415
0.9382930777385088
0.9448331311619652
0.9472801615568631
0.9550852616583735
0.9590644858192735
0.9603883883977935
0.9622918161852292
0.9654878301001636
0.9660583730426584
0.9661819762810189
0.9664775851475937
0.9675406015038334
0.9676753655858739
0.9684968175359714
0.972585042829261
0.9729492247127552
0.9745401396752289
0.9754354003569609
0.977659744839958
0.9781868120360296
0.9782298934293074
0.9823776706192557
0.98572722980013
0.9876882211276211
0.989691817382684
0.9960619980801999
0.9961937996335349
0.9964779297007552
0.9980883964195215
0.9988892343014038
0.9991944243395935
0.9996718822205185
1.0000720992564773
1.00298818716801
1.0042101349189054
1.0045246099293286
1.005234786337099
1.0054040741371602
1.0059468928571398
1.007353141388706
1.0101956781150874
1.010950584604002
1.011516459314477
1.0136810182898304
1.0155137951276294
1.0164946245428692
1.0165710665017818
1.0170028910020767
1.0178642601889067
1.018515225849414
1.019789869030089
1.020816841071653
1.0216819897790563
1.021925219325736
1.024369127091464
1.0286596986619783
1.0313593332863045
1.0324337249832336
1.0328425996181965
1.032963416454486
1.0330935969179151
1.034025555953207
1.035328779902344
1.0365623792911194
1.0373842415969683
1.0433736304796026
1.0448044184292244
1.0453363220833283
1.0484862185062211
1.048967764917808
1.04923781648022
1.0499851726517573
1.0508321585937694
1.0512972863895795
1.0544641063226188
1.05639792485936
1.0573090091796462
1.057606162933566
1.0596982090023421
1.0614844386772813
1.0615009277921132
1.0625834903690965
1.0655321922117569
1.0666856763093588
1.0667764574248133
1.068261227426509
1.0690165294862974
1.0696226615229536
1.0711673228048069
1.076409024202208
1.082927038162469
1.0836811171830323
1.083881469207746
1.0872935192972204
1.0874449407990017
1.0897287384805765
1.0916775123445945
1.0921583844243603
1.0924562756787646
1.096990028804229
1.1021383451071824
1.1056143558614546
1.1069719658866555
1.1090702898371916
1.1094131592119287
1.1103975798254935
1.111399828680678
1.1123302497737806
1.113396522737271
1.1138702686568602
1.113988351915546
1.1170474801823862
1.118424432884883
1.1202204214704214
1.1202810439810185
1.122870558815951
1.1239965512584031
1.124776662987774
1.1249212953604024
1.1303315817711719
1.136288588779804
1.1372913697451499
1.1383490565116516
1.140305584772696
1.1408955135345196
1.1431422031511407
1.143966744243026
1.1440778443422595
1.1462541513877584
1.1510296946099363
1.1519425931361478
1.1534437893301366
1.1579319607620533
1.1580656489845806
1.1614181146549862
1.1631050998863244
1.1645381943527942
1.164633528726659
1.1661617143037581
1.1676508459550767
1.1679819029616434
1.1683870708168638
1.169750514432652
1.1701203438624153
1.1714658709895298
1.171825298997622
1.1750968227334613
1.1756218955555633
1.1790173069413419
1.1791468035383366
1.180161604194278
1.1813103495188546
1.1813635212661795
1.1826768027306167
1.1829217951774327
1.184276371412821
1.1855085098192897
1.1865074881285875
1.186673808617141
1.1893594711468327
1.1907232175603373
1.1922633976900876
1.194944680212012
1.1957640301013304
1.197112402461842
1.2003959970578977
1.2040383382034063
1.2089289080431556
1.2092158101429864
1.2092545339597014
1.2103393726391996
1.211429345428561
1.215796313976421
1.224750929241771
1.23004867835128
1.2309814059887696
1.2323467641645276
1.2386687360317343
1.241575906673969
1.2425305681659837
1.2435437926425816
1.2464200446840463
1.2477204100207313
1.2480678468868531
1.24879545125442
1.2495764184034885
1.253976266004674
1.2578589984961015
1.2585251956189394
1.258619072236683
1.2594922905220296
1.2611430522143028
1.2621943029763414
1.2653300377854777
1.2743880670541365
1.274598890453443
1.2753153480407113
1.2796279587438926
1.2797085306219267
1.2798443806173112
1.2848995212639047
1.2866785095868614
1.2867448368410104
1.2876580014841443
1.2908584178838656
1.29580846894777
1.2961844144208163
1.2973990122813484
1.301173615554366
1.3038218153064194
1.3061378243143444
1.307543241938269
1.325817482044067
1.3260687780499087
1.3264710779000457
1.3316263370338934
1.3362020908991892
1.3372278022354487
1.3387373573940524
1.33939841588031
1.3409326445694834
1.3434386849271716
1.344866353000087
1.3453126849210582
1.346953750804957
1.347854306544384
1.3520705608379249
1.3545266576587265
1.3572900303883277
1.3607943280600128
1.3610131700979573
1.3618743091981558
1.3623853746461108
1.3643157593290178
1.3660045213429113
1.3661680568627346
1.3666170357191336
1.371018271461017
1.3726335261075606
1.3760319448480325
1.3783760403030172
1.384243503263636
1.386151747040735
1.3862027524731713
1.389058860581999
1.3900912956491926
1.3901355014456234
1.397737108868093
1.4001486573683366
1.4031724792915243
1.4042310330874643
1.4077477539499723
1.4087090443958359
1.4088725909434314
1.4128914918254898
1.4129011011357995
1.4160327261591974
1.4182208601985584
1.4189500919333995
1.423190222301015
1.4332225600935264
1.4333712453312333
1.434250693018701
1.4352733206168218
1.437793825005306
1.4385748196399617
1.4396060510626594
1.4404542652229209
1.4414659959923541
1.4430063372943867
1.4497072755713298
1.4504022008583162
1.4505750094725758
1.4570485410470546
1.4589031422965353
1.4597869759591073
1.462101731109468
1.46353778701486
1.467174069991679
1.4729202096848906
1.4747348152422408
1.4752621563650714
1.4769061603658404
1.4801215261638179
1.487103246681082
1.4880999671298052
1.4885301038439973
1.4942674895332182
1.4965739472104946
1.496959734468153
1.5010968057856195
1.5027224667145491
1.511726628731537
1.5121512560076207
1.5168689013477283
1.5178867061826704
1.5227242745400926
1.5286218826623956
1.531997085565274
1.535779157683641
1.537768764709801
1.541050866759333
1.5440226083780915
1.5445736770128162
1.5467130882205382
1.548478390801201
1.5597137124904605
1.560032810256648
1.5657146885879423
1.5657300382201522
1.566574283196058
1.5676456163864887
1.568282409618744
1.5686408894522992
1.569391177442915
1.5716586994881565
1.5785496877503182
1.5821420349397108
1.5859936670440753
1.5867658161351073
1.5887640414533188
1.590535431170366
1.5924944880240208
1.5986510432906136
1.5987075132747566
1.6010927044505436
1.6060638378691499
1.6135661104989312
1.6136876539508807
1.6187667078319845
1.6196850460991863
1.6223809453147187
1.6233255974808585
1.6259762725973599
1.6259779400760404
1.6276183853450075
1.6303915948900363
1.6371979374294332
1.6378061871409377
1.644996010300766
1.6466487602094884
1.6522430236326415
1.65314201187799
1.654981747807947
1.6553043909776166
1.6574202317718754
1.6599963017330126
1.6612614659367217
1.6648301911771244
1.6700893134055268
1.6721697108876827
1.6733053757444656
1.6756241073505054
1.6851580156605537
1.6866391145031856
1.6882516054080305
1.689382828416016
1.6906062875984986
1.6914889545990923
1.6914956859499
1.6927688091570583
1.6963734415950227
1.700118307298329
1.7060232219435345
1.7065866572733306
1.7066666414476266
1.7076998169903517
1.7088809537380445
1.7120231833434478
1.7139505538240583
1.7202355572474146
1.7214165025747694
1.728467194831795
1.730619213169878
1.7312164299524235
1.7379673027400786
1.7399593283619597
1.7413952989778596
1.7458797021505927
1.7463890505086233
1.746497934844091
1.7469391877423246
1.7475344745382233
1.7524156230040053
1.7574427551097145
1.7589062741311428
1.7643284792920462
1.7675187047136112
1.7686494030509476
1.76901086609035
1.7710520059547372
1.7744964708308137
1.7759785386831433
1.7856815047612735
1.7868581064091256
1.7880025656833518
1.7904521754273375
1.79745281731267
1.7983537701566108
1.8013748439990778
1.8018250502466884
1.8042132915890767
1.8062159086744125
1.8092707252318387
1.8212344986868902
1.822752763848856
1.8228059159840018
1.8285795307005073
1.8304962623531509
1.8325569478394101
1.8333473122735862
1.8353953055268526
1.8425212101253083
1.8481996822053288
1.848885926994884
1.849519943094863
1.8512804236286577
1.8525036040356286
1.8563873758028557
1.8580211087736656
1.8626848719208595
1.862931519114185
1.8636789743539874
1.8659030295328047
1.8714433928754153
1.8725448408802587
1.8744233641926673
1.875318186182941
1.8859452584094547
1.890161846045777
1.8917397982855069
1.8935337679002453
1.8991703523933434
1.9004449730232098
1.9006216516065526
1.906345255804316
1.9076254143578197
1.9144188989699773
1.916613575109923
1.9258992617575936
1.9358241135191934
1.9363258253449405
1.9436099593047924
1.9547099499477887
1.9552703111085048
1.9630858393569568
1.9706061400817476
1.9772773861596509
1.9780835950593243
1.97816520309794
1.9792422651190282
1.997510545059989
1.9986797477953775
2.0072372782952743
2.007761045776531
2.026610910500144
2.0274762280335414
2.030852688058744
2.032980826289263
2.0343457023804628
2.044486079330238
2.0523359374882535
2.052634745125813
2.054202723772394
2.057064982144676
2.0612370038170766
2.0692413775566836
2.0756870277951505
2.0962559623393773
2.0984704201963047
2.099342772500394
2.104219612707223
2.107810434577464
2.119156053611153
2.1253562580592327
2.1363137720601113
2.145597996677072
2.1549468658675455
2.170610564232842
2.171607757665948
2.1737808770998477
2.174701375778911
2.1828453675575124
2.186775978658324
2.200517478566863
2.2205990655533374
2.220678658375886
2.226520021812989
2.23173790892312
2.2433901723947507
2.257178901700316
2.259888103829735
2.2633973341985203
2.2690165289176427
2.2740273880177613
2.2933241840958174
2.295380864360835
2.301398716217734
2.3301406378026233
2.3349972041975393
2.3561928423595044
2.3643071848347974
2.3965402025159177
2.4354119235938416
2.4620071854335652
2.468380079552996
2.481408110985882
2.4888612393919622
2.514695166521008
2.6233906394286968
2.646858698340315
2.6681104270703258
2.6830320509541714
2.7068861394883212
2.7692583954877428
2.8312458875191977
2.8403049082260265
