-2738.28035014896
-2628.082847110026
-2528.8819428410925
-767.7831358321811
-612.0894432618313
-427.3211285475168
-409.522435466121
-304.86138149872386
-255.07447093751475
-243.19607914959263
-241.44566707921598
-221.25826335200685
-216.92921738394782
-174.5572709694458
-169.12152053029425
-164.39666388195246
-152.9434660106667
-152.66443586268971
-152.5218624727087
-146.71092199242736
-135.39556575513222
-130.87936178870982
-130.6849526302024
-129.4667901850022
-128.33849263501372
-122.83878600943092
-120.45083747919249
-114.65207225208646
-113.87433993842374
-110.77192984956434
-107.22545691570124
-107.00613638391498
-106.88783862519905
-103.57255653529631
-100.233654052071
-98.64906876095918
-98.34837977615665
-97.0487026804536
-94.16564353453596
-93.50058712424155
-93.12246331942606
-90.15921453313736
-89.61116011166163
-87.8518125348428
-87.36836043371034
-85.52395267696016
-85.0854233651717
-84.8458865040258
-80.88845023972237
-78.38036049776846
-76.40953855722249
-76.12037370646706
-75.68915680719707
-73.80339275750725
-71.78466852135517
-71.28139390975947
-70.54871958739027
-69.76844241225129
-69.3046768603971
-67.46767298309497
-65.83036335855338
-64.7282156759736
-63.509285722889246
-61.14608904169512
-60.2215347794161
-59.94923299347433
-59.19533105572276
-58.76023961092519
-55.732925977740585
-55.07238224173223
-54.311266539365036
-54.108525976073466
-53.99935622110241
-53.06811863108293
-49.612225847687036
-49.2299232246969
-49.04292449125968
-48.017222642221746
-48.016934208387504
-47.90429938300923
-47.699760808266305
-47.42792263370108
-46.51716774093538
-46.15854146695686
-45.88482802153611
-45.19824036942174
-44.85131795774732
-44.0904085050354
-43.364759127079225
-42.80833461219488
-41.09232558784879
-40.685905333618464
-40.11269270012388
-39.33633025163485
-38.032562708131245
-38.0168047175503
-37.342529642982036
-36.78168485508528
-36.16552667813114
-36.092254719240955
-35.339850775980686
-35.06069537140129
-34.90467525009239
-34.82417284198565
-34.77488520455034
-34.48601588066853
-34.41102128301938
-34.35854442506511
-34.02329665095785
-33.972992358110865
-33.418934383440856
-33.09337806974825
-33.076756841516676
-32.90969420659663
-32.57004459507783
-32.50264419293738
-32.42048654327986
-32.37980247313288
-32.08875554675204
-31.48475331469202
-31.27099922885427
-30.833022457791984
-30.70730455906646
-30.511121802932884
-30.110458523527342
-30.048332915444274
-29.88097128593978
-28.704896555414432
-28.68454879437247
-28.577690534929783
-28.29543265125896
-28.073946942058356
-27.88096883542196
-27.846575694373985
-27.76144440478628
-27.753551681675766
-27.616021013627012
-27.562600586444688
-27.167057551065614
-27.145259314439492
-27.09519195177436
-27.09040341929077
-26.950868227814105
-26.841242247087337
-26.782245513166508
-26.68728239265949
-26.406920147938244
-26.19870898438306
-26.10772534051134
-26.070486155158846
-25.874903964718175
-25.687066092851616
-25.559145938082136
-25.478044850024215
-25.463480719669622
-25.40061600887699
-25.285243906741215
-25.27051643860775
-24.79566255966032
-24.721263149613247
-24.620652762335936
-24.525395849424967
-24.359491913694107
-24.103962375516232
-23.999317976349047
-23.980539821947993
-23.91554718412241
-23.864257071802356
-23.71347134853114
-23.631740082344955
-23.59354652238339
-23.47060479051427
-23.42602897077636
-23.36118992318783
-23.0731080125364
-22.97160588007248
-22.943082602781388
-22.933888311787488
-22.91130113783744
-22.770796983413682
-22.634723618504367
-22.560098007908163
-22.3879344713569
-22.255049936698715
-22.156779790526482
-22.131318549163073
-22.0375450977892
-21.985288388635635
-21.98207984605709
-21.90033357460143
-21.82622939100949
-21.779028237555472
-21.52401236831756
-21.47957739222958
-21.36583295168714
-21.364815354965362
-21.293761691165862
-21.28206370188906
-21.21086571737981
-21.071857994015904
-21.034981090604997
-21.007247794127995
-20.56645151360896
-20.54369018332131
-20.433067041567423
-20.376527937162933
-20.33988690453742
-20.32214383122497
-20.214573799659064
-20.210771934177316
-20.062938667859985
-20.05098438695493
-19.96840787822678
-19.913581272253357
-19.6133041542632
-19.61007069189353
-19.509575025430134
-19.44039553911169
-19.190133821623274
-19.086945694634874
-19.04311728544885
-19.032868641975604
-19.015625275738632
-18.70872951878067
-18.632496670192477
-18.616601519362177
-18.54431958848374
-18.541892951053363
-18.450814669632933
-18.40563102037983
-18.40392646575626
-18.382068729890076
-18.32637617090796
-18.308267375885624
-18.10165086843619
-18.036352075628084
-17.85730748426456
-17.74047204192903
-17.708029262387633
-17.70042543707105
-17.639310748117694
-17.54657653407018
-17.53355584671096
-17.520512272789574
-17.48802759454572
-17.47997339857433
-17.408987444190153
-17.330082451686508
-17.20692109778195
-17.17602317181869
-17.13074869850805
-17.08279512673785
-16.95840342618371
-16.815851186864286
-16.76420645186374
-16.62236104192732
-16.490115347168754
-16.421734217852165
-16.4117946016412
-16.357271534743568
-16.34003087083169
-16.309517914278544
-16.25939371463843
-16.210362648073577
-16.062445555316383
-16.047953741026795
-16.047223457925107
-16.006879341025165
-15.993871115326957
-15.899770618376508
-15.898897758161556
-15.870822876560219
-15.8308569419295
-15.816681643527364
-15.80993230138736
-15.793067583428702
-15.723308905091734
-15.630828208222763
-15.534490078477363
-15.526885611324836
-15.513108225174637
-15.425987317315407
-15.416344413546291
-15.401173238956517
-15.322986814275932
-15.14259367849696
-15.006398609610345
-14.939603744097939
-14.908859006609896
-14.894935802652173
-14.86567254041282
-14.843479527892839
-14.808956693675459
-14.723983003103296
-14.701548682496815
-14.641886771227949
-14.541950993991483
-14.531893077891706
-14.530129385075982
-14.502754160582924
-14.461400405479932
-14.415759964376461
-14.40414142708432
-14.39384170437209
-14.381836283867184
-14.317686241741145
-14.306755582011201
-14.297297423724494
-14.21966273484469
-14.170026957747675
-14.14654703725828
-14.082742403592087
-14.026178616850562
-14.01203460763863
-13.98682934161917
-13.962294011257175
-13.926019826944337
-13.916477657851447
-13.873206288970788
-13.763242024287083
-13.694122867759013
-13.613810317905646
-13.509597125713432
-13.462001877818034
-13.414999924643507
-13.410456250374546
-13.393080109148409
-13.38242254499473
-13.342730088253118
-13.336113383234993
-13.294668437619151
-13.283713714225787
-13.275750159211245
-13.236161457601911
-13.214372107502108
-13.200794893575392
-13.168210814782405
-13.160285579782766
-13.159274355123632
-13.125836045952969
-13.125795294964712
-13.096357560772136
-12.988670985747452
-12.973848105192536
-12.968550351065664
-12.96612803390484
-12.897257013314332
-12.875050624285105
-12.828942825393261
-12.756201744352431
-12.748217704074271
-12.706411370846487
-12.69366934703396
-12.692941126563081
-12.606532817712159
-12.606017410748827
-12.561903861062518
-12.546114688103103
-12.530388892647359
-12.49867673078119
-12.488990728438539
-12.396547452082899
-12.3853409351823
-12.352205519925302
-12.344671753963437
-12.303063802338157
-12.23529518820584
-12.207389372341535
-12.054163813584749
-12.013280754009854
-11.917618172817813
-11.913804402884363
-11.90689140817522
-11.89772168586428
-11.880007881195477
-11.84208005993271
-11.810364856373253
-11.798284525658817
-11.734043813060147
-11.729858185685798
-11.691045623654418
-11.657955493203955
-11.657292584142812
-11.6538671908283
-11.611910566180008
-11.55975059171415
-11.521817305132526
-11.509735716928766
-11.502826542493665
-11.470155242440171
-11.410752253948015
-11.40794246193288
-11.401259218299685
-11.395228249400034
-11.239796032015308
-11.222310963834486
-11.218213493507596
-11.215663080454387
-11.151719867388977
-11.147944981849975
-11.12506088824769
-11.024012700076959
-11.001295731331732
-10.999281983929226
-10.998669806185495
-10.986557186834652
-10.979864438006851
-10.978907828231854
-10.97329613930717
-10.97112333125691
-10.957522041077606
-10.931558504115406
-10.894763181097375
-10.893057899858182
-10.891895086859488
-10.886682890757951
-10.8245232498007
-10.792604222292953
-10.776175674233633
-10.725369090276812
-10.72412362458805
-10.68024820110816
-10.66903740345801
-10.656709725588858
-10.592666518143552
-10.591053159258209
-10.569140570903
-10.551261503407126
-10.543288738360808
-10.473954658290012
-10.473261004547693
-10.466243236627315
-10.457918586954465
-10.456139889826819
-10.446633267964966
-10.42009760479886
-10.345961885296095
-10.324323435493667
-10.31761731842956
-10.277475024745959
-10.276209305779757
-10.275010411033637
-10.249389566854084
-10.234182310476942
-10.209302751274308
-10.208276108593555
-10.166863313636066
-10.142496886306192
-10.110967328851544
-10.095273606226186
-10.026637954373074
-10.016986765996023
-10.008777474118123
-10.005364347795378
-10.003880172646392
-10.002401086358963
-9.945631139318648
-9.929825479346842
-9.907846757598879
-9.894846614248369
-9.89281490965136
-9.878042254527815
-9.875194860305122
-9.871730396313733
-9.841050036191326
-9.836957638412288
-9.828630864659356
-9.798537809680992
-9.797233681580297
-9.748024760908423
-9.747822769634647
-9.709842206022948
-9.697443617679319
-9.686452142062347
-9.62224759848678
-9.617995554991458
-9.610979899300618
-9.595206776115635
-9.57705812180019
-9.544931144396795
-9.542292193706274
-9.52048452206925
-9.4965827806992
-9.495584966773666
-9.489560821347428
-9.463681597973201
-9.45412684534935
-9.448215047812358
-9.388763999204716
-9.388538027972823
-9.380815609009337
-9.3737187531449
-9.364191736209904
-9.36413967431162
-9.363223622881279
-9.338134857886558
-9.264843937743061
-9.258841440356743
-9.222593558282705
-9.220961712351318
-9.220926024076414
-9.20653821070997
-9.190400775478079
-9.16878622863649
-9.16152789570298
-9.090532471387574
-9.071072420486015
-9.066361805817001
-9.049218778486145
-9.045514794626827
-9.041649759293712
-9.036675487222723
-9.012794746075095
-9.011750096426354
-8.994665673039947
-8.969320896469505
-8.880056407076012
-8.872080154543331
-8.859316111054936
-8.855384281156638
-8.851003288664671
-8.822100956875245
-8.81872144050818
-8.818083601931814
-8.808223939516495
-8.792875460648641
-8.782698193673607
-8.760647096366087
-8.748307501003222
-8.729599955229592
-8.717087248395604
-8.672246779291187
-8.648117271311408
-8.590604976590742
-8.581691731812139
-8.573221879021421
-8.54222057836199
-8.537088405363885
-8.529658431405256
-8.527600202000592
-8.517677828686805
-8.51601062842441
-8.513043954074789
-8.511787435358661
-8.49667758429457
-8.481112059782404
-8.47473835018987
-8.472045629498822
-8.471085061815591
-8.44652500470109
-8.43273857992938
-8.432215685119333
-8.428919021335668
-8.42475461775007
-8.42330365293341
-8.419064700626468
-8.417168135182948
-8.38573116463579
-8.366310259955718
-8.364425611039294
-8.360775475508182
-8.358785714723934
-8.34942415304871
-8.346286885504405
-8.328201012835477
-8.318012148972606
-8.31559122163305
-8.266234710940658
-8.26065109041479
-8.260503692780857
-8.244259747348519
-8.232458721596917
-8.229127275014548
-8.225590812649985
-8.21416062186965
-8.198930501718365
-8.195978024841896
-8.186824485149922
-8.186256191186601
-8.184935508143987
-8.180481091365074
-8.152329051183182
-8.151716887074537
-8.123766611406943
-8.108906306130947
-8.100075989282876
-8.093178022781474
-8.09292150024797
-8.073169368944859
-8.062332793474845
-8.05371801533233
-8.04200765248218
-8.035806535669611
-8.02077100856298
-8.004306485555738
-7.997688612168901
-7.992612679881818
-7.990624483926241
-7.973152749304483
-7.972052787323506
-7.967571269717665
-7.950846872893912
-7.928488888999148
-7.9263873482616045
-7.878894830149231
-7.861307105640546
-7.82782379783454
-7.82569502216523
-7.7950295841062545
-7.794429937188717
-7.789378135301158
-7.772192938528339
-7.770652097245433
-7.765405483356726
-7.739938587180656
-7.7237268909584635
-7.705811846420696
-7.703128657776162
-7.702037432738279
-7.6883599839363495
-7.684606249306583
-7.658883709031496
-7.656762806127013
-7.630561433868506
-7.624754282519867
-7.610952240149771
-7.608203918681275
-7.607267266549629
-7.604534713550624
-7.594595264806212
-7.582785325898358
-7.540377155559115
-7.524492244084753
-7.493016474960379
-7.48626278991558
-7.4842703965157735
-7.479313639860985
-7.454842961265691
-7.4424896984461
-7.428676157044924
-7.415597250860882
-7.413979262716937
-7.400829783758697
-7.3972927950888465
-7.386878578741721
-7.375495699115527
-7.373000487715709
-7.372588081561538
-7.371783749546974
-7.367761117833801
-7.362557640331759
-7.360868899394104
-7.335909129157708
-7.285327846414103
-7.278626394845003
-7.257501007993992
-7.256043032757211
-7.248179601545085
-7.239399210651438
-7.221487668974957
-7.219045239536666
-7.183482562325752
-7.175462960154221
-7.173514529079251
-7.1734763110027835
-7.167587709362583
-7.163310920847729
-7.148665488477603
-7.141980298926236
-7.135291423860787
-7.127790953016479
-7.124190525137324
-7.119353420571382
-7.116001588420741
-7.107449302105119
-7.104600560761561
-7.090505536516465
-7.083405250493726
-7.056732250470345
-7.040646074660305
-7.039941545778379
-7.034090792206282
-7.03274786079742
-7.022644359389775
-7.014732267751768
-7.005501533718052
-6.9947979548417
-6.968845290200395
-6.959834881974161
-6.948410924981838
-6.944846226011448
-6.93369174595629
-6.922832829600068
-6.922570326885928
-6.913479212861601
-6.91203942913155
-6.894422107699772
-6.88841497043404
-6.885785599578197
-6.884320239209167
-6.877772995107675
-6.8739747266765825
-6.854502024755815
-6.848311906666287
-6.835313002129499
-6.828167347087223
-6.80594795634639
-6.8018764280395665
-6.794631201705313
-6.794266332870045
-6.790586035309899
-6.7826715233173775
-6.777109332373164
-6.763987298982133
-6.758867574593017
-6.758479346276987
-6.739681595029837
-6.734589866900514
-6.726482890107368
-6.7149862932580815
-6.696075127022585
-6.695401489698366
-6.690768107990765
-6.686392742278221
-6.672087073276003
-6.666527382750926
-6.659218649593264
-6.646829147230196
-6.607892638229929
-6.607476517986424
-6.6072666236890765
-6.578855875492874
-6.566730362354646
-6.54811037657474
-6.543611160362344
-6.539731918922878
-6.516138965964113
-6.5103231754198845
-6.50234578561866
-6.480685084800492
-6.466782668869144
-6.466138162157025
-6.461032070720511
-6.446885501909376
-6.440828749916955
-6.424133121317417
-6.423204698713596
-6.415266811991992
-6.413457884719227
-6.412216530744299
-6.410889327713649
-6.4103794294906455
-6.40372174306681
-6.401195638874146
-6.385999709510857
-6.3841301198207
-6.377629980844388
-6.369403324340178
-6.36586828523728
-6.365292031821571
-6.362929948329096
-6.362797569653355
-6.360559406374033
-6.3331650721220365
-6.297327265580959
-6.293224997627051
-6.266370659385801
-6.259221708814328
-6.245694663146892
-6.240972598193318
-6.237815229854006
-6.225346256840986
-6.218583556979361
-6.216382166703729
-6.210743940985809
-6.2041949049168785
-6.183575697751044
-6.15586565206976
-6.15155330796703
-6.146473111547086
-6.140561607387493
-6.1383347334619485
-6.1139144100746705
-6.111669440338539
-6.10253999634012
-6.096807270519653
-6.093051123318898
-6.092312136587494
-6.080684477997963
-6.05002929338114
-6.042310372481184
-6.030776213568986
-6.0284159198784195
-6.027872707416721
-6.016499801719634
-6.012248245784566
-6.010042715311923
-5.990905872064962
-5.970330666578729
-5.969387777879199
-5.966553459304857
-5.964965020667816
-5.964683965036315
-5.956948918677949
-5.946353099323524
-5.941322341567808
-5.935500549010065
-5.93331701561892
-5.932885264655377
-5.927470615158932
-5.924842615674469
-5.9126565770069055
-5.905992382937669
-5.901685726243636
-5.899052335280152
-5.886637656290098
-5.874751989740696
-5.874490451202123
-5.872168801289222
-5.866587951345469
-5.861020837739859
-5.85480695294857
-5.847435040670774
-5.845409801256384
-5.812789917895129
-5.7983098706803515
-5.797356353647464
-5.7814979786376615
-5.7635573470576595
-5.760641679895683
-5.754553372292832
-5.743555257151973
-5.722529369060488
-5.716107641872565
-5.703944476006269
-5.699704239565313
-5.695096511114295
-5.6903116639936275
-5.687012428435612
-5.6869013607328
-5.683841151192539
-5.680273291258327
-5.670720609218465
-5.659468264235192
-5.652286758906751
-5.649274346738894
-5.6355396678931005
-5.628317006580635
-5.621864595425015
-5.619553537073886
-5.612098298228162
-5.611329887723246
-5.575510979725653
-5.573174022083223
-5.567733039276728
-5.565325537415338
-5.555047665105797
-5.553456113930068
-5.535891478309374
-5.532724122040977
-5.5314320562493435
-5.530123861002281
-5.524175308910693
-5.518908737464407
-5.511938674660155
-5.506746374478843
-5.47394784301876
-5.470590202300677
-5.470586386984112
-5.4690008223939515
-5.4640263878351325
-5.45847481369923
-5.444884846178825
-5.44212450605591
-5.437976400030398
-5.426919324519314
-5.402955472577025
-5.379007052882901
-5.355050533383027
-5.34853219658094
-5.346800045657086
-5.338150573801376
-5.33387049987238
-5.332797818439101
-5.325963420749387
-5.315789152772439
-5.310371271279061
-5.302477351152069
-5.294346627903083
-5.282053402743941
-5.27885017570929
-5.268081690567762
-5.266820765763638
-5.261960815289065
-5.252263263831801
-5.246349512431756
-5.245559398113793
-5.242452853588114
-5.230876688034503
-5.23071911673982
-5.228910911051156
-5.222015560102934
-5.219504637937327
-5.213502608655703
-5.2103440313643805
-5.194913185237585
-5.189679672701437
-5.182409307369234
-5.168424111895211
-5.159523146924025
-5.149829990505157
-5.138484339972625
-5.130138875543362
-5.124042269451085
-5.108138167607437
-5.1064406229107835
-5.096417433768531
-5.094227022621956
-5.093795103984029
-5.083534469820156
-5.075030848195504
-5.07397050673514
-5.0725968576676355
-5.070704352179171
-5.063504355869073
-5.060857252060465
-5.04524644741381
-5.041695088118615
-5.039543107510563
-5.022303485996716
-5.0165590229086146
-5.015637269386745
-5.007758554303848
-4.997890581021627
-4.997134157978946
-4.9937952694870535
-4.977480291806437
-4.957752402465172
-4.954321320032191
-4.953763689856355
-4.952744162194396
-4.94178961923412
-4.93955116498001
-4.9379058668469575
-4.933977673616308
-4.9316619097123455
-4.918115324719537
-4.90426214794619
-4.897741995897654
-4.897336936825557
-4.896394316428804
-4.8862924248577
-4.877763182795632
-4.869730203579019
-4.867455717197321
-4.8653246848870815
-4.865224738911242
-4.863362668764804
-4.859891548662866
-4.851344621775716
-4.8402875789681765
-4.837688692461921
-4.822477914561277
-4.821386248292722
-4.8100276871403
-4.809153116608758
-4.803604485062405
-4.7827505554829175
-4.780242594142137
-4.779200586040779
-4.778614484777702
-4.776362376980211
-4.776332692713564
-4.766722235488748
-4.766573320040874
-4.765904020216058
-4.764307590450778
-4.758505819298421
-4.73030061807626
-4.7236502307326305
-4.714670129652932
-4.70835919710914
-4.697558040406418
-4.685677691347033
-4.680255563089152
-4.676153288828804
-4.673809728910462
-4.6615794173612315
-4.66101174753895
-4.660204309449948
-4.655659742681324
-4.65413185019121
-4.653292055686725
-4.652587512654444
-4.64970758721234
-4.649350869770391
-4.645139636391846
-4.635050985229812
-4.633617174827142
-4.633304426360016
-4.630624367061538
-4.624381141107335
-4.614501884268151
-4.613504315483128
-4.603332780743353
-4.603325870160072
-4.602874893046503
-4.60082041132988
-4.595646326577241
-4.580998740795053
-4.578064895131325
-4.5772383370913685
-4.575374199022402
-4.572769709727618
-4.56894844975837
-4.560442452956631
-4.550514020530544
-4.5421513056605525
-4.525917261658147
-4.522740993043687
-4.52249277451707
-4.522082677136378
-4.513170277653053
-4.512595242349489
-4.507840782715064
-4.499298785277317
-4.491548436328822
-4.487564558498207
-4.475376008016113
-4.475101606501326
-4.473956410371258
-4.465638605274881
-4.45879382808503
-4.454720250464449
-4.452388464023014
-4.44684385409875
-4.441990919975383
-4.441505010420375
-4.440898287539261
-4.435460964871236
-4.430381941664702
-4.423242392484895
-4.413621854140258
-4.4069408288660705
-4.400272125445949
-4.3958751430538126
-4.382114685273052
-4.38206274130035
-4.38064558570784
-4.377802196997845
-4.371606522421538
-4.368037193522396
-4.3669611709978104
-4.36555719892714
-4.362587655329347
-4.342841745024735
-4.337245407238207
-4.331559647183858
-4.321596955785088
-4.3179950136089875
-4.31741954773616
-4.315219506999149
-4.314028941369688
-4.298062227514212
-4.286538761428581
-4.276877526939328
-4.276796318237601
-4.272940055087832
-4.26875286599639
-4.268116936689127
-4.262841028070033
-4.261220680324248
-4.25793573875279
-4.25681188950495
-4.255037564362794
-4.253116025256038
-4.252182121859564
-4.250101883243929
-4.249779520291212
-4.246731133489387
-4.2298905538475555
-4.20370225357833
-4.1988768713191895
-4.186637238335834
-4.184265334674423
-4.179714554447475
-4.17968758959838
-4.149190786145227
-4.141965317449195
-4.141676598725887
-4.137820951105022
-4.136808112141415
-4.125703175306778
-4.125084847031462
-4.119297649305882
-4.105608331294506
-4.105528272441324
-4.10477045858609
-4.093192235596165
-4.091009730866581
-4.090401653361415
-4.086722831236117
-4.081782499758017
-4.081303687947666
-4.07623685809114
-4.070031482359287
-4.069931104756278
-4.069048553523936
-4.0667761114372105
-4.045170653500469
-4.040709533419486
-4.038446450526011
-4.0344115011435395
-4.026761039561828
-4.026206205398553
-4.025859967370357
-4.019722446841015
-4.013937116183879
-3.999235984255571
-3.9914569541047658
-3.987068219722211
-3.9830406760277643
-3.979466170560181
-3.9732678482615755
-3.971150434693742
-3.969944594609123
-3.966864530043259
-3.96502984659425
-3.9597081666105254
-3.953723703167759
-3.9524945161522624
-3.952378390538087
-3.9483588183134217
-3.947625101847229
-3.9436141264620255
-3.941869535351983
-3.936194593015361
-3.9350448479591913
-3.93352174653795
-3.9326565442208143
-3.9323621039993433
-3.92153810800931
-3.920711504669752
-3.9206343949115556
-3.914483816698298
-3.9136731830976377
-3.900392376727054
-3.898751121473452
-3.8984554088654138
-3.889540149735227
-3.8888533190597236
-3.8867252971841757
-3.883986535514938
-3.8825396334349564
-3.873492545021975
-3.8715665922717832
-3.866580110359542
-3.857542247007057
-3.8545712166712316
-3.8522092476559315
-3.8478168678998994
-3.8451512838559068
-3.844938985447316
-3.8419913229447076
-3.8371862514203663
-3.835937460294089
-3.8255522250046035
-3.821925793846754
-3.8187253913349086
-3.815599112560797
-3.8129622163412473
-3.8073279333132923
-3.8048499202393127
-3.8007458269479586
-3.7913880453895814
-3.7893620084598982
-3.7875797107386626
-3.780863488846226
-3.780476246610898
-3.7803037148415757
-3.7727472293037447
-3.764582988673628
-3.7636336106419894
-3.7621510869874575
-3.7583156873394827
-3.7521531404422532
-3.749905959736096
-3.745370909533187
-3.7396314182993686
-3.739018721148045
-3.7373402845754278
-3.735064020071341
-3.7328612920145243
-3.727806921870121
-3.72358908608481
-3.7151637825233097
-3.703804230731442
-3.702966155430339
-3.698974523020142
-3.6984421644652477
-3.690409173596015
-3.6869137238606653
-3.6832471175375328
-3.681766971644134
-3.6813319832286266
-3.6656397915024064
-3.664117347561222
-3.661458554367804
-3.6550215532081123
-3.6405682650900886
-3.6349161273415773
-3.632221831254687
-3.63174185759444
-3.630374082500337
-3.6301224999371664
-3.6281644625715117
-3.6254560487086156
-3.6242865171958982
-3.6237609739156795
-3.6211133858631865
-3.618749622458628
-3.616860017055177
-3.612442344634244
-3.612096122975869
-3.60364674397862
-3.602872660926142
-3.601514134007092
-3.601087699019794
-3.599620843660513
-3.5830966790303336
-3.5793366825520208
-3.5747787043015906
-3.5709472686968504
-3.5674955783763522
-3.564839063733922
-3.564383741021955
-3.560152076232228
-3.5594486107891363
-3.5562993847475664
-3.5439724223596265
-3.5427693600147903
-3.5399225057930988
-3.5285366430984815
-3.5240085098049208
-3.5181694505780556
-3.516682323934684
-3.516135076069421
-3.5115426385799857
-3.5111096265182122
-3.503294604596753
-3.5011850388379813
-3.49719263448132
-3.4887070360804495
-3.4879708658524207
-3.471610429734608
-3.4676138344893044
-3.466064009679796
-3.458607096845593
-3.457500230182011
-3.449906243378028
-3.442447595571941
-3.439800088551176
-3.4381393983560407
-3.4347290279231615
-3.432670968685235
-3.422339261195443
-3.4153270974792242
-3.4128358516134116
-3.4100099474108836
-3.4065983036795915
-3.400225150850919
-3.3988698178313532
-3.3944038161121823
-3.3906166763144467
-3.39061629078378
-3.3889838642204033
-3.388370600557369
-3.38662459291379
-3.3841851452063345
-3.381956415004038
-3.378842718224367
-3.3630365924686068
-3.361519587749683
-3.3585379588885176
-3.34380015097904
-3.343305791796677
-3.3421210020973344
-3.340858182443151
-3.338545761223398
-3.3325590878019278
-3.3318763424831257
-3.33134566484892
-3.3306857774266003
-3.319583197177943
-3.3157091286425873
-3.315634797999556
-3.3131522397478266
-3.3119037837264513
-3.3005974906366276
-3.294461316771181
-3.2941394467500498
-3.2902527627786085
-3.2850699673054486
-3.2836035120837033
-3.2819893790421757
-3.28173549516249
-3.277037885067213
-3.2660384975490855
-3.2635690688239873
-3.2634760876390834
-3.255575785336816
-3.2552851900540447
-3.2489120009286023
-3.244632000546903
-3.238211416408391
-3.236915442430462
-3.236093958546994
-3.2314878538267604
-3.2270306767047354
-3.224392766938478
-3.2202492950985233
-3.2170913314126874
-3.2150398307709445
-3.209997433531437
-3.209855059700878
-3.2033362584051335
-3.199539126494534
-3.198883198104924
-3.193789023810695
-3.18142316112873
-3.180037416750039
-3.1791181454040047
-3.169186922861576
-3.1601831698127953
-3.1539904041322884
-3.1522961576478545
-3.151368866991707
-3.150212689524066
-3.1498075095292615
-3.143362159752394
-3.1430884094704687
-3.140349518221348
-3.1398590277805054
-3.1365184435430473
-3.1329605590050944
-3.1260264413505574
-3.1245072539539795
-3.124401574593568
-3.115714450865492
-3.114385930171884
-3.1080641229515154
-3.1063184942969664
-3.1038837652668207
-3.1031973900283507
-3.101375618370905
-3.0998550592299274
-3.099434964574587
-3.093437921785616
-3.0884564321661103
-3.0859301428359656
-3.079667812812581
-3.072083603666505
-3.0711148012088048
-3.070538283423629
-3.0671575159523643
-3.0606444139189404
-3.0598191616863373
-3.0577247393137936
-3.0566592375140322
-3.0535720729436617
-3.0529473154017297
-3.051406994616565
-3.049551891253518
-3.0479685064472064
-3.0475757156159125
-3.0448873893011497
-3.0358284100873436
-3.0344695746515975
-3.0294646329297965
-3.0283084771391944
-3.027689839698702
-3.0255535688841326
-3.0238248451995378
-3.0202100211891523
-3.015314735308155
-3.014125093477863
-3.0129802770574545
-3.0094525454580943
-3.007926040532098
-3.0036894421244535
-3.003566567844432
-3.000531760297255
-3.000485345770949
-2.9959507245426824
-2.994943969350789
-2.9913624043058573
-2.9906023854333474
-2.9893496260156427
-2.9854228095156046
-2.980233775980812
-2.976926475138275
-2.970408688196564
-2.9662702266111802
-2.960218017874023
-2.946413032697296
-2.9446885734638633
-2.9418271814817767
-2.938938501057494
-2.934889079354707
-2.9316079550118483
-2.928764279564925
-2.9191570978163286
-2.9151369057070706
-2.914541667062143
-2.9096888977515887
-2.9085805613786415
-2.906139436485184
-2.900795060048562
-2.900577709293918
-2.9000922012288504
-2.8992442139241774
-2.896235483163058
-2.888607073613379
-2.8877980176886986
-2.8877612075053007
-2.881184640908555
-2.8806130882598304
-2.8805389659703673
-2.8738318927343864
-2.8685769483047086
-2.8670152688043675
-2.863485688706665
-2.858205599238474
-2.854020864651841
-2.8537288044544495
-2.853419539732786
-2.853302780840469
-2.8514877951134965
-2.8490373656158
-2.844797819093774
-2.8440040903094213
-2.841293156064018
-2.8397040098969457
-2.835570335515092
-2.8335791547858316
-2.830553605019852
-2.82810463396941
-2.821224422365457
-2.81846397728176
-2.816622498461975
-2.8164458048454963
-2.8143773200662503
-2.81257683457794
-2.809430922363487
-2.808056448120692
-2.8023698741321335
-2.7970114936699346
-2.789866531634396
-2.7896398860957494
-2.7870094578344315
-2.786062435671539
-2.7826401517051593
-2.781592267941873
-2.7798874964064466
-2.7779781728275665
-2.7738303109713636
-2.76600027961622
-2.7615955503698224
-2.760964384793165
-2.7507557093634447
-2.7462175325834766
-2.7454295553163894
-2.7445939742735526
-2.74372960797547
-2.7406624675383133
-2.7398016564621717
-2.7397595321690296
-2.7392316076621546
-2.7314789515291036
-2.720010946671163
-2.7195633669512254
-2.71924427977199
-2.715177368151725
-2.705451003485558
-2.692785582251638
-2.6925718071665194
-2.6913071526831733
-2.6880012097085944
-2.686975046022354
-2.6808866597935515
-2.6807191503311985
-2.6804146644579268
-2.6800791999047995
-2.6793352312905543
-2.663140946639029
-2.66224675401095
-2.660219528866188
-2.6577212629011417
-2.656732919018479
-2.6531085595472232
-2.6527935830256024
-2.649541489389301
-2.6485145133330987
-2.6415329497916886
-2.6396927196860327
-2.638569522534996
-2.6326039465887527
-2.6312221347714124
-2.6297067980522755
-2.6294441723073025
-2.628995391408771
-2.628675061157053
-2.625010160998868
-2.623818404844642
-2.6213191041391637
-2.6211065014296775
-2.620451067252586
-2.612881034767513
-2.610852419057178
-2.602964116378269
-2.6027319795538584
-2.6016762114588015
-2.5990301376670915
-2.5956075068567976
-2.584026248102246
-2.5835522600984855
-2.582688193269406
-2.5814826391828642
-2.5805042749959326
-2.580361136188382
-2.578234067118467
-2.577610301174938
-2.573179720705024
-2.5722451416524192
-2.5704892486442144
-2.5671850791135165
-2.5626708850825737
-2.5614923200076647
-2.5595090627170376
-2.5467922323444525
-2.5391488809632317
-2.5382839417957777
-2.531592693362743
-2.530971800066698
-2.5303930137800954
-2.5264764728536897
-2.525031109465833
-2.520940353392422
-2.5162767435593194
-2.511813070735017
-2.510488090931728
-2.5102948715776305
-2.5092078605648194
-2.500222265423174
-2.497096824998761
-2.495967656153498
-2.487793031012841
-2.48776985433901
-2.485882339640303
-2.4851348876857133
-2.483948283124983
-2.481768013625425
-2.478998470963092
-2.4745326181805813
-2.4711247395342144
-2.4701416794815803
-2.4684895929296795
-2.4632282469317492
-2.462298937133149
-2.4599703693818187
-2.453709465474221
-2.4519889342075603
-2.447971376319117
-2.4468891336562413
-2.443808616734462
-2.4420847400619805
-2.441775776865346
-2.4385283527724977
-2.437740002415262
-2.435754867969841
-2.4357127305476185
-2.434714481238781
-2.422917297650534
-2.421335360266661
-2.420802482812716
-2.414406659807324
-2.4008535507934226
-2.4002149271132827
-2.398750698391778
-2.3969930735515628
-2.3880462397420676
-2.386628478211356
-2.3857140720809586
-2.3856335472651384
-2.3847991727995335
-2.3691485813497764
-2.3659416107633255
-2.363312973859977
-2.361616571837063
-2.359965064548545
-2.3536821499463736
-2.3514288110134514
-2.350909393138288
-2.350245988917862
-2.3488224601981
-2.3442924962360516
-2.3423331541088888
-2.336508138614347
-2.3341014305282517
-2.3340200922905416
-2.3320883793874736
-2.330902385274447
-2.3308888738380733
-2.329882681971742
-2.326741735443418
-2.324036521666891
-2.317234706722211
-2.316565339674934
-2.3140375330980945
-2.312462481819958
-2.311691162686753
-2.311001562143083
-2.308617923927679
-2.3067896912547945
-2.30448658142545
-2.300688691272766
-2.2998039918267583
-2.297674337397612
-2.295393346951952
-2.295315850899424
-2.292543878417007
-2.2918108416039242
-2.2907161449928037
-2.2900407003828187
-2.2891547481571664
-2.286565779491112
-2.279248883361076
-2.2791731705695746
-2.2766836726559303
-2.276162237812031
-2.272955247875904
-2.2721559012270838
-2.2695279982932717
-2.267138685163363
-2.264912064607621
-2.264547852175791
-2.2610224816873328
-2.260558105863471
-2.2569076860877946
-2.2555509782436745
-2.254170609552862
-2.2508344504310562
-2.2480290608181015
-2.2440169538195165
-2.2430625842940346
-2.2401699105747728
-2.2392368796282027
-2.239233158848444
-2.2340610290634544
-2.2338484971963664
-2.217197687197177
-2.2156315702047804
-2.210651864544711
-2.2041717103128353
-2.203930684882696
-2.2014265030161946
-2.201053269985194
-2.2005248317432926
-2.198129896111832
-2.1955522131627165
-2.1916650477111697
-2.1915892958731193
-2.189524793852881
-2.185677762963796
-2.1853769997994146
-2.184771010075504
-2.181765338698325
-2.1804495963160337
-2.1801352539589938
-2.1774625883588636
-2.176947347347207
-2.176773661176779
-2.170178772204998
-2.1692801852196895
-2.169197952331521
-2.1674595871617433
-2.166668787547037
-2.1649414445034147
-2.1603490896309356
-2.158634647479644
-2.1566346158173384
-2.156082513439102
-2.148729262059498
-2.14731651164632
-2.1460513756528137
-2.1453742807343135
-2.1436017995513565
-2.1431295595576128
-2.137062125451244
-2.1363094661548736
-2.1358870751815076
-2.1350969086244564
-2.1336251508807624
-2.1319820096292728
-2.1317929512157154
-2.1305526870862797
-2.1244597669447396
-2.1220540952555864
-2.1211245713329476
-2.120818769305505
-2.119683589095385
-2.1189729627443725
-2.11557285248875
-2.112592540551444
-2.110784236801293
-2.1049843148764142
-2.103110784331654
-2.097452339232578
-2.0961787121622195
-2.0926740756237185
-2.090981417042949
-2.0892471291829318
-2.08838244604637
-2.0877002860057545
-2.0844309186757184
-2.082241069444106
-2.081669701669303
-2.0805977498630144
-2.0804966630274895
-2.078266867369798
-2.0774537188719497
-2.076363461667945
-2.072900855220828
-2.0725999371018116
-2.067504579381144
-2.066647249020753
-2.0656996638950673
-2.0594807894458906
-2.057140139965871
-2.057095264744122
-2.0562742094301463
-2.055990914159142
-2.0461894319220866
-2.044805300566351
-2.04452343165834
-2.0403917955668303
-2.0394099413794393
-2.0377860312219394
-2.033001472889554
-2.0329376062704263
-2.0235363774421664
-2.0217131772737202
-2.0201938438612306
-2.0197933022053665
-2.015059161280864
-2.014843235106029
-2.0118112859688595
-2.0076715692905602
-2.0056012573926845
-2.0046960821020967
-2.0045127779487237
-2.0029589553645195
-1.9924176471597526
-1.9911475252848319
-1.9904667993692067
-1.9886959297697562
-1.9873700440139088
-1.9848021499454656
-1.9846315809721475
-1.9841593856793738
-1.983369381871283
-1.9828743573184413
-1.9766430629886385
-1.9662735000571274
-1.9644622692874827
-1.9614688780730725
-1.9586097256406743
-1.9579075203267684
-1.955926737566509
-1.9557470899216822
-1.9549740791544947
-1.9519739764041697
-1.9470696743834264
-1.9464899864638228
-1.9451133784788737
-1.9403078753206664
-1.9386774630126722
-1.9365358644650612
-1.9313969492406702
-1.9312756280996144
-1.9287513757564185
-1.928683371255992
-1.9240281277696307
-1.9225964431964084
-1.9212681266563292
-1.9122130097019543
-1.9110030676295706
-1.9107467095550033
-1.9044683964768692
-1.9042455529426217
-1.9031704765467503
-1.8980251642662438
-1.894863302453785
-1.8940457465424436
-1.8926028799571664
-1.8885718224389467
-1.8864325119052765
-1.8795739557548434
-1.879027842698238
-1.8760284143189248
-1.872685613784732
-1.872681279240744
-1.8701805820528947
-1.8683106335567197
-1.8672649794709009
-1.8672348967501002
-1.862908559910104
-1.8602430725760875
-1.846203673352953
-1.8431643862346228
-1.8421903128994075
-1.837399530959554
-1.8355681514945155
-1.8342027731220134
-1.8283908891191154
-1.8271110204694634
-1.8229677928016046
-1.8194297074234569
-1.8188902086533831
-1.8152723430402622
-1.8140076100617202
-1.812704462720072
-1.8093513261431742
-1.8071496040233765
-1.8063456808041218
-1.8054669989870806
-1.7996973031699548
-1.799375043630826
-1.7982865123907565
-1.7941050876878384
-1.793352157501674
-1.7921420660636733
-1.7903708811886274
-1.7870434922647995
-1.7837411502626552
-1.783168751985868
-1.7813671351767923
-1.7807352767537616
-1.7681088595275685
-1.766875434221659
-1.7654137822267388
-1.7640074548567801
-1.7532174103792584
-1.7523870200115077
-1.752225630839908
-1.742252403989606
-1.7385510908460196
-1.7365573970558317
-1.7353287174469507
-1.7295430861563812
-1.7290736572367673
-1.7288482633030255
-1.726572107896743
-1.7258712446954374
-1.7251260062229927
-1.7221749369243153
-1.7180215963548884
-1.7162829453920008
-1.7162397360695203
-1.7138559787538077
-1.7128207948048808
-1.7118094689852315
-1.711198733144513
-1.7095609226405437
-1.7077577942680615
-1.7049967183745647
-1.7030389990008048
-1.7024026092151336
-1.7009018754473049
-1.6961695263453642
-1.692656264623003
-1.6916328155820044
-1.6907917440456801
-1.690222269841211
-1.68596654776103
-1.6838423639780424
-1.6837259337442438
-1.6799084947385539
-1.678741947926587
-1.678647584480343
-1.673263789002863
-1.6656431893825527
-1.6654402704197138
-1.6645053751256056
-1.661070299855937
-1.6607537034829583
-1.6570919325919045
-1.6543337378438494
-1.6498166744167264
-1.6481212265438043
-1.6462474392808164
-1.6425942212161846
-1.6423768902637534
-1.6414582866705785
-1.6372526089868815
-1.6361385084783562
-1.6360897330760313
-1.634731441239821
-1.63338492550998
-1.6315343241850713
-1.6299750007593743
-1.6290351892905182
-1.6277035330581058
-1.6234528249069586
-1.621702534226768
-1.6203078197563956
-1.6192569907624326
-1.6162255500014582
-1.6154655710084997
-1.6129227514246622
-1.6103838048551922
-1.609443992661785
-1.6013159716140073
-1.5985396519066786
-1.5935139493306347
-1.5914184743655397
-1.5907044571451778
-1.58976659361124
-1.589333286483058
-1.5874645369505203
-1.5846718060380758
-1.5846060161721751
-1.5837784261159613
-1.5812709187994571
-1.5812156686385042
-1.5791831494645232
-1.57257342993789
-1.5716221352511381
-1.570465920491316
-1.566968417239053
-1.564904776184318
-1.5635611156978755
-1.5619014885168203
-1.561720514749021
-1.5603556120863575
-1.5570306056146166
-1.5555901125057536
-1.553795615236194
-1.5505246581992251
-1.549469599768376
-1.5465505730268496
-1.5460870352673
-1.5418489825561466
-1.5400377198128568
-1.5379431938946257
-1.5367726216492303
-1.5275467354672725
-1.52134211546263
-1.5195824394402877
-1.5176863565922452
-1.5142123405216785
-1.5137128120463725
-1.5128758880901845
-1.5117193633371253
-1.5105623891939333
-1.5082167690779573
-1.508209608052137
-1.505246377339623
-1.503964676230033
-1.4955716772214607
-1.4948068937055883
-1.4925693314039408
-1.4901126856802995
-1.4884388124864731
-1.4867744508143719
-1.486688913260259
-1.4818625752937051
-1.481677571170047
-1.480929333780352
-1.4795194179766102
-1.477851336998754
-1.4766747737274557
-1.474519544898193
-1.4740026035902027
-1.4733276141750942
-1.470336094616442
-1.4698669338254422
-1.4636533007895003
-1.4622476841001601
-1.4612795000613368
-1.4609411651682664
-1.4583494235185093
-1.4582669414627518
-1.457408144017678
-1.456921757507147
-1.4476999590875863
-1.4465681262526215
-1.4410795764945612
-1.4384339769994452
-1.4382406546560653
-1.4376431099740412
-1.4359119073020006
-1.4348381565097077
-1.4328506011885116
-1.4292455576478214
-1.42842725117135
-1.4281012980864796
-1.4277889018881895
-1.4240216839809015
-1.4206618494175522
-1.4200948945779357
-1.419401263475962
-1.4141153392030155
-1.411689745131874
-1.410321453233105
-1.4073808750307713
-1.4072171234031325
-1.405609338304874
-1.405199524485989
-1.4014362048906837
-1.3942444275299228
-1.3849664160034547
-1.38428166820445
-1.382142907363936
-1.380264874835804
-1.3776206646868454
-1.3771551337044339
-1.3763090573718757
-1.373716742199742
-1.3729428710227833
-1.371004805206524
-1.3703973915421714
-1.370161388996112
-1.3700835936579459
-1.3692069758537724
-1.3686300783575502
-1.3651104747828116
-1.3635456832701698
-1.363298678754433
-1.3608593789181402
-1.3566867094126156
-1.3549062752537142
-1.352109036481991
-1.3515463342677647
-1.346467014250835
-1.3439972170878896
-1.342811205375662
-1.3413001277599321
-1.339937051972806
-1.338153455136564
-1.3369672165938806
-1.334029947677393
-1.3337901676645982
-1.3314500008691006
-1.3295213954857816
-1.326270974175177
-1.3259160517809092
-1.3257141683230076
-1.325203130023623
-1.3232360690924372
-1.3197461069509533
-1.3174022966312784
-1.3161328061363333
-1.3157388948795132
-1.3150928350058542
-1.313430985777313
-1.3119328596249813
-1.3111708835923463
-1.30609930909265
-1.3011694729650098
-1.2944099902988262
-1.294208792736681
-1.291277679646704
-1.2885234514469461
-1.288481178306333
-1.2865649041465934
-1.2855998600761769
-1.2852671994705407
-1.2842061997767122
-1.2809231381783082
-1.2773523153793773
-1.276652825299434
-1.2748634197018234
-1.2743719001671117
-1.2727386524714066
-1.270595358831461
-1.270408999038772
-1.269598434755946
-1.2685918035806956
-1.2650219613065445
-1.2606761073017108
-1.2598905209894538
-1.258207617504418
-1.2576142803091441
-1.2573573251730406
-1.2551555886244283
-1.2535134183721213
-1.2520282402586047
-1.2472444306595623
-1.2450196034885748
-1.2433640586109393
-1.242727864890217
-1.2426818391987224
-1.2415792783181887
-1.2409871983298566
-1.2349912177788913
-1.2345053026849033
-1.2334440661625234
-1.2323417066004838
-1.2310335833368957
-1.2309582906959884
-1.2298193643950182
-1.2245721793784887
-1.2205657465144024
-1.2181488558266311
-1.216592214346294
-1.216344560137423
-1.2092742057278318
-1.2091381582293295
-1.2051675320485615
-1.2048305588433954
-1.204227930288505
-1.2032010224811287
-1.2017279113383008
-1.200170708931294
-1.1969042108352927
-1.188523215901376
-1.1879179807270615
-1.1871909379583
-1.184891466477845
-1.184407431125288
-1.181827683202561
-1.176668998292695
-1.1755351359593345
-1.1739057574284866
-1.169801609561405
-1.1651960430596828
-1.160512222026243
-1.1602391321171082
-1.1580690037310548
-1.157983910071656
-1.1563495093389458
-1.1552137209247622
-1.1548967021016283
-1.1547625757467896
-1.154122075464175
-1.1532654577786974
-1.1527201466949069
-1.1482133459311756
-1.1475449664743698
-1.1463821034856496
-1.145524148553252
-1.1444704412419637
-1.1435909363922474
-1.1426908231942217
-1.1416255448022905
-1.137522378720765
-1.1344028840252567
-1.1343028951712122
-1.1341837175154554
-1.1340341220119776
-1.127578449738456
-1.1274108325125152
-1.1269146855378778
-1.1268769060983859
-1.1238755122520174
-1.1227529374413363
-1.1213798640391421
-1.1207627383417258
-1.1199194322432233
-1.1136800396390982
-1.1129154690849128
-1.1122635813858173
-1.1065723941857744
-1.1050858982349427
-1.1036558248889456
-1.1021740203239538
-1.0980377759847513
-1.094542722331513
-1.0934615194243322
-1.0921982286128356
-1.0913933577350121
-1.089916248183791
-1.0894192702333438
-1.0889911597727095
-1.0863270276381902
-1.0840187186936894
-1.0833205741625758
-1.0832551202448877
-1.0829544126776562
-1.0818746061076612
-1.081079239177474
-1.0787414822477364
-1.0776936716850116
-1.077220787780025
-1.0770508444921576
-1.0735362066296208
-1.0733678475907502
-1.0715996564205132
-1.0700679713066377
-1.0693777329335905
-1.0686400666066147
-1.0644054775880782
-1.0638978454442045
-1.0610583524539516
-1.0544740554212795
-1.053620352132584
-1.0517183737080664
-1.051602428464654
-1.0501379483341688
-1.0494221900350063
-1.0493104458608662
-1.0484846610097258
-1.048105509164977
-1.0478584195203313
-1.046946514065616
-1.0465731473841529
-1.0445327799332789
-1.0419761018117804
-1.0370806969502921
-1.0339495102019247
-1.0329982329101253
-1.0273918428500166
-1.0263850245934933
-1.0252143479057074
-1.0228285608668786
-1.0212662159651895
-1.020847297513105
-1.0205017217404608
-1.0150590632489824
-1.0150033693649056
-1.0145847101307441
-1.0144667637226101
-1.0140664572572766
-1.01345158508177
-1.0125503526722937
-1.0100152232535964
-1.0096614896434382
-1.0084558463865867
-1.00737501209188
-1.0055590288246214
-1.0009966762766873
-0.9999000874207
-0.994909742230817
-0.9936320555068774
-0.9899546943073178
-0.9872014870370864
-0.9868135892251532
-0.9863937148117973
-0.9816772570498123
-0.9814297755124868
-0.9810349007324446
-0.979428054515322
-0.9767035070036073
-0.9762597568172487
-0.9688408667994194
-0.9675966497150497
-0.9656822836869446
-0.9656702365719848
-0.9638678294728351
-0.9635308229185976
-0.9626120980585704
-0.9625322009519433
-0.9598754274763296
-0.9574678022870291
-0.9508580987093939
-0.9505738035957527
-0.950515051345973
-0.9487664047491466
-0.9467523500416658
-0.9464398040904434
-0.940350958575521
-0.9401645546733631
-0.9396015705076146
-0.9365010978685886
-0.9359465053134483
-0.9357474396477383
-0.9355566815672938
-0.9331345141945524
-0.9323588601830374
-0.9290373400375613
-0.9289403523555797
-0.9289235299070009
-0.9239962096454927
-0.9212874547439612
-0.9180168532965863
-0.9162727508442641
-0.9148750601150171
-0.9113779845398977
-0.91083486766583
-0.9105170908940025
-0.9037730548670271
-0.8979457519091043
-0.8979267637169688
-0.8922132692626221
-0.8920005806259174
-0.8883505729763662
-0.8866259418701539
-0.8865854620725113
-0.8861122199527224
-0.8854389735702113
-0.8838191709245428
-0.881302459005342
-0.8771870638987561
-0.875436371297103
-0.8751541940077444
-0.8687645488848308
-0.8682537040509517
-0.8680561657921655
-0.867215904863673
-0.8668370438064458
-0.8632627962299562
-0.8627306963335234
-0.8626369002583725
-0.8607503752223177
-0.8605724539222985
-0.8568910139613175
-0.8566778679980903
-0.856209303536772
-0.855530265483246
-0.8537422300125499
-0.8531121500956764
-0.8520550287684197
-0.8513241518575273
-0.8507050248362926
-0.8496355655621076
-0.8481653239829543
-0.8457590218424892
-0.8454951880047626
-0.8453780534505235
-0.8431376321992291
-0.8430479769531648
-0.8412573636859126
-0.8391019107818409
-0.8388710667877586
-0.8363859240337022
-0.8348538186066558
-0.8343659777175448
-0.8334139143286248
-0.8322461291275481
-0.8302624660315405
-0.8270644511973078
-0.8244880107986319
-0.8231030567063685
-0.8214220137795433
-0.8182053445590736
-0.8178973696114554
-0.8170435537479189
-0.8128452239969318
-0.8127391829281256
-0.8112782142924184
-0.8071636811723366
-0.8057291253585465
-0.8029391859546228
-0.8028464693029504
-0.800823878299946
-0.7980608201731835
-0.797690116680148
-0.7961906027328719
-0.7955931730738274
-0.793592194341773
-0.7907615888873636
-0.7903297990224324
-0.7885985470887421
-0.781380907294914
-0.780079145438811
-0.7772109696743809
-0.7753943246025918
-0.7744009920123706
-0.7734513871089874
-0.771551044284215
-0.7705336569031505
-0.7684498882212483
-0.7669391154674502
-0.7664457781780095
-0.7660697728681537
-0.7647937851266812
-0.7646165098488438
-0.7640266210289892
-0.7629792976310091
-0.7612816511918272
-0.7572872194808515
-0.7535823340800889
-0.7530731383662289
-0.7530196050522523
-0.7510986229865042
-0.7508756066793694
-0.7502227102091615
-0.749868849174095
-0.7494909399162708
-0.7488673174127762
-0.7418037596499265
-0.7406337344773427
-0.74032779493618
-0.7370675034467412
-0.736465385262963
-0.7342084355173636
-0.7322683259221359
-0.7304895990850885
-0.7265283176262094
-0.7220399027913742
-0.7201002457255916
-0.7186795044839684
-0.7181084839503281
-0.7177403380212032
-0.7166554183179171
-0.7152086137089445
-0.7136442353222208
-0.712784866829787
-0.7034478700279374
-0.7013275546556528
-0.6994495147970194
-0.6993262360932839
-0.6990950557640876
-0.6988717491000014
-0.6974676334841647
-0.6967281110094273
-0.6965140993370111
-0.6950477790339675
-0.6901263389566709
-0.6874463343131715
-0.6821521545488748
-0.6818200614129686
-0.6817751953826238
-0.6805844289342112
-0.6800406671662613
-0.6799043689948517
-0.6794479724914921
-0.6781758235622736
-0.6768107806657091
-0.6728403846760074
-0.6716091126469231
-0.6712847132743406
-0.6633182112230633
-0.6618576646990626
-0.6610225056427173
-0.6600927707480682
-0.6598777415707431
-0.6578018344695067
-0.6544286129526737
-0.6542918008991655
-0.6535220926254706
-0.652681256279944
-0.6478447509307005
-0.6463547512870009
-0.6449191021295095
-0.6442711382011954
-0.6388755673042771
-0.6353852965589291
-0.6350520038226852
-0.6349465353211182
-0.6347046565530106
-0.634037784645007
-0.6323408780934262
-0.6318545847222536
-0.6315003592336523
-0.6249157908863335
-0.618865770856975
-0.615565015711121
-0.6149643602882102
-0.6132975455851805
-0.6103439725908459
-0.6094758378929469
-0.6094404877857452
-0.6083114236612844
-0.607410606283465
-0.6070839434988321
-0.6069195544782667
-0.6067470276653707
-0.6066051128576395
-0.6048501288819756
-0.6035854567503705
-0.6028152685956509
-0.6027554520457259
-0.6002359359226414
-0.5999627402637926
-0.5998362392193624
-0.5995870340534393
-0.5976891034346018
-0.5948614598292872
-0.594631095307745
-0.5938904487556967
-0.5938506136422934
-0.593220369274461
-0.5922294798298985
-0.5910681494298867
-0.5899770320304587
-0.5884285426541156
-0.5855699172303173
-0.5845418143394546
-0.5828154688174523
-0.5827414285403391
-0.5804096096063346
-0.5796476103334813
-0.5783372550426746
-0.5783196752968605
-0.5773185738726486
-0.5750057343971373
-0.5746220432409277
-0.5734909881856023
-0.5733313162047
-0.5719525817001136
-0.5680931838338703
-0.5678729228659255
-0.5668063250498394
-0.5666793520269809
-0.5639981170602347
-0.5636764375926043
-0.5636170621464702
-0.5619992133101582
-0.5594068986920953
-0.5561010554074818
-0.5557507643041968
-0.5557288557801402
-0.5555635625340168
-0.5548013401413788
-0.5524151933314809
-0.548681017228581
-0.5476490886753044
-0.5399167024562147
-0.5323198894816918
-0.5310281735823362
-0.5304670457749853
-0.5288567182382696
-0.5270195218356688
-0.5254312145843311
-0.5241105626913082
-0.5230620358249555
-0.5204371549555377
-0.5197325701466345
-0.5190253684151157
-0.518690945087268
-0.5177077607163277
-0.5168998146050583
-0.5163676698395236
-0.5161103756388177
-0.5160222386726827
-0.5151592452312246
-0.5124907261435209
-0.5118404720552303
-0.5116297919012192
-0.5106967686383854
-0.5087191133023375
-0.5075496696645343
-0.5066858345493784
-0.5066580437296905
-0.5047261413912016
-0.502450678964304
-0.500885453384563
-0.5003825451472027
-0.4975557730536261
-0.4970617007984356
-0.49639886389979265
-0.4947385290449213
-0.49218089100855866
-0.4888219035424516
-0.4875777959773596
-0.4874034454133349
-0.486889020064702
-0.48236016465146947
-0.48190813346604033
-0.4804080890554948
-0.4801099325840692
-0.479713184366921
-0.4795807199952029
-0.4771133747116039
-0.4764393740964674
-0.47492833253053496
-0.4738457817008268
-0.4700629340615775
-0.468889802589168
-0.4681943842922485
-0.4628992990626719
-0.4624186877077531
-0.4610596949044813
-0.4593802828240202
-0.4592778649338439
-0.45866800727887047
-0.4559641808638881
-0.44995126311325234
-0.44989883235495154
-0.44703909822516075
-0.4428422235800172
-0.44277460263483814
-0.4416713889287609
-0.4412255996638922
-0.43742133390505467
-0.43602595279064127
-0.43520680783534127
-0.43488262223731744
-0.43446291827683325
-0.4246133871459242
-0.42048309083567104
-0.4182688509868422
-0.4174539013775429
-0.41555227080287976
-0.4155349975976353
-0.41488863915475116
-0.414460901886749
-0.413199116443266
-0.413150071405196
-0.4110485332493764
-0.4093307487368971
-0.4088950453491156
-0.4049850787483592
-0.40485090386764755
-0.4037134846042002
-0.40106809589456127
-0.39678675931558643
-0.3942190497790139
-0.39027315588117906
-0.38643141624631766
-0.3861795250803224
-0.3861125607039569
-0.3836765011042271
-0.38312721323593907
-0.3798418282759346
-0.3795607504067008
-0.37862524689664984
-0.37069305361779487
-0.36780066745201434
-0.3676324817615434
-0.36753455382679434
-0.36734676672734456
-0.3661662623792252
-0.3655677972597389
-0.36462005823729743
-0.3600909034186768
-0.3578468009721372
-0.35257214952634025
-0.35246894614840096
-0.35122622089474875
-0.34877555679337136
-0.34812373582312117
-0.34746196807231966
-0.3468023037896586
-0.34673321161098986
-0.3443518255001452
-0.34386435130499193
-0.3433749087247225
-0.3422479976957205
-0.3401605334297452
-0.33866629291043837
-0.33831630319203404
-0.33683886001589863
-0.336716719635174
-0.3358142494664643
-0.3349601223405484
-0.3337740379115539
-0.330851244925754
-0.33073760617798675
-0.330385567151408
-0.3300103247383913
-0.3294647988315924
-0.3288545702724788
-0.32621669226609545
-0.3219629446366224
-0.3206082004974832
-0.31923867492275715
-0.31822416833752565
-0.31817378127401474
-0.3175730480110739
-0.3153150277302418
-0.31472449167552474
-0.31423660855982444
-0.3123609233666158
-0.31222317587079595
-0.31203254361080546
-0.3112638450124483
-0.31119372834283393
-0.3064099728707909
-0.3042234489818148
-0.3009579178534899
-0.30093839800952693
-0.2952689844396462
-0.29366955481802326
-0.2935643481987895
-0.2932583640902374
-0.29186965603784143
-0.29078457725508355
-0.28887335311290074
-0.28656540814423304
-0.28262243909428086
-0.28189829072681666
-0.2800889811927893
-0.28007637071755265
-0.27993871340660115
-0.27921469355529077
-0.27837068509978524
-0.2763133621089874
-0.27563645405994075
-0.2753268354927122
-0.2748005660681881
-0.2747691643980451
-0.27443262462764767
-0.273933954016396
-0.27349928995228856
-0.272653857576575
-0.2701150665338893
-0.26910797788830165
-0.26858063264828497
-0.2665661383050826
-0.26548586354835957
-0.2652368912411527
-0.26457926665005926
-0.26087928430366125
-0.2597648591288736
-0.25821474589872595
-0.25561395639880635
-0.25364040285231815
-0.25313311253469056
-0.2527406138557211
-0.2524721496268395
-0.25156361395067817
-0.2504192769823973
-0.2497223195499458
-0.24954645753805815
-0.24941720444281737
-0.24655827720200552
-0.24397261866674258
-0.24342655408179625
-0.24335343698800924
-0.2428385399717974
-0.24278989709916876
-0.24099759834228335
-0.2401666996643309
-0.23974450770778744
-0.2387874082453556
-0.23831396349018402
-0.23649081133597039
-0.2333757698956275
-0.23160785215775284
-0.23081047944156563
-0.23050408057983957
-0.23034980283645556
-0.23018219406891588
-0.22856816630657031
-0.22640451079584856
-0.22619216311958357
-0.22616446903137893
-0.22571039823338235
-0.22539814680088566
-0.22481054746675755
-0.22400054011195736
-0.2238854444811701
-0.22356091587697513
-0.2229955065639298
-0.22203126719778954
-0.221255823852062
-0.22007405378781836
-0.2187653576330154
-0.2187647089831874
-0.21872857511651225
-0.2162097352056052
-0.21157761921952312
-0.21072654389951234
-0.21004091006757586
-0.207644498511809
-0.207348501449367
-0.2026432729158542
-0.20173116113661083
-0.20150499748653894
-0.20051059692414241
-0.20007075091980153
-0.19928811973135763
-0.19847776133921102
-0.19779138608672753
-0.19690792836461324
-0.19443015659920182
-0.19327745986993364
-0.19281684190455062
-0.1911227773828157
-0.18925915823084438
-0.18492068189284608
-0.18472622966764318
-0.1832322430091189
-0.18263360768399015
-0.18226507801128133
-0.180697520487764
-0.1801255655330998
-0.17988210386438397
-0.17853837062771005
-0.1784051753534316
-0.1775453224490574
-0.1762848933187564
-0.1760628619229475
-0.17540143109920736
-0.17509307678386943
-0.17283959387850995
-0.170335954669639
-0.16943350728766826
-0.16067394501732257
-0.15954737510920342
-0.1574687138336242
-0.1534669305194145
-0.15338121429442975
-0.15134268572565798
-0.15031265955250905
-0.14976486325574168
-0.14673945836185473
-0.14502232463248707
-0.14472839853547437
-0.14380801074681016
-0.14296548859543892
-0.1417593899701332
-0.14043321697712005
-0.1390480745523287
-0.13874712807646772
-0.134928140048802
-0.13333427172136791
-0.13283784444619828
-0.13028427407237775
-0.12982559151285467
-0.12811422471419776
-0.12739350414296685
-0.12638551506089857
-0.12543494015077605
-0.12534585817002286
-0.12425457205546056
-0.12355943954907556
-0.12220669465685466
-0.12196133161183614
-0.12011692138825192
-0.1189986786005568
-0.11519560076458996
-0.11348097054761563
-0.11172129882568815
-0.10956268708657457
-0.10694812085914474
-0.10652958989208072
-0.10613109468592918
-0.10531288287062524
-0.10523977607148882
-0.10151164832239623
-0.0988850271296205
-0.09806359453531055
-0.09653524558097115
-0.09649513137141508
-0.09585893373598009
-0.09412805040900607
-0.09204632929526405
-0.09188999952427412
-0.0861740585386433
-0.08478545780500713
-0.08327871722657576
-0.08284962518305505
-0.08094697955763941
-0.07865205436455514
-0.07703916680891043
-0.07662621745377407
-0.07612837273452722
-0.07565525516141369
-0.07449024419472416
-0.06998205812279656
-0.06911658241069207
-0.06837148399895865
-0.06831715147178241
-0.06715076207103621
-0.06680238604077371
-0.05956371512889724
-0.059327527879550784
-0.05866654083265832
-0.05865588188017512
-0.05474226447776642
-0.05330257434912877
-0.052087956866349816
-0.049581206665446964
-0.047842767211503046
-0.04218823636303415
-0.04055411229813943
-0.04042285799819782
-0.040217276115128375
-0.03975270989037538
-0.034339037972223596
-0.03160606629317014
-0.03147747451875016
-0.03129548913707081
-0.027492005305484457
-0.02736795546716364
-0.025559601615005256
-0.023019263139304358
-0.02187247995573266
-0.02009935303035898
-0.01999222352079999
-0.019632113218255365
-0.019119427895063767
-0.018464509928613815
-0.017532005414569563
-0.015142935990176354
-0.0150384742308588
-0.012737190806821785
-0.010248412050890943
-0.010215413005489948
-0.009727424742961066
-0.00816863458566619
-0.00730036329100614
-0.005457322781100671
-0.002713107577326568
-0.0017966739711771096
0.0015140659576104443
0.0023749897513709595
0.0025292311232705256
0.0035616665088350485
0.005914184173116288
0.005985390469915197
0.006060217310483784
0.007197992813204768
0.009972019413096889
0.012821944035791233
0.012983240029052379
0.013124514858253111
0.015532787010803073
0.017287989542112858
0.02039470633808349
0.02108761050715451
0.023339700996877988
0.023886461000222514
0.024974784536142103
0.02561585608838024
0.026073651173600387
0.026707304458509773
0.02703406343918953
0.028117694626116574
0.02863211515631342
0.029067174495560844
0.029670937807486586
0.030542273313276802
0.030867974752794847
0.031953800823397494
0.03244563469449624
0.03258681800158969
0.033381557823617625
0.03360711570230546
0.03423530414080622
0.038722673630639526
0.04002603600754978
0.041783459893161345
0.042718907188342925
0.043771321107247456
0.046333538989723366
0.04657977355391163
0.04697120441532254
0.04943687079072434
0.049869217380175024
0.05057059540388087
0.05088556946933598
0.05119458606567551
0.05315649056911609
0.053496133160476744
0.05597669577437403
0.05604823186808383
0.056255988848401356
0.05880620910299861
0.06151148378813531
0.06217977378335032
0.06268380149397795
0.06458491105076691
0.0651520402578401
0.06662289705261226
0.06866720346001132
0.06914659152345515
0.07012811537591937
0.07316827022714231
0.07562777500623052
0.07713323037354772
0.07767308438015663
0.07927818192290781
0.08016019932581053
0.0862734925166192
0.08677057286253087
0.08718233584295643
0.08771157492095416
0.08805393879459161
0.08922555470432653
0.09004374249659056
0.0911060657946964
0.09133579845884345
0.09146159473795985
0.0919398114391059
0.09351973431229499
0.09949178649611112
0.10028199445027675
0.10543990705532158
0.10578211725807002
0.1064408789632971
0.10859072009858373
0.11185610902606224
0.11225814403084666
0.11416850724598498
0.11443824234771156
0.1145428139628124
0.11703980670356662
0.11733416313853659
0.11843423716367801
0.11859806699996078
0.12388302732766787
0.12504445637903272
0.12569070616087274
0.12578070696376564
0.12848471042544465
0.1284997936039909
0.12944222591058052
0.1297682038980036
0.13269453714811896
0.1360642696914057
0.13647171165480454
0.1373534085427882
0.1406849954822782
0.14069001910023565
0.14097871408140505
0.14142709628075611
0.1474190404165201
0.14775507977651417
0.1481089393339221
0.15028975217422968
0.15030422579974279
0.15138649137847154
0.15411905761068367
0.1544455457303664
0.15503274672546413
0.15592205194447306
0.15600746741710914
0.15730331207811665
0.15753507640334685
0.15812261592078286
0.1588233581025042
0.1618659256106827
0.16188687676625246
0.16260827378472256
0.162875013079479
0.166554727555421
0.16808831450253514
0.17415471515723574
0.1743466438513005
0.17590604405608926
0.1777132203110151
0.17948797909004788
0.181668869448806
0.18247207761685924
0.18352703149008293
0.1837690979955505
0.18535306114797356
0.1856867523342799
0.18697487534544757
0.1885732179785583
0.19376637696988439
0.19658795020767736
0.20369604413505893
0.2050683386337704
0.20604603413182954
0.20610885360798792
0.20899133510551857
0.20981912641236178
0.21211043793109643
0.21214494610829593
0.21262764003591716
0.2145744917772997
0.21559047545257437
0.21562954025443584
0.21671546087918575
0.21738757662150587
0.2182548206188451
0.2186716831492653
0.2189780082523055
0.21933392840087496
0.22092393638104535
0.223229768401338
0.22448069367295148
0.22579998125830691
0.22618804901926032
0.22742244896578084
0.22974086386718112
0.23003514802275837
0.23149024577640387
0.23385461386451323
0.23429376468264207
0.23577207361287356
0.2371693487441366
0.2383328740897671
0.24298315281668245
0.24324448789026007
0.24709487504156846
0.24999626012746645
0.2514460240816857
0.25146495014205494
0.2538140521831009
0.25414256327905616
0.2542392640612534
0.25739848846677077
0.2581017217223266
0.2582386014894999
0.25996464523463625
0.26407088055499894
0.2667015805229387
0.26689521741336253
0.26769949028032647
0.2684038384679577
0.26885101331073447
0.2703788240633125
0.27133858601612226
0.27413461994648824
0.27433990308639367
0.27451622763982675
0.2769173101105087
0.27784536356224443
0.2800017325622183
0.280254096604338
0.28054529516414856
0.28125759118797194
0.2861994988017728
0.28867477452027346
0.2887906825631331
0.2890400870749368
0.2899637378362938
0.29239681618015645
0.2944711727435496
0.29761878997609026
0.29801233914413794
0.29942409843343754
0.3018996259951288
0.30297372486522
0.30305493150643126
0.3064872193927734
0.30650279090569277
0.30800546307261156
0.3081212688605568
0.3107000299622774
0.3111832303386247
0.31256550786253656
0.31367227947098686
0.31570079043765753
0.3207923922591457
0.32203287194736513
0.3222828898827723
0.32282359150048423
0.3232410527392763
0.3235600543008927
0.3241571729593084
0.324204416949764
0.32707924565442137
0.32805500415600314
0.33140489936875683
0.3315119146220248
0.33172205392332715
0.3332908548003738
0.3364561280855628
0.33687712580929363
0.3413973443719696
0.3416730593408862
0.343557709455932
0.3457195870210489
0.34817545651556236
0.3488646246644367
0.34902694462377537
0.3490562821259755
0.3497996037067521
0.34998514291974747
0.3505574137437132
0.35482633533622104
0.3558431568715776
0.36168048015455284
0.36341173270101446
0.3652822841971255
0.36627255400285125
0.3688118537902442
0.3694191638353326
0.36979595526140285
0.3698155185796628
0.37149481850913496
0.37261218255324546
0.373929060751114
0.37680658082098906
0.37865655213286464
0.3794314887203375
0.38156794916160724
0.3830196610514257
0.38335967932394743
0.387628035238128
0.3885861453340821
0.3893037491650767
0.3912088053802661
0.3920038858189385
0.39373257735981104
0.39401370952183523
0.3945065506791648
0.3949697735711568
0.3956848299713847
0.3970292359933533
0.3972293887271074
0.3973232666295649
0.39923836751529124
0.39928650166892854
0.4065407673912838
0.4068718526330639
0.40798544160018263
0.40834843607566707
0.4121792926404715
0.41262546084627333
0.4168409685634605
0.4178077876279565
0.4182856058112726
0.4196923641987733
0.42268485584041915
0.4274314411047919
0.4285187671385221
0.42959716429224615
0.4303239746656654
0.4314155935429164
0.43217804040380614
0.43228743333630104
0.43275194220756585
0.43289548527165356
0.4335419509438885
0.4337114316455435
0.4368110947253677
0.4378554958143744
0.43951714395727626
0.439541837918093
0.44407585691455326
0.44518896640270195
0.44740260267857546
0.4484375212750629
0.4489608154519109
0.44932207442555727
0.4502784650610949
0.45230270135337064
0.4535500244623277
0.45442220672372075
0.46135270960163177
0.46181766969769794
0.46244901867536775
0.46550362791653715
0.46827977677941635
0.47290685386924197
0.47508815955267336
0.4754004481112998
0.47599952202595325
0.477007508852687
0.4782323476694218
0.47846123177883937
0.47898331394203175
0.48043491021881457
0.4815968148477519
0.4827165933198152
0.4860352370211472
0.48753150008536505
0.48932894763115353
0.491140620283241
0.49299819259315825
0.49359231090234496
0.49371564593560696
0.4941952481695685
0.49431473587194485
0.49546586661309944
0.4974419901026135
0.49806624314820996
0.49842027500682595
0.4984829334018448
0.49865841377720055
0.5003374320834523
0.5008703319450076
0.5033844391558073
0.5041661209732988
0.5049179664670161
0.5053101692750535
0.5053474629930448
0.5061208932403765
0.50878190093041
0.5102271510195562
0.510563953171766
0.5123490087999292
0.5125722407026541
0.5135872706651927
0.5157650090846887
0.5160288140436069
0.5173931990464665
0.5188387654051829
0.5193981847229605
0.5194706939772558
0.5194969989150646
0.5200611351639175
0.5206093111940395
0.5227957079379764
0.5236883099119469
0.5239281716268321
0.5269163020643773
0.5286734832038376
0.5290414562353629
0.529989203375139
0.5302372621799003
0.5310588241460843
0.5326315721051954
0.5333813236193216
0.53378397378901
0.5353073014926697
0.5361522133445994
0.536510971388378
0.5367365247439029
0.537990940888395
0.5399991362174155
0.5435356104504442
0.5438856682076361
0.5461652663596466
0.5473489663952101
0.5485642802616962
0.5513773851096011
0.5519508891190807
0.5519717818718058
0.5527482774420431
0.553561018714875
0.5535666717523808
0.5555810754845693
0.5607034052242839
0.5611317510376459
0.5625482679086884
0.5627443793040294
0.5653842389076995
0.5666639837188951
0.5692755486446863
0.5692777637356466
0.570644502187552
0.5709567556461601
0.5732279518332614
0.5742895529544807
0.5749554315754569
0.5753795061573378
0.5758455008311236
0.581851810789856
0.5822199203019653
0.5832790474556269
0.5849648103068575
0.5861181054733771
0.590073156548313
0.5900950499060693
0.5902248890116347
0.5904667115562613
0.5907262708473369
0.5908852905677038
0.5911179668165614
0.5911558870981851
0.5914025397676053
0.5916179069111478
0.5926902564990848
0.5935526865628418
0.5960240440745476
0.5973473965451472
0.5983269329899509
0.6051568882829562
0.6068649196943682
0.6074536532976624
0.6078644203960208
0.6081508576273924
0.6081983768386356
0.6087209455677806
0.6093852041141381
0.6121333329465679
0.6134740211773402
0.6199120516997991
0.6199729912462829
0.6218693476178558
0.6228541633542308
0.6247091563513316
0.6247753462361898
0.6254923789397643
0.6264248370636174
0.6271380645406229
0.6273220175418917
0.629320634659168
0.63111421735338
0.6324888734580887
0.6351909293731117
0.6364012411049591
0.6366764546569751
0.6371206944407024
0.6392343501657141
0.6402737936547339
0.6424018890133714
0.6445021028256601
0.6449759753607955
0.6451931318685041
0.6472169728224054
0.6472559387908894
0.647650468807949
0.6484112950506642
0.648627324794415
0.649605700607002
0.6502215029153124
0.6503837199660785
0.6535430550933082
0.6546705872489438
0.6553649406260349
0.655566120264627
0.6564903653891455
0.656863137542222
0.6577486365009708
0.6595946412219094
0.661728555322178
0.6647977602498987
0.6667803935593184
0.6689042929498884
0.6698093185634839
0.6701667489288455
0.6707213505211116
0.6707619059699018
0.6722906345631945
0.6730115667625287
0.6746303906677127
0.6759499571254851
0.6764537134029687
0.677698097847808
0.677774740088661
0.6788091641303822
0.6793508339082707
0.6797391507832051
0.6803584902850013
0.6813084664950922
0.6826523597035391
0.6844444663052056
0.6860969649620416
0.6881897193874924
0.6917110137009754
0.6934322628222943
0.6936471710241967
0.6951881856193827
0.6952781175815286
0.7000485984441147
0.7005758121359269
0.7018161344481915
0.7040071676368516
0.7071031375586916
0.7072774167247766
0.710852668688696
0.7176324848561135
0.7189223595277272
0.7195102386850043
0.7236951917610304
0.7239991677965505
0.7244354301505906
0.7258358501893117
0.7270029883144604
0.7274125790268946
0.7282042017565554
0.7299184041623176
0.7362618992307588
0.7374236479050635
0.7381937687159271
0.739381325936566
0.7403251476617009
0.7420499482865175
0.744605667185235
0.7448690434615888
0.7453875079737269
0.745396360127901
0.746524070862596
0.7470527631974058
0.7478143711402068
0.749484804901597
0.7516744323409121
0.7522641430734716
0.7533789011153783
0.7563532652574922
0.7587037147859125
0.761679968195584
0.7658505034401181
0.766053303628033
0.7696989545976644
0.7727257255326073
0.773263059382179
0.7740325015541434
0.7793423402972824
0.7811769204048977
0.7813915563738392
0.7836195457039983
0.7852243507761432
0.7860158194522057
0.7875287558612564
0.7875884734620775
0.7893043155593626
0.7901787401227305
0.7930840725021087
0.796362284993269
0.799895749220021
0.8009916617650509
0.8014889013919999
0.8044619533816255
0.805074579477317
0.8054673397388069
0.8073876898206278
0.808627704187316
0.8092398156131477
0.809602460552933
0.8117003306607599
0.8117041069495127
0.8122378095446716
0.812576448085456
0.8127754180134747
0.8129977779978567
0.8140742548735383
0.8140846890924462
0.8154337713562294
0.8163476801527848
0.8189762829775512
0.8191051764376543
0.8200159383089267
0.8213111806541243
0.8216546024198123
0.8220064705066185
0.8239244702887664
0.8244422778266569
0.8259071501877941
0.831082256576654
0.8327052911900317
0.8339785748946023
0.8353344781097818
0.8362441823925842
0.8365391210384306
0.8373197696932309
0.838656596544225
0.842512164439668
0.8426220166933868
0.846977862034551
0.8483759501845818
0.85093941827823
0.8510743029949834
0.8513434486611862
0.851931218095706
0.8529813673696578
0.8536661920022252
0.8540400270561039
0.8544975542108604
0.8590397845445212
0.8592701910647078
0.859624497201942
0.8609780212147957
0.8610023228070166
0.8612343227823464
0.8617962037585508
0.8619042010189534
0.8626224253468282
0.8634703369512656
0.8659952941676325
0.8663403437527517
0.8688886316145257
0.8712657064419259
0.872929694005071
0.8736306824134777
0.8739220017718587
0.876007719717736
0.8761088393418694
0.877316507515615
0.8823719498791095
0.8835784290729912
0.8837463742673872
0.8844141028070369
0.8853819072166449
0.8856178133487169
0.8876780451412432
0.8880872641816231
0.8914838828209987
0.8932597458391899
0.89583509237705
0.9002234924415269
0.9061336531500559
0.9066089611822271
0.9091385245163011
0.9135267586419616
0.913614351760052
0.9140785660778635
0.9166662291234896
0.9200990880659126
0.9206955264538197
0.9207130514794452
0.9233721674358637
0.9234029271924704
0.9240352620500526
0.9270144152968572
0.9363692060314891
0.9380202851257462
0.9384502557172243
0.9389058920658742
0.9395377785189449
0.9395710726265526
0.9410764218453471
0.9411620876628444
0.9418770667243297
0.9447320719489707
0.9457621035399993
0.9475741159456665
0.9495610288322922
0.9531518852872718
0.9546980407335859
0.9561789666535468
0.9609387257211301
0.9620015358460651
0.9654673090163159
0.9692708037425648
0.9713919040774563
0.9739686597257196
0.9775229843644803
0.9783499845500025
0.9785253719864418
0.9787037197262418
0.979047317483196
0.9820097468768316
0.9836924403289445
0.9874191980038575
0.9875079161454632
0.9875493556383458
0.9902697131284082
0.9903554978420637
0.9906324649997577
0.991874086276494
0.996830663559398
0.9974540898023075
1.0001307050441843
1.0003421390406215
1.00159038250823
1.0026988652853737
1.0029868189504465
1.0059818378473593
1.0072314328424372
1.0100918070074079
1.01045280605539
1.012594055615182
1.0142178333054401
1.014576416092993
1.0174176972786153
1.0183495810016299
1.0196328617004073
1.0214878438133306
1.0241844356402894
1.0253020304961893
1.0255800459110596
1.0314504838221275
1.0355646503037415
1.0369552960646822
1.037037532800544
1.039547822267659
1.0408003945118371
1.0409408316314954
1.041269965431387
1.043637255798997
1.04486870156339
1.046019928499472
1.0472873475786404
1.0518601202498823
1.0520973254088108
1.0526662040199521
1.0556918821681827
1.0565742248214247
1.0594173852048572
1.0598290803818298
1.060994744602111
1.064979711968558
1.0655012436501785
1.0662343203662532
1.0663253806146389
1.066760178670865
1.0667662301720362
1.0696700806803559
1.0741180319040686
1.074743245930387
1.0758416267570847
1.0778339958960526
1.0784832553071944
1.0795209054155621
1.0810702656120927
1.0817292284049378
1.0831838736751003
1.0842099901186966
1.0906890528421311
1.0914427326886
1.0917392106008186
1.0937045383289288
1.094590803953347
1.0951264862611794
1.0954515901357356
1.0988017282105822
1.1025248450704914
1.1031002266102043
1.1069105151976215
1.1072608434126765
1.1106892089993878
1.1127943827691742
1.1158418319937113
1.1182837595157635
1.119548587326599
1.12438038794776
1.125797908768356
1.1272588736463813
1.1294005849176973
1.1298528847820843
1.130184160603853
1.1318971583570163
1.1334349826656187
1.1373467918560562
1.138771512648159
1.138906547097438
1.1393790939323738
1.1400276549729251
1.14345683795329
1.1442949537428846
1.1447384293605811
1.1465115173436737
1.1486521697007261
1.1505333345025728
1.1521161334613943
1.159045519856796
1.160122181381039
1.1619532418560217
1.1640018760301654
1.1647921524456475
1.1648187499423388
1.166377499233065
1.169693365894577
1.1762072246043753
1.1788188237574149
1.1794729613162602
1.180091353014213
1.1805614100587793
1.1821405833311251
1.1846976402285825
1.1854017536984731
1.185922668844795
1.1865085021028272
1.1865141922545277
1.1904174375714383
1.1909987252121153
1.1910008609426792
1.197833066514049
1.1994474951002247
1.2001360032227715
1.2001611868617656
1.200357365464166
1.20268450563713
1.2069935406788432
1.2079301241657796
1.2082435125178057
1.2092930272454656
1.2133085687292204
1.2136852331745365
1.21492860683123
1.2170881492763064
1.2188687831198934
1.2234221923347832
1.2239128550960245
1.2242531462424875
1.2260363932860159
1.2282632197601187
1.229301614755419
1.2299565552710285
1.2318031334449981
1.2318510035080807
1.2352151289997553
1.235890807593903
1.2359303542584779
1.237351214149346
1.238805685252392
1.2394251785381463
1.2422645126852705
1.2434840458828262
1.2508506442205019
1.2525818216389337
1.2542596954291356
1.2546359121269055
1.2551077207479993
1.2557619603760952
1.2558165883956711
1.2559844646961644
1.2560056777158186
1.2571030934362046
1.2587814038199792
1.2601617543253156
1.2605695659918645
1.262467067042433
1.2629149447434505
1.2668140050186454
1.2696314235209232
1.2706950465965265
1.2742638281641527
1.274442484589584
1.2755576459917883
1.2764947068770858
1.2838061344486555
1.287851557963372
1.291890482493663
1.2966108399849507
1.2968334250543185
1.3016833391151519
1.3041194851076257
1.3049991031435604
1.3069848851336503
1.3084638911282191
1.3095190622757311
1.310592529795628
1.3112098254243274
1.3131428587270881
1.3154169437769034
1.3162557805815691
1.3167727808793521
1.3169139206014742
1.3176385183249226
1.3180026991425438
1.3198440865315775
1.3213247532607637
1.326862990661027
1.3287708203582105
1.3308412676616443
1.3338102732511683
1.3358639237017877
1.3364260832235564
1.3379140405561316
1.3411694715904994
1.3434934040498048
1.343939839965011
1.3457720228132763
1.3504706123878825
1.3507178733261733
1.3511543239385566
1.3525456778726404
1.355354390824751
1.357795353188997
1.3585536600741719
1.3607418104019524
1.361055173141406
1.3632921028670428
1.3647616992960643
1.3650117505877866
1.3660166520871089
1.368921829360544
1.3695444431755033
1.3697683626823052
1.3725555760722332
1.3727031752128105
1.374406539966362
1.3746081246873705
1.382966208393229
1.3830019260101272
1.3854218355917536
1.3857521592073918
1.385993277153007
1.3887115968700197
1.3899772842730977
1.3922000767790723
1.3943774016077706
1.3955305606368062
1.397038811833156
1.3975161704230468
1.3998308529140597
1.4047933191918918
1.406956973884044
1.4098795360551766
1.4116537663018325
1.4127042403886532
1.4135031588703681
1.4147758928779295
1.4178042344522548
1.4181125198700093
1.4220470165635652
1.4264778117916062
1.42791249616696
1.4282361831156158
1.4283805333590611
1.4343297507551522
1.4359065468514336
1.4363627587319243
1.4375367358452502
1.4396851622631819
1.4417751206214289
1.442241511180145
1.4475531194902174
1.4487582343962764
1.4493858591207442
1.4502943966743198
1.4507220687740654
1.457677254124033
1.4659941477681997
1.4676057084722691
1.475627294489168
1.4757967708835031
1.4791827875940837
1.4805542905916105
1.480762284945888
1.4824622197890713
1.4854025879415904
1.4876214103495027
1.4906721419395002
1.496578772107323
1.499862747643935
1.501301380440367
1.5063468917697609
1.5081339731957728
1.5109276699839387
1.516227461521038
1.5176765201557654
1.5194313816408433
1.5235870863355276
1.52438595339968
1.5265300038604215
1.527065425491783
1.5289551134265498
1.5301116360270628
1.5322530245877486
1.532616248824357
1.5396500621278337
1.5486342773367632
1.5494941824019866
1.5504465565567205
1.5509232671303663
1.5513728179213127
1.554705469070253
1.5570695158657193
1.5608323511272308
1.565565675912532
1.565820937714947
1.5659945100815227
1.5681213735827473
1.5702471692262745
1.5708665933885086
1.574412529957117
1.5749707544081688
1.585485134669826
1.5862166780302798
1.5903459965094329
1.5912672511464865
1.5932766176182231
1.5939901900293507
1.5997502910942918
1.6144925284479408
1.617522570177479
1.6194656576988185
1.6210100605514923
1.6218411616931638
1.6294058241948282
1.6327345832565152
1.6327714723782258
1.6361378223386884
1.636284167173108
1.637202396606162
1.6382052609897437
1.639914484230924
1.6400520731986052
1.643349014828117
1.6496928103826298
1.6508866513332832
1.657562309408327
1.6604632715355465
1.670680650318833
1.6751707959525233
1.6768987988502344
1.679348258133937
1.6817754165023981
1.6889145925544347
1.693843818954646
1.6949151810965424
1.697780231868916
1.6986878166163373
1.7024684701007367
1.710321300078805
1.71039242908767
1.716342180172657
1.717027873717048
1.7192730193432952
1.7242759058253536
1.7258724463989599
1.7260254811503795
1.7307175697665134
1.7324056892235529
1.737092610601854
1.7429581598083357
1.7497686182620253
1.7529262367054264
1.7536682934172738
1.7553622287283568
1.7583426814033922
1.759514619650193
1.761397033705724
1.7619730733416357
1.7635304967586558
1.7696449640665062
1.774509666998061
1.7745321183026506
1.7775915216754141
1.7778116434944087
1.7817302772927164
1.7832645682697614
1.785390286558639
1.7878778588377324
1.789117840565003
1.793531744538722
1.7940347942586705
1.7959153480640977
1.802857593389017
1.8073312492016513
1.8073390322040677
1.8097027688784757
1.8171935634558618
1.8245902721232508
1.8283048896563967
1.8284349630565988
1.8340159523613297
1.8368298148206754
1.8409652141228765
1.8417884925125447
1.8458526354747047
1.8494190055083863
1.8494828921173452
1.8505730938933023
1.8552719558136257
1.8587975867601463
1.862041042162521
1.864914026841587
1.8703113475296334
1.8806404618763914
1.88745915563009
1.899654221214035
1.9011073947612602
1.9012881936268835
1.9059574132721737
1.9084537686932388
1.9137093451005303
1.9196333682108109
1.9206607429377196
1.9224696469465523
1.9317565083204813
1.950062495321819
1.9503631650303914
1.9508182383730068
1.9582803132688413
1.9596665629705203
1.9601179306192535
1.9667710842513213
1.9740269248656002
1.982013863894761
1.9908597480110548
1.9915743679298155
2.0007017936971856
2.0015567235991196
2.020123798893797
2.024674713416009
2.041537403910196
2.043168081573812
2.0525652138436694
2.0857060404095984
2.0865687844476533
2.118664839749102
2.1270413237135113
2.1276826564002778
2.1278679881514586
2.135387511468176
2.1536535186767285
2.1583707881982037
2.164093288561151
2.1754389918076886
2.180297558160876
2.1821430462676457
2.198898886374211
2.2229517357778628
2.2280292700005537
2.2281324688275244
2.231070608823143
2.2333113992043963
2.2497600006532457
2.252461342368628
2.25390869052809
2.2806736222320056
2.2847276907935696
2.292052862547495
2.299701470061507
2.3001314478086767
2.3461560431814448
2.371377678099628
2.389694426737954
2.3973547381585596
2.4133189579158865
2.422914760937655
2.441757283546461
2.4481305204358748
2.453606011756837
2.4690254651962986
2.469925053494363
2.4976993544075703
2.5414127596937828
2.562428967126301
2.5834346789861113
2.5950123157091154
2.6086671985881047
2.63554415666998
2.665572301147334
2.6947536121127422
2.7131420434643454
2.7191898948031006
2.7670439074271327
2.8979386200261055
2.9274572106565517
2.936859662705472
