-5469.833750217121
-3862.784222608333
-2055.6815660763014
-1242.9804281775175
-1116.5128926104837
-916.2608788581155
-795.5496912316602
-643.7732076233592
-584.3696639897976
-580.8989858379504
-449.58414630783756
-427.7419734051406
-406.838232198349
-308.2964252816353
-285.58787638648164
-267.31228003704024
-248.31115079962595
-239.17437186396896
-236.72875419303716
-212.45445111709168
-197.50692996137653
-164.06910020521326
-151.5367572883697
-135.0229923536241
-118.23972338366245
-116.63357256737855
-115.13690177052271
-113.7010440506526
-113.137194764917
-113.08625512615245
-108.50945035499574
-104.49714772912411
-103.55079603662044
-103.51404868617652
-102.05280805047511
-98.92990245568531
-94.03599297984732
-93.77605796725356
-93.141867496058
-92.74236557685515
-92.52560476612966
-92.43597266854152
-89.76725494366534
-84.20123894422889
-81.65350272972508
-79.96450047372473
-79.07138020986416
-78.62100894829342
-73.6287725143193
-73.26836048095201
-72.18522281193152
-67.90371024929172
-67.89605115664021
-67.26255927304018
-67.1717878910014
-66.41424487022587
-64.5647592955405
-64.41441222408208
-62.461633532748564
-62.44227586489856
-61.874652703213386
-60.43374073712343
-58.687925737420834
-56.54121562016651
-56.34601431042447
-55.25963317831393
-55.134700161249626
-54.83570154757408
-54.36723836194269
-54.27877621985584
-53.87637734106437
-53.654734330476664
-53.38322904174438
-53.05126862113319
-52.55243463336968
-50.624579447531524
-50.212906386193154
-50.04080906065933
-49.524916431334844
-49.45577667759282
-48.949525281724775
-48.63650402333975
-48.56961816110726
-47.86039379819976
-46.974909049757684
-46.63642111370817
-46.33246091667103
-46.32270092143067
-46.097460498530424
-45.912726909271825
-45.6211353602675
-44.54535940737688
-43.93878559586995
-43.388343707657924
-43.10458016079835
-43.07226275450634
-42.924106104288704
-42.642181354228
-42.256083127612406
-42.102638786251
-41.45173759872614
-40.88119980719132
-40.17055202217085
-40.10054743885214
-39.280853659923366
-38.988004785048325
-38.51380320492147
-38.41154505542607
-38.08243041955268
-37.85124163945332
-37.740365633441215
-36.90370077068047
-36.39481071081209
-35.6713486443403
-35.66274853673522
-35.5462716123486
-35.496886870620415
-35.25359893288118
-34.76327108390222
-34.224447226420565
-33.81674407648293
-33.51475388795255
-33.48483217331282
-33.00871490829378
-32.82388381265171
-32.704653656301915
-32.46331765013733
-32.226655872671365
-32.115998221675675
-31.88828592864986
-31.76516942472545
-31.65012302200165
-30.975061638340286
-30.853225722967917
-30.789640238551584
-30.75958902966937
-30.18566274693731
-30.1015199128035
-29.69771767459663
-29.69662633818565
-29.580656209330265
-29.549072927959095
-29.381130056383938
-29.292462024722205
-29.030907234159
-28.803266097610432
-28.479146290009055
-28.11056596114862
-27.971097967888113
-27.91178819769774
-27.86524341325889
-27.834847549410593
-27.771864282102968
-27.427357435439205
-26.731640978989883
-26.652417843938178
-26.525073125243864
-26.4414084719636
-26.301447768975898
-26.102288706417028
-26.092912681960595
-26.083026882827077
-25.8420380575487
-25.704831647731705
-25.543517777360627
-25.45129559467359
-25.349794408523138
-25.121620244511814
-25.054635569297943
-24.96053348324128
-24.529577163238628
-24.525100497788316
-24.45812167855167
-24.427497381822974
-24.425251568033573
-24.407348565556074
-24.162840260710365
-24.061421429825955
-23.934404590771802
-23.864732715811208
-23.8576862876816
-23.774182253369954
-23.666684150217765
-23.522490743693304
-22.94543809988047
-22.267800450511128
-22.23489852776538
-22.092450797942803
-22.019340638147334
-22.012514991419987
-21.839095772635766
-21.814196712182643
-21.755327435075692
-21.67728527117496
-21.64199992488605
-21.596369565436007
-21.512664394127338
-21.423910337028172
-21.35768052194871
-21.281478204106936
-21.20208952625856
-21.16974663189412
-21.099901911308738
-21.084249914888158
-20.92164296346928
-20.840104143862046
-20.650317164434508
-20.648850162495272
-20.478895777661286
-20.45534005421413
-20.394139190662067
-20.166273064683164
-20.123901561152834
-19.95624419837683
-19.928249971963815
-19.47154301698926
-19.41962307400471
-19.41142365588444
-19.354446110384384
-19.27563824574029
-19.095776310255513
-19.07331003794471
-18.99679986246347
-18.968891881037045
-18.915433284220466
-18.803762171609844
-18.70903443937935
-18.621436133962632
-18.617180346811097
-18.524166811612925
-18.52139852166173
-18.502269205002314
-18.47982055564047
-18.372637997679263
-18.345196034728318
-18.343324416134408
-18.254285460290887
-18.16407494102448
-18.121024752404455
-18.102985414434745
-18.054709517977713
-17.997605892332444
-17.95328419953308
-17.904290563475076
-17.712212511155073
-17.66614712985797
-17.659768252301113
-17.4703401020972
-17.455445044746156
-17.363199106777614
-17.34539943548668
-17.333889677149443
-17.3019526806584
-17.273233241774356
-17.249778718233944
-17.247327138159037
-17.142546974494472
-17.023337993364315
-17.013833881071626
-17.000005916286177
-16.990867746994038
-16.98690427915384
-16.885842671883115
-16.86992508072642
-16.853916203995574
-16.628601320319188
-16.573704477095685
-16.3150196857028
-16.278128547658138
-16.192597277675894
-16.155363813831464
-16.13559526556091
-16.07997619946564
-16.005500290769735
-15.996011824204627
-15.944979204755924
-15.810080057493805
-15.729536705765124
-15.721578423268625
-15.645028769734104
-15.629284271074976
-15.476122093641298
-15.448199951073205
-15.3917710776652
-15.389805017492044
-15.36791005059359
-15.258220950190335
-15.217925505277734
-15.126887291829629
-15.097728147397493
-15.07816173144967
-14.870046351320992
-14.796173486231444
-14.783410556290328
-14.760471758825762
-14.739595177772994
-14.736981758425234
-14.73078586331373
-14.677571968636848
-14.635919908341599
-14.589335200922065
-14.554648549586027
-14.502717941196803
-14.494891567341684
-14.471250625548578
-14.305873498293915
-14.236843039839492
-14.197401499264153
-14.1537977245145
-14.152997758745023
-14.138977830022437
-14.107026484254034
-14.065908623472282
-13.977859737245923
-13.964974500949962
-13.882524906927046
-13.827329677838737
-13.826915843216163
-13.78905998056911
-13.751353468862671
-13.717021851020911
-13.700955085238427
-13.63480646745454
-13.619396587486454
-13.612989471351543
-13.590510534645084
-13.55236278335861
-13.534103009322292
-13.527956353533618
-13.511028204545887
-13.50365001424442
-13.251765781448704
-13.25056676936962
-13.24860551157835
-13.219715500215072
-13.188757671113645
-13.177532607365377
-13.115097008279141
-13.094061052835336
-13.081534080121495
-13.041740332796516
-13.039298046413691
-13.03150794199317
-12.985175363534509
-12.975793917737159
-12.907150126848213
-12.864452422052034
-12.858418250343984
-12.800287197388307
-12.750140668897831
-12.741316138389443
-12.702182024002248
-12.701957774604436
-12.699115997065858
-12.676776568358747
-12.676744075627031
-12.548312205033422
-12.505489359363139
-12.483045404871373
-12.461490009106145
-12.446176326473779
-12.38050437792209
-12.37525430083214
-12.365028739060435
-12.319361728970517
-12.259606787265714
-12.236753702496353
-12.216349846120025
-12.201727005766333
-12.177678559933383
-12.172434880798018
-12.151420880599737
-12.133705786615097
-12.12209259323737
-12.115536459105705
-12.084451413337243
-12.0475036986948
-12.040851439672707
-12.029247299269683
-12.007137356920417
-11.937508009393639
-11.875281137966441
-11.873024710669679
-11.871432050096344
-11.841024793982921
-11.820688930648789
-11.820108789369009
-11.758248399452167
-11.746115904303544
-11.65389264784243
-11.62793280694263
-11.625578397996826
-11.614346806423
-11.601490804695032
-11.56504392559141
-11.554363590185291
-11.549099288248959
-11.544159668334311
-11.52332637739997
-11.474573923877266
-11.404968277338952
-11.32224042690408
-11.31634509938678
-11.28439023018242
-11.233399648340388
-11.218335338534006
-11.183220966655865
-11.173526259870606
-11.169683612174019
-11.131999879707255
-11.0949718905709
-11.04432198894887
-11.011162667673016
-10.957161905466208
-10.95638633963945
-10.935516873217098
-10.887838863457656
-10.87280659362434
-10.736233163020817
-10.735249568009847
-10.722726096238187
-10.662265458577249
-10.66006004867097
-10.627517027641915
-10.59970160487643
-10.573811610697042
-10.501185518008114
-10.485560830117016
-10.476492091767355
-10.469059078404085
-10.443846780881088
-10.416200600188203
-10.373897795219083
-10.364802854819553
-10.336936589353208
-10.318630688890709
-10.27976674613369
-10.23041890146607
-10.226875931457531
-10.217109049624256
-10.21337796392904
-10.150729436555775
-10.117784418834614
-10.084149287524664
-10.0827641699418
-10.075954899955608
-9.972851002585298
-9.967422423204683
-9.946302011941285
-9.932833114567584
-9.91457694043504
-9.912757333585251
-9.861586525665452
-9.82373876870114
-9.818047634390645
-9.816997438198033
-9.815527837642259
-9.767986993192482
-9.733066495171336
-9.684413177946052
-9.67522295756989
-9.660918949602276
-9.642485824066162
-9.630979428833829
-9.617209685744136
-9.597371349951601
-9.58398736265109
-9.520651250619002
-9.505547895891432
-9.485815126008442
-9.483926304981445
-9.469089861744283
-9.44054150892283
-9.427723946974936
-9.426367052911983
-9.403640123478134
-9.386170092552652
-9.384484833027056
-9.35167731132798
-9.348270065246263
-9.335352005519212
-9.334731499342714
-9.310826585633606
-9.28157379781479
-9.222392067892784
-9.218584422021097
-9.210522797529178
-9.203360722205876
-9.198858904483355
-9.13277219406087
-9.132218096239617
-9.128063780312859
-9.115384786372143
-9.098242354903316
-9.095331543675353
-9.093163072648071
-9.091131399376254
-9.08862716307049
-9.060266885934375
-9.050953115096863
-9.019439517739084
-9.008938771072737
-9.001649667929335
-8.998447100130823
-8.961937375165807
-8.956680420393013
-8.955345569708209
-8.9382201180481
-8.928022972465367
-8.922648254157535
-8.899323474957882
-8.860433183334411
-8.855597525251255
-8.843895106001181
-8.843300247645669
-8.830271142424184
-8.782023361619903
-8.684128716448493
-8.680241657049622
-8.668457914057745
-8.659240939411866
-8.643068558162414
-8.642640527507407
-8.637363370089323
-8.62314541963545
-8.621473080049642
-8.601419418297164
-8.590581178591634
-8.58401593568401
-8.577262260556166
-8.53814334079307
-8.53491740261225
-8.53074589039235
-8.530355355378115
-8.494994837803798
-8.493480921575392
-8.487270825155067
-8.4868416772185
-8.464219018443618
-8.459392326092516
-8.41251625574659
-8.40265384482842
-8.367266179654834
-8.358539904736926
-8.305093784332676
-8.301949343802914
-8.282691147274303
-8.278851187099061
-8.27072669261451
-8.249436252796196
-8.245660374438753
-8.24123877309204
-8.200034050818996
-8.199997732867574
-8.199040258680137
-8.13701912414961
-8.120425940843463
-8.092830786283653
-8.064140426126025
-8.061810302359579
-8.03063720481385
-8.024604574777555
-8.005335288585393
-8.003657568756006
-7.975510315511125
-7.973168514059144
-7.954911215090511
-7.926820291427987
-7.924069129943662
-7.917366754360052
-7.912123669049141
-7.875514129971526
-7.872755279769676
-7.8622095937421665
-7.858069870871331
-7.834129514492878
-7.825477675186934
-7.821990569913104
-7.799752696864317
-7.755472087958368
-7.747563983460586
-7.7443388258929335
-7.731711385521382
-7.724523906462176
-7.720171064652826
-7.710505447391808
-7.6866787860842125
-7.686399856687634
-7.6547769946594775
-7.639210267103299
-7.6345492019065615
-7.614607864711651
-7.592070883004786
-7.5898025689605815
-7.589495025869035
-7.5198022100534265
-7.509102469662137
-7.493802923319282
-7.482832129113747
-7.482096342336588
-7.4778804813239095
-7.474907814996945
-7.457308440339677
-7.443006086218691
-7.421238066814592
-7.387024456379102
-7.367639363520227
-7.329153755548023
-7.305565846565903
-7.29496671456905
-7.277287764758016
-7.271985905480095
-7.26346730485629
-7.261502946736159
-7.257474488539922
-7.2524383330631865
-7.25183764231458
-7.23765336865284
-7.233141994722687
-7.217452221989282
-7.211878755836062
-7.2053401073518515
-7.202366255185657
-7.198368944320325
-7.193789927709366
-7.18111203146536
-7.169621218377609
-7.168282711216952
-7.16612741008861
-7.144226619909048
-7.142853303852123
-7.136498587148222
-7.130324190121613
-7.109125783661188
-7.101466496177368
-7.098586351812003
-7.075180783846196
-7.069338503001773
-7.053538403542901
-7.042321643851185
-7.009893534720058
-7.005205519932076
-6.991059712872902
-6.987360806167713
-6.984701055190214
-6.98238881339174
-6.979475128800391
-6.963181098546347
-6.956478844441247
-6.944458439184713
-6.9295914174266695
-6.920718223066052
-6.904677919493908
-6.888174631550051
-6.883086360387875
-6.874396730496845
-6.8651390738649205
-6.850730484454809
-6.8297606287455785
-6.82904153824616
-6.8282502913135925
-6.821760330199503
-6.818286583247651
-6.795273673204573
-6.791108679655446
-6.776844854934889
-6.7749846872738555
-6.768942146271938
-6.749268948526385
-6.746793575632374
-6.730984829219526
-6.729187475664586
-6.715158306816857
-6.714130102552746
-6.710535575489268
-6.703922141892491
-6.69887838084227
-6.69787461734687
-6.690531286455562
-6.685142908808964
-6.660762835605619
-6.658202877649913
-6.647482031249567
-6.6464715500980756
-6.613514740201163
-6.609087034439147
-6.603791332438595
-6.594339792867436
-6.584352732189589
-6.576592172183043
-6.571699630195759
-6.556999090417116
-6.553113458012187
-6.551421042988574
-6.547319069214195
-6.514500423983324
-6.502938903400963
-6.461024973315517
-6.452920012632974
-6.449289311983702
-6.437140662287488
-6.431659689052062
-6.420057518385122
-6.409863714050439
-6.385309878880391
-6.370785800752447
-6.370083202463938
-6.36707902856644
-6.366664779966586
-6.356030566808222
-6.348728791162366
-6.32954837774802
-6.328233149522676
-6.316629408289958
-6.30812808599558
-6.304834523450826
-6.298914395116116
-6.296281374057502
-6.29235213905816
-6.289584381789833
-6.276761720064162
-6.275646915483462
-6.259736814276923
-6.2593374830330655
-6.2520984796062855
-6.245554037989669
-6.236069182226782
-6.229035686067607
-6.227840126033596
-6.222617139239701
-6.211492407729721
-6.2035603170048335
-6.187901310491815
-6.18167744520907
-6.172328058571488
-6.169953127482097
-6.156814935866614
-6.146968986645232
-6.146471479431865
-6.134127306764494
-6.105033545230598
-6.080455042002018
-6.067698579685693
-6.066749283871303
-6.060295970606678
-6.0551815637920905
-6.019693692262402
-6.001507847223045
-5.999597507262523
-5.990510574951536
-5.978886201115027
-5.977336018378262
-5.949221327005574
-5.946611855489538
-5.94372682783589
-5.936588531006628
-5.9336663118976185
-5.92736248024418
-5.922434572353001
-5.920915531381652
-5.892408260843749
-5.882654326195814
-5.8753447783445125
-5.869405360971935
-5.862292805606879
-5.856669860107569
-5.841994190833481
-5.832980110506734
-5.83242532887101
-5.830167467961445
-5.824493830100103
-5.812441605718364
-5.806679780296663
-5.7990565395076565
-5.798012536857804
-5.765638154753713
-5.760874768921754
-5.75800422495416
-5.7457284867750325
-5.742185978206178
-5.726597642671379
-5.721860831469368
-5.719358914390973
-5.717030200440259
-5.715756026804987
-5.7133947486885965
-5.710773173108434
-5.710188393822914
-5.706783374205719
-5.688546147822327
-5.670783783534626
-5.670538911777269
-5.653345843859416
-5.642429330904019
-5.623322410481585
-5.618833466772707
-5.610375689076681
-5.607868831576922
-5.604787931945911
-5.603606247062085
-5.6012492697819045
-5.595861818263378
-5.5937737053603644
-5.589835104881933
-5.588056716542131
-5.5818267897236495
-5.577754941673634
-5.554859165974422
-5.547837940729121
-5.547379192272291
-5.541603369423969
-5.529956424810829
-5.527533916529897
-5.522310087930218
-5.521510040180394
-5.519285480511801
-5.51169604188011
-5.50907495761012
-5.502791317788109
-5.482537049681275
-5.475361618831383
-5.472664226375628
-5.469918937174413
-5.458836464951749
-5.447325947032113
-5.436912734640282
-5.422481125177222
-5.414893621452684
-5.409845866710338
-5.3994703859123545
-5.397501063251301
-5.396851186748069
-5.395281524539868
-5.389792726287611
-5.376947532666277
-5.364540599084318
-5.363656366227419
-5.360066271140146
-5.345183510384184
-5.341687708583294
-5.335330065113096
-5.316292352567144
-5.31075311086448
-5.307034013629089
-5.297383639735086
-5.283443707469202
-5.275463321499792
-5.259466841818913
-5.247882941253297
-5.24512546228748
-5.236677028161251
-5.229601014272376
-5.225736465909112
-5.217940840867611
-5.196381924628568
-5.194878408464751
-5.191061187278161
-5.190597109818945
-5.187792789114308
-5.173466400356832
-5.171893867644927
-5.1709617338627005
-5.163184788344947
-5.150547067769234
-5.146439475804426
-5.1458810222685205
-5.144304547135806
-5.144236080999761
-5.140535314011389
-5.137056677257235
-5.134250237268551
-5.134158089442438
-5.1330572804429675
-5.121937979325542
-5.107918514821263
-5.103855629714643
-5.101804257907484
-5.098277269070766
-5.098017620045544
-5.096577926806696
-5.091606990479781
-5.078569064344721
-5.069714203808481
-5.066357020373885
-5.059523254348134
-5.055400446560258
-5.053287519365797
-5.049708683686591
-5.045490055807935
-5.0378512831929
-5.033744173208354
-5.031538315472361
-5.030230940240075
-5.019259243438929
-5.005392926193926
-5.003161854110132
-4.981317261838108
-4.973889712668167
-4.958549423428867
-4.943033651761361
-4.941967250319285
-4.934308816433258
-4.91931185529914
-4.914993324870397
-4.914697117466292
-4.913812397039219
-4.903514492784622
-4.895388809265041
-4.892831771097207
-4.885384154706742
-4.850612514222924
-4.843645416244791
-4.8351375959882
-4.829772552636028
-4.820801134523449
-4.8193985452381956
-4.818931295636389
-4.809468297116549
-4.805225328182141
-4.803031405152888
-4.796694763226517
-4.7925636618526255
-4.7906768944299944
-4.789115863888995
-4.781711458490915
-4.774218792734722
-4.76775541051063
-4.765241336534918
-4.761097547898678
-4.7598123673216985
-4.755598586326833
-4.74083937758817
-4.740299937585389
-4.733300022322824
-4.729917744959259
-4.726765675647471
-4.715406114191959
-4.709157286346097
-4.707556416696331
-4.706788632557784
-4.696109818166879
-4.690925305898124
-4.6894101258262255
-4.6823431943362515
-4.671615839072684
-4.668736693197518
-4.656122733481124
-4.642210284524519
-4.635318017782932
-4.631070996347622
-4.627441409855163
-4.625968195979837
-4.619260322763657
-4.613069743201147
-4.604916800188161
-4.6030674973469745
-4.600416874902937
-4.595904146499078
-4.592423248562905
-4.583046393184117
-4.571618127418107
-4.570861058465532
-4.563845737256093
-4.562810329980743
-4.554887896222379
-4.5541198537133365
-4.54442662360003
-4.539051335048789
-4.532831983188469
-4.523135443516145
-4.517715325433091
-4.513745698888115
-4.513119637667105
-4.485535445134353
-4.47813301520383
-4.47769210687607
-4.464666678977825
-4.46078221298325
-4.460757014222237
-4.458130850282463
-4.456858852466056
-4.454953548020706
-4.452414321514436
-4.436342349580425
-4.436282827037062
-4.436183780352962
-4.435157362263428
-4.418078535894402
-4.410890448996272
-4.3973993429284866
-4.396851080335372
-4.3874942961337595
-4.385610647729706
-4.38529857309455
-4.376358608967191
-4.368751917085877
-4.3656849233645865
-4.365627016763771
-4.361127430196853
-4.354251384005757
-4.351802917364818
-4.343185998027341
-4.335274585510052
-4.326983790225645
-4.326335013646098
-4.3251710986954155
-4.311099353480049
-4.305591698808846
-4.304688801145437
-4.301646878295957
-4.291141075941944
-4.290446723723411
-4.2904464367002
-4.2881611095576675
-4.27968947551599
-4.266955676062427
-4.2629501748624214
-4.257342816830274
-4.2564715307564995
-4.250580735228417
-4.24724351978584
-4.241465038989073
-4.240750451628376
-4.226136587912029
-4.225456574636988
-4.224179015677498
-4.222454187663146
-4.221750951748868
-4.218393205976874
-4.214392924538339
-4.209620917035162
-4.20317369419723
-4.201773448589017
-4.201106312144267
-4.199156282633159
-4.198335348305976
-4.190161983515267
-4.189501975009462
-4.179195608518501
-4.1783079629871605
-4.175113006309854
-4.168548588956457
-4.1634925671716925
-4.1535968021792
-4.1525369193908155
-4.150459016477932
-4.149829132452043
-4.147239603005655
-4.143824902922637
-4.142595776647237
-4.142033934857784
-4.141592273707228
-4.12655439552542
-4.120850042150317
-4.118904404214571
-4.108176678435721
-4.10817532797242
-4.107714541350058
-4.101777519989687
-4.097051206490317
-4.09675387655723
-4.091221905739397
-4.083678941769488
-4.075434359627514
-4.069871060945294
-4.069428863767844
-4.068998785930285
-4.0640722098175495
-4.052552858879949
-4.0412034524424945
-4.039972665148442
-4.0386845939318725
-4.037680582946234
-4.037491229119529
-4.0294273094323305
-4.029364940337303
-4.009228949850286
-4.004463495523527
-4.002976826164762
-4.002381217914795
-3.988547825878838
-3.9809617535628616
-3.9799281814924257
-3.976921483458324
-3.97453112652474
-3.9714917340351645
-3.970462725437171
-3.968900678406614
-3.9670577180157345
-3.958707077334786
-3.9582486571080757
-3.9577073875988504
-3.951029879620247
-3.944666272580727
-3.939813004855889
-3.9311246507807582
-3.921804400683025
-3.918616504479144
-3.915455613535281
-3.914843946001233
-3.914023069844001
-3.903729337390658
-3.9035223225028943
-3.9012708411798434
-3.9004650681342152
-3.8904740816498777
-3.8865116014188406
-3.8862839407001615
-3.8847176569265502
-3.8829271021366467
-3.8743749320353498
-3.8702182982621416
-3.8675501834380768
-3.866620829147279
-3.862682023050729
-3.8611853143963932
-3.859949992218863
-3.8535662773776496
-3.8518392716296495
-3.849064218082045
-3.8463962270516694
-3.8440968734700784
-3.837517467144356
-3.8372046842787784
-3.8287176969007053
-3.811425639792363
-3.806211023001394
-3.79139703037396
-3.790419537177786
-3.789571638912541
-3.782890691044172
-3.7806046830367332
-3.775093579485041
-3.7748197824437755
-3.7651629462418397
-3.75910263510334
-3.7556106155623024
-3.7530475490126207
-3.7528730324914243
-3.749551646214547
-3.74937972994909
-3.746764829647501
-3.7380414559916324
-3.7363345942781248
-3.7306621411747214
-3.7297732070629777
-3.723847918518802
-3.72367971919265
-3.7222379021746215
-3.7110026740603095
-3.7056552184141984
-3.7055085477951306
-3.704123263970937
-3.7037721430077406
-3.696300749998531
-3.6922490070488134
-3.691487356247669
-3.69125480741013
-3.6881470884857985
-3.6800936019692263
-3.679284064855776
-3.677501613185946
-3.6741624920842924
-3.666111752606004
-3.663299087784315
-3.6518032756683705
-3.649042117907447
-3.647328241672721
-3.647119837770458
-3.6451209462712457
-3.6434970942981355
-3.6407681812024153
-3.6316454656372072
-3.6254129919607383
-3.6066887355735853
-3.6059688347569097
-3.6052513844972736
-3.590894283873218
-3.5891977562909245
-3.5860904016538693
-3.5851475116831795
-3.5839786627603165
-3.582634633153253
-3.5632722958520673
-3.5592322607387867
-3.559214512817327
-3.556483060805409
-3.556357468809889
-3.55504252047574
-3.553206048119627
-3.5488493400711123
-3.5473927695729754
-3.545938621183672
-3.5351875366366334
-3.534221440212404
-3.523548608148388
-3.5229597559846733
-3.5214069258113287
-3.515951023806843
-3.514960368115811
-3.5122827052295205
-3.512193211504744
-3.503288803043577
-3.5021353323980993
-3.4977602154800698
-3.4937862427117197
-3.4911110659445037
-3.4910298184028234
-3.486059902658933
-3.481183004767754
-3.4789687173552934
-3.4690988367645805
-3.466421398022955
-3.4659141698620477
-3.4656554160224147
-3.4621491704717924
-3.4575869978576153
-3.4566769999195763
-3.453168843206746
-3.450724991976546
-3.450447261113057
-3.4483215231438153
-3.4472643350909524
-3.4437197298115296
-3.4325299610294664
-3.4266756400576885
-3.4256921063777988
-3.4239635068398213
-3.4217594410386174
-3.4182579769695014
-3.414581453533514
-3.4092515989632517
-3.409126061877356
-3.406732311679177
-3.4016453684446484
-3.401608579099853
-3.4000467991934338
-3.398387764385999
-3.3932925425105567
-3.3930628770490343
-3.3926293202999225
-3.386046355301633
-3.382017859501726
-3.3787476268587606
-3.3761395827728777
-3.3737852314897276
-3.372992250911796
-3.367863699603146
-3.364733773608484
-3.363218091070312
-3.3596184345088522
-3.3527433578889294
-3.348171434426714
-3.345967700610565
-3.3450047128523264
-3.3448732460507036
-3.344610554456412
-3.3418733857165877
-3.3388456564524778
-3.3384599434712703
-3.335490049826052
-3.334426560231566
-3.3314104239261884
-3.3189266653991383
-3.3119448542219363
-3.3115958932326475
-3.3088458591993533
-3.3066641024403887
-3.2992329115308223
-3.2939564393424914
-3.292724897872578
-3.286469521416158
-3.2855278365490026
-3.2853238845130077
-3.2834697771428356
-3.279501968687503
-3.2747833174032093
-3.268049713343844
-3.2647389755778224
-3.257222814338784
-3.256546306576459
-3.2531481444496437
-3.248786820177866
-3.2471684981173823
-3.2462671013935243
-3.244535564498623
-3.244062762043465
-3.229147113715436
-3.2288429595758936
-3.2278021840148585
-3.2277459829246276
-3.2262339721135858
-3.2241304908993857
-3.2226207659456447
-3.2177011079747895
-3.2149748143127432
-3.2136632979912476
-3.210658418435429
-3.204667504956824
-3.2035971647693287
-3.20068794787083
-3.198769059916529
-3.19666411347523
-3.194114700665792
-3.1876498495670287
-3.1833433716564046
-3.181427135857619
-3.1731749698609564
-3.1705179225247626
-3.16731418732554
-3.1596990580213715
-3.155786717697353
-3.155066397950926
-3.1449968433435256
-3.1434716866484527
-3.138374085757899
-3.1338714253469973
-3.1282483160563537
-3.1230294428221876
-3.1225095412155306
-3.1220823171500136
-3.118357519627724
-3.114443259725286
-3.113592990902802
-3.1114871370661907
-3.105195635120802
-3.1011908279453646
-3.099255936017773
-3.0977986693219512
-3.097715771999753
-3.0952515368648985
-3.0950035219495087
-3.0909593120677696
-3.085635668534792
-3.0825441369603226
-3.081529272361744
-3.0786572286016654
-3.0752332060525047
-3.074791906110616
-3.070560784020511
-3.069292323822956
-3.0588537341213073
-3.0584740180206094
-3.0569836057321824
-3.04805952501133
-3.0474173679731043
-3.038499422416214
-3.0293864871459393
-3.028892548382277
-3.0279911598944196
-3.0238202427033034
-3.021439311484414
-3.0206415869516667
-3.020385025013494
-3.0168776180212995
-3.016000051399531
-3.015895275431765
-3.0141842075293646
-3.0085795235255026
-3.006928706966616
-3.0048864117426826
-3.0008804951302497
-3.0002033928564127
-2.998790862650146
-2.998289874200414
-2.9974960151783114
-2.993578242013772
-2.9913516578116903
-2.9902714431584023
-2.9855383436227543
-2.9845837813052003
-2.984491131387752
-2.981518258110783
-2.9728827005049805
-2.9713492415568505
-2.971208027853737
-2.9523681623581837
-2.950436597622369
-2.947503940977401
-2.945606353831623
-2.9416921842065173
-2.9374743441465396
-2.9367523021788644
-2.9289009766085723
-2.9194963354681303
-2.919022133397632
-2.9138390558327774
-2.9137783937423087
-2.9133507979809394
-2.9131288504011117
-2.9113078541296447
-2.9072550489801965
-2.9042342319794163
-2.9040096101948603
-2.902831458759924
-2.901525798581952
-2.8999031231776033
-2.8975080288982467
-2.8902176399847335
-2.8891720889244343
-2.888304595495136
-2.8832372860108397
-2.8829197845065386
-2.8791310153784613
-2.8756652247645933
-2.8667817895833445
-2.861407148430911
-2.8543779354309713
-2.845571553021731
-2.839131178811124
-2.8333315878953917
-2.8331906512326412
-2.832384835217076
-2.8321674897045854
-2.829551744245906
-2.8175039163942643
-2.8128733389753604
-2.8047912025861526
-2.804222508995162
-2.8034283653104244
-2.7977251262983893
-2.794718959725323
-2.7880944436862625
-2.77869896259612
-2.778135149192633
-2.77125034186634
-2.7704324363704105
-2.76916487539757
-2.7629702733886763
-2.752645072018101
-2.749571792972394
-2.7468777815655265
-2.745848505296281
-2.7454689027241233
-2.742550638393734
-2.735001945280931
-2.7315798282169093
-2.729826952948732
-2.7264876381690613
-2.725447430035848
-2.7250119104247936
-2.722965394947983
-2.7192057465401374
-2.716624226148072
-2.7120317827310885
-2.7031988772942266
-2.696942997837293
-2.6960425407775643
-2.6888256557814065
-2.6866206831005686
-2.6840053248941254
-2.6807040641291646
-2.678633845506359
-2.675226842545487
-2.6745351937290964
-2.6696207003121213
-2.6689799423039564
-2.6662157995125653
-2.6646428906597075
-2.6609928589750425
-2.6547986440443214
-2.6539885221917907
-2.6533437157218556
-2.653316800359182
-2.651579005872316
-2.6505115472166576
-2.649072915031565
-2.648012253851884
-2.6430682612677896
-2.641185788743231
-2.6369174537173152
-2.6356806388397076
-2.6334285821109136
-2.6326101890861713
-2.6295291342729907
-2.626456199643676
-2.6260099687922516
-2.6257883505270776
-2.624631314989465
-2.595354720361639
-2.59213792531231
-2.5838557357087946
-2.5744342187441775
-2.5725717391228096
-2.5651180674883154
-2.5630523300493104
-2.5597382819207115
-2.559054390368509
-2.5558209639537015
-2.5555518542512576
-2.5543038565515768
-2.547618693984605
-2.546064610539675
-2.544739169035828
-2.5390605121220142
-2.535439918190404
-2.534514997086574
-2.5308866256477502
-2.5306758388242514
-2.5286958797317505
-2.527617421338025
-2.5222338737290597
-2.5204642567573896
-2.5166551127351804
-2.5136701952119087
-2.510849545405842
-2.5062740687821945
-2.502318533527313
-2.5017702227036693
-2.5009578987323255
-2.4999271465227237
-2.497554337622586
-2.497018162370197
-2.4924666197194085
-2.4852535834339884
-2.482733081332095
-2.476708669976976
-2.4727700718741743
-2.459331508477001
-2.454916334299273
-2.451326950267969
-2.450826647506188
-2.4489355237487986
-2.4470811111271926
-2.4351422267432468
-2.433624209300284
-2.428387336501354
-2.4259421516875372
-2.4232705183769614
-2.4196408638356925
-2.4188501450494573
-2.4184499945276734
-2.4171513609078996
-2.4038645751920606
-2.402869455055353
-2.398684206811301
-2.394963207960937
-2.3943390463064778
-2.3914337722948265
-2.3905950858172114
-2.3890895294492065
-2.3879495834527984
-2.3820241751658644
-2.3815618301552792
-2.378513025202347
-2.3688694704862168
-2.3680245450476103
-2.367893153293118
-2.3674442317920046
-2.3662746088997975
-2.365315089861754
-2.362177552491334
-2.358008388213665
-2.355074158146444
-2.350375244157848
-2.346287902953425
-2.344700487162603
-2.344696221019681
-2.342619735188936
-2.3379330924996595
-2.336736474349346
-2.3352241732094887
-2.327095740776259
-2.326284921916537
-2.325514989317085
-2.3168401000306473
-2.311444852098181
-2.30349786633363
-2.3033358132667807
-2.3029186012926712
-2.300818039883017
-2.300525136613547
-2.2948587038740116
-2.291038006005036
-2.2902895434948864
-2.289723764188703
-2.2793626215181972
-2.2745065094924293
-2.267922039136348
-2.2656157808994655
-2.265613291429406
-2.2644820013649554
-2.2583138897276105
-2.2580842312378557
-2.256764058946921
-2.256605088186962
-2.255262340636005
-2.2483435256912183
-2.2478972734384297
-2.2418286300280466
-2.241124207908725
-2.2409347818735075
-2.2396390464126377
-2.238240998198172
-2.2364808591673553
-2.235174736863594
-2.229592988802963
-2.2286011263022587
-2.227339698834975
-2.2216986805901318
-2.221199828024312
-2.2145710051950678
-2.213308280860272
-2.212004296301368
-2.208750510733772
-2.2069604270723944
-2.1981669386908718
-2.1890258156312443
-2.1886142301324725
-2.1851945542617828
-2.184750551890363
-2.178767096474439
-2.1743147461643226
-2.173189971945309
-2.172153925612868
-2.169621162887565
-2.1693469337859397
-2.165870327969163
-2.164790732112783
-2.1627126455490644
-2.1622577676818775
-2.161688641174164
-2.15836412605495
-2.1573984547767755
-2.1558535805965158
-2.1487350172662563
-2.148305482798941
-2.1473049832140427
-2.146617216443846
-2.1429158137113844
-2.139007726028549
-2.1307336898943063
-2.1250005960439444
-2.122884489633103
-2.1205370141829345
-2.1159625528848376
-2.1131734038474366
-2.112330931609323
-2.1118277431285777
-2.11034301122557
-2.1100605517413107
-2.109199815588616
-2.1030678740945823
-2.1022738395682063
-2.0996253816157386
-2.0991826753306326
-2.0976715891667825
-2.095102569544248
-2.094739625877614
-2.0885356713848564
-2.0778575888875115
-2.0736005003557425
-2.0715439348415874
-2.067357215123875
-2.0616882208935032
-2.0564814044703215
-2.056191951549052
-2.0536700964479757
-2.0529473953446784
-2.0521292426882747
-2.0497247171564354
-2.0491623638232133
-2.049015885796349
-2.0456258433283523
-2.0405299685243126
-2.038344470086076
-2.035644891832466
-2.0341102994411493
-2.0270996001674404
-2.026996099355708
-2.0264382195666797
-2.022533141460939
-2.0178872370461898
-2.017194127726863
-2.01294317905681
-2.0117340101474026
-2.010668910145485
-2.004788537729488
-1.9970616860408241
-1.9962574632114398
-1.9930906894540474
-1.9901753868143368
-1.9833348595334284
-1.9832445651182624
-1.9826033773634153
-1.982527186225544
-1.9805263130841264
-1.9739482244609228
-1.9725385648294456
-1.9722609247477938
-1.9674928283293114
-1.9638662475613757
-1.9625134287396426
-1.9593876863595185
-1.9582889716045035
-1.9579884595886148
-1.9560064005389775
-1.9557877930055463
-1.9477867342361905
-1.9472547597379763
-1.945656622601187
-1.9428127032197104
-1.94086872555819
-1.938798058995678
-1.9337948465366952
-1.9332917313777938
-1.92507751244742
-1.9242065096196779
-1.919281874532785
-1.9191731109281065
-1.9186734065594517
-1.9152294115261363
-1.914470162232839
-1.9131952057489685
-1.9127591836295186
-1.9049130854155492
-1.9012360940046218
-1.899036582856163
-1.8988614415225
-1.8962624850212297
-1.8958658065004212
-1.8926820372800957
-1.8809321803300056
-1.880381142610037
-1.8750660186243744
-1.8750034450977489
-1.874824863870917
-1.874601698446606
-1.874121504552604
-1.8708147630137033
-1.8673199491461918
-1.8666934195779958
-1.8657676022747103
-1.865721498551511
-1.8641501589250769
-1.8633063440062099
-1.860030063696251
-1.8571458750221688
-1.8555854162956198
-1.8515435722000855
-1.8507587573026032
-1.8507021105452695
-1.850664937131417
-1.849162980917464
-1.8465195265542749
-1.8463053052144471
-1.8383574052264353
-1.8381407396629381
-1.836003068896106
-1.8337550818259274
-1.8331761510687876
-1.8300654073665519
-1.8253435465469816
-1.8252555993351658
-1.8238948089404867
-1.8212652486026624
-1.8188846266908798
-1.8188644535927891
-1.8187086423590375
-1.815989964353897
-1.8152703449507226
-1.8106654897940042
-1.8097449115597837
-1.8095745400237342
-1.8079324563383667
-1.806613248807937
-1.8050367577657687
-1.8036385993792923
-1.8020167182003433
-1.7988482852806342
-1.7929767200978202
-1.7918802045392181
-1.789131384092666
-1.7885119829631022
-1.78817309167196
-1.7874463845145487
-1.7868667343083429
-1.7841404520058586
-1.7825732915575863
-1.782374172387836
-1.7818497297627172
-1.7695272823652342
-1.7681682187234053
-1.766341229255611
-1.7662699375370734
-1.76461710222812
-1.7644118999238225
-1.7625149058950575
-1.762498500719696
-1.7615916690828348
-1.7557723926181423
-1.7548359255338934
-1.753798943302129
-1.751034538195817
-1.750833230115642
-1.7491824048097246
-1.7490223527206616
-1.747747886164158
-1.7453174318154936
-1.7415164726118197
-1.7404718563228432
-1.7375939123011492
-1.7367297003226443
-1.7312600578099149
-1.7285212434446344
-1.7278434969892695
-1.7250178231424518
-1.7228494823354157
-1.7220132219109199
-1.7163644387546968
-1.7155145705983168
-1.7122128108387697
-1.710998869198376
-1.7093921343738079
-1.7085214902905528
-1.7066250651417378
-1.70508059869807
-1.7025091950377509
-1.702428833637243
-1.694748868335884
-1.6926092942417117
-1.6918995195271624
-1.691563878679951
-1.6911284256495498
-1.6866298974412566
-1.6856926645035282
-1.681319277356259
-1.6788662152791394
-1.6748854497903207
-1.6739562721465129
-1.6733527962839585
-1.6727229631976859
-1.6710565719971826
-1.670750189267986
-1.6702114347925021
-1.6694814882108275
-1.6693404790145125
-1.6677854096629994
-1.6668168150978178
-1.6640952849108146
-1.6627206802747418
-1.65958949603682
-1.659556435385079
-1.6581880751707383
-1.651424763941748
-1.645607841104227
-1.6446746796585536
-1.6411948088263377
-1.6411625397374758
-1.6403339421920613
-1.638766261535143
-1.637466857768842
-1.635998076643677
-1.6331543221046954
-1.6302922672320401
-1.6282690032253928
-1.6257698714166884
-1.62549620821503
-1.6249652907542773
-1.6248600502195563
-1.6240352979162163
-1.6236865612936169
-1.6235793182526097
-1.6231737457848465
-1.6217895006435092
-1.6189404670709835
-1.6178904376735845
-1.6152410495413625
-1.6118527620964762
-1.6079551047225156
-1.5977597654508349
-1.5977195550101935
-1.5975195176690353
-1.5968492227535176
-1.5951502664869446
-1.5931678978152215
-1.5895476603438754
-1.586871537329652
-1.5816965575637543
-1.578093210260176
-1.5722947961548281
-1.5689845641183715
-1.5677200393066077
-1.5657052827117937
-1.5652452096177232
-1.5647302879383216
-1.563093085152961
-1.5558708409865694
-1.5514086521564134
-1.546348337122717
-1.5462028821271645
-1.543873851349149
-1.5402670803253762
-1.5384856279185364
-1.5347673135966462
-1.5322905397404925
-1.5291973108227914
-1.5274366640921124
-1.525709612310041
-1.5252357693436693
-1.5232132905111238
-1.52170624198083
-1.5211190542697273
-1.518029168288199
-1.5148597945244247
-1.5074397379705775
-1.5047224713729106
-1.503790584250677
-1.5004332517793653
-1.499662915534719
-1.4986331846191456
-1.494161769742527
-1.4892666627138866
-1.4890264959785147
-1.4856739434116601
-1.4809401489709157
-1.4781554737336693
-1.4759837005939793
-1.4745245081362754
-1.4731978234107224
-1.4708427748864377
-1.4705967470673846
-1.4662540993665014
-1.4625981937185133
-1.461330230716772
-1.4605322597567825
-1.4596478635903702
-1.4579834124634388
-1.4571837795531364
-1.4547615801249782
-1.4522642124672103
-1.4515244212880356
-1.4509841085430368
-1.4492535657481187
-1.4441756708399411
-1.442994733232855
-1.4405210931327392
-1.437681676020664
-1.4344591078402635
-1.4330805296556066
-1.4326045495439144
-1.4303179371604657
-1.4297290727542502
-1.424648856175725
-1.4245569866830594
-1.4204502538517305
-1.4179029778656003
-1.4168766253347593
-1.4123946911230134
-1.4098353439925853
-1.409408436741216
-1.407220293711874
-1.406720916055397
-1.4052705174965938
-1.4050824916539693
-1.400651840171486
-1.3993506400548403
-1.3919564676650469
-1.3871246397558634
-1.3845974540057253
-1.3826848328298011
-1.3825933064144653
-1.3802550067005561
-1.378377166845885
-1.3754474611432648
-1.375303773480459
-1.37506619580237
-1.3743646268268255
-1.3732883278319847
-1.3729596352180837
-1.3703423581465015
-1.370330528945313
-1.3690711762375563
-1.3689056981492267
-1.3664132001328966
-1.3638163390993328
-1.3595694710316186
-1.358401856806946
-1.3574620169487295
-1.3557570858526442
-1.3553137919917613
-1.354777386151156
-1.3540351740875904
-1.352703691031057
-1.352082325885165
-1.3495311699351944
-1.3478010212795475
-1.345798580373132
-1.3456871723764263
-1.3445358055308212
-1.3442344848478949
-1.3439606251973948
-1.3409041619425768
-1.3401021781796698
-1.3379781941081035
-1.3344280161402213
-1.3342584517800211
-1.3318892879711215
-1.3252278733530531
-1.3248683747091508
-1.3236328502361785
-1.3195978428515833
-1.3185537578367805
-1.3146101011869098
-1.314180954228777
-1.3141772728058072
-1.3095604438336843
-1.3089025321407706
-1.3087514698711107
-1.304845386680267
-1.3031666329451137
-1.3015149142619373
-1.3012573763865638
-1.2999680463680892
-1.2990605449167019
-1.295805068026239
-1.295040280773971
-1.2907017593024812
-1.29046023152761
-1.290377122379638
-1.2879995356726
-1.286036258119473
-1.2858106561254172
-1.2855848690761484
-1.2840846120250642
-1.2823542593781923
-1.2792287560884863
-1.277070962618789
-1.2766708555125466
-1.2748856722680508
-1.2746871080617275
-1.273590398040839
-1.2724053261854895
-1.2674512678271461
-1.267385023787562
-1.2630833637383532
-1.2626796765317838
-1.2604836759121922
-1.2604568922867498
-1.259858020490448
-1.2590801979826418
-1.2574873545054646
-1.2537820635017551
-1.2524789561270828
-1.2524482497943392
-1.2524385097389328
-1.2523536057727047
-1.2515091847441613
-1.249959755908658
-1.2487898112522315
-1.2474462690428463
-1.246630763678338
-1.2422184332735298
-1.2400813312966987
-1.2392392296908115
-1.2363209006690206
-1.2343954019272996
-1.2314461926200373
-1.228397022209906
-1.2273181509215023
-1.2260778579554392
-1.2238255011913104
-1.2214812845451295
-1.2211664711821655
-1.220262254744751
-1.2202010085790016
-1.21986938476699
-1.2190428850370394
-1.217953340938753
-1.2144821082377533
-1.2140648901858526
-1.2134682971240318
-1.2125080511468855
-1.2119500644505277
-1.2094253817379716
-1.2094039227189037
-1.2087496104272564
-1.2087219449223856
-1.2083204422443352
-1.2051849158399244
-1.2033589214157518
-1.2026190111573434
-1.2017016842768022
-1.2013167093207426
-1.1985268170845627
-1.1968329511792732
-1.1945016561052644
-1.1903133557339896
-1.1871170828011293
-1.1833650384229804
-1.1832648274393696
-1.181936286769997
-1.1800594798080555
-1.1792169907560555
-1.1726399070122775
-1.1712006084560047
-1.170464841037178
-1.1683130445361374
-1.167636615385275
-1.1636706740006058
-1.1607998627158918
-1.1607432998494633
-1.1562372703485464
-1.1549895251084952
-1.1546212270038263
-1.1544124106531093
-1.1522876312528438
-1.1512882270797522
-1.1511734122401567
-1.1478789990298865
-1.1475629013807234
-1.1441405842895471
-1.1438887866866563
-1.1401329168606154
-1.1401269339476992
-1.1393048368280945
-1.1358388232836376
-1.1349838924781512
-1.1347924206706588
-1.1346593689702416
-1.1338564566052938
-1.1307407615143097
-1.1298009188312432
-1.127329703655268
-1.1236290160870892
-1.1232133918920606
-1.1191950357916804
-1.1182954755373622
-1.1178663262561033
-1.1159276332162098
-1.1146434166393926
-1.1144274085677466
-1.109444886024797
-1.1074601401072364
-1.1067184554437097
-1.1054785771157403
-1.0996860086284246
-1.0976335327242688
-1.097281941694596
-1.095258269643214
-1.0938773221519587
-1.0913556499752064
-1.0911663076406655
-1.0884507510994323
-1.0874593298349482
-1.0845799022641105
-1.0839646084870982
-1.0818970318334
-1.0768453364767843
-1.0743615326434104
-1.0729581234979597
-1.072220942166444
-1.0713848646461022
-1.0690624067499939
-1.0689513846338716
-1.0656847875445967
-1.064744985500938
-1.0617560418760519
-1.0602853281655773
-1.059538775695249
-1.0584204501388956
-1.0575923864396855
-1.0555569402027793
-1.0550256584683313
-1.0548835261348866
-1.0538748284837658
-1.0532965780022083
-1.052117121410997
-1.051692010076158
-1.0508721865807895
-1.0498331523297157
-1.049521102965023
-1.0480468992475596
-1.0463579201400868
-1.0457821946142065
-1.045713078305186
-1.0452367942372072
-1.0450719152237855
-1.0447029675369641
-1.0445361706647054
-1.0443372849066235
-1.039464134231225
-1.0393800014642687
-1.0370846502915299
-1.0359513231468684
-1.034179608460183
-1.0311899758083998
-1.0305891875282627
-1.0283493494745857
-1.0281156575793604
-1.0247112633715316
-1.0245871270268814
-1.0223924068116867
-1.0222907266503283
-1.0216124529104242
-1.018329166589461
-1.0178643825987055
-1.0172910146346763
-1.0167326563108217
-1.0148089503546256
-1.0147249490751151
-1.013505251163438
-1.012964966279763
-1.0126996449306591
-1.0117113175178625
-1.0108120351768144
-1.0101137402619211
-1.0078721836325217
-1.0059879782718129
-1.0052070233998056
-1.0025801084729342
-1.0008993574661227
-0.9990505462867705
-0.9962139819951882
-0.996071974930689
-0.9949821567171384
-0.9945418563305252
-0.9929058317179523
-0.9924367016196194
-0.9906838947649765
-0.9882437545735989
-0.9848725975594314
-0.9803102167788466
-0.9786319229883063
-0.9779337448002615
-0.9768388578669939
-0.9740132324932044
-0.9730199329657017
-0.972595428198957
-0.9715766080246397
-0.9673211921460317
-0.9669854544542766
-0.9616854175927154
-0.9609086928810239
-0.9552566602788238
-0.9509663430579745
-0.9496507832512823
-0.948067105567612
-0.9479173692799624
-0.9465683335897972
-0.9456626745177217
-0.9436394808311731
-0.9430599740418718
-0.942941341566202
-0.9426571195588256
-0.9381936497608324
-0.9347548706974197
-0.9325839222726736
-0.9324503389987614
-0.9317632389935999
-0.9301877914071852
-0.9297204202931169
-0.9270784955183462
-0.9270476330717399
-0.9267685304547822
-0.9252780860717428
-0.9165991907162585
-0.9165822579031302
-0.9136725795326741
-0.9108266947575897
-0.9099510476873202
-0.9065341004415135
-0.90432950193634
-0.9028231810631877
-0.9025243353834895
-0.8995899369643929
-0.8955340804597092
-0.8918433076173748
-0.891530853795024
-0.8910158051188519
-0.8845949065629989
-0.8829335814298533
-0.8823848296300378
-0.8800649953635062
-0.8779905999697994
-0.8775041171520584
-0.8771914114140097
-0.8753081605177944
-0.8724247626085073
-0.8720457777351984
-0.8701929906362005
-0.8678568267690181
-0.8676461272589695
-0.8666984186091351
-0.8655451344853818
-0.8652817562325834
-0.8633427085494711
-0.8611841092424195
-0.8605312124510015
-0.8586912334915875
-0.8580460047241923
-0.8573054343952928
-0.8572383221958353
-0.8571664179430806
-0.856651136588728
-0.8559809598310384
-0.8552193087961419
-0.8543776386400627
-0.8533619347598871
-0.8494505081124863
-0.847496519130358
-0.8474300980140732
-0.8467643962780389
-0.8465556288655288
-0.8428152285753416
-0.84226935276726
-0.8412807349124117
-0.8408568494492894
-0.840677980589765
-0.8404756853163716
-0.8374830310768575
-0.8367420783361077
-0.8346920738072733
-0.8308082974207288
-0.8258533938156094
-0.8248882334336496
-0.8231119939543213
-0.8227471288186508
-0.8212364799935603
-0.8195507847755917
-0.8174160643916234
-0.8167832062169628
-0.8162499138725079
-0.8162139827471598
-0.8129330103105223
-0.8121827789285845
-0.8120571248009248
-0.8113767399036084
-0.8112693398443717
-0.8091874322297802
-0.8085270121202774
-0.8068278872112868
-0.8050238547087762
-0.801517330388412
-0.7963386457346818
-0.7926178618857365
-0.7908314655531657
-0.7875366967711401
-0.7871028280718037
-0.7851422732029849
-0.7836018147841711
-0.7835693280223847
-0.7828510844178865
-0.782464171740584
-0.7823968539141265
-0.7796603525770288
-0.7787988344462995
-0.7785908363263032
-0.7770814756488341
-0.777031724176426
-0.7765478574708797
-0.7747189407198658
-0.773607422526949
-0.7712625361531538
-0.7676617778062905
-0.7675831448884113
-0.7669770067623967
-0.7666739328551281
-0.7665506965910062
-0.7659139545363074
-0.7646941678650524
-0.7638562979333303
-0.7630069207449083
-0.7625770926026074
-0.760621347288155
-0.7590695880670324
-0.7582799934400305
-0.7526797679357837
-0.7523821397716052
-0.7518437922965742
-0.7516427401508854
-0.7491612669762513
-0.7489605052030068
-0.7466193887997677
-0.7465296678224903
-0.7448610577241666
-0.7413762642654884
-0.7412348012178785
-0.740177209414755
-0.7378344969730847
-0.7371060935062735
-0.7370990900157304
-0.7336593540809032
-0.7301639931442065
-0.7292709985114105
-0.7289026194498051
-0.7283131205495682
-0.726287069320299
-0.7262501368737272
-0.726215880194625
-0.7259705154115121
-0.7220099939321204
-0.719352925321704
-0.7190439701959869
-0.7180459636867538
-0.7164501403112762
-0.7155878984646112
-0.7136328106161773
-0.7121173986519691
-0.7071889426697251
-0.7057161305227851
-0.7025688562505576
-0.7013075386998674
-0.7001774026559539
-0.696803868760729
-0.695987358489873
-0.6952825506082926
-0.6951913809352863
-0.6951765283725684
-0.6940432172400891
-0.6936574827811876
-0.6878526161038522
-0.6875417188213896
-0.6872779614610761
-0.6847697758582457
-0.6836475810298511
-0.6794958112263663
-0.6786400241169512
-0.6770835331455518
-0.6764668954389133
-0.6763961600414989
-0.6725269740217357
-0.6715082248799119
-0.6714816499929899
-0.6689556853872686
-0.6658432696767379
-0.6655708091698707
-0.6638219634985978
-0.6615461873710834
-0.6600620504927671
-0.6590428743556971
-0.6563738566918007
-0.6560104799661693
-0.6558848060425798
-0.6528215100413077
-0.6514373299361969
-0.6512005704934255
-0.6508598389250815
-0.6476182090275125
-0.6439948549335331
-0.6398231707199975
-0.6388680673003485
-0.638777709614882
-0.6375204652072406
-0.6367169520520871
-0.6314248570360043
-0.6305846744086209
-0.6298768448354096
-0.6276891158439207
-0.6268598671925099
-0.6268370881314627
-0.6266258040469427
-0.6256371003558715
-0.6233826980782645
-0.6216656343932925
-0.620970384518748
-0.6205325297473425
-0.6194401701900321
-0.6186791461559813
-0.6155247672258106
-0.6136726022321494
-0.6134857941558058
-0.6084271385887411
-0.6061219493945267
-0.6052642835185643
-0.604036396180676
-0.6010148070377436
-0.5983006297546521
-0.5933202292946151
-0.5923722940549369
-0.5920695273565533
-0.5909564816713828
-0.5887825544462119
-0.5878719578013836
-0.586561763545004
-0.5859975251095991
-0.5849748157531185
-0.581022559009723
-0.580075890387393
-0.5799299038546812
-0.5779483905602004
-0.5753434382782942
-0.5745972283150103
-0.57415300272864
-0.5722296079359646
-0.571354474423413
-0.570019400643771
-0.5675612382407308
-0.566811788911069
-0.5647657188663205
-0.5637275650350471
-0.5629957644673111
-0.5606395350436733
-0.5587042932048714
-0.5580897873206403
-0.557971244925346
-0.5570413904617377
-0.5549544489504096
-0.5537063921385124
-0.5531936765676883
-0.5523346578963946
-0.5499705459939013
-0.5484196562034785
-0.5468612078187904
-0.5465408810719975
-0.5454616367183139
-0.5430003138292131
-0.54136901375265
-0.5401580794488678
-0.5399367222777021
-0.5385656566394692
-0.5362699019533222
-0.5329349196084111
-0.5289144426896043
-0.5287875931948802
-0.5287575267452675
-0.5280036559666154
-0.527153392899927
-0.5254252291571682
-0.5253235039669087
-0.523498766948718
-0.5200663160652277
-0.519311961868624
-0.5165215984185609
-0.515681227075363
-0.5145552073652873
-0.5140528651787193
-0.5135379228839019
-0.5124374346676382
-0.512228583640544
-0.5116424018779198
-0.5112864867625646
-0.5088963091107942
-0.5072984639501492
-0.5043046731270301
-0.503683373750538
-0.5021903811239598
-0.5014976858523003
-0.5009424176532621
-0.5002548600904676
-0.4998928959075337
-0.49959856451086104
-0.49864141314985844
-0.49775629001387794
-0.49759780198837245
-0.49738712668837876
-0.49413586727795233
-0.4936383704100693
-0.4933143795968767
-0.49246339070013523
-0.4904460994080062
-0.4895746560646077
-0.4889218315686096
-0.48764086180353367
-0.4865972431291881
-0.4854145171643335
-0.4845577482572675
-0.47779611268960875
-0.4772840096594805
-0.47636297358054697
-0.47503363048069996
-0.4734096516307351
-0.46843896095002147
-0.468333075389309
-0.4681738712081075
-0.46443971807554807
-0.4602817976801572
-0.4577351114703302
-0.45592846233924045
-0.45471175054960855
-0.4544127076599126
-0.45286275810798193
-0.44962203892558317
-0.44847730465016333
-0.44644599056065526
-0.4446859328465983
-0.44384021910389854
-0.4434855302379959
-0.44148244014174065
-0.44009478675133656
-0.4396300492221452
-0.43744463695559943
-0.43680241090352406
-0.4362695966043367
-0.43510032313195357
-0.4342323307866542
-0.43376524177883224
-0.4326581002089478
-0.43227641199433586
-0.4303424626529479
-0.42778618357122455
-0.4275474713865518
-0.42567883497228787
-0.42528217295444243
-0.4248697075411563
-0.42429535352574466
-0.42237409790064806
-0.42157312056230956
-0.4205436220137271
-0.42044796386850647
-0.4199419919009105
-0.4185831047031472
-0.41754108700054127
-0.4164252618958654
-0.41487098533495104
-0.41435605730791547
-0.414136984130396
-0.41409537935191076
-0.41394931592867035
-0.4109383284773119
-0.4104118777970649
-0.4093072078645986
-0.4080822153681388
-0.4071625526254331
-0.4068649039600511
-0.40672494610983656
-0.40650202589138984
-0.4060113362646869
-0.4032402495844531
-0.4025315861857381
-0.4021949549212952
-0.40044070550543853
-0.4002840720704829
-0.39950636491318114
-0.3992911262277479
-0.39681574407691655
-0.39534661482469
-0.39532693425590837
-0.39474050949248374
-0.3945668035529723
-0.39265264860811744
-0.3917006790752344
-0.38997261378679204
-0.3895971122716868
-0.38824491083800317
-0.3881098433742673
-0.3880977991864441
-0.38710076906837326
-0.3870269876679
-0.386817767424954
-0.3867294539126198
-0.3858151779902178
-0.38407873392600256
-0.38188566586943845
-0.38116100829727406
-0.37866552414654553
-0.378136089195623
-0.3761590443502785
-0.37552777228264494
-0.37319008184907054
-0.3728532642274218
-0.37196628205284404
-0.36917461524425926
-0.36565099814263835
-0.36443716528394116
-0.3632446172302862
-0.3621771784418892
-0.3614597554632438
-0.3608525257706027
-0.36029367093041365
-0.3580581602748313
-0.357969297842762
-0.35651977782326194
-0.35642113001993736
-0.354570558077661
-0.35376309361342184
-0.35315511431484614
-0.35230754093547545
-0.35138818909711106
-0.3508356712771898
-0.3507892694415873
-0.35059668140331446
-0.3502473397580722
-0.3481147485567835
-0.3470575932762747
-0.3448004518448483
-0.3423781545169222
-0.34118873357262514
-0.34025927021387115
-0.33943287860417726
-0.33829248366022685
-0.337935744481177
-0.3374107636606243
-0.3352710092723862
-0.3344665054471203
-0.33219642292108464
-0.33149569701727066
-0.3263047720239426
-0.32154625696818107
-0.3208412102586802
-0.31903594216497455
-0.31690713333237697
-0.3142463669642931
-0.31241565367715957
-0.3122245580113634
-0.3109439244992531
-0.31057608396694025
-0.3103675972898123
-0.3089791464923576
-0.30804949079151134
-0.30424149766842834
-0.3037849669677065
-0.30361147300739366
-0.3012710124318647
-0.3012292390556646
-0.2995437974851159
-0.2994137748848341
-0.2983397877921746
-0.29743013821373576
-0.29618626200358344
-0.2927723291542338
-0.2917292894440656
-0.29125263218596475
-0.28568745989993805
-0.28524993223448314
-0.28362265531411945
-0.2834046267504714
-0.2818494629802992
-0.28149626674393147
-0.28020424079623113
-0.27653047755553994
-0.2734031371448078
-0.27260600914829924
-0.2720619515328183
-0.2718781797645987
-0.27101896918154356
-0.2681462339604035
-0.26716563354613
-0.26551157390374647
-0.26043268572652334
-0.25966463897541414
-0.25735855200442803
-0.255691772733354
-0.25528085994555205
-0.25429316769529964
-0.25393354356194914
-0.2492933209331425
-0.24834632222038416
-0.24821571256239672
-0.24784731437477425
-0.2467416332026647
-0.24258094633574356
-0.24211986593387158
-0.2419584046263128
-0.24110089540751573
-0.24077998989484814
-0.23931214093218867
-0.23776749714129172
-0.23604891107012815
-0.23528120797947005
-0.23346829088539733
-0.23076214337449252
-0.23071705601019776
-0.22929717253111492
-0.22807403730179032
-0.22735307136143268
-0.22670813826710678
-0.22545454798317588
-0.22510900354838118
-0.2197980091133609
-0.2194072844972893
-0.21806988798568694
-0.21800946391437226
-0.21731365611440462
-0.21719727128437605
-0.21620947109831357
-0.21614611914929824
-0.21604623118612531
-0.21581793833890262
-0.2156388273646188
-0.21461460292260748
-0.21160729859162786
-0.2112292453914394
-0.20807909735648378
-0.20744604844318681
-0.20701718721627543
-0.2064627224461475
-0.20464191111754204
-0.20253164645177835
-0.19972390452538993
-0.1987929246603048
-0.19676233171735213
-0.1964870134793251
-0.1943879613677273
-0.1939247829041394
-0.19140190856873168
-0.19077688120893976
-0.18835558587890533
-0.18570215958917413
-0.1856735816617201
-0.18502010860581575
-0.1831631429044509
-0.18314312032105085
-0.17773874934106582
-0.17766688144045953
-0.1744517607191095
-0.16897443213203434
-0.165820783843945
-0.1645658100213896
-0.16443378655245672
-0.16434875986794206
-0.1635974512439018
-0.16320566886468518
-0.1621304827461481
-0.1614531613144563
-0.15949008785270985
-0.15943687200036094
-0.15897298382580866
-0.1571122790151811
-0.15698797045813795
-0.15407299678177888
-0.1534592700186751
-0.15320069939411907
-0.15303446635886067
-0.15277723518548436
-0.15245161285274206
-0.15217825655174705
-0.1504349379600018
-0.1487254102791839
-0.14776437292067812
-0.1462110712551038
-0.1420162645361981
-0.14192427401172836
-0.14186494267079003
-0.14179464206467943
-0.13696820591076644
-0.13657514929568054
-0.13648671300508142
-0.13602774353775782
-0.1358746775304448
-0.1358687032436764
-0.12776364706187027
-0.12477206210497316
-0.12435912937645277
-0.12290682117999191
-0.12242779818176094
-0.11675710977489623
-0.11484876255635701
-0.11312124688333491
-0.11286233414814567
-0.1125885022361982
-0.1123409499952645
-0.11031259906107033
-0.10891016131934372
-0.10752394563161512
-0.10364518627576566
-0.10167726107004246
-0.10047640006743264
-0.0977868641780687
-0.09773689867020352
-0.09728030949956146
-0.09693727884065598
-0.09690806264206103
-0.09617508027984295
-0.0951511159411903
-0.09495129818566506
-0.09441357721343813
-0.0939961471689974
-0.08970228686658345
-0.08904780160964187
-0.08838955998033725
-0.08538067244932679
-0.0840307136500385
-0.08360160762017343
-0.08311249495388018
-0.08293904312845679
-0.0829349821340534
-0.07928933755957268
-0.07926488534413545
-0.07664950457406794
-0.07576251292425157
-0.07263132457150756
-0.07156752192006915
-0.07140052261719787
-0.07134719019187663
-0.07003977650017257
-0.06925970842191098
-0.0688999098513545
-0.06854610595386201
-0.06690486970480714
-0.0665758233024405
-0.06376953249855088
-0.06224530354831337
-0.05716944552833425
-0.05622279942051106
-0.05550790081468693
-0.05544792651020805
-0.05386342873062899
-0.05371758106656199
-0.05368120711675539
-0.0522029873558732
-0.050681219652574994
-0.049132717271545195
-0.04741759530875511
-0.04661353713474792
-0.04625015677027
-0.045916933965694795
-0.04286893508829526
-0.03919632567043943
-0.03918158105450564
-0.034517139779388306
-0.03388381310486577
-0.033612935316577275
-0.03341351922706692
-0.03304169188453093
-0.03280955355976781
-0.032427918202457384
-0.029825598419705
-0.027945893915738207
-0.02729955257632352
-0.026949529894511937
-0.026783616829154644
-0.025667305847201782
-0.02491598357681457
-0.024446349830249736
-0.023778434203500787
-0.02223834658596202
-0.02108707186777914
-0.01951361701304155
-0.018995101304290607
-0.01898359345971845
-0.018409906601326145
-0.016983754320771677
-0.01594338283632868
-0.015552550329915538
-0.014920268326980374
-0.014882761245753495
-0.014456533072275679
-0.012963597919047554
-0.011499666712789347
-0.006119794303808601
-0.004162080115109434
-0.001720656391305836
-0.0015644826820765956
-0.0004455933632300235
0.0009635761684249067
0.0020418976820994472
0.0021988886251645967
0.0032793509027760903
0.0033174931621410275
0.0049647433323125045
0.005410837868728535
0.007498110379840717
0.008343105734699097
0.008917584052212213
0.01052011991305446
0.011971492811784556
0.013131254147290106
0.013456231721493406
0.016034310595967716
0.01626348233525965
0.019694612578708748
0.020469450905119646
0.020652255560738464
0.022138445445452806
0.02241155049086571
0.023248708127314166
0.025503476295766436
0.027056975046014453
0.028259380022832126
0.02865936995861266
0.030209349469618868
0.032343322271853464
0.035034101758981806
0.03515054561370308
0.03726591376642552
0.04043922438025338
0.04263124675835819
0.04368366260179182
0.04498612910085198
0.04544539041650486
0.045524641049287995
0.047508634026189656
0.04779599852283131
0.04831801124645274
0.052520323817810716
0.05560842121529086
0.057691746993549564
0.05881916552195787
0.05934384739741582
0.06230651804525622
0.06270633463206576
0.06429109050501566
0.06585415693037344
0.06669014706746779
0.06947691106644449
0.07290161023065322
0.07309431681421474
0.07356578640723899
0.07411174749836758
0.07596546381181968
0.07597973494993297
0.07958446154171023
0.08079506073878906
0.08502588549885459
0.08506466528707757
0.08579238221104546
0.08732046075659905
0.08910198158715978
0.08984500567471065
0.09363579366168873
0.09716843038932788
0.09735276876404186
0.09765634270808465
0.09919229704140359
0.09933068386919375
0.10059754095379592
0.10188362379335658
0.10391228591760171
0.10629644779806036
0.106963357298962
0.10730134745121794
0.1151857122323019
0.11550882445974248
0.1159351565972524
0.11729533689437566
0.12202829963170059
0.12493608112366206
0.12687591609540347
0.12959104672799843
0.1303369683376555
0.13146176633645326
0.13295609149277382
0.13328337975370896
0.1338257955034614
0.13480655237044847
0.13482517759571666
0.13575978218804785
0.13645611925249335
0.1364644144264926
0.13705995559681622
0.13918878356151765
0.13999536010417585
0.1401525041391397
0.14074903561252405
0.1413567664516695
0.14160499211029198
0.14235899015518944
0.1436186190185409
0.14446112340803546
0.1451125640816725
0.14542451450329963
0.14629309895024623
0.14706074640696093
0.14786372811945359
0.1495477227712474
0.1497791223238465
0.15020395493492011
0.15116761249783428
0.1515395966578158
0.15209252299729065
0.1528284249383901
0.15583873356199857
0.1562336042244753
0.15753222435829828
0.15784535362694463
0.15802792145054656
0.15869499386636704
0.1602492037834765
0.16093215291301255
0.1623483574856649
0.165980081161752
0.16658206027373224
0.17015759564473154
0.17036873077673798
0.1724262901030672
0.1745892674714159
0.1757840314858607
0.17684275723117804
0.1800115551938723
0.1840587113820581
0.1852913175100625
0.18645567817499586
0.18687452633896573
0.192290981561401
0.19240813692435665
0.1948765850356207
0.19967938970394106
0.19984740381072597
0.20290822447165763
0.20438570102914044
0.2056209941165702
0.2086115991520311
0.20992668573136586
0.21135831370423186
0.21178168344648413
0.2120263224828433
0.2133837449071514
0.21404191562707314
0.2146662973647362
0.21521425690336338
0.21771491501695106
0.21879632324581277
0.21885837771164612
0.21935699995678345
0.2236247452865799
0.2251540371820788
0.22807592285770062
0.2280919193199865
0.22836577675440767
0.2286192667260188
0.23171950890429066
0.23555107587897017
0.23660330191701473
0.23670969194042582
0.23729118974140606
0.2381694009580314
0.238375572172825
0.23949407105097487
0.2397747125859705
0.2403250267311955
0.2406212663667877
0.24309358928428265
0.24325059087325004
0.24455128324328868
0.24465215696404574
0.25006269867247644
0.25111262352467123
0.2516083672682613
0.25576647838433797
0.25625234075645204
0.2579672796296176
0.2581456460859122
0.2595321998681034
0.2600888259927383
0.260184399118532
0.2611419808901049
0.26201148591957224
0.26284646474062173
0.2631523534493744
0.26377772822511447
0.26516057415804983
0.26590450189349457
0.2670133028726747
0.2670564487623181
0.26802567272351396
0.2713176598130257
0.2726253089678041
0.27397675877859845
0.2769349225573464
0.2781067457976039
0.2796242099096726
0.2803740453009814
0.28290703944729423
0.28437214353589263
0.28862307178214497
0.2906841722758766
0.2919071641145283
0.29612455202865307
0.2969689471278546
0.2970140665899845
0.2974251995141457
0.2990646670668967
0.29979650410844777
0.30179510294669754
0.3028108625958059
0.30308298466813943
0.3038958692319643
0.3046459505437224
0.304876527187659
0.30670981051177026
0.3068093314263811
0.3084280782447038
0.30847710623894564
0.30849627102302213
0.30964802645217115
0.31243974514959194
0.3142646465782276
0.3147932281283759
0.31678851980500583
0.317347933992182
0.3178256866932804
0.3208319512029464
0.3219805050169265
0.32243179450103077
0.3224550359154882
0.32531862905298836
0.3279849938292646
0.32829774000273004
0.3284131095287674
0.3314825635682575
0.33243083537912377
0.3333679575489944
0.3337580273828323
0.3343183746915349
0.3347788863355985
0.33479923586958604
0.3379883279450826
0.33870097442455943
0.3414236840642828
0.34231285723350013
0.34436908264785776
0.3455810005986841
0.3466775211406712
0.34888122728314214
0.3510185799511371
0.3547057891361111
0.35675558484250147
0.35724716900186126
0.36125633071769603
0.3625851466967602
0.36308227960788575
0.3637133306892898
0.36557705348962477
0.3678662614782937
0.368923785811649
0.3699973109160246
0.37130171989229965
0.3717127683082474
0.37463742283872703
0.37657309913617953
0.3783902609097102
0.3792099587781521
0.38074683243044416
0.38603817155535086
0.38852512346641443
0.3909396831478449
0.39147103828508123
0.39261319984695237
0.3929702402917842
0.3937371597509937
0.394207821948174
0.3963844670949909
0.39956364999458505
0.4018300141765829
0.4019922578816404
0.40294173955532786
0.4058444399590242
0.40668984991080653
0.40735920144063403
0.40764927938917306
0.4088912888570174
0.4089380060780573
0.41217003332126945
0.4173546558804226
0.4204724578701569
0.423398877848299
0.4235825792509469
0.4298243516826088
0.43361523626882237
0.4339127787842913
0.43442193553999037
0.4349937891003674
0.4377268752793912
0.43917042670534556
0.44164814740367697
0.44279184626633505
0.44312984714373593
0.44424587797886883
0.44897960086670274
0.44922425356689055
0.45088014111905755
0.45118189568308814
0.45351741618001346
0.45353399269925293
0.454029949423306
0.45454679092898215
0.4553458560274889
0.4585295771018972
0.458663255120349
0.4591869825110649
0.46108583652751406
0.4663904464720404
0.4691955189258753
0.469681155684458
0.4737064565238548
0.4750665447630297
0.47888592711787437
0.4789321846783634
0.48122813960522764
0.48211538451346997
0.48297000544756913
0.48313760259279326
0.48529647720023067
0.48663027777858714
0.4868658830471423
0.487843052688979
0.48916608549100915
0.4941244575139037
0.4947771785308509
0.5011643395507122
0.5011726235604702
0.5044903704756252
0.5058672062443352
0.5088100674627092
0.5089144712768636
0.5090485273614622
0.5109842068168008
0.5117339876376741
0.5118712568543791
0.5125604476271195
0.5129454133136947
0.5139130680427888
0.5141044386620385
0.5145834192457339
0.5146110812304018
0.5167527610277506
0.5172799276575907
0.5179654180057636
0.5197426155358482
0.5205445264860133
0.5234725232875294
0.5242098176687564
0.5244713258813953
0.5245564547257263
0.5315898196672931
0.533527812364657
0.5373865845305521
0.5379785866782107
0.5381826554917244
0.5384615364605363
0.539116543934463
0.5427452528567229
0.542828965730116
0.5463451778626514
0.5469650224421638
0.5471283412315694
0.5482786719565175
0.5488210573698585
0.5509174545167931
0.5530989100918342
0.5531264568134695
0.5531586161795916
0.5538181230200541
0.556157801146589
0.5562305470032416
0.556895572456918
0.5606930789310772
0.5610655780871711
0.5635154842069551
0.5654299853950077
0.5662262339573805
0.5672101894871867
0.5673161561810307
0.5685884059611717
0.5719542689303959
0.5728076485051847
0.5751575829744429
0.5769164060506465
0.5784506918971458
0.5791858332865085
0.5792459358163746
0.580259222008177
0.5807785553676825
0.5828869452330075
0.58395872355301
0.5846208674783973
0.5856946983836746
0.5866889632862464
0.5877345830091882
0.588592670932901
0.590341520277582
0.5918404164984
0.5922412157877892
0.5947944751928504
0.5962449484154064
0.5983463020959319
0.5994901997480839
0.60152336161337
0.6045945283436469
0.6056512886701015
0.6058780065362068
0.608761356497411
0.6095833009620564
0.610080470867015
0.6130688824946836
0.6172817491983837
0.6178263091148619
0.6181518110123717
0.6193042545279304
0.6209847397804327
0.6236446870346739
0.6245206790148987
0.6259415547844269
0.6316084474334814
0.6331946075745187
0.634052857720798
0.6344344476464223
0.6345395256481937
0.6346655112489823
0.6383754007959384
0.6415995925184808
0.6423763268118896
0.6426149509227684
0.643612520216162
0.6472306702770406
0.6473753824396329
0.6474313613989366
0.6476528024379505
0.6483096351897312
0.6498984017186304
0.651564992056854
0.6523004983535444
0.6527863238757965
0.6556518067195574
0.6561782598505587
0.6566819516244176
0.6576257308378892
0.6582953128752548
0.6591614493112523
0.6602592480367483
0.6618697396627917
0.6624132384797474
0.6637475146000096
0.6637522985294784
0.664989680466804
0.6718974689602366
0.6722136946288194
0.6738792103556885
0.6742623175662368
0.6747962333008275
0.6749512578277423
0.677908335179618
0.6803751310772855
0.6822256518097485
0.6839500690814593
0.6851871549431958
0.6857643822592911
0.6865371142442027
0.6875432089887432
0.6885613664053197
0.6916987459519534
0.6919914005107964
0.6933008780196778
0.6956664764861658
0.696367949086089
0.6966109684728509
0.698045382525723
0.6998895827472252
0.7008434768303492
0.702026462097
0.7020407477357833
0.7038632617893772
0.7044338137177604
0.7046526108828086
0.7056637445562858
0.7063718927211153
0.7073139446309709
0.7085970530245624
0.7087139291190292
0.7089647564030717
0.7097264173734509
0.7116047439271205
0.7163058631755137
0.7173735196033921
0.7176737466980307
0.7191324109706453
0.7206056681199434
0.7207426929992972
0.7216210724449902
0.7247589509330745
0.7277330597188894
0.7287607270444894
0.7305940213321439
0.7338963178583396
0.7368094530978696
0.737301282526699
0.7389600509199442
0.7399121462289213
0.7404981004061839
0.7423914089324544
0.7431001626543889
0.7445195286929298
0.7445580210392563
0.7453817956658003
0.7494493581449723
0.7502528536748859
0.7506653648591101
0.751342931728263
0.7515647208670002
0.7517248952338862
0.7534101238022073
0.7565595426048445
0.7615655097726588
0.7638590431756807
0.7671489106100923
0.7705498436279719
0.7741865272707396
0.7743554464012106
0.7756838885067892
0.7767491224382561
0.780206295099305
0.7810896633797968
0.7826867319805871
0.7845093183392462
0.7861014126580197
0.7863624145079259
0.7867585599671298
0.7872178498889366
0.7875437476195271
0.7883729132821065
0.7907313571054674
0.7928518946739826
0.7929426426072028
0.7935417925754451
0.7936273161846759
0.7996334527285132
0.8010642406428874
0.8024349992400532
0.8034150660938968
0.8077136935870826
0.8089985975749101
0.8092101137482992
0.8095791137209588
0.8132153408449235
0.8139261661565838
0.8153610203105764
0.8154612919319294
0.8169441979593396
0.8227501032126248
0.8227693765451308
0.825365047946931
0.8254708306110514
0.8261958437226122
0.830375988258078
0.8351022634788419
0.8364973414683239
0.8372912258653854
0.8373617898326589
0.8387670180606828
0.8429684242073421
0.8472198708032669
0.8485474241042394
0.8485743232205962
0.8518169885361075
0.8538819866675655
0.854392194627763
0.856792091544645
0.8617381158882371
0.8647332089051805
0.8656698372847526
0.8663058053801629
0.8695884075756527
0.869863423262577
0.8733572569784563
0.8753778124566518
0.87562983338066
0.8760273188762381
0.8762556348663739
0.8768782989337505
0.8769984266591695
0.8817073264985393
0.8862307717500006
0.8872777802779653
0.8878713139028964
0.8908024475060059
0.8915709310821945
0.8926416025882515
0.8936633359964099
0.8939786902771052
0.894726001078021
0.8953898873211865
0.8964658239336902
0.8978545943827153
0.8985393608040535
0.8988894922413863
0.8998522910664749
0.9006927076507938
0.9055555648848126
0.9070296392430905
0.9079066660211392
0.9126003058858807
0.9130537773636965
0.9130655140629257
0.9131758448553013
0.9136880954335587
0.9148565864831909
0.9149533192510912
0.9165302454214004
0.9189842739141031
0.9199573347897337
0.9247101609019065
0.9261158299702191
0.9263061355941378
0.9265669553393405
0.9271656813612056
0.9292868036407044
0.9313135595776006
0.9336069824171689
0.9338111680849458
0.9403058108101747
0.9420486136198394
0.9448514819050187
0.9455088412737764
0.9459284637863461
0.947013633773384
0.9476296859391883
0.9478792592660557
0.94814004289538
0.9501603983582474
0.9504157867827612
0.9565239661189971
0.9565627433756436
0.9604790958650586
0.9618936336380511
0.9620750945574602
0.9623762275707257
0.9642539432127355
0.9644783436327973
0.9650698435028467
0.9659362333335556
0.9659657119427949
0.9672504986372839
0.9731798129900034
0.9755142867705144
0.9765584135854374
0.9798013766213896
0.9803654794958553
0.9951065011133918
0.9959285331240746
0.9962993882025023
1.0043221330810357
1.005622097643715
1.006568562645811
1.007369309769465
1.007718713676716
1.008811530844313
1.0106188088845849
1.0156228071435913
1.0172872141691531
1.017408081733075
1.0177572092355875
1.0214682243588895
1.0237541884319359
1.0268939454871209
1.0275529695230234
1.029836861469113
1.0302589800283601
1.0318412715262477
1.0331182048004475
1.0338854371858532
1.035847370118223
1.038469677617634
1.0406840073934798
1.0408667032375816
1.0421006659632637
1.0452704088535822
1.0464386361101825
1.0479253006146785
1.0486139495139954
1.050025250797109
1.0514689401000143
1.0519218245980588
1.0527596391539293
1.0538808239425292
1.0542558583955652
1.0565265518834264
1.0594988067985789
1.0610323654856626
1.065796193074203
1.066776588398984
1.067703345386057
1.0678328036992972
1.0694247839105855
1.0696235424507357
1.0705401848565452
1.0713880609912616
1.0715731344897914
1.0717468338334264
1.076338356026764
1.0796141981858063
1.0802074565731836
1.0818744856896687
1.0819653760476973
1.0851307651871327
1.091209387830776
1.0924038010291646
1.0933803612903676
1.095490747781631
1.097144094372886
1.0984939843028605
1.1006704312980737
1.102326461875086
1.1043612499598767
1.1065293400810068
1.107042557600133
1.1094456802547512
1.1097292887683512
1.1103579434442306
1.1104469465757056
1.110619428504846
1.1177988608757665
1.1182426182309992
1.1200165415970251
1.1204698990098225
1.1219132451537654
1.1235145933940056
1.1240873068266526
1.1243829597156543
1.1261375745774838
1.1264135394116501
1.1268135554854624
1.1272685366631867
1.1295052676323638
1.1305294959819852
1.131474458554175
1.1339907159040636
1.1352730145347465
1.138085071043685
1.139082131813051
1.1397930479498
1.1420540433810475
1.1420643374900858
1.1441441605773535
1.1443142132472204
1.1445659178967196
1.1463189743996014
1.148682740558543
1.149831427291707
1.1502359103279398
1.158538759004485
1.160558374010944
1.164911000187621
1.1651383507842699
1.165532134970631
1.1676911620245447
1.1730183670143042
1.175391220037743
1.1761115492140974
1.1761972917075008
1.1776453475008077
1.1806566959537501
1.1816102428314936
1.1829829553609337
1.1848647972807693
1.1860632230213752
1.1864551688766312
1.1890358985853242
1.1921865668782825
1.195993991488022
1.1961580562627492
1.1975082162358304
1.1983312156441202
1.199941018113296
1.200853691857845
1.2069052833459353
1.2071141433762065
1.2111041938609974
1.2113465312605896
1.2118292299364977
1.2142442130148199
1.2144094632106444
1.215738506437526
1.2198852357999694
1.225371211994843
1.225473548895358
1.2259349130127455
1.2267841663128563
1.2280432158843368
1.2293053680027337
1.232848068787093
1.2329324854466512
1.2356212312564483
1.2396843243252533
1.2405792660887331
1.24161204971215
1.242196719825611
1.245575420364906
1.2462059540917658
1.2473586354282762
1.2477495393018776
1.247814278019542
1.2504458288768827
1.2530300440872053
1.2543437134165487
1.2554051679520615
1.2579095807501528
1.2636119541221937
1.2636630842346102
1.2642518097503415
1.2646988457194177
1.266638133105283
1.267930652229299
1.2686075597223743
1.2699532577532997
1.2702932436425423
1.2727276879288485
1.2784267032037109
1.2791650829394352
1.2808903632391018
1.2875254337161017
1.2889653682900426
1.2895694540735234
1.29068605353853
1.2935983755295166
1.2946981382739948
1.2962615943032703
1.2964321634623954
1.2972382778910847
1.2982681028521013
1.2991449842141707
1.3023651432810706
1.3086975510381142
1.3095524702090011
1.3119760835430025
1.312149789955377
1.3166288657278877
1.3188674235623778
1.321797970197571
1.323574986357758
1.324441889790682
1.3256228592605046
1.3289280849909675
1.3293057635247245
1.3297559192688
1.3329601932348094
1.3353031900591739
1.336855661457513
1.3377621123103036
1.3420850193689897
1.3461688936750902
1.3495189959438285
1.3511528940710895
1.3534720383167895
1.357973521488414
1.3580463677175318
1.3591501716073262
1.360145615795243
1.3603847187067395
1.3609124794670557
1.3653021941918597
1.3661788908835495
1.366732706395652
1.3675350493274134
1.367885096341379
1.3679471297906074
1.3699297612725214
1.3703821390122735
1.3725645968084974
1.3754477349679606
1.376923951376543
1.3793657870570626
1.3799594987252548
1.3849640675000285
1.3866743648510467
1.393460445172263
1.3938346268513997
1.3955144786042628
1.3968222298296902
1.3969905195122547
1.398193643882252
1.3991265489912899
1.4024499202725929
1.4055275586260008
1.4058948013213342
1.4068894642566296
1.4075289768374089
1.4138677035410745
1.415163200380257
1.4183498536358954
1.418682006375099
1.4212362534432472
1.42134923991671
1.421436529144897
1.4284276383503407
1.4331526998111221
1.441220352245449
1.441375665728891
1.4465827481993345
1.447182600805503
1.451576878552672
1.4548722252174813
1.4579988345121164
1.45889614377551
1.4602872680015642
1.4619677261665593
1.4694480378172932
1.4730678803887338
1.4740448363926295
1.4763804344678921
1.4764643879942114
1.4770875104224548
1.4799361455763766
1.480065874158115
1.490284192349125
1.4927879507972297
1.4928339005981917
1.4930383718784843
1.495234513007548
1.4970365337140907
1.4979442357408956
1.4981817874798158
1.4983740186757357
1.4985426940199633
1.4986254657033977
1.4994598409729316
1.5027352262819038
1.5027984285533864
1.5075730670577019
1.5091721139057013
1.514300220252988
1.5195344863871423
1.5257088398936203
1.5266464810774067
1.528780827913858
1.529290772662136
1.5422487148495314
1.545598670581622
1.5492016323017217
1.5561792442521694
1.5644181022608152
1.5653291967638938
1.5669579636615247
1.5700558412466368
1.5702371613135777
1.570578309989785
1.573357617142055
1.5771010771276883
1.5788781720265466
1.5796838147973462
1.5804632983158584
1.5891820061123174
1.5933849767431019
1.5953738995662583
1.5965893483939073
1.5967678409496018
1.59697595978625
1.5975996944953077
1.5978874985092182
1.599610327871921
1.5999281567729664
1.6014700146527225
1.602381086822183
1.6024121521365071
1.6027059584508851
1.6039190176685119
1.6074380558880321
1.6079157481308406
1.6102123226352327
1.6109109468359215
1.612267639747917
1.6175022855666352
1.623150825812386
1.6377574377570137
1.639945423180561
1.6402664206002753
1.653097193593501
1.6531398536201505
1.6553291528350829
1.6590706954961432
1.6694767176323495
1.6698393509033949
1.6727667822831163
1.6742685973718157
1.6847296040520072
1.6879570960879358
1.6885715366672673
1.692469915221037
1.6948877239175117
1.6949184632271748
1.6952510190623007
1.700330194888459
1.7025352586532172
1.7034474391489405
1.7052333801940098
1.7065961727512753
1.7128302517421683
1.7197424662123533
1.722410968234659
1.7261798938881905
1.726320010717851
1.7301100861155594
1.730833609473238
1.7344850556909481
1.737670962085117
1.7384694402669658
1.7560547513771216
1.7583277596816065
1.7584681509710212
1.758684705086269
1.7588147511818075
1.7607135880207438
1.764099082755467
1.7642710053857469
1.7670814413010647
1.7711467802393757
1.7771984881192173
1.7822761290543117
1.7905187516667787
1.7992196791354669
1.8015861065083079
1.804806056591148
1.8062389961647862
1.8074129176771967
1.8093515805145106
1.8151415262455761
1.8174500343137936
1.8204996896712053
1.8225830405992731
1.8288790794052925
1.8290565363547975
1.8323248956574978
1.8349496995829906
1.8359583763097866
1.841446764469426
1.8514695653240518
1.8555888018866082
1.8594770975952084
1.8602327009128103
1.8635695505556655
1.8643968186566253
1.8709650669261697
1.882862172636514
1.8849870966101774
1.8923491311949212
1.8952765399506286
1.9054961023099917
1.9090918205583767
1.9091505231992927
1.9135661429954567
1.9220526640238975
1.923499220815574
1.9278866462645223
1.9323963188051771
1.9363197332903157
1.9376721520277802
1.93971613075401
1.940012855742928
1.9436042267331128
1.946329986452647
1.94799805140477
1.9497192386099953
1.9516963152905507
1.9520573358370712
1.9562873555156632
1.956933863217155
1.9575521673353133
1.9612422190388896
1.965084850843513
1.9679335177649564
1.9792943494812685
1.9819768833908955
1.9902259305835592
2.0008673125161542
2.010330649789732
2.020347603190168
2.0263142802524543
2.02651346772609
2.0270146736441697
2.0293125126054985
2.0322103244964334
2.0345677454300093
2.0365732628777775
2.03776881356945
2.0458492153414767
2.0489454928360815
2.0532015789633715
2.0574962352308708
2.0621190538328333
2.062530584761344
2.0625329102023398
2.063106741519078
2.069993549804847
2.0734493352447867
2.121386914633397
2.1528492249452573
2.1536654854758517
2.1573657683578373
2.158410165113634
2.16823903018548
2.168490746832008
2.169237903507695
2.175904783551933
2.177827976396787
2.205150595735031
2.2070528906343903
2.218628798876574
2.22563962172574
2.241456417515904
2.294243474669777
2.2991104428962466
2.3009444584095897
2.331061599094676
2.335414747252109
2.370571188541029
2.393040581235486
2.4037485341896563
2.405587653026833
2.4163775357197053
2.4221020988302424
2.4267859159453176
2.441688365212728
2.4615548655924737
2.484288396466357
2.494245695083338
2.5028778362831727
2.564108887902019
2.5739244409990594
2.6223560858781747
2.6242246887886047
2.6852309810637385
2.6886939847217524
2.710686016148785
2.7472698458686655
2.8537879997959172
3.3358608944112578
