-65551.438474 1
-32778.272712 2
-32776.150756 3
-4376.128434 4
-3283.860070 5
-2192.751895 6
-1777.150244 7
-1730.875413 8
-1690.962165 9
-1688.782788 10
-1316.478759 11
-1266.264117 12
-1157.552342 13
-999.060092 14
-983.810059 15
-983.787170 16
-916.251452 17
-915.423928 18
-786.219191 19
-759.001142 20
-696.124922 21
-688.749120 22
-630.738661 23
-592.492816 24
-575.647097 25
-555.527431 26
-550.036532 27
-472.836600 28
-464.221073 29
-456.851573 30
-443.918693 31
-440.910374 32
-427.535464 33
-424.542676 34
-414.358583 35
-408.642081 36
-407.735204 37
-400.539739 38
-398.055346 39
-395.233706 40
-393.979196 41
-393.454994 42
-380.819626 43
-369.689714 44
-365.115957 45
-352.816592 46
-352.224577 47
-351.076520 48
-334.770984 49
-319.650199 50
-307.362569 51
-295.791658 52
-291.164780 53
-284.771292 54
-280.682547 55
-279.132680 56
-271.164139 57
-263.714786 58
-256.767612 59
-254.886442 60
-251.773361 61
-250.819222 62
-250.715110 63
-248.703650 64
-247.810323 65
-242.940924 66
-241.258414 67
-233.376305 68
-225.412407 69
-214.237703 70
-210.412579 71
-206.220949 72
-205.930787 73
-199.463686 74
-197.081272 75
-195.111308 76
-193.886155 77
-191.847814 78
-188.488787 79
-188.125181 80
-185.525645 81
-184.241419 82
-183.847647 83
-182.973293 84
-182.438863 85
-180.663518 86
-179.545899 87
-174.257364 88
-173.748247 89
-173.564545 90
-172.259860 91
-170.961122 92
-170.321100 93
-167.593551 94
-166.180941 95
-164.495145 96
-164.110375 97
-163.207649 98
-162.008985 99
-160.160211 100
-159.453627 101
-158.086883 102
-157.983467 103
-157.080038 104
-153.818635 105
-152.290002 106
-151.918959 107
-151.341473 108
-148.783140 109
-148.108264 110
-146.316352 111
-145.317081 112
-143.495310 113
-141.073998 114
-140.566895 115
-139.764337 116
-139.075648 117
-138.452608 118
-138.210726 119
-136.596480 120
-135.433815 121
-133.921512 122
-133.805093 123
-133.452566 124
-133.317112 125
-132.251528 126
-132.220583 127
-130.259915 128
-129.510559 129
-129.350324 130
-129.000035 131
-128.460481 132
-125.303641 133
-124.734530 134
-124.239114 135
-122.916383 136
-121.728026 137
-120.668769 138
-120.010858 139
-119.849800 140
-119.460636 141
-116.755742 142
-116.364703 143
-115.266167 144
-114.951448 145
-113.214300 146
-113.123698 147
-112.021321 148
-110.477017 149
-108.247134 150
-108.057916 151
-107.533275 152
-107.104768 153
-106.266200 154
-106.066133 155
-105.988875 156
-105.981872 157
-105.644691 158
-104.848472 159
-104.244083 160
-103.611869 161
-102.757815 162
-99.592463 163
-99.381133 164
-98.855074 165
-98.192545 166
-97.246359 167
-96.848085 168
-96.803649 169
-96.466542 170
-94.794209 171
-94.315742 172
-93.895485 173
-93.297397 174
-93.254944 175
-92.678692 176
-92.422147 177
-91.015159 178
-90.994019 179
-90.742781 180
-90.255004 181
-89.374852 182
-88.559988 183
-88.542273 184
-87.855012 185
-87.318157 186
-87.084703 187
-87.074787 188
-86.739472 189
-85.368682 190
-84.834975 191
-84.728916 192
-84.081332 193
-84.064261 194
-83.907109 195
-83.634018 196
-82.940910 197
-82.484898 198
-81.850824 199
-81.815958 200
-81.079644 201
-80.876763 202
-80.602961 203
-80.513688 204
-79.835473 205
-79.665161 206
-79.176571 207
-79.158365 208
-79.131726 209
-78.968299 210
-78.339273 211
-78.208098 212
-77.922729 213
-77.124444 214
-76.827887 215
-76.634486 216
-76.502017 217
-76.405412 218
-76.295722 219
-76.037177 220
-75.768113 221
-75.457009 222
-74.523134 223
-74.038186 224
-73.287180 225
-73.252552 226
-73.170372 227
-73.037043 228
-72.891023 229
-72.415353 230
-71.885296 231
-71.422010 232
-71.253724 233
-71.096490 234
-70.974973 235
-70.630206 236
-70.289438 237
-70.276828 238
-69.488791 239
-69.451502 240
-69.365786 241
-69.289935 242
-68.668354 243
-68.449051 244
-68.220564 245
-67.999181 246
-67.976025 247
-67.372784 248
-67.140551 249
-66.854013 250
-66.554491 251
-66.342938 252
-66.340541 253
-65.819871 254
-65.729264 255
-65.501129 256
-65.402161 257
-64.481927 258
-64.211130 259
-63.496787 260
-62.876351 261
-62.857884 262
-62.560936 263
-62.043202 264
-61.770334 265
-61.720657 266
-61.394874 267
-61.291206 268
-61.033448 269
-60.903028 270
-60.650336 271
-60.640758 272
-60.552824 273
-60.463762 274
-40.498998 435
-29.923584 596
-24.220209 757
-20.332064 918
-17.370206 1079
-14.946086 1240
-13.378965 1401
-12.020647 1562
-10.970081 1723
-10.108941 1884
-9.358877 2045
-8.685837 2206
-8.075174 2367
-7.551651 2528
-7.081851 2689
-6.674526 2850
-6.277080 3011
-5.942556 3172
-5.607776 3333
-5.286876 3494
-5.027654 3655
-4.763318 3816
-4.544803 3977
-4.341615 4138
-4.149338 4299
-3.944473 4460
-3.762634 4621
-3.628112 4782
-3.467893 4943
-3.304889 5104
-3.169582 5265
-3.035053 5426
-2.887698 5587
-2.757981 5748
-2.631077 5909
-2.524446 6070
-2.410360 6231
-2.301604 6392
-2.215959 6553
-2.114642 6714
-2.031951 6875
-1.941938 7036
-1.853398 7197
-1.765835 7358
-1.669760 7519
-1.591493 7680
-1.508154 7841
-1.426022 8002
-1.359091 8163
-1.286846 8324
-1.221040 8485
-1.149895 8646
-1.082803 8807
-1.012534 8968
-0.941041 9129
-0.879565 9290
-0.807505 9451
-0.752143 9612
-0.689793 9773
-0.627368 9934
-0.569691 10095
-0.501973 10256
-0.446067 10417
-0.386968 10578
-0.336543 10739
-0.287592 10900
-0.224016 11061
-0.166774 11222
-0.117712 11383
-0.056590 11544
0.001282 11705
0.056748 11866
0.110736 12027
0.169494 12188
0.210489 12349
0.264580 12510
0.322405 12671
0.375959 12832
0.428897 12993
0.490908 13154
0.549516 13315
0.607125 13476
0.663597 13637
0.734734 13798
0.791175 13959
0.859531 14120
0.919123 14281
0.988168 14442
1.051352 14603
1.124826 14764
1.193344 14925
1.276535 15086
1.360191 15247
1.454248 15408
1.548536 15569
1.663013 15730
1.811556 15891
2.005505 16052
2.311661 16213
