-65545.054067 1
-6560.455896 2
-5964.886382 3
-5467.976642 4
-4103.882757 5
-3863.831154 6
-2855.723601 7
-2739.419970 8
-2346.466896 9
-1778.731984 10
-1645.107009 11
-1605.985908 12
-1566.531310 13
-1464.260333 14
-1064.134678 15
-1063.282251 16
-1036.237610 17
-1029.143225 18
-997.796471 19
-943.333491 20
-928.776723 21
-914.844717 22
-825.617868 23
-775.531885 24
-768.112145 25
-732.982912 26
-681.618553 27
-667.564714 28
-595.661658 29
-575.098118 30
-574.098198 31
-565.178056 32
-561.934457 33
-531.532663 34
-530.526961 35
-522.712140 36
-509.310012 37
-489.837676 38
-468.935024 39
-466.520554 40
-443.948964 41
-443.615311 42
-427.623142 43
-426.061729 44
-414.060857 45
-411.118883 46
-406.879406 47
-401.314140 48
-386.521969 49
-384.189648 50
-376.693380 51
-365.036304 52
-359.801520 53
-359.711520 54
-358.040047 55
-353.230727 56
-350.652333 57
-347.114945 58
-335.485035 59
-324.410559 60
-311.575714 61
-309.707046 62
-305.559897 63
-296.177312 64
-285.725620 65
-285.275554 66
-282.636041 67
-281.600629 68
-279.334117 69
-273.347481 70
-269.938691 71
-263.724320 72
-263.406411 73
-263.028641 74
-261.974797 75
-260.337121 76
-259.908303 77
-257.975889 78
-255.547784 79
-255.022968 80
-253.568105 81
-247.450778 82
-240.622988 83
-235.299356 84
-233.507994 85
-233.138215 86
-229.709726 87
-226.355782 88
-221.773239 89
-221.734314 90
-219.190472 91
-216.105322 92
-214.837564 93
-212.876158 94
-211.491951 95
-209.957764 96
-208.337172 97
-207.253487 98
-206.383794 99
-205.808595 100
-205.059807 101
-200.583871 102
-199.350425 103
-194.654037 104
-193.825500 105
-186.976662 106
-185.569041 107
-184.022843 108
-183.346506 109
-181.834386 110
-174.072937 111
-173.357058 112
-170.761144 113
-169.480212 114
-167.992576 115
-167.522801 116
-164.505199 117
-163.558191 118
-161.210636 119
-160.515781 120
-159.439939 121
-158.531459 122
-154.740351 123
-150.017644 124
-148.578035 125
-147.559553 126
-147.105838 127
-146.725316 128
-146.329545 129
-146.116834 130
-144.297814 131
-143.533591 132
-142.579102 133
-136.854027 134
-136.532904 135
-135.803656 136
-135.196342 137
-134.643952 138
-130.012249 139
-129.404823 140
-127.732790 141
-127.576597 142
-126.194357 143
-125.786963 144
-124.724683 145
-123.980414 146
-123.901438 147
-123.533210 148
-123.323215 149
-122.148349 150
-121.794038 151
-119.908379 152
-118.120416 153
-117.093437 154
-116.340788 155
-114.826171 156
-114.722032 157
-112.429374 158
-110.658606 159
-110.559169 160
-109.684406 161
-109.276834 162
-108.968762 163
-108.678955 164
-108.210443 165
-108.139226 166
-107.840040 167
-107.290715 168
-104.739315 169
-104.725137 170
-104.520579 171
-104.064307 172
-102.226177 173
-101.243349 174
-100.904312 175
-99.788591 176
-99.525260 177
-99.205907 178
-99.080442 179
-98.515340 180
-97.682971 181
-96.191862 182
-96.174813 183
-96.024082 184
-95.682776 185
-95.236402 186
-94.781595 187
-94.598279 188
-94.375913 189
-94.243190 190
-92.887386 191
-92.043868 192
-91.276417 193
-90.627867 194
-90.050769 195
-90.008459 196
-90.004956 197
-89.971563 198
-89.763719 199
-89.276186 200
-88.959754 201
-88.935957 202
-88.865811 203
-88.852553 204
-88.756101 205
-87.186626 206
-86.958538 207
-86.270233 208
-86.218359 209
-85.931920 210
-85.038331 211
-84.963011 212
-84.470614 213
-84.319199 214
-83.764162 215
-82.839707 216
-82.569725 217
-82.542957 218
-81.844674 219
-81.832608 220
-81.528851 221
-81.435402 222
-81.060783 223
-80.754785 224
-80.739246 225
-80.338737 226
-80.159856 227
-80.059803 228
-79.964458 229
-79.327748 230
-79.316064 231
-78.984737 232
-78.401068 233
-78.205594 234
-78.043419 235
-77.632776 236
-77.544893 237
-77.381173 238
-77.365597 239
-77.209854 240
-75.412801 241
-74.854030 242
-74.848180 243
-74.726219 244
-74.347599 245
-74.331610 246
-73.084734 247
-72.989526 248
-72.927559 249
-72.612922 250
-71.848411 251
-70.977629 252
-70.674253 253
-70.404056 254
-70.394098 255
-70.323068 256
-70.297995 257
-70.203879 258
-70.156719 259
-70.027521 260
-69.706906 261
-69.415837 262
-69.293181 263
-69.275998 264
-69.171044 265
-69.128798 266
-68.449541 267
-68.214829 268
-67.988066 269
-67.936869 270
-67.912846 271
-67.707508 272
-67.637777 273
-67.593018 274
-41.730303 435
-30.348653 596
-24.067563 757
-20.001696 918
-17.519123 1079
-14.804190 1240
-13.174219 1401
-11.802620 1562
-10.767443 1723
-9.968645 1884
-9.256246 2045
-8.579135 2206
-8.073218 2367
-7.552187 2528
-7.090444 2689
-6.626500 2850
-6.255011 3011
-5.945902 3172
-5.623027 3333
-5.347681 3494
-5.071091 3655
-4.865292 3816
-4.643261 3977
-4.403071 4138
-4.244026 4299
-4.061828 4460
-3.895168 4621
-3.720791 4782
-3.550162 4943
-3.384430 5104
-3.221706 5265
-3.085591 5426
-2.952421 5587
-2.831208 5748
-2.707409 5909
-2.591353 6070
-2.476434 6231
-2.378038 6392
-2.258411 6553
-2.157144 6714
-2.080553 6875
-1.988813 7036
-1.888323 7197
-1.799064 7358
-1.722469 7519
-1.638477 7680
-1.556900 7841
-1.481431 8002
-1.397364 8163
-1.326071 8324
-1.243400 8485
-1.173857 8646
-1.107433 8807
-1.039483 8968
-0.980136 9129
-0.908747 9290
-0.844324 9451
-0.776925 9612
-0.717569 9773
-0.654854 9934
-0.597757 10095
-0.526560 10256
-0.467681 10417
-0.412692 10578
-0.350398 10739
-0.289562 10900
-0.240112 11061
-0.176706 11222
-0.126530 11383
-0.073390 11544
-0.016321 11705
0.041039 11866
0.106320 12027
0.164242 12188
0.223111 12349
0.286286 12510
0.336890 12671
0.396098 12832
0.453775 12993
0.517311 13154
0.574203 13315
0.621789 13476
0.672168 13637
0.733470 13798
0.796096 13959
0.856581 14120
0.918177 14281
0.975799 14442
1.037347 14603
1.104017 14764
1.183179 14925
1.272242 15086
1.353192 15247
1.447255 15408
1.552836 15569
1.653296 15730
1.789045 15891
1.992121 16052
2.317751 16213
