-65546.518160 1
-13114.794936 2
-9372.005186 3
-8199.952190 4
-2528.239161 5
-2526.948621 6
-2191.715145 7
-2190.564563 8
-1994.838835 9
-1605.161548 10
-1401.352407 11
-1320.655931 12
-1137.396576 13
-1100.631215 14
-1063.943142 15
-1062.081017 16
-1046.946948 17
-1015.356412 18
-943.527327 19
-869.820636 20
-834.270229 21
-804.722382 22
-804.461438 23
-796.858146 24
-779.306329 25
-702.777077 26
-684.054287 27
-668.924075 28
-656.308008 29
-653.312158 30
-641.370306 31
-596.342955 32
-583.224852 33
-555.670283 34
-524.596512 35
-524.199259 36
-500.564251 37
-486.847181 38
-486.643512 39
-464.036517 40
-463.190762 41
-446.630071 42
-434.569558 43
-428.112103 44
-419.831026 45
-419.245122 46
-400.710845 47
-395.403323 48
-390.712460 49
-388.245083 50
-352.049772 51
-350.466226 52
-345.246385 53
-342.555286 54
-338.076028 55
-331.521690 56
-328.067105 57
-325.012416 58
-308.553702 59
-308.129451 60
-308.008913 61
-305.281819 62
-290.739879 63
-287.904093 64
-287.349259 65
-281.942062 66
-278.175060 67
-272.101708 68
-264.773739 69
-263.010622 70
-262.560355 71
-260.763181 72
-260.454635 73
-259.574042 74
-254.055720 75
-251.946252 76
-249.917306 77
-243.263373 78
-242.530950 79
-239.181220 80
-226.797538 81
-225.938290 82
-220.681739 83
-215.496686 84
-215.336928 85
-212.720673 86
-211.065548 87
-210.114344 88
-209.062654 89
-204.442285 90
-204.190117 91
-201.187771 92
-200.483276 93
-193.835603 94
-191.902336 95
-191.778326 96
-187.389723 97
-187.356073 98
-184.780397 99
-184.685086 100
-183.149599 101
-182.597220 102
-181.085669 103
-179.465482 104
-174.426176 105
-172.611163 106
-169.036386 107
-167.440167 108
-166.227230 109
-163.819427 110
-158.490933 111
-157.636708 112
-156.573058 113
-156.295078 114
-155.265845 115
-154.762054 116
-151.239126 117
-150.661011 118
-148.997872 119
-148.701250 120
-148.513371 121
-146.814460 122
-145.879076 123
-144.999839 124
-144.803062 125
-142.287612 126
-141.926428 127
-141.260263 128
-140.621616 129
-137.917446 130
-136.421901 131
-133.480916 132
-132.810265 133
-132.271834 134
-131.459667 135
-130.667411 136
-127.673494 137
-127.314501 138
-127.173628 139
-127.121890 140
-122.971671 141
-122.797012 142
-122.057967 143
-121.943650 144
-120.972655 145
-120.871363 146
-120.786601 147
-120.644696 148
-120.520607 149
-120.428166 150
-120.108805 151
-119.283973 152
-118.483048 153
-118.120113 154
-117.985001 155
-116.786445 156
-114.528147 157
-114.420368 158
-114.321563 159
-113.901141 160
-113.486542 161
-112.674785 162
-112.509747 163
-112.304699 164
-110.128836 165
-109.486806 166
-109.365458 167
-108.108528 168
-107.966895 169
-107.454311 170
-107.215862 171
-106.417613 172
-105.099282 173
-105.047916 174
-102.683085 175
-100.845727 176
-99.907294 177
-99.687927 178
-99.051939 179
-98.925415 180
-98.647139 181
-97.411530 182
-97.403225 183
-96.908084 184
-95.649729 185
-95.552780 186
-95.364139 187
-95.150336 188
-94.784817 189
-94.266924 190
-93.942804 191
-93.470077 192
-92.064244 193
-91.733513 194
-91.482549 195
-90.719941 196
-90.703202 197
-89.683452 198
-89.285148 199
-89.280273 200
-89.054720 201
-88.828113 202
-88.731618 203
-88.709159 204
-87.527271 205
-87.473983 206
-87.166462 207
-87.147703 208
-86.740328 209
-86.665597 210
-85.788139 211
-85.723859 212
-85.156095 213
-84.872565 214
-84.538634 215
-84.349518 216
-84.281439 217
-83.405129 218
-83.215673 219
-82.825713 220
-82.814155 221
-82.640165 222
-81.924221 223
-81.881310 224
-81.655910 225
-80.252556 226
-79.420486 227
-79.246749 228
-79.121460 229
-78.976944 230
-78.771861 231
-78.693951 232
-78.518716 233
-78.494277 234
-78.449700 235
-78.447277 236
-78.227343 237
-77.201414 238
-76.880034 239
-76.189987 240
-75.945440 241
-75.899779 242
-75.767481 243
-75.758308 244
-75.493675 245
-75.160238 246
-74.604786 247
-74.557568 248
-74.473727 249
-74.446529 250
-74.244752 251
-74.235277 252
-73.535330 253
-72.699655 254
-72.332268 255
-72.033416 256
-71.492514 257
-71.071041 258
-70.663019 259
-70.652193 260
-70.399882 261
-70.237311 262
-70.086006 263
-70.037002 264
-69.568858 265
-69.290736 266
-68.787867 267
-68.657727 268
-68.345422 269
-68.201737 270
-68.108420 271
-68.063595 272
-68.004750 273
-67.917500 274
-43.254874 435
-32.326982 596
-25.683807 757
-20.941698 918
-17.595558 1079
-15.528531 1240
-13.856311 1401
-12.374975 1562
-11.239685 1723
-10.375919 1884
-9.574848 2045
-8.844951 2206
-8.258252 2367
-7.772641 2528
-7.222909 2689
-6.740262 2850
-6.375152 3011
-6.012867 3172
-5.702391 3333
-5.393212 3494
-5.136314 3655
-4.867808 3816
-4.654235 3977
-4.422871 4138
-4.229056 4299
-4.056555 4460
-3.878583 4621
-3.682939 4782
-3.518840 4943
-3.347459 5104
-3.201063 5265
-3.049116 5426
-2.923883 5587
-2.802077 5748
-2.675623 5909
-2.551718 6070
-2.441162 6231
-2.336321 6392
-2.237437 6553
-2.131431 6714
-2.029993 6875
-1.933488 7036
-1.845489 7197
-1.763138 7358
-1.679444 7519
-1.591403 7680
-1.510624 7841
-1.431374 8002
-1.353532 8163
-1.279340 8324
-1.208941 8485
-1.145236 8646
-1.080478 8807
-1.000515 8968
-0.934922 9129
-0.871707 9290
-0.807101 9451
-0.744436 9612
-0.681912 9773
-0.631625 9934
-0.566720 10095
-0.511391 10256
-0.457123 10417
-0.398220 10578
-0.335678 10739
-0.271692 10900
-0.212509 11061
-0.157733 11222
-0.095488 11383
-0.034990 11544
0.013221 11705
0.064471 11866
0.122445 12027
0.173155 12188
0.231693 12349
0.292575 12510
0.344612 12671
0.410504 12832
0.464856 12993
0.521170 13154
0.578979 13315
0.634501 13476
0.689995 13637
0.760116 13798
0.814843 13959
0.871839 14120
0.938369 14281
1.004141 14442
1.072089 14603
1.143667 14764
1.212572 14925
1.296427 15086
1.383622 15247
1.472415 15408
1.565263 15569
1.665637 15730
1.814674 15891
1.987305 16052
2.309358 16213
