-16392.902878 1
-10930.754557 2
-8198.916471 3
-4378.766639 4
-4378.310020 5
-3862.913412 6
-2855.789580 7
-1996.310924 8
-1688.404643 9
-1461.609612 10
-1176.755450 11
-1175.610719 12
-1156.026022 13
-970.649607 14
-969.149228 15
-956.739639 16
-956.113015 17
-868.155433 18
-759.136854 19
-758.728560 20
-689.268960 21
-674.948090 22
-660.884857 23
-656.156705 24
-654.372804 25
-641.058993 26
-568.861104 27
-547.193615 28
-504.949535 29
-477.643200 30
-452.565127 31
-444.604379 32
-442.564593 33
-429.511260 34
-409.538031 35
-405.897842 36
-394.892909 37
-388.979189 38
-387.216719 39
-379.311429 40
-371.180235 41
-370.116279 42
-366.508676 43
-363.596957 44
-355.256628 45
-354.884174 46
-354.468123 47
-347.932748 48
-346.613292 49
-334.283176 50
-330.767647 51
-329.660229 52
-320.740384 53
-318.820724 54
-316.135368 55
-313.569532 56
-301.071603 57
-299.754385 58
-298.025124 59
-294.307133 60
-291.362067 61
-289.285804 62
-288.809557 63
-288.224457 64
-279.911076 65
-275.428362 66
-267.816933 67
-265.570381 68
-256.881024 69
-251.100419 70
-249.097087 71
-241.546495 72
-240.911460 73
-240.641747 74
-240.633193 75
-239.335870 76
-237.582202 77
-235.580185 78
-229.656037 79
-227.852174 80
-227.717592 81
-217.356106 82
-213.234221 83
-208.792957 84
-208.723301 85
-208.593220 86
-207.833802 87
-206.981662 88
-206.877705 89
-205.559562 90
-204.862600 91
-202.784891 92
-202.197454 93
-198.490034 94
-194.654951 95
-192.491442 96
-189.790070 97
-188.540636 98
-186.606443 99
-186.204719 100
-185.789888 101
-178.944705 102
-177.604010 103
-177.306898 104
-177.213409 105
-169.225826 106
-168.961079 107
-165.529465 108
-162.609087 109
-162.390125 110
-162.106029 111
-162.063745 112
-160.893969 113
-160.863340 114
-159.628192 115
-156.942819 116
-156.425480 117
-153.356584 118
-152.360643 119
-152.276183 120
-150.728008 121
-150.389977 122
-150.374702 123
-149.751739 124
-148.456893 125
-144.980936 126
-144.631718 127
-142.078619 128
-140.678643 129
-136.789408 130
-135.630251 131
-135.526922 132
-134.309202 133
-132.793422 134
-130.573988 135
-128.950798 136
-128.458309 137
-127.278506 138
-126.286552 139
-125.500558 140
-125.265896 141
-124.838149 142
-123.590599 143
-123.495824 144
-123.038256 145
-122.935389 146
-122.747023 147
-122.692559 148
-122.177192 149
-122.151303 150
-122.124733 151
-121.680405 152
-121.616930 153
-120.380499 154
-119.744994 155
-119.297553 156
-117.973999 157
-117.817748 158
-116.279894 159
-114.469827 160
-113.920587 161
-112.130113 162
-111.821637 163
-110.950598 164
-110.719781 165
-110.516501 166
-110.262913 167
-109.628012 168
-109.090579 169
-108.856158 170
-106.955438 171
-106.500924 172
-105.277788 173
-104.650629 174
-103.835116 175
-103.682536 176
-103.212900 177
-103.075509 178
-102.733598 179
-101.813170 180
-101.693985 181
-100.056436 182
-99.494431 183
-99.408886 184
-99.389477 185
-98.040120 186
-97.865649 187
-97.598534 188
-97.020782 189
-95.609012 190
-95.502124 191
-95.325076 192
-93.677397 193
-93.637430 194
-93.503215 195
-93.249708 196
-92.797309 197
-92.425569 198
-91.287746 199
-90.395753 200
-89.095601 201
-87.689342 202
-87.364616 203
-87.257476 204
-86.906902 205
-86.845295 206
-85.148157 207
-85.125380 208
-84.764594 209
-84.721802 210
-84.336960 211
-84.128727 212
-84.124538 213
-83.449622 214
-80.632296 215
-79.673679 216
-79.573253 217
-78.908045 218
-78.904956 219
-78.885232 220
-78.730709 221
-78.270370 222
-78.240837 223
-78.217411 224
-77.979583 225
-77.591834 226
-77.118019 227
-76.812553 228
-76.749573 229
-74.330375 230
-73.922331 231
-73.870366 232
-73.794467 233
-73.398295 234
-73.056418 235
-72.842941 236
-71.847847 237
-71.534303 238
-71.399643 239
-71.285770 240
-70.959301 241
-70.709655 242
-70.535434 243
-70.248207 244
-70.009186 245
-69.825594 246
-69.794648 247
-69.299285 248
-69.041591 249
-68.563854 250
-68.370270 251
-67.584576 252
-67.378540 253
-67.202104 254
-66.787796 255
-66.645687 256
-66.462912 257
-66.299973 258
-66.105988 259
-66.094901 260
-65.813589 261
-65.714711 262
-65.114934 263
-65.054822 264
-64.948289 265
-64.927745 266
-64.911669 267
-64.293852 268
-64.170314 269
-64.156986 270
-64.038490 271
-63.838662 272
-63.536582 273
-63.397408 274
-41.313340 435
-30.247709 596
-24.162538 757
-20.139995 918
-17.312255 1079
-15.285030 1240
-13.432333 1401
-12.092749 1562
-10.900615 1723
-10.010985 1884
-9.262014 2045
-8.519346 2206
-7.911089 2367
-7.422893 2528
-6.964048 2689
-6.567775 2850
-6.221326 3011
-5.917667 3172
-5.671388 3333
-5.394688 3494
-5.110624 3655
-4.867452 3816
-4.609516 3977
-4.364694 4138
-4.163309 4299
-3.965191 4460
-3.794896 4621
-3.646352 4782
-3.494818 4943
-3.312134 5104
-3.165062 5265
-3.019611 5426
-2.888957 5587
-2.760474 5748
-2.622988 5909
-2.500209 6070
-2.378914 6231
-2.284395 6392
-2.174016 6553
-2.070195 6714
-1.979054 6875
-1.881937 7036
-1.788016 7197
-1.700896 7358
-1.620956 7519
-1.545086 7680
-1.469653 7841
-1.378788 8002
-1.300874 8163
-1.233153 8324
-1.164370 8485
-1.096042 8646
-1.032532 8807
-0.973280 8968
-0.918478 9129
-0.849781 9290
-0.786625 9451
-0.719214 9612
-0.657682 9773
-0.595340 9934
-0.530935 10095
-0.471111 10256
-0.414040 10417
-0.356850 10578
-0.300354 10739
-0.245235 10900
-0.188019 11061
-0.132561 11222
-0.081873 11383
-0.026988 11544
0.029474 11705
0.079379 11866
0.136142 12027
0.194792 12188
0.253317 12349
0.307684 12510
0.362264 12671
0.419385 12832
0.479591 12993
0.537024 13154
0.589481 13315
0.650254 13476
0.716160 13637
0.776085 13798
0.840404 13959
0.900323 14120
0.962440 14281
1.016044 14442
1.082954 14603
1.149004 14764
1.214694 14925
1.299423 15086
1.375984 15247
1.470889 15408
1.566819 15569
1.681123 15730
1.807476 15891
1.987100 16052
2.297930 16213
