-4103.883089137985
-4102.35584372268
-824.8148266505984
-517.1123292324664
-345.21901171846645
-297.4801445841684
-280.6349430760083
-278.395081994356
-261.6488123197875
-246.78061245526675
-244.75263394249978
-198.4251060247514
-99.2448269239728
-82.39817066072374
-74.10055840995287
-66.74251548706751
-62.76056551140019
-59.64197108014365
-59.46147576729512
-58.08649463272067
-57.58178640546528
-53.97268199765505
-49.52731442522047
-47.743345061235175
-47.514169147935675
-46.546865734469414
-45.32310543440817
-45.22620157905026
-43.05783596668
-42.137014269093314
-41.412809590016124
-40.681002721213375
-40.591168133530026
-39.51984669670907
-35.909029012343595
-35.55359065692274
-33.42452505134987
-33.24638813620529
-33.182117139477484
-32.50689402356725
-32.02513254422785
-31.118258816141534
-30.770555928050143
-29.504581014645332
-28.863094294574182
-28.74400160197825
-28.534122268567288
-27.82645039778611
-27.3535153228556
-26.58037167508737
-26.3482237512569
-26.044935341199817
-26.02895905790658
-25.475446047261244
-24.657698824053632
-24.578472058797225
-23.855344857225894
-23.13806104944699
-22.279877028907244
-22.11266577726358
-22.046449193918168
-21.784936137678294
-21.591240048408174
-21.180961478762338
-21.0311416669358
-21.017554409680812
-20.475813098055028
-20.451316316354472
-20.389617620711476
-19.868128429619265
-19.166525803590048
-19.028813422167946
-18.973655680906607
-18.33108820654035
-18.095922946506356
-17.950384392834632
-17.94636637903042
-17.79173929071315
-17.713167153404743
-17.62294412402857
-17.083674835207383
-16.751810724995277
-16.520859136814174
-16.246376977153975
-16.21892463865992
-16.160350355910893
-15.996384754491928
-15.608690193199461
-15.530449228650063
-15.358788545482355
-15.296899346284118
-14.976602582662803
-14.854424212822899
-14.800060781946376
-14.61292938488764
-14.539690112566268
-14.267484298919921
-14.127864316558574
-13.837089236044616
-13.753049095160494
-13.69027176693842
-13.575563871864853
-13.379211049310456
-12.987600477578601
-12.62792516463634
-12.573181804796276
-12.565745253515193
-12.336986989938037
-12.1926023653753
-12.122441848823787
-12.092530882975188
-11.979426761309396
-11.90546722306724
-11.856556990656244
-11.77094746843493
-11.602495429258221
-11.52736127365365
-11.498650042917607
-11.47927852578635
-11.14995910057662
-11.098089718975007
-11.073809790038016
-11.01763290415823
-10.817510381311491
-10.399471328879141
-10.282771530016099
-9.986108903960307
-9.886463413720112
-9.749524974092418
-9.719721020188238
-9.628467744369352
-9.580844726573721
-9.574338662992396
-9.557013409520108
-9.551035660949239
-9.550475726337808
-9.51396949541867
-9.481255219611366
-9.469541948993898
-9.418196070808504
-9.24986546722181
-9.13545696220845
-8.952750069077219
-8.919936828719363
-8.826134179129433
-8.815754485623625
-8.73476704741021
-8.712040926223295
-8.521043991074798
-8.245788300612256
-8.243573088272269
-8.185732087081357
-8.11881754338418
-7.987824819716876
-7.955329227120043
-7.931893897434719
-7.89695030739707
-7.872500784864913
-7.858467399308932
-7.819894940321635
-7.668161219473835
-7.592680908688321
-7.5812263212731885
-7.56521042739402
-7.5588958651070275
-7.518700477962388
-7.509284500511379
-7.4806002510147405
-7.413305825152398
-7.303620279540119
-7.189284640019581
-7.167090626978879
-7.142824597080159
-7.139858674082417
-7.1032828720154
-7.087347175870035
-7.054238948130306
-7.042055840539465
-7.039195743872304
-6.972025327157347
-6.840070974305073
-6.837306985537426
-6.829283745532676
-6.8225734950772035
-6.814136734253035
-6.808538995578156
-6.8016798639758935
-6.799316807743804
-6.748629354384436
-6.717000973757077
-6.711733671274747
-6.696219566385013
-6.614408629928267
-6.596641740873634
-6.586363211823585
-6.580099933467938
-6.354461866793518
-6.340564096953169
-6.268585877659748
-6.200071229503387
-6.14005257864376
-6.131428335336775
-6.1309035459212495
-6.129210501062197
-6.040467433148799
-5.974229595207432
-5.938999165189266
-5.936172533783992
-5.921245074578181
-5.904634895247602
-5.86993541380637
-5.861402514317605
-5.801348047305952
-5.7992578866483155
-5.777791562854276
-5.673710182337004
-5.656918823290356
-5.597280713004643
-5.54754663042219
-5.460904536618057
-5.446052484650923
-5.442372362609808
-5.333955929257012
-5.307533127251886
-5.280604201796985
-5.276413517020821
-5.272037169179435
-5.271018307823368
-5.155388939837615
-5.143314890732496
-5.133620611923368
-5.096344528521102
-5.086466882549317
-5.081648713707635
-5.075591085473523
-5.064189916454916
-5.059840621360104
-5.027886338399147
-5.027268236180928
-5.0236188558504615
-5.021848477112091
-5.001920995633997
-4.990664179115555
-4.937753364068205
-4.937627458732377
-4.9282609474451675
-4.925657418833387
-4.923622281197181
-4.88482135863345
-4.876361490875107
-4.8731494616715665
-4.858466916680559
-4.851432373494288
-4.844576586205797
-4.827982908121114
-4.8180229359666775
-4.776689050645813
-4.774019738676791
-4.736574106879042
-4.710312845850145
-4.707583521575187
-4.547350403999735
-4.542446633161011
-4.539409648241442
-4.53640695598798
-4.526996292505176
-4.470966876295927
-4.468315105582127
-4.441885471667575
-4.4231486595460465
-4.4027520446764665
-4.399288262763657
-4.364528075600252
-4.359572768941854
-4.348132922211227
-4.3159516093861665
-4.293338150384714
-4.284008383612328
-4.2290058024303026
-4.160729529761172
-4.087566206897956
-4.071072556188938
-4.045392900401073
-4.032282780070965
-4.013661355140711
-4.004187968834569
-4.002268179291039
-3.995910870074322
-3.9789255943232975
-3.9743698265719334
-3.9656446123941853
-3.962456503226997
-3.954429489096157
-3.9455445815399894
-3.939942881342806
-3.922013235553697
-3.8607039419041893
-3.850489096260855
-3.836281035568735
-3.835227800964652
-3.8175558727682173
-3.8111441710217813
-3.756517140906521
-3.7376420695158448
-3.734301616723674
-3.73057608022763
-3.729734472663126
-3.70916607318404
-3.69127432597668
-3.6480830373846165
-3.638738704030962
-3.634556743660897
-3.616739162722457
-3.6083822909230516
-3.5899213028923747
-3.5832653934330425
-3.579664323171693
-3.5675982987512205
-3.553772352243074
-3.5474964835722
-3.50337419218424
-3.4918357677204677
-3.472205434373177
-3.4650244172119304
-3.4420221316370236
-3.427271273111665
-3.4241190937422106
-3.4150734131121685
-3.408878038668712
-3.363669010043953
-3.32553494322869
-3.3098403694988465
-3.296915438205578
-3.296808282180997
-3.289359985497469
-3.279156751571966
-3.27391254016328
-3.2679674417064675
-3.2676862501991892
-3.261832906744239
-3.2520512170456723
-3.244508597037914
-3.238485420930875
-3.229566843739186
-3.2280386372756573
-3.2150894875903946
-3.2030905600514785
-3.1850037127453565
-3.183063449089711
-3.1736814344864177
-3.166530192008919
-3.157237412052157
-3.1555253465372015
-3.1399896753522163
-3.139419538254765
-3.134562148353505
-3.1332510651581558
-3.132421937674862
-3.121277437646941
-3.0944225329920485
-3.0943501473607675
-3.0900134954924927
-3.086446620829767
-3.084118494595037
-3.0800074059598006
-3.0789049080895676
-3.062859412095254
-3.045931467121424
-3.008643622649778
-3.0047842289947004
-3.0033478387075383
-3.0033006159185938
-3.002336879536406
-2.9805968968745375
-2.9713307152442576
-2.9698800561962537
-2.9629121882867837
-2.9588939843787183
-2.9538229024487594
-2.935866966527178
-2.9134699860453237
-2.911449710269067
-2.8997663478738134
-2.896160270098709
-2.891701435930602
-2.88233269367295
-2.881985992728917
-2.862957314079915
-2.856152710791827
-2.83798063286954
-2.815318495254175
-2.807098848144629
-2.777275893558773
-2.755534339581561
-2.750018396763606
-2.721975460201336
-2.7193884030425797
-2.7189083177124593
-2.6743980426392
-2.6705129078415384
-2.658647803589424
-2.6406903670767505
-2.6336302732245773
-2.6281801751771177
-2.6173471454182295
-2.614036203693588
-2.5921740885683553
-2.586932483649671
-2.5824311476827493
-2.564220097278289
-2.5458070223386535
-2.540621078036499
-2.534950497994157
-2.514396267057032
-2.5062944807648115
-2.495751293734974
-2.4732229307913824
-2.4712253056108815
-2.4699371736140185
-2.4570094161221663
-2.450468389002194
-2.4160218090954717
-2.4067241918825575
-2.4049879462256296
-2.4031417073861987
-2.383289208801843
-2.364779367477594
-2.3610391418749552
-2.3568181649357878
-2.3363653004649745
-2.330902238993348
-2.3273789035938446
-2.323726327415188
-2.3184145484247063
-2.3002360541941718
-2.2967529171834262
-2.2924912178207446
-2.2918659923772817
-2.2820505968905596
-2.2789130362614083
-2.270110390294642
-2.257448469176795
-2.255416163615917
-2.246429348765396
-2.168800912485826
-2.1557729830584824
-2.1511545819637314
-2.125456386717225
-2.0998363678740875
-2.0964295217634343
-2.0819083362649393
-2.0729114390646335
-2.0659277254609005
-2.0613034568748043
-2.0564882451198856
-2.034236088849133
-2.0272689746994192
-2.0270154183666302
-2.02509538057644
-2.0226289671948274
-2.001442370946318
-1.9999601828799713
-1.9931260012116736
-1.9868482058084793
-1.9863232373275788
-1.9706073067743297
-1.9699897881144341
-1.9570066339702874
-1.9426909343160466
-1.9384155803430891
-1.9327076659681701
-1.9295178492464315
-1.8834764204934673
-1.869035574001788
-1.8522311226632846
-1.850470208965147
-1.8432431767600639
-1.8366790638176536
-1.8085328598945294
-1.7967141301614755
-1.7918777766042122
-1.775214850645365
-1.725284076545492
-1.7153629257779879
-1.6620225948025171
-1.6599849133801063
-1.6526442182263272
-1.64759827440267
-1.6439390283724555
-1.6405386872020882
-1.6235490724749182
-1.6163990941298678
-1.6100624138818715
-1.6003470384705878
-1.594480081561525
-1.5944069509948664
-1.5925069176591793
-1.5877502601035798
-1.5833857579130184
-1.5756592566621919
-1.56230938643089
-1.552288416387885
-1.5485498189323739
-1.5464316019599573
-1.540323288786432
-1.5219336426822896
-1.5194053507715763
-1.5035601335217526
-1.4895837533919054
-1.4842513035431808
-1.4829206424989405
-1.4805027068557775
-1.4691009390653
-1.4686206750478261
-1.4621885951556708
-1.456362772489424
-1.4540749616625772
-1.4538653292505472
-1.4534450856905254
-1.4472300791947306
-1.4379216663345293
-1.4365458704195309
-1.4362876193191494
-1.4299095469616425
-1.4151418898835955
-1.4120444223827173
-1.401426654305917
-1.4000508380319308
-1.3947915000186373
-1.386075883414359
-1.383878382929114
-1.3788733361256666
-1.3769169155823051
-1.3738190090239983
-1.3430459938445962
-1.3161293538736951
-1.3001428928644798
-1.298690092433628
-1.2959908613251658
-1.2894125844452153
-1.286685315215332
-1.2762075678227673
-1.2760507758526796
-1.2749409831896852
-1.264784179728431
-1.2561243284466284
-1.2428915286695437
-1.2275787078690228
-1.2162716569416876
-1.2104811979897148
-1.2095986411406952
-1.2035519298266535
-1.1855631699490827
-1.184278387274892
-1.1827894201232623
-1.175970694325411
-1.1567396040906472
-1.1541043624525147
-1.1316172275487646
-1.125704859605987
-1.1144655268577082
-1.1125176030926194
-1.1099680387517674
-1.1051035971527923
-1.0995599177295994
-1.0958194021908114
-1.0858582790396045
-1.0815206239192268
-1.0805560544925035
-1.0791071098028713
-1.075602923811441
-1.0744373986589189
-1.0742122246245918
-1.0567164077364102
-1.0411749699312944
-1.030423169853664
-1.0299161422973917
-1.0137029276346121
-1.0135397097562688
-1.0130744549219755
-1.0038186949680301
-0.99764809052659
-0.9940401654059453
-0.9930407269651669
-0.9892391470936606
-0.9884846609997899
-0.9863703234273179
-0.9820234491817424
-0.972370082261755
-0.9689195435411272
-0.9591597226196755
-0.9518609533560846
-0.9319898471455035
-0.92767695830359
-0.900643766896195
-0.8852557534026089
-0.8802617824484179
-0.8662768990150007
-0.8631374689614205
-0.855116396395186
-0.843369735611685
-0.8378496426766017
-0.830986640347236
-0.8175907675634577
-0.8078608904774623
-0.7884257214802702
-0.7840714494557269
-0.7837880000704153
-0.7815990228059229
-0.781567060158463
-0.7743499503859856
-0.7634116657583644
-0.7607934641183566
-0.7587654808198714
-0.7530401133611522
-0.750983088325803
-0.7501811506491186
-0.7485236093304809
-0.7303578576683452
-0.7272584014577026
-0.711320411682464
-0.7016595280405578
-0.6977251173631915
-0.6919562864414839
-0.6843363379790147
-0.6813980529593641
-0.6780994089275882
-0.6766288458256179
-0.6717341971875338
-0.6679297692833137
-0.6533790389258567
-0.6508803640628251
-0.6479635639156767
-0.635917784335807
-0.6354072260575491
-0.6298508572589737
-0.620681621849284
-0.6193975940400765
-0.6172759456731833
-0.6162922651348153
-0.6128729140904668
-0.6107988971678493
-0.6105248415691221
-0.6012437824390644
-0.5976788685170289
-0.5935941990451608
-0.5831491054021238
-0.5790274539236279
-0.571769036891962
-0.5666033827182906
-0.5435884460201827
-0.5411983986910642
-0.5401047317583122
-0.5280356198594087
-0.5004983292198134
-0.48907721460767517
-0.4791810055376551
-0.47825986721429414
-0.44744168718176147
-0.44476685559255286
-0.43458540169089144
-0.4300234082456824
-0.4191582964663514
-0.4142552342378069
-0.4054938085516978
-0.4047222806532417
-0.3995690601375683
-0.39037337531390826
-0.3883767340853066
-0.3865781829546664
-0.38426132269842717
-0.3699311272477066
-0.3614072667267939
-0.36000825242483026
-0.3409519733115768
-0.33896388236424774
-0.31822664460652506
-0.30766355047797933
-0.29700428544689345
-0.2957434026154958
-0.29519752328822785
-0.29468077273661786
-0.29311565350778057
-0.28963133125646545
-0.28716993120704726
-0.2702432652836573
-0.26281330692680016
-0.2545636443284306
-0.2527473901325134
-0.2485677899581452
-0.24827835144443633
-0.24086130166741765
-0.24026288607452118
-0.23904314385415654
-0.23530452185242123
-0.23450868233396338
-0.23359011143970845
-0.23183384427930753
-0.228232659832886
-0.21691805253948615
-0.20742826270684195
-0.2018867595304793
-0.18944264383759246
-0.18142891089197133
-0.17806617798582403
-0.16742819023825473
-0.15709367614915637
-0.15471770036874816
-0.14965661647153364
-0.14667864719627322
-0.14627679455976617
-0.14603026220005477
-0.14538191364306885
-0.14418481897622523
-0.13915415130273434
-0.1341724444908874
-0.13185386067731064
-0.13089451563825472
-0.1290765212896684
-0.12600978386672257
-0.1253218264944207
-0.11817073391124877
-0.11647588483417297
-0.11435303391234047
-0.11052541695198159
-0.09508190116610982
-0.07414769275931737
-0.055792369818757015
-0.05214513092768236
-0.03340968503410213
-0.0311294530875737
-0.022825193902536012
-0.020703781459559978
-0.018710261611895262
-0.01740785738994044
-0.007163423208157216
0.0011412773127612158
0.005483057040052142
0.0235820560676272
0.03055861261556191
0.0379617266997212
0.04164295572030219
0.05434677727990653
0.059332219436836975
0.06544061188011296
0.0874992648717321
0.09106385693113694
0.09196115522795534
0.09459439282800508
0.09968086878807564
0.10162164339461777
0.10234593434478023
0.10399990717501478
0.10875069420889262
0.1095093496197704
0.11124442751977215
0.12372138514985587
0.12777862915461385
0.13039413389978943
0.1449372445769288
0.15328105723740373
0.17335227936441594
0.1774331283815262
0.17871943871635632
0.1801608654993817
0.18364335026890105
0.18429747929678894
0.1854414325998513
0.190669813516383
0.19526205701046584
0.196125103483744
0.19692059626759478
0.2034517763602479
0.20401517135756142
0.20638839168223877
0.23571250599349425
0.2378223393354737
0.239783781370703
0.24498162950466962
0.2505063477022046
0.25120140470987584
0.2586020562570298
0.2630286102928121
0.265809254997532
0.2664220838578102
0.2700548201919826
0.27224856390095226
0.28706874400121885
0.30767524198761265
0.32604209890673236
0.3317503326196577
0.337355684315674
0.3524138872298949
0.3721067354988541
0.37794152973452266
0.37940083160215043
0.38038795435843775
0.39152958477059985
0.39247538634296797
0.3949351248707794
0.3953349020533916
0.39585854363474393
0.39887263320207317
0.4012524749592015
0.426503641690794
0.4316352427862441
0.4382782524333367
0.43983351209435095
0.4450992057879646
0.44564415856280126
0.44944684627769144
0.4510164830610915
0.45549988371513284
0.45829836121989664
0.47858836340269695
0.5147008226337377
0.5287099991112141
0.5314026585787677
0.5324347134640387
0.533242598258219
0.5373825864136452
0.5390739488880377
0.5399761595666472
0.5405501215122541
0.5464120332093484
0.5502633013775211
0.5533615980099983
0.5578790663123323
0.5612071007069868
0.562351190573605
0.564167771465146
0.5729093101794631
0.5841043045388485
0.5867974820960272
0.5917629649246097
0.6000492790714038
0.603280786787008
0.6069778043240732
0.6089669176472476
0.6178382869024617
0.619600685946368
0.6228566230886091
0.6275527864823457
0.6362115408579847
0.6411016103739213
0.643956860196915
0.6444552115352913
0.6447975900654707
0.6480679561356939
0.6485187620143307
0.6519895189382015
0.6532339819688397
0.6535441691787633
0.6627188061010194
0.6644943678343481
0.66511307506769
0.6867090112407942
0.690039665428037
0.6912581865523892
0.6960301190629058
0.6978426918757257
0.7047894392665057
0.7143834101089649
0.7201341006112345
0.7215295469950516
0.7329843289933147
0.7429369001057684
0.7443312402343456
0.752677103881859
0.7570534651031988
0.7615754595380065
0.7632513663273449
0.7691136251884537
0.7740847349195118
0.7872474071763298
0.8013810944842694
0.8088928723189168
0.8122022363129839
0.8129570815262219
0.813239544536846
0.8182330124664613
0.8251910949223398
0.8264952775719145
0.8374066926709784
0.8380178083328466
0.8581590106857764
0.8725255160497759
0.8987970814807317
0.9032210935707892
0.9063413653646502
0.914855122798206
0.9179594069131626
0.9186128361308807
0.919592603057725
0.9272493103725556
0.9281229648398097
0.9449839433691258
0.9453423298574246
0.9470090714145483
0.9471211294747192
0.9549678521329781
0.9612866335334976
0.9656269577410911
0.9657294412423296
0.9687273830006193
0.9713319349046584
0.9769251132687349
0.9816468990911906
0.9888337093798125
0.9992945303703357
1.0016619975754093
1.0062074864896766
1.0114860446826763
1.0153363649110747
1.0208609594742082
1.0218524654141778
1.0490061352223252
1.051581642003811
1.0543142148700844
1.0759981429765677
1.0792888160881675
1.0975499315799078
1.0984466504454786
1.1320856420446401
1.141396228537406
1.1418928228187424
1.1428190641769267
1.1585905215936825
1.16226620281535
1.1624961590058687
1.167724511430666
1.171230565728087
1.1715884928082483
1.2052487875913087
1.217454122095988
1.2191513248230978
1.2310125288532046
1.2544143509396992
1.2626326109035442
1.2663887196592343
1.2706516539019588
1.2814231797261995
1.2863466176329785
1.2918088002398909
1.2932979795708635
1.3042838444033857
1.3047451861755959
1.3058291730083251
1.3161491975644501
1.3259659863858144
1.3316595664063526
1.335546326570368
1.3376655263346882
1.3511866033327293
1.3596795749990753
1.3613579320449603
1.3683609237198204
1.3727997884580776
1.373400728675366
1.373610571082621
1.375844180008715
1.38226685646066
1.3843391368896856
1.4066922051967774
1.4084977688362528
1.4102205821956146
1.410232378367688
1.4116243484016602
1.4281042443254162
1.4373863725431775
1.4518542361989728
1.4544166914643242
1.4566488178885106
1.4622549413360735
1.462828831872062
1.4650195307707232
1.4700681217018354
1.4894540703533334
1.5055635159700145
1.5169455745577571
1.5415823065038068
1.5457334405025804
1.563079635252211
1.5801116520390404
1.6009857404002967
1.6173608837901408
1.6180123321566589
1.6197234914979803
1.6237269428300674
1.6342421032545178
1.6469460533076556
1.6505149675822244
1.6565710998549448
1.6901945821874158
1.716833476367385
1.7184297131754007
1.7336732993257422
1.7442384840834406
1.7700288734509015
1.7810125044830194
1.8424423732635704
1.8483947837933
1.888548466023015
1.8954438897698371
1.926632625838102
1.9285332234040666
1.958945128819256
1.9652910401390042
1.9763170337705764
1.9872615628358106
1.991043954726285
2.0091157617178057
2.038205897515608
2.0616319234249003
2.156335087067544
2.1916652235158
2.1971666434928743
2.225498045420239
2.297751645092876
2.3245828723258954
2.3882757819956093
2.6067815265879095
2.6124711296093395
2.703501123511987
