-1029.4671034697594
-244.6550007746777
-181.5018391936501
-167.77850879642995
-153.16723704161154
-139.80684952214398
-135.12790015058172
-123.42487448208091
-120.01216560594278
-117.84540430159086
-101.79308818317824
-100.23795579383483
-95.07725398989888
-81.59836194990385
-80.6838382863362
-61.659530015051885
-58.5603369528117
-53.623996399993786
-53.490294465642734
-52.137757976702915
-47.01872008257177
-43.68570409031632
-43.482199171180525
-43.328608607093315
-42.199448686482654
-38.72308283953187
-37.792486524425286
-36.39703911437914
-35.9404356819311
-35.516154958186334
-29.45362219763087
-26.887013970658977
-26.695014143684617
-26.332420260002866
-24.611866207892195
-23.726670877795087
-22.556601519774063
-21.94627720374581
-21.80042400069641
-21.698915441782898
-21.673027246987182
-21.438242711035976
-21.29104904463989
-21.287251669945004
-21.022799452583275
-20.307484466838453
-20.24583119872918
-19.621320284901444
-19.187440473721
-18.507804905516824
-18.44514962488569
-18.420169783376497
-17.865930375016937
-17.816845723576527
-17.26911243367751
-17.141891704719736
-16.62997490997987
-16.58987739106815
-16.573106693359488
-16.385953704088703
-16.300553383070422
-16.045750102117342
-15.70435062163204
-15.089309537091564
-15.019037428012123
-14.67321662148596
-14.587877481691226
-14.510827428650487
-14.233952186398163
-14.185333243015169
-13.948151572985392
-13.934782808083622
-13.806344688786524
-13.400588138228139
-13.288782126280559
-13.205331829739452
-12.952823999833925
-12.862758443199121
-12.704507532751924
-12.54871616371323
-12.542768498278555
-12.510652973344971
-12.430047599167228
-12.32124924936556
-12.174649830992234
-12.174562406152415
-12.166273888154468
-12.009357214256754
-11.869643458578844
-11.851229929783646
-11.74533557350496
-11.531803364098327
-11.453613881630618
-11.081138997122313
-10.832842428678015
-10.625679949169857
-10.551958389903538
-10.52103320231507
-10.462060159402693
-10.369182267398493
-10.34393587331941
-10.222368461905678
-10.205940227973924
-10.200491287969076
-10.166119469655666
-10.155473888436811
-10.092305822276835
-10.062565277013
-10.019639469212969
-9.970359237674163
-9.880235623634
-9.710651343940093
-9.689049626323003
-9.633196387414745
-9.422348358282967
-9.394220508268878
-9.393163240446778
-9.380794776969609
-9.238929853295751
-9.195000785298422
-9.187934500168579
-9.136256005958998
-9.09713685116888
-8.960201306507148
-8.932465005257951
-8.896680697733625
-8.877062694199065
-8.843181743640192
-8.822092500915522
-8.73323504029475
-8.65705526678257
-8.623789456052087
-8.606508032694972
-8.526241130225529
-8.494522486072194
-8.45621795664193
-8.37848025172126
-8.372418858044702
-8.320269611766127
-8.235862000170705
-8.235220085519869
-8.21093207392354
-8.188045958332813
-8.143611896603323
-8.053218405232556
-7.961885713069646
-7.918337060961585
-7.699859403050878
-7.632765014684543
-7.539482305175133
-7.484870938905766
-7.457211796250654
-7.450590322065813
-7.43491635635619
-7.334771113727411
-7.303039252095843
-7.261283000497798
-7.23716645709573
-7.231778216553195
-7.188316065538279
-7.0233960427253095
-6.920857322899375
-6.864364302697529
-6.862729291549819
-6.850875256537816
-6.8324209727757665
-6.814102780600928
-6.8071550556477565
-6.7996232636866605
-6.757224015781228
-6.733984123805408
-6.682289840373684
-6.664516743995154
-6.6107549453996945
-6.606545465430196
-6.599185672913449
-6.593787886347643
-6.554645333855035
-6.52627672991579
-6.500890520190094
-6.4610301536968375
-6.441446985614716
-6.4331808305429075
-6.4274432414610665
-6.409232995940944
-6.370606500017895
-6.361223471527787
-6.31231282376482
-6.2717807173846065
-6.248626398759525
-6.150848347326301
-6.122386150936029
-6.0555284834178424
-6.033483258444415
-6.000599647531992
-5.930208309011327
-5.925376525131077
-5.910635797246362
-5.906794273198698
-5.89777604071962
-5.872206863177581
-5.857669996520291
-5.851551464767541
-5.814372367321878
-5.813382634753518
-5.8041860001426375
-5.796823055578562
-5.788339311527884
-5.7626408530143385
-5.739804420734172
-5.693016901925597
-5.688319020961792
-5.684128772965927
-5.679202548561145
-5.655712894565468
-5.650531315812764
-5.600429177323321
-5.570744741725244
-5.53435469749769
-5.514672939217885
-5.5108214102656365
-5.50516508465773
-5.503611284503583
-5.481141509537809
-5.461763797818335
-5.39072816304351
-5.233683332696371
-5.224416393683687
-5.185628711164454
-5.102050400817016
-5.06485815743701
-5.052172994547558
-5.027729992545354
-4.994981423335759
-4.9774978049095475
-4.951751530588461
-4.88198182133705
-4.791304746181047
-4.7813192937395375
-4.7802778209897046
-4.777975117860274
-4.764112345086942
-4.761017158594489
-4.722259554743063
-4.7106998051673745
-4.619403304180454
-4.60959031041898
-4.598285261831349
-4.591231952891253
-4.572208218500886
-4.55257711179777
-4.528296888980115
-4.513823758911979
-4.50408022857859
-4.469654572011392
-4.450128501287994
-4.322591942251752
-4.32224890879171
-4.2652545876328976
-4.257071825600377
-4.24671745961954
-4.2395930399007105
-4.236580338032288
-4.213311883239481
-4.1332593181801895
-4.123312353322705
-4.118925946267987
-4.0842592764170655
-4.047938945910991
-4.020372633522779
-3.9507695413698
-3.9108328659763205
-3.877542980557849
-3.8673614688671165
-3.85224364374988
-3.843241013278094
-3.823110868634731
-3.813311613504409
-3.8080191825348244
-3.7832372280153397
-3.761729500393714
-3.7479334959509636
-3.7229117927892927
-3.7220534395848572
-3.7011738697148697
-3.6681631511672563
-3.653472548736677
-3.6452746833999097
-3.618165411581309
-3.603378711923895
-3.584496543468984
-3.5187608262935752
-3.511240071635984
-3.5080394283429723
-3.493023233203726
-3.4861911062332713
-3.475998695161791
-3.46951239408016
-3.4496730705459413
-3.4446078162914926
-3.442285724124954
-3.4413915857256363
-3.439710000117042
-3.4214226360783178
-3.3976240149450367
-3.3877949591747214
-3.384907967435572
-3.3739786520402495
-3.3680611571860877
-3.357709199951694
-3.3498542752884517
-3.334192113041362
-3.324188260857167
-3.3228748312514322
-3.2825531844294393
-3.281620511566901
-3.2546428939689895
-3.2200254107467225
-3.2017825319986635
-3.195393411555221
-3.1792172625277972
-3.1690975329829563
-3.1530961565902667
-3.152806421575516
-3.1462251086652975
-3.1040309078926738
-3.0829339147377617
-3.078711746896335
-3.0708343267187823
-3.0681459687103994
-3.0220058052119616
-3.0170686117147523
-3.016504875481873
-3.0064350112834077
-3.0036796906566803
-3.0013861977468403
-3.000469838881087
-2.9986982828274438
-2.9870363681518866
-2.9854490865687784
-2.9851632355096647
-2.9775663822696044
-2.9749485001338227
-2.973220377352674
-2.9615739506592007
-2.9563124486662185
-2.9384071930234845
-2.915316802234603
-2.9087937983271988
-2.9036096334109507
-2.8865604789962553
-2.8821979523998573
-2.8794142550684825
-2.876553240927686
-2.8613711402255126
-2.8459349039455812
-2.8294198002981847
-2.809325523229048
-2.8083391185708653
-2.8081933920061286
-2.7965838918045725
-2.765656971086538
-2.756511462038828
-2.7372804224339475
-2.7237765238806726
-2.7207723953133782
-2.7034724128413306
-2.701040672141768
-2.68561323011068
-2.684003236448678
-2.6739150820154727
-2.659778570164385
-2.6580239445903717
-2.656259321617287
-2.6391448901207575
-2.6239405491458836
-2.612345959966639
-2.5913928026543123
-2.564826636560272
-2.56430068842861
-2.5618635183079737
-2.5123093107024346
-2.492812248187679
-2.491062951607492
-2.4537971179942892
-2.449857268942951
-2.4458909904746844
-2.441242035017004
-2.4324823934164668
-2.426526881232642
-2.412517708956295
-2.3834087178523964
-2.354823216116081
-2.3275883440491545
-2.3202500447520036
-2.320108743014652
-2.2943681571608248
-2.264472158333419
-2.2513176346609507
-2.2419231878970534
-2.2282138491039074
-2.2123003972057487
-2.208857271194903
-2.1892637322351973
-2.1782839058578056
-2.1749750285585567
-2.1748888870006895
-2.1595787019639094
-2.156842876692923
-2.1483573379257423
-2.1466171832704015
-2.1433949813254767
-2.1422116340429893
-2.1410242231845364
-2.1395155000738155
-2.1341461874672465
-2.1126982851446026
-2.1029918521019875
-2.085906783566985
-2.0721380767290962
-2.037763187656796
-2.023779603603566
-2.0181926569454376
-1.992170763062904
-1.9869388226031102
-1.9812777373829107
-1.966792172132741
-1.9658843529919845
-1.9543524336631641
-1.9461049042874872
-1.9459624147030297
-1.9213469936045846
-1.913930915091727
-1.9079832121536693
-1.9074298249483181
-1.9059191104584723
-1.8958655621202414
-1.8902575998637137
-1.886861457888682
-1.8857605758195048
-1.8841626189133995
-1.8838013757935816
-1.8780715732121827
-1.8617115646447542
-1.8583189084837208
-1.857445960110733
-1.846313809620629
-1.8316399643071801
-1.826604361418265
-1.8231507534964608
-1.8197958516895076
-1.8137629612531834
-1.8092696155511052
-1.8077554419274127
-1.8052927702945383
-1.8047465626768555
-1.801770847965895
-1.7903045371374273
-1.7837100974927371
-1.7826572947824801
-1.7744633568963506
-1.7721834225244137
-1.7674965301806147
-1.7604741880953916
-1.7560356857808221
-1.7370740273999266
-1.7237979740507923
-1.7119297870293115
-1.711198517853457
-1.7023221470658734
-1.7019404533015952
-1.6943350146066487
-1.6917280805479937
-1.6905332843875236
-1.6873565439625473
-1.678288556244787
-1.6653366346786445
-1.6543331856568972
-1.6480291737340664
-1.6423004455575594
-1.63106664466346
-1.6226683017223562
-1.6203463046534734
-1.606773230837892
-1.6023614060470273
-1.5870543660607677
-1.58278391129972
-1.5753986389877817
-1.570434542973723
-1.5614449505887942
-1.5613660230594233
-1.5537774627642378
-1.545478445221298
-1.529465541914535
-1.519970363441727
-1.506881008559767
-1.5000121695867956
-1.488746050180744
-1.4849133707601454
-1.475535083984564
-1.46557475020052
-1.4414970923193753
-1.4367684602943525
-1.4366505256774253
-1.4261159028688315
-1.4186011053668073
-1.4000654396700911
-1.3988448552784267
-1.3788499672021837
-1.3746898716034686
-1.3251184765626653
-1.3240297883007377
-1.3221072297441452
-1.3176574552488045
-1.3159043483284834
-1.3148806531391593
-1.3104634283451375
-1.3077918493631908
-1.294830595155426
-1.284786202797739
-1.2461251580998398
-1.2415769542614958
-1.23581392262291
-1.2318939606605326
-1.2211793763784011
-1.213207621099916
-1.2119341070428822
-1.2103215667743956
-1.2056565608000551
-1.2008845203331082
-1.193566464474804
-1.1858721959253475
-1.180412388814827
-1.1708159946424133
-1.1676798786406009
-1.1605803261022032
-1.1560085787464833
-1.1531741768825856
-1.1356456683142662
-1.134120383341091
-1.1249885704320874
-1.1232474780337143
-1.1178985635353174
-1.114341620768656
-1.1139917339229057
-1.1122612122989144
-1.0995274131139636
-1.0886956635383687
-1.0562203895492872
-1.0499642177755732
-1.0489193557169694
-1.0427463326371271
-1.0373940581259495
-1.0072475308835835
-1.0070879736530736
-0.9996263270372968
-0.9994659688991602
-0.9798556247614145
-0.9725683824922771
-0.9704680920788205
-0.9672043700655116
-0.960486921388191
-0.9598499125798939
-0.957052892937702
-0.9565059222187782
-0.9537106045667629
-0.9517838352798778
-0.949431541742805
-0.9420466899888482
-0.9334346765679385
-0.9250042754843679
-0.9223581216027474
-0.9162161918921308
-0.911516052669743
-0.9093501658930185
-0.9021207236180273
-0.8961720368276314
-0.8793582835058256
-0.8736069349845124
-0.8684705569495191
-0.8673608225598717
-0.8651245446263256
-0.8536000394266329
-0.8427162537946187
-0.8391347616163424
-0.823246613268325
-0.821298773359955
-0.8086089672600448
-0.7993302650041221
-0.7932484184703459
-0.7913327989788093
-0.7893777056773155
-0.7873385732121
-0.7812246352433698
-0.780178148094418
-0.7776746826049346
-0.7756303547647461
-0.7725689202131503
-0.7710879321327679
-0.7693054631880886
-0.7635185289050059
-0.7620301584428062
-0.7585825574371641
-0.7564651913897694
-0.7520233476666153
-0.7477921142721192
-0.7458260094518753
-0.7426922468777875
-0.7337713520419528
-0.7312454078109406
-0.7267251722343688
-0.7152383289560632
-0.7138292830651184
-0.7116864758518738
-0.6975095330281651
-0.6964132131604442
-0.6897823130766905
-0.6652882476144186
-0.660125705932119
-0.6585371898942737
-0.6546236248573291
-0.6510799114513474
-0.6447308105446827
-0.6317700348004792
-0.616852236833513
-0.6013070215041701
-0.5979440596709972
-0.5965792698507154
-0.5841100599530884
-0.5823633145313067
-0.5784264281809615
-0.5710204132175041
-0.5678679982242141
-0.5666961301471607
-0.5565729937308139
-0.5491875261009248
-0.5476353885233528
-0.5464152942652221
-0.5434261874505204
-0.5429843628085447
-0.5427984394375565
-0.538726877168606
-0.5372484902481484
-0.5319366640412923
-0.5264600542468512
-0.5226271673198014
-0.5224131397263019
-0.5163018812604234
-0.5159327791241268
-0.5107340315548666
-0.5049119947827514
-0.49908302264901083
-0.4959768483710276
-0.48946477441814185
-0.48396270526123086
-0.483409992651909
-0.48306516335136906
-0.47856841317695553
-0.4770280858098468
-0.4759959823844835
-0.45764037566535376
-0.44744056959356276
-0.43457872245582496
-0.43373406965117844
-0.4231644762202855
-0.4154369412054846
-0.41411089498375386
-0.4115067106606929
-0.4100088959313799
-0.39378752576001586
-0.38735681525589394
-0.3699511429470463
-0.3674022242339767
-0.3640154692630625
-0.35797017030380085
-0.3542086751723807
-0.35180255570498786
-0.3484393522324172
-0.34444763763331354
-0.34107307697607286
-0.33577821473029823
-0.31858133168655356
-0.31018831593633245
-0.292468509908203
-0.289773277430702
-0.285377586228185
-0.26796248365487263
-0.2552850310189737
-0.255064039318336
-0.2511073008604833
-0.2487047805560224
-0.24125207044128016
-0.24092680324105475
-0.23773904817163932
-0.2353182992523054
-0.23521611994571
-0.23091981119952198
-0.22231785566390042
-0.21631574171052415
-0.21368051876055538
-0.2077733126654831
-0.20377017298239541
-0.2007457312995221
-0.17938437901305304
-0.17866330148253062
-0.17618479097705392
-0.16904914036396929
-0.14874564314926397
-0.14383106018782144
-0.14111675775742982
-0.14022722373862795
-0.1386313351273437
-0.13629062662854396
-0.12855325492302694
-0.10957142348665161
-0.10887991156923704
-0.10712165626817638
-0.09775180238325931
-0.0928467189579188
-0.08734921433672144
-0.07810714601014934
-0.07182897441770841
-0.06978906558375175
-0.05950735118512168
-0.054159809080763344
-0.05400014486488247
-0.04052136026791553
-0.014773848476870799
-0.008257093425116047
-0.003534848146736713
-0.0023487326279147958
0.00373765132671533
0.008866565253329628
0.011176834087252008
0.014722518407081088
0.015583475878685138
0.02550040501994255
0.03965301803949095
0.058241653854876674
0.07661643185035105
0.07829235688616698
0.0912096914032206
0.09994842483150412
0.10524590434422787
0.10879075223737722
0.11342029624490253
0.11515603737713165
0.11976181252907214
0.12695869266350068
0.13304009606985812
0.1354329408180888
0.13721353953465587
0.14793445416872336
0.14882261362668503
0.16827789088176812
0.1735948300248481
0.18856230945648733
0.19644294736755136
0.21573895646975094
0.21851698127045904
0.22007439811443155
0.2239524544795104
0.24270983220284442
0.24320244165425053
0.24564953348675453
0.24588434886467098
0.2511892148204405
0.2517242216339861
0.25244046534409137
0.25911072899817467
0.267240990400498
0.2674400376449153
0.2675351761370751
0.26760117326400623
0.27831251384737676
0.2876691523440378
0.2910260595786472
0.29292956196777586
0.2982362700030394
0.30694899942730836
0.31674766987437974
0.3372067961558689
0.3387744596172766
0.34197892977018673
0.3429764053902233
0.34336844065786476
0.34807652056721305
0.3573144398429999
0.36236881159049916
0.36687480908260367
0.3703204138813605
0.3755358685444883
0.38389220987214057
0.38650919376899723
0.39839346552041577
0.39972456604346307
0.4023289807625812
0.40499747590589674
0.4189540835208407
0.4197481544818681
0.41976145409776344
0.4237453634997993
0.43147243742823654
0.4405348979621875
0.4505184772951458
0.45148870909941036
0.4522760590901932
0.4600269495603364
0.4630485758886628
0.46312738149167265
0.4697232567398083
0.47284023167405026
0.4765286237098797
0.4836141427713462
0.48435534175293493
0.4868567834384788
0.49019910203073824
0.490963468052194
0.4920315121532967
0.49264365372455954
0.49502336223149696
0.4957777833789515
0.5040097209332146
0.521595647492547
0.5288100727436839
0.5289602793940398
0.5357783414277494
0.5366915693672805
0.5431954986054566
0.5530490706201133
0.56509887920424
0.5762695814182706
0.5784710150338366
0.5943610085248119
0.5963528557540042
0.5978505941442104
0.5990419273565453
0.6013980780861081
0.6072523300876133
0.6090546137394903
0.6140043114323643
0.6172981235538093
0.61851770536525
0.6225202609792937
0.6252813050633416
0.6259470860418721
0.6322270301726177
0.6328849477444624
0.634039883318624
0.6381350034980059
0.6409216725993866
0.6458854372107066
0.6488624417009562
0.6503601856201491
0.6542281130192263
0.6590140142112553
0.6608885582335869
0.6715146863964708
0.673809482755659
0.6741143329114783
0.6855850581199174
0.6969068071363891
0.7033125454669283
0.7138940828434797
0.7271028816410263
0.7284086345025396
0.7318779684427092
0.7352568553870444
0.7359509221358055
0.7454317314280452
0.7457821893381025
0.7496315074599549
0.7746949934472639
0.7772636932392227
0.7773633143433031
0.7780819713635633
0.7808130162466611
0.7825055593368434
0.7831711688854626
0.7903560161851807
0.7926916844432665
0.8126275018517654
0.8135610514204387
0.8193815791538319
0.8305517395770879
0.8358569579771419
0.8449243719184354
0.8465512648806651
0.8494656682416839
0.8510084576167987
0.8645727043611942
0.8654517960275363
0.8924202843711191
0.8932767308861868
0.8999407109692568
0.9016038307216631
0.9113036784900922
0.93049370115397
0.9326256965139424
0.9386452460267729
0.9424351250060072
0.9445869882988845
0.9627858208391942
0.9718710453386494
0.9798884766204549
0.9815515752111997
0.9841561583859939
0.9848255040857957
0.9854054354277715
0.9909997797440115
0.9968945880053157
0.9999076632902568
1.0171915784098762
1.0257413300149403
1.0369744577245201
1.042283375666616
1.0449618462551569
1.0515296140529498
1.0561099484668275
1.0576311267390865
1.064291099101459
1.0664274579313981
1.0737315519438893
1.081925586770911
1.0914192024419829
1.1012006508477974
1.1194427804395073
1.1271165930398974
1.1378299098091236
1.1379883086098737
1.1429456437279903
1.1489698886354889
1.1505883823130143
1.152700467239119
1.1661327779506734
1.1663269061707602
1.171593853056213
1.1860699954540166
1.2080022381977957
1.2154437589112561
1.2171701669558455
1.2280829277912748
1.2537007135760785
1.2637481316892476
1.2672334886347296
1.2708948748129933
1.275673575424603
1.28128433499698
1.2819098041857067
1.290954156038868
1.2964164235554794
1.3118536066558266
1.3198826826373837
1.3207585124342658
1.3222349360736412
1.3246426021776805
1.335793070911663
1.343098255218667
1.3516664704904988
1.374016890332759
1.3771269973189102
1.3795256657357042
1.3861915199970356
1.3971478807145432
1.3981853811524978
1.3999194812529427
1.4044774705434286
1.407828754475224
1.4131105228667489
1.4768183221072904
1.4828491564260946
1.4960596950957759
1.4980337063610771
1.50244871125458
1.5092297850502376
1.5177490393301512
1.5278315793526276
1.5433472285520495
1.5517883734860134
1.5574863464792843
1.558951789451704
1.5693233340392716
1.5850464936563
1.586682469120614
1.5941480233314405
1.6162189863576613
1.6193550032584634
1.6221489993734244
1.6360068101672285
1.649476924319646
1.649728415970513
1.6579384636453913
1.6711987795831393
1.6825760208742193
1.7378488410812583
1.7535007951225094
1.7647298801751776
1.7667942025279721
1.7939240183658842
1.7963492775152075
1.8028400174725674
1.8403800411566715
1.874479869299829
1.8820068293147187
1.8834851827944226
1.9102138404174966
1.977808094800447
1.9967719940747946
2.003448982530434
2.0197703515541128
2.0303556827109968
2.035335800869075
2.0392494502680014
2.0436997574484437
2.1743264674639304
2.188279465350209
2.199291273396972
2.1995419793721176
2.207858655286136
2.2480845602713098
2.340597306209448
2.352835943715303
2.487353956175699
2.5036894247664048
