-1371.1152676389975
-687.723959987003
-199.98863371291236
-100.63054975775921
-96.4938950463281
-95.75659350883522
-90.56868403890293
-87.94779341276693
-85.56801095016363
-75.17349671981314
-70.88306948081956
-68.23624731801223
-63.56820966832087
-62.281919194655316
-58.58369109924577
-56.50786737260413
-55.5260072918076
-49.96221797316017
-46.813037183177094
-45.48134283878892
-45.3439575577148
-44.0838414245594
-42.38237929372036
-38.80590559410839
-37.025833182212416
-36.78769961950546
-35.52432595085909
-33.83304421018477
-33.428695206526065
-33.18236787541014
-29.747991078183876
-29.502991921470656
-29.48756126289244
-28.252528848842054
-28.183768904179637
-28.117927832274248
-27.220726854180295
-27.05246362529883
-26.468690915272205
-26.026321540985677
-24.981342423046762
-24.10358933227994
-22.866831185513856
-22.28168347926512
-21.49651932124781
-21.452857494000057
-20.84985659401981
-19.773789513968772
-18.83596231684521
-18.781907991474487
-18.72703008490834
-18.487871668951357
-17.67587935085601
-17.22873008328686
-17.165001870663353
-16.956254507540184
-16.467415642449637
-16.399973717136984
-16.363740782684246
-16.3559724086904
-16.245121690202524
-16.151525933692177
-15.54084564992338
-15.445505805310285
-15.361853737883663
-15.199111288701106
-15.041406282229296
-15.005150698760522
-14.934873339046788
-14.867971611258094
-14.774419124889121
-14.592671420399656
-14.44810560036914
-14.420314002687984
-14.411631037913143
-14.322839948239224
-14.243724984677883
-13.971875625211966
-13.474963599674206
-13.422012863863493
-13.394253438116142
-13.345386681623337
-13.244262077365812
-13.148925727692637
-12.925170250112618
-12.779398434308755
-12.72742300264252
-12.652475720509154
-12.535538041497672
-12.480932746038762
-12.417197402677704
-12.095657927755461
-12.018948493647574
-11.917738710472275
-11.822580803806712
-11.672569322823804
-11.646139907190333
-11.50468254419902
-11.461707918415284
-11.29002633327355
-11.238068628044324
-11.181706845834313
-11.163386232668865
-11.033752980032876
-11.016752340342393
-10.948751015608025
-10.942425302233792
-10.891461941701118
-10.868591222364218
-10.77140944458777
-10.762470229552742
-10.577036758655533
-10.515505362087428
-10.42272244559344
-10.235101799439347
-10.22731581816195
-9.883217470699188
-9.840606759194902
-9.725025880684191
-9.68226404128411
-9.51884054216602
-9.505540605610282
-9.500986084873386
-9.437852430998376
-9.347247442298325
-9.28844454205963
-9.283475233786408
-9.245873829811327
-9.227207465973809
-9.210297833105978
-9.174773022962203
-9.087607114516823
-9.0040471518304
-8.95804552747735
-8.895268739827857
-8.84381764091934
-8.766390206281962
-8.633215599695298
-8.46295447136339
-8.45456221107151
-8.423806644471169
-8.42005888884316
-8.308742372857687
-8.306256842342918
-8.302499509074364
-8.280521923633447
-8.266627173661211
-8.205628073792255
-8.078406600677837
-8.066658598242238
-8.040386938925346
-8.000935803880646
-7.943812797580102
-7.93711665872485
-7.85345020492294
-7.834102205681205
-7.679875342565792
-7.629546489493706
-7.547715209333534
-7.499571565197737
-7.498547600414202
-7.433368296263721
-7.401567500458287
-7.361996499681754
-7.320850173415806
-7.292986034412679
-7.266251605340684
-7.221531279092215
-7.182460928006882
-7.172035710276048
-7.130986466235056
-7.030437575586704
-6.986978196787218
-6.966860145505248
-6.963695292656409
-6.882602492092159
-6.869307280848696
-6.868361939066105
-6.838321181981071
-6.773311778434785
-6.770035945646172
-6.756124802544821
-6.719752634786716
-6.689860467457706
-6.6804944254688365
-6.630440238702899
-6.5717176405460425
-6.542601442033322
-6.503296725337442
-6.374190833595016
-6.354682371253457
-6.317657575418359
-6.281922486199036
-6.273108647045249
-6.261232627359367
-6.239406255783594
-6.163414229004831
-6.072169877331651
-6.021577956719128
-6.01755501506555
-6.01506364374343
-6.0105442835776985
-5.9989905767522105
-5.949110416440589
-5.946071357592977
-5.896284113298721
-5.813140734918248
-5.794012996825628
-5.774609174333555
-5.740879460531721
-5.715284435217532
-5.693343683861052
-5.68326513013291
-5.668687328534545
-5.644864343116113
-5.597317339276011
-5.5923638943723954
-5.570715322875763
-5.553418687452583
-5.5430660266328715
-5.46895302828206
-5.442735108971229
-5.430628219591281
-5.334020710650525
-5.29872241331812
-5.297776826695777
-5.267204526963252
-5.265880722965439
-5.247328900013738
-5.2400551174312895
-5.176010832058761
-5.175045881600052
-5.135556251462489
-5.065919622855137
-5.054775247649031
-5.042324254358771
-5.027684775626845
-5.012226826392116
-4.985032919979291
-4.96720494806959
-4.937808023761203
-4.87950229629611
-4.82332900476955
-4.804162847339873
-4.741245755516174
-4.740793874622228
-4.718683274655784
-4.707794543998247
-4.7076924346398625
-4.699569348495567
-4.6966919690015825
-4.665524128939236
-4.646412000352715
-4.636768089136294
-4.630879090800706
-4.619859893285849
-4.604199041442717
-4.599527473925138
-4.571309489983243
-4.497036753037034
-4.4896277209215745
-4.482454303415815
-4.477609241986773
-4.460351112660792
-4.45162158784912
-4.420096454112197
-4.4167357133434475
-4.411010032283864
-4.398974165441809
-4.387100091887822
-4.3630608747668
-4.362155926101564
-4.34414156786974
-4.297464395879022
-4.293785187774057
-4.253484756259418
-4.193910083372865
-4.180675877891324
-4.155485455893252
-4.150612311912469
-4.1491758028322225
-4.140131936073258
-4.1048455459148165
-4.102412228397677
-4.07526488576566
-4.054808153501774
-4.0067780761690175
-3.9878134817383257
-3.9861482065148257
-3.985920269384096
-3.9631473198006217
-3.9546424266711906
-3.933514762911365
-3.911577360874807
-3.860279598936872
-3.842183547940102
-3.834078524141925
-3.809695754636029
-3.804126295803087
-3.7726286325835314
-3.7618384849956206
-3.746034437211731
-3.7185378342220874
-3.677588473636626
-3.676840771160785
-3.662502288362015
-3.655539791034861
-3.6481124050537517
-3.6365406272292837
-3.620484515996843
-3.619084555894384
-3.617894427589073
-3.616502052696703
-3.614751834358567
-3.612025943783597
-3.571587015151735
-3.5493543250627146
-3.524147829614002
-3.523739774452617
-3.514728518833903
-3.4536463398441826
-3.450472745508471
-3.4392720178512017
-3.4014169074607787
-3.3966143198687817
-3.3937543078951724
-3.3061749062520396
-3.2911698499421633
-3.285061846655404
-3.2726846612048557
-3.2620649800660386
-3.177072907445405
-3.1724134649259783
-3.1707855557439615
-3.159719291908857
-3.1335524771375605
-3.0859827647824343
-3.054764847958049
-3.0452137665507624
-3.023261148715787
-3.019544291845297
-2.9643763836316444
-2.9586021669679585
-2.9551370888090913
-2.9473059939251844
-2.9381509858051693
-2.92931853421809
-2.9230691710912504
-2.9046076551347038
-2.903895078604438
-2.8923128053316134
-2.8847466967632602
-2.858134348255439
-2.8537538590823566
-2.850269378107668
-2.846964965166716
-2.8205462936849575
-2.810184304754396
-2.7659347002309294
-2.7515740974567526
-2.747238773501265
-2.708044321433598
-2.6962478287849065
-2.6921031623434253
-2.6880659386829557
-2.684837083472012
-2.684378229089153
-2.6752763119735166
-2.659070640492069
-2.6441226338932977
-2.639309139627618
-2.6231138286350797
-2.621618875588746
-2.602888187225101
-2.573995647467409
-2.572440891091448
-2.5458366321353134
-2.5315229986936085
-2.5272819802720323
-2.526799008322177
-2.5213298509783293
-2.5109845107302906
-2.5053137118119997
-2.4993941422421226
-2.4891210175860903
-2.4807006248450203
-2.471298886907403
-2.468890887290951
-2.450551641767654
-2.4497045806211286
-2.442041150707343
-2.4058723772349544
-2.386957855612938
-2.3866537193698196
-2.349634392050582
-2.330610078838309
-2.329358761089862
-2.3093152984533556
-2.3022061116344226
-2.2935539713379938
-2.2917434128225063
-2.2914442014874172
-2.2801064544712077
-2.271837855972138
-2.2680372659471075
-2.2633700354619712
-2.251927970027457
-2.242235779941617
-2.2395752361451944
-2.225342625080345
-2.2123046226030922
-2.19971393276524
-2.1834682485085226
-2.1616973122158774
-2.157112460358407
-2.156386783254166
-2.1489929661717837
-2.1331413104380808
-2.1313407106038293
-2.1268444241136018
-2.1200833921893407
-2.1165861086585425
-2.095240979597565
-2.0760549712986127
-2.0595655382195392
-2.0403837644495257
-2.003081245455166
-1.9936645705086253
-1.9863053135847817
-1.9834059812024285
-1.9798933291929912
-1.9666675583077364
-1.96373293514243
-1.9472095851547166
-1.9343893261626144
-1.9214596910145425
-1.912704409222712
-1.9089840396055422
-1.9081783433661381
-1.9078456674399402
-1.8890398253166496
-1.8836981847517134
-1.8798342337020155
-1.8771331323580767
-1.8715371669858087
-1.8629182778112883
-1.854160360111639
-1.8517958212829955
-1.8464176718529746
-1.8363137083008496
-1.8338736263508901
-1.8321258181315851
-1.8247805959839065
-1.8207913722254756
-1.809482052204141
-1.8080176695084955
-1.804432876915699
-1.8039721585081099
-1.784985036319516
-1.7697376175312232
-1.7621965123370067
-1.7533260678349722
-1.741437124891779
-1.7377573749312338
-1.7373580842477758
-1.7328511468257246
-1.7232631755529801
-1.7104814813732538
-1.7086360942948033
-1.6786616653314934
-1.675709787049466
-1.673943146186049
-1.662100154515349
-1.6608755323494182
-1.6607095203043163
-1.657610933300068
-1.6515736905038758
-1.631066901157003
-1.6230080307297428
-1.6182777770488384
-1.6178898561804047
-1.613618080385492
-1.6135495647347415
-1.609498101291268
-1.6003616687372155
-1.5976934868808965
-1.5966261120186045
-1.5952486919482727
-1.5813081687419053
-1.555299810153051
-1.5482538495133191
-1.5277161294886303
-1.5134449904256932
-1.5048272510343295
-1.5004666047862958
-1.496557459948871
-1.4944756413741365
-1.4646487617317796
-1.4620502205966235
-1.4607222625461043
-1.4552275011166267
-1.452713323333037
-1.4502952006528962
-1.4485422717196217
-1.440921039701461
-1.4395526069224536
-1.4298936725748228
-1.4183193370306921
-1.403597516245212
-1.3889742049051121
-1.3790466856633594
-1.3681480959753318
-1.3661506868950113
-1.3574168480465842
-1.3411110431980824
-1.3392476806169564
-1.3387581734637362
-1.3354027634806527
-1.3107332426061502
-1.3062571307141242
-1.3026971170832864
-1.2777602731398787
-1.2774729004477994
-1.2621200931114351
-1.2465978560383415
-1.2191896515015341
-1.209519227025752
-1.1995805275570253
-1.1964347603551493
-1.1728595541953366
-1.1604391917925563
-1.1354777406982035
-1.1291131660871643
-1.1220235068448325
-1.1182513493185144
-1.1122852372229917
-1.0987316801323792
-1.0974532037871165
-1.0929646405050748
-1.0784342613150724
-1.0765113442935084
-1.044981128403543
-1.0347464762883445
-1.034050210655909
-1.030953065500737
-1.0175153070991607
-1.0071813827149738
-1.0009430403597346
-0.9978005416481719
-0.9856149303501314
-0.9851343792761919
-0.9813413583314059
-0.9750012798902199
-0.9725071146935197
-0.9588881476846965
-0.9543811411193288
-0.9530775414790522
-0.9412338200590736
-0.9352574065509591
-0.9346921688482881
-0.9260436796964169
-0.9220577030536179
-0.9195468894784511
-0.9105192957144917
-0.9096659840169508
-0.9021482410912423
-0.8898825463811517
-0.8865130069167165
-0.8841664591269291
-0.8816828035874934
-0.8711119777625818
-0.8630247219202711
-0.8544091178158872
-0.8497450752713859
-0.8407728145283612
-0.8298205680273361
-0.8272602733501804
-0.8230241678789907
-0.8143212225935497
-0.794610040808953
-0.7917211751363921
-0.7912734541644673
-0.7910242553666189
-0.7797226231681568
-0.7584551954784357
-0.7516327065134116
-0.751447735827979
-0.7206015831342886
-0.7173898404799856
-0.7143466941386059
-0.7119795895577068
-0.7112638962507781
-0.709041886324957
-0.7026125151046677
-0.6945776522860708
-0.6907108176855847
-0.6894396184455523
-0.6825155440892723
-0.6821373529467356
-0.681967063498842
-0.6815083150574192
-0.6798800677909496
-0.6764395391448483
-0.6712091595691628
-0.6699999004594172
-0.6678937799283964
-0.6565225127368892
-0.6535692221417122
-0.6502749223600445
-0.6425524029412247
-0.6419294537470706
-0.6408837045658828
-0.6392942386646765
-0.6309144446438008
-0.6307314197028089
-0.6234730812033819
-0.6224864072829974
-0.6187986525928162
-0.6109363613254255
-0.6089894288342222
-0.6075445966840674
-0.6049385772769401
-0.6020918527348736
-0.5783130437768528
-0.5770273442800702
-0.5698904635072152
-0.5677825604184927
-0.5436210436161037
-0.5425158082805533
-0.5396707728615013
-0.5330092251863807
-0.5270750569206483
-0.5033664078541918
-0.4896331469699574
-0.4777149065587227
-0.4776316113037806
-0.4677918761285462
-0.45695112954609707
-0.4517750794500819
-0.4417073923888265
-0.4403383968561789
-0.4364107657234142
-0.43080752552058216
-0.429074218885182
-0.4272893936655878
-0.420857146024908
-0.3688744056648251
-0.3610453033260811
-0.3580571921608281
-0.3422883947284698
-0.3221614282368549
-0.32158385185819444
-0.31886905439774416
-0.3177249904084738
-0.31277706898139845
-0.2968213204438369
-0.29446476941055544
-0.2910943720613206
-0.2883704350731554
-0.28676891963371
-0.28667210893921835
-0.28538531941641915
-0.28369034134775006
-0.28170414706542435
-0.27821469365437845
-0.2771230395996839
-0.27698998799298513
-0.2769264645532429
-0.275665630941309
-0.26746234635117916
-0.2664145218795453
-0.2613044718267399
-0.25353801713091595
-0.2500065999102957
-0.24951615984194586
-0.24040455141395667
-0.2276755502128182
-0.22648032744283575
-0.21706379429729222
-0.21644453395663338
-0.21157405536265383
-0.20886093571699968
-0.20316289420146372
-0.2012392982508493
-0.1827921325317725
-0.17763486020655062
-0.1772352940413705
-0.17703409895455458
-0.17561887025858908
-0.17526449920754417
-0.17311674777013752
-0.15944844398291036
-0.15732898100429826
-0.15726081592028865
-0.14729358650460933
-0.1469130841518017
-0.12859167523934673
-0.1271831543309162
-0.12577530915493318
-0.12369098362360548
-0.11732200463262965
-0.1133688368320468
-0.09770475584937421
-0.08859231059941519
-0.08215367293696144
-0.07654718163238206
-0.06922387138126695
-0.06684462604968866
-0.0637273742281419
-0.05742442336858178
-0.052306909663668244
-0.03856760643284074
-0.02602891369985122
-0.023592982827340903
-0.006218720004157463
0.001465089369692918
0.004001737967682106
0.005366052388822954
0.009244784945254159
0.017105652757008344
0.018182931794992363
0.024966097562524214
0.029001690199637664
0.03170074707273218
0.05111138485334028
0.06295233122359242
0.06710415536276336
0.07269758932970583
0.08084539520432898
0.09143534547858667
0.0915721725205429
0.1071248066592701
0.12664453230844874
0.128181859765068
0.13105444587214643
0.13326389701481484
0.1361169710618504
0.14480167332459903
0.1523068415310303
0.15407325215449497
0.1553131011622702
0.15693015581688918
0.1610016606866872
0.1643510259716009
0.1668803107122132
0.18885481284854744
0.19163246007328316
0.1920651234023698
0.19657360972104787
0.1986523442915768
0.20147093635783087
0.2086133485419172
0.2093669294497229
0.2158527832416275
0.21997714141346048
0.22241547787152705
0.22265339439528542
0.22285789946707535
0.22409115653541992
0.22820118107570364
0.22853214337517885
0.23039538645862484
0.2328815984534518
0.2405118633272182
0.24135303892877658
0.24332257384108794
0.24341740764680764
0.25884640991383906
0.26295140825894336
0.26886879498171257
0.2706522866524205
0.2714531935928628
0.27197135865785904
0.2815398189373392
0.2856349459909475
0.2891187218050717
0.3005421220437142
0.307069912755459
0.31580052576638573
0.33850818380856373
0.3543307655698153
0.3585959665206506
0.3607626227442142
0.36216886610360005
0.36649723017089697
0.3761460582773785
0.3806026463463681
0.38121155821482544
0.38305163961311983
0.38776416655439616
0.3936543547171989
0.39560318232754466
0.4065223130536847
0.41210400234908195
0.41472923842170156
0.42829213095993096
0.43039990399084715
0.4338622790122495
0.44155845302546437
0.4451947742354224
0.4559591261262843
0.4627400543667535
0.4652953717522688
0.4660452252061486
0.46777358013472575
0.48167504900979774
0.48183430911119146
0.48608714810916714
0.4937116305252811
0.4957235693742193
0.5025599426655842
0.5124303769147504
0.5143719236926207
0.5255713273094125
0.5309579264791253
0.5400542589325167
0.5406205481723096
0.5441440638971675
0.5472907179414342
0.5533690047807547
0.5629683239605869
0.5677427993566151
0.5749557460552073
0.5830764432973943
0.5946642107794871
0.5948690960660499
0.5961943255268055
0.6048025376728279
0.6071674816363585
0.6142763690054518
0.6159420516051741
0.6206516439178595
0.6257169833551653
0.6324113736783374
0.6341655845188112
0.6360711672626274
0.6399021168565289
0.6409967515593813
0.6410142766261329
0.6415298559380993
0.6503385469375159
0.6572166703487676
0.6682700249624985
0.6688940693133753
0.6719154096021165
0.6883825335949896
0.6935619132315101
0.7025312421802485
0.714873246696426
0.7221262088691682
0.7227176721445736
0.7243528205930259
0.7284761718606056
0.7309210940577666
0.7367126678193601
0.7367816103462854
0.7380587387855828
0.7413290195658504
0.7449799714111034
0.7455212067310724
0.7520466090658742
0.7535952296362042
0.7601814668004656
0.7716501265565886
0.7814410031792671
0.7819756604228008
0.7821397241879917
0.7925667951893043
0.7963490492628611
0.798164516626205
0.7983995119202156
0.8097089149892333
0.8105165444396415
0.8107614688313343
0.8364091816954516
0.8377322021701851
0.8418995949641439
0.8518660298819827
0.8615414186822757
0.8635960880476083
0.8726771358504205
0.8751934846221484
0.8771167902695226
0.8784722681183768
0.8822011323966501
0.8893222652935504
0.9213072393527775
0.9220203812169425
0.9230560830041509
0.9318577783230015
0.9392510957555056
0.9532394900128784
0.958734154651991
0.960993328463321
0.9637894821739028
0.9709511385007477
0.9768799122304916
0.981220672299794
0.9879738976337564
1.0016634778132643
1.0147696600017975
1.01525528912943
1.0246035404034592
1.024924079690067
1.0289162204176072
1.033582425776871
1.0351972747966864
1.0415007111664702
1.0464914491099613
1.051376809080016
1.051652306161163
1.0536530883351471
1.0570237266949842
1.0650362095141053
1.0713468595521416
1.0761555948292223
1.081124054505279
1.0900393718172325
1.0918105290031859
1.0930377504382895
1.0966509751086333
1.0984360357103535
1.1006449236697835
1.104168953007413
1.111892423695752
1.1171711934416697
1.1172155232021823
1.1247649289268282
1.1281268707972645
1.1339232557672445
1.1378564611792117
1.1429493001555515
1.1536045349777078
1.155362684245071
1.1627876697156
1.1714677652896188
1.201523062343673
1.2063105261646283
1.2298645993646005
1.2435165951493312
1.2453218131555763
1.2550086230084223
1.2590783648624997
1.2760175506575908
1.2765016611692181
1.289567442171534
1.28970611666236
1.292522427915964
1.2926017952956825
1.2960712259988973
1.3004811627265558
1.3029385410165555
1.304381035114219
1.304667743895261
1.3053702571566428
1.306401882612623
1.3069574979360343
1.3262211797483618
1.3478832712142783
1.354643599486499
1.3589236592780134
1.3591947475311694
1.360676511006776
1.365678927775618
1.3664171451914697
1.3699960677415108
1.370642848783397
1.3923589068097202
1.4223922542541398
1.422597212458272
1.433500156590028
1.4381354787520853
1.441846660474002
1.4530721658095471
1.4555788109758405
1.4556854655465272
1.4602923989014547
1.4951482989727363
1.5215399882175409
1.522297418627091
1.5249682394283521
1.5603762450373442
1.5628194024297093
1.5745868245264003
1.5788048305214337
1.5945451809980273
1.5982175635974984
1.6224205311903517
1.6522168818065412
1.6686512940353466
1.6826678077828254
1.6862318216396357
1.743638858200793
1.7760454114968063
1.7791178915211068
1.779287188305634
1.7830221324903737
1.8345512262481538
1.8580766750212199
1.8867389454204717
1.888354824834599
1.927367151351905
1.964711662405115
2.0065705838331507
2.030622111406664
2.041038519997625
2.0452898103533346
2.048937583531644
2.0861561893428546
2.086677970863509
2.189297605860746
2.2075167516591043
2.2141802026099535
2.266304241714884
2.2708085711695984
2.2821794221675624
2.3012071522879047
2.317936010367018
2.3257156308050475
2.3284179274898342
2.394854753520133
2.558668135114196
2.566535282833753
2.605769471881121
