-2056.590864264096
-826.4910705243648
-690.1467263776491
-515.6692073306369
-320.64407862646084
-150.02819012478272
-143.69375661600426
-105.19004570501198
-91.34915080197345
-86.77009796038536
-79.20755428104914
-66.0071690595932
-65.65326615324328
-63.90630696102337
-59.592930947305405
-53.81377420411054
-51.985586896604744
-47.59411952582161
-46.093198059525065
-40.17782657486174
-38.38021211111819
-38.35366772152052
-38.16778614933074
-36.38842926297673
-36.274871399093776
-35.928128745124454
-34.87954878149053
-34.861683351483954
-34.46964888066857
-33.6061879858903
-32.611284265311006
-31.608941378817146
-30.640591872722105
-29.668413540491212
-29.567500655275857
-29.02623214651392
-27.099355362525728
-26.551840308400845
-26.178944138794673
-25.664632433063314
-23.68966835202611
-22.791446505236546
-22.190571713562594
-21.162086993496953
-21.010014430991415
-20.315671020422407
-18.94575971172397
-18.338990133581923
-18.25688035693013
-17.481857385951937
-17.372056776468852
-16.879674208526936
-16.879353927621924
-16.550058702099996
-16.505758906207134
-16.287177686960796
-16.13966524565417
-15.888470798002173
-15.541168958996662
-15.405021182171664
-15.31577228794685
-15.104493392418455
-14.681258766077894
-14.591053704060272
-14.187554328406819
-14.120178404612169
-13.859074771506325
-13.71749014737634
-13.649049516414648
-13.47155943564186
-13.346049976341643
-13.298911317844633
-12.936555141134114
-12.86955464180681
-12.84298272448723
-12.657188285129262
-12.546563135493109
-12.319284002267098
-12.17718472714075
-11.947211519027194
-11.84451851759852
-11.807626551993003
-11.798194352902403
-11.717674548549967
-11.647761499399783
-11.515197856795355
-11.400547903308546
-11.27357985163862
-11.0684188023039
-10.926899477745623
-10.830064121160255
-10.716524383074923
-10.674363854210249
-10.5950594022088
-10.437490364868648
-10.418845831968728
-10.381596426093921
-10.26723109162209
-10.144102510018408
-10.132825090480615
-10.068683033351524
-9.986079977991565
-9.899685432862844
-9.877880008597101
-9.8556747146015
-9.778414986031803
-9.758633030392613
-9.649760641426253
-9.635849358007398
-9.610067599608634
-9.590633066210236
-9.587303250530363
-9.494660647374044
-9.425584992588687
-9.419837725833988
-9.414869741091906
-9.359480228840463
-9.189519372474148
-9.088600702453109
-9.072782148015808
-8.972087192940206
-8.950028433700892
-8.87108417929487
-8.780644902140699
-8.653043071037862
-8.576947084654536
-8.51224374341582
-8.454048037249155
-8.45370720847384
-8.440714940152915
-8.402974002956038
-8.368854531898995
-8.350454315587088
-8.19192563698001
-8.157253758591285
-8.149789957820504
-8.142725193705092
-8.111610532650158
-8.105918899218702
-8.102769299912488
-8.097311432331223
-8.058525717366319
-8.03615528832419
-8.002399746121961
-7.944401113787033
-7.908750833964364
-7.846626644196382
-7.842626677965927
-7.7700588916634175
-7.7679771622630795
-7.759778638844865
-7.653396140337444
-7.603330525431046
-7.600458260784023
-7.5372612994732435
-7.5309312715672885
-7.477490663109043
-7.465470478851887
-7.421594860873693
-7.394067091423082
-7.3804154245808675
-7.3534921125395
-7.337992829288441
-7.294488908311724
-7.283626497929514
-7.1395483899637195
-7.124723253416706
-7.085626304370313
-6.986353635942844
-6.959213038238604
-6.942636887452895
-6.908865469382573
-6.87487483557936
-6.847827004160008
-6.837976614740609
-6.80898990657508
-6.68790511489863
-6.612124864283489
-6.609469230089433
-6.578781203136756
-6.569847534222363
-6.442466417297214
-6.415222605110085
-6.403783366749259
-6.172030696931912
-6.037161071634127
-5.921483385551013
-5.88993762689751
-5.7239907177244405
-5.688205228479607
-5.67538923924875
-5.666729263429579
-5.657490829308915
-5.649410979354315
-5.639374827782699
-5.631183335413347
-5.627487739441587
-5.557535172950438
-5.49985207283854
-5.484597307115714
-5.38461735620022
-5.376780330254738
-5.327676229769125
-5.314121497882455
-5.264427128703616
-5.261329642761192
-5.244048300743822
-5.218046737837171
-5.179744507850269
-5.178135467286264
-5.17663102739297
-5.09314392287618
-5.078842282152919
-5.005279913196475
-5.000277289968434
-4.983341000399626
-4.982234243630069
-4.949760624071987
-4.939051072724238
-4.872390982618086
-4.834413931783611
-4.825270443328148
-4.802251617677314
-4.792406280575795
-4.714957545497105
-4.703880374757031
-4.690172413883344
-4.6831210379107056
-4.636413336525635
-4.631240863552703
-4.590578864438907
-4.582354635390273
-4.561382212027848
-4.499604450543906
-4.499115421777407
-4.475583590331228
-4.464926264396875
-4.44042774089925
-4.401207952152749
-4.36814531254507
-4.3402842903839725
-4.331453788810185
-4.320614253254034
-4.320537591433057
-4.283842268611508
-4.245171532496702
-4.19414673005945
-4.177590367166353
-4.165162796483939
-4.131529911745263
-4.101815409209816
-4.066681108688451
-4.064348067131203
-4.019740438349298
-3.96173233529039
-3.9348984858272402
-3.932666772893753
-3.8912270324810576
-3.8894463620735147
-3.8730221525808264
-3.8618453763611487
-3.811186305575692
-3.8099165202744656
-3.7971143667666105
-3.7963087677761425
-3.796132084324626
-3.7555687683035703
-3.7322418128365236
-3.7279499876407645
-3.721859293455595
-3.7200002803257046
-3.7146200683030504
-3.6963318024250285
-3.6629242171654597
-3.64323324179048
-3.6377582333459477
-3.627755805089368
-3.6039041012639768
-3.5958714954752846
-3.5622383852068094
-3.5593381922255394
-3.543961407088853
-3.5143114163832703
-3.504796394213091
-3.5015154290073136
-3.4938878478552056
-3.483668826059232
-3.481813428712628
-3.404497513717058
-3.3777356397319895
-3.369010332069175
-3.3542523617878457
-3.3201440087477256
-3.3120877972938834
-3.3030624768911077
-3.281640253168753
-3.2684258742762022
-3.2627771579326508
-3.219831601910049
-3.199677940248933
-3.1876781007860124
-3.1712972595799167
-3.1460451286214974
-3.136347109906083
-3.127011936891347
-3.114237265007651
-3.112788589929443
-3.1090600243064968
-3.094289334276439
-3.079202003455312
-3.0661305981495866
-3.044241655063175
-3.041991174389563
-3.0196027397847764
-3.012550345264786
-2.9928420767325083
-2.95778010320639
-2.934049273183704
-2.8998545080185956
-2.883992672615305
-2.868019142741592
-2.8655707191015853
-2.840215540471319
-2.8385553036847146
-2.82923572249943
-2.820466176236138
-2.8001186403059837
-2.79754024069969
-2.7965030423648973
-2.781810263013835
-2.7806672284027463
-2.755487257662887
-2.7523930176704257
-2.741989717772151
-2.730652961473316
-2.712185439452474
-2.705088431204401
-2.7029550801460376
-2.6963777699640668
-2.688828494132051
-2.6881440710978413
-2.6681069416962258
-2.666554576826397
-2.6593166623881994
-2.6564220603506166
-2.6476583363931123
-2.6432078712433245
-2.6323008551004903
-2.6288696360287878
-2.6055471332096967
-2.5909590117849586
-2.579732349632894
-2.5774164906388113
-2.568077704649635
-2.564750412276541
-2.5580785775207455
-2.53590622939721
-2.5271236211552965
-2.524307514623322
-2.4943826701847014
-2.48438608802013
-2.479750142446922
-2.450251191751848
-2.447664130294213
-2.423250584214019
-2.4000214162358633
-2.394172287242733
-2.3904079116846675
-2.3882445950902698
-2.3881494600714754
-2.387084172352047
-2.3864638544889294
-2.362990012178622
-2.3595908831975074
-2.347007523150306
-2.341449533868354
-2.3265523520757396
-2.3166362650783587
-2.3119099867761603
-2.3008812149692623
-2.277461027236617
-2.260806620443531
-2.2411345646076173
-2.2367893115690722
-2.23515929318887
-2.2302798236325363
-2.229746813098112
-2.228471637900374
-2.2257616426302005
-2.196836122220824
-2.1781040147526545
-2.174426873772986
-2.156553271870785
-2.1421748556320197
-2.1394574983799317
-2.12683892061842
-2.121733650086165
-2.1020119108950843
-2.098620290772838
-2.093273726809167
-2.0921925469017846
-2.0907788318075204
-2.0863541326558375
-2.082241934812888
-2.075957398284671
-2.0756736075203204
-2.0747730160080398
-2.0648829239774487
-2.0611284427988976
-2.0592848868353433
-2.056943726749805
-2.0461902104733594
-2.041059311323064
-2.03647639946227
-2.0358251689379276
-2.0358089827340606
-2.0225410771971943
-2.012700616980963
-2.0054319480289173
-2.0039139262769377
-2.000068756789532
-1.9928696576220761
-1.9900174973082838
-1.9847731885176025
-1.9820006084585193
-1.9812388372375285
-1.9748513375719607
-1.964927566816783
-1.959666948046391
-1.94588952247461
-1.9358614771029021
-1.9269685374111443
-1.9263940839431692
-1.9251296333921641
-1.9235065874924189
-1.9104642796981428
-1.9039495785478562
-1.8972494679477858
-1.8914544522262027
-1.8862896122255925
-1.8857897508175214
-1.8829431655064053
-1.8582983339618564
-1.843293323164219
-1.8414049427492931
-1.8365305497229591
-1.832323273384198
-1.824618240321946
-1.8130282319593918
-1.8091819609684952
-1.8035806474701963
-1.7911949318965363
-1.7654162062357432
-1.7630594176066583
-1.7526186656811946
-1.7461514832051803
-1.7396160876762339
-1.7378989680832917
-1.7342325044969287
-1.7282508831080619
-1.7266694237110491
-1.7223629273693017
-1.7185654979975977
-1.7020309643291467
-1.6773660376788846
-1.6764411209262278
-1.6718713246485786
-1.6625831894430054
-1.654376778158945
-1.6529425364672237
-1.648308245856124
-1.6437911147918673
-1.6416500049191223
-1.6061215108006304
-1.5974915724829069
-1.5940524964168326
-1.5842985106721383
-1.5696825016155878
-1.550046638299051
-1.5454364506383
-1.5436783552074331
-1.542684740489512
-1.5279936327713892
-1.5176375165169058
-1.5120252428466752
-1.5113962479600882
-1.487921326360085
-1.4876246324706297
-1.4801512608661347
-1.4690007017206943
-1.462327821238445
-1.4532665207466704
-1.442681986869135
-1.4415929757549297
-1.436635493175353
-1.4322674481961015
-1.431672483276313
-1.424870995559253
-1.4226243442128617
-1.4210766564881405
-1.409458545974681
-1.3943096037801843
-1.3892236623665222
-1.3881062136407563
-1.3867758637729342
-1.3673827094320041
-1.358153348515696
-1.355431161363499
-1.3551535846214424
-1.3505447778111908
-1.333962979928881
-1.3300895751140582
-1.3290347391744683
-1.3269762820081334
-1.317643905931317
-1.308803795243251
-1.3085304504030826
-1.303180328148896
-1.3015783049485026
-1.2961162644478832
-1.2825714849107928
-1.2757241333095295
-1.271994571694623
-1.259745482690462
-1.255444503241299
-1.251583334344636
-1.250889995815265
-1.243424044198715
-1.2426817761057085
-1.2375642616256415
-1.2313741862002998
-1.228164198000189
-1.2273689725537267
-1.2178679443720617
-1.2099515099531573
-1.1995205843352337
-1.1917224907200636
-1.1912347438822373
-1.1840939972744509
-1.1794093229920368
-1.1780508423655178
-1.1738771395689838
-1.1718912346786334
-1.1693010526013936
-1.168265636089826
-1.1613786700217346
-1.1572022146548329
-1.1132500741293816
-1.1011055274477577
-1.0943453249549506
-1.088850517190291
-1.0877783298627408
-1.0844224854364013
-1.082994273486694
-1.0758797466334076
-1.07193492289076
-1.0655439448155213
-1.043511256337513
-1.0383143951950908
-1.0279915771263561
-1.0277579580760012
-1.0269128369671807
-1.0032304424883423
-1.0015739793512601
-0.9926805766323741
-0.9834765656079452
-0.9834200038812334
-0.9832288735576971
-0.9804147791688121
-0.9786258434940367
-0.971420839365793
-0.9705995686902738
-0.9702611836167929
-0.9662047800303006
-0.9609391768263531
-0.9607264076584734
-0.960061372764151
-0.9596098933186754
-0.9576575362540402
-0.938901486782604
-0.9223355961178702
-0.9189194889634236
-0.9170726239312825
-0.914605754382157
-0.9087515338101088
-0.8858925034075789
-0.8667751903461831
-0.8623446811543911
-0.8608264594966433
-0.8486878116378755
-0.8439219950841913
-0.8439105573381486
-0.8356631261610269
-0.8338234934987679
-0.8280323475265746
-0.8276967601748372
-0.8224383662453955
-0.8217620561698633
-0.8175937667265192
-0.7977789964817141
-0.7956270159127808
-0.7869953021179781
-0.7862808839280563
-0.7803581191931152
-0.7714169307273686
-0.7688003504312071
-0.767148473126506
-0.7651911572015567
-0.7635738988866744
-0.7623417981922093
-0.757894674170537
-0.7578632386171156
-0.753597944514977
-0.7519286122859881
-0.7492318934396677
-0.7474067873342464
-0.7444901628135291
-0.7431985136408716
-0.7390421549141185
-0.738364671552202
-0.732918150943114
-0.7111191242260863
-0.7047876950956408
-0.7017237751049078
-0.6979906396085617
-0.6959298949761419
-0.6811487464061462
-0.657639621735362
-0.6576258982629737
-0.6546527756824829
-0.6535932278761766
-0.6481926874459736
-0.643891682529039
-0.6072052009505401
-0.5996380050444552
-0.5972445783152017
-0.5891787742166106
-0.5839230682718611
-0.5768705744506663
-0.5726879301927489
-0.5712095355088789
-0.5672841903843673
-0.5655537873712674
-0.5533452886696512
-0.5447720802422613
-0.5413038616930972
-0.5396735177549259
-0.5386335440446799
-0.5162278816620767
-0.5148987433341088
-0.512713996159697
-0.5069677384253277
-0.5056639834901209
-0.5030579241205333
-0.49239797999266294
-0.48943967015177325
-0.4868943940413403
-0.4705178756445401
-0.4681502233932822
-0.45900706524440527
-0.44566056531422393
-0.44003752402839236
-0.4312055157066317
-0.41671349983731665
-0.41077358345100956
-0.40247613045285685
-0.40011382973673004
-0.39089088796635896
-0.37894789894366154
-0.3769950204014997
-0.37406279095176265
-0.3382998488370881
-0.33554705806753193
-0.33506715138082543
-0.33465673959223186
-0.327083494927953
-0.3253384853989617
-0.3249697148733906
-0.3151764620581427
-0.29194585539859413
-0.2912667434844678
-0.28301806139301855
-0.2754000883855582
-0.26805379557120657
-0.2602249680038497
-0.24643100157085995
-0.24524132472666405
-0.24119053691785353
-0.23380740599514854
-0.22276697552481084
-0.22147435012827854
-0.21760714604491993
-0.20358505051902387
-0.19408171549629188
-0.19067894855863865
-0.18513406857988524
-0.17563801391073663
-0.16579392130616366
-0.16208095821080812
-0.15680168057269955
-0.1486104544170741
-0.1484355521264161
-0.1218406359464208
-0.11489224762695693
-0.11376782457249146
-0.1060417235218627
-0.10377966314642328
-0.09859894872607478
-0.08123320151848368
-0.0804623680267611
-0.07895670295500007
-0.07699441917692285
-0.07371580578643977
-0.06992209056601095
-0.06982060578151655
-0.06594910144222088
-0.06447233309102818
-0.05228033442576341
-0.05189260478319796
-0.05120451894344347
-0.033041135525574195
-0.03143298376896473
-0.02978635488531095
-0.026136769580553915
-0.023819722084151618
-0.02330511225663745
-0.014097240756578366
0.0003166317072726965
0.0006744414911846741
0.0013804071979874877
0.005552393739202355
0.011547093083517868
0.01857185197056238
0.022874485388715393
0.024382239998943178
0.036622761754380284
0.03692733653322089
0.039056419632591544
0.041294452202333964
0.04155695965422723
0.04403036233005975
0.05394111765573961
0.05816762286476196
0.06797062388885622
0.07592512040125184
0.0866391465947568
0.09079816595156057
0.09528150844235717
0.10537281580033142
0.1096729103270524
0.11634022682951795
0.12503770730510244
0.12849584713811407
0.14692596802253788
0.14802978426114535
0.14849506824401998
0.15803019966656429
0.16673884603492772
0.16795269823060233
0.16799937172316895
0.16925539128000722
0.17166461938151506
0.17317384117212936
0.17761242469904615
0.1803400415530506
0.18429266402246136
0.1870929085969083
0.1887917985562263
0.19162132651643954
0.19291533008331474
0.19310664253054322
0.1982825439059568
0.20110620893429698
0.20348958321849142
0.2067858356060263
0.21474522757572057
0.21961520099652812
0.22390907416544004
0.2398240727822285
0.24275092335958653
0.24862529214311577
0.2514830860086924
0.25709662119159765
0.26579831490070793
0.26685124944462435
0.27506371831661663
0.2794363934648101
0.2825735896892885
0.2985994813231554
0.3106979230360023
0.3116330717441309
0.33140129915232047
0.3450978010922165
0.3541728780763941
0.36365692303684677
0.36758378313285056
0.3703807203220157
0.3709685451198317
0.38383566162834204
0.3871768465358809
0.3968844574641012
0.408459446843667
0.41132230322943475
0.4152289654697833
0.4189032229802486
0.4190619844173473
0.4220094116775638
0.4238423339690895
0.42588396168602777
0.42653109993306104
0.43681397142935674
0.44317056689847967
0.4535946875251028
0.46753914592419044
0.47880130811114574
0.4915807082079093
0.5010604045425802
0.5119116153601933
0.5134085143950168
0.5257332859709494
0.529482626658146
0.533149481017135
0.5392668357182038
0.5435986291424402
0.55292944598633
0.558306784608992
0.5613400406522908
0.5625776302539314
0.568194092072229
0.5791588842921014
0.5871166557407214
0.5951054304903772
0.6104510037918895
0.6144080075940782
0.6178759935230845
0.6235520230588087
0.6264323577616719
0.6400336256486702
0.6403784291300796
0.6457142201611323
0.6461971698307544
0.6522667598002899
0.6689416084566139
0.6814881447329242
0.6827010494438164
0.6883599173680937
0.694420927538612
0.6974045696959588
0.7165253985516296
0.7177099472621694
0.7198940415474279
0.7329128846842388
0.7374943705425638
0.738966684276811
0.7449526422244097
0.7523023732976913
0.7547268867755097
0.7608942453115585
0.7653253249216905
0.7660397058221625
0.7667887448078128
0.7893681949888647
0.790310460153636
0.7917576657761443
0.7951252043314305
0.7987169108512515
0.8058614171768089
0.8077492379509295
0.8094299971562604
0.8227334461372229
0.8271731750306892
0.8314149558433679
0.8363711277849835
0.8467622810144758
0.8508201704147502
0.851772487107695
0.8527420995500685
0.8531887231012851
0.8532864130991021
0.8553332344035781
0.8582861231387569
0.8727966604810583
0.8753725914910173
0.8766951198463113
0.8847104001918045
0.8852018923520569
0.8923120421277557
0.8931829672748974
0.8937047120501902
0.8993933743426015
0.9004613819983744
0.9025714032738409
0.9035292062362387
0.9047807809327404
0.9133038885353867
0.9380467586569128
0.9591400711206818
0.965609817506998
0.9675246042470779
0.9676419097571277
0.9723343912703074
0.9774056344802566
0.9896239077648598
0.9985166444869381
0.9986568334155297
1.0005105996749732
1.003686554147563
1.0101962827479687
1.0161238528276724
1.0186848046251944
1.0197105306135352
1.0207413424962382
1.032167965732931
1.0447185758604935
1.048393277044088
1.0502980683546623
1.0513425745140035
1.062421251123546
1.0666885183973625
1.0686657626633067
1.0693288754027581
1.0765780153986781
1.0872947708012561
1.0896812663210427
1.0922877449443784
1.1135275884713387
1.113835843728097
1.1170136700408746
1.1178991194821344
1.1199699742804556
1.1223447761332217
1.1469762703902853
1.1581665127946652
1.1627897202093234
1.167875873346503
1.1756347241245995
1.1785631799861804
1.1812698645392594
1.1862311850385676
1.187770536463747
1.1896409103017611
1.1901540850428318
1.2037478545102467
1.209048422339595
1.2097297658535335
1.20993994833935
1.2303737201800193
1.2320155674706954
1.2418570879705677
1.257609547213507
1.2739195279565658
1.2794184165224542
1.2968821825277304
1.3033693323119955
1.3254418465261648
1.326424428320741
1.3445256851210967
1.3602583276665534
1.3670724162700878
1.3719483918898385
1.3838450651096317
1.3998827534018938
1.4031637842068
1.4157180153710573
1.4176919930431466
1.4370560667346592
1.4384151911925274
1.4420554958922178
1.466439253476013
1.4744133449545587
1.4768125371211647
1.480277906648299
1.4868436515027128
1.4880789717670901
1.5223328978865216
1.5488146451627276
1.5597520776131526
1.5654183665482844
1.5668606660766946
1.567512090037213
1.568676056589156
1.5783976236242152
1.5863490044367712
1.591843175794594
1.6345858130358624
1.6550588664869466
1.6697262327087656
1.6756664693013947
1.6844361479285994
1.6871883590098342
1.7197314040613145
1.7299755933500025
1.7392747118133802
1.745109331015803
1.7574170337448005
1.7641058539281556
1.7678089801448709
1.7857592343840916
1.8018578128907525
1.803408049592512
1.8044755424884642
1.8753420729609434
1.8850326147151666
1.8917272394350229
1.9338640452294462
2.0082576288832477
2.026146340622902
2.0431925036909067
2.0492903819401276
2.055622419490451
2.0966483232784072
2.0993903098338684
2.1228498287366935
2.135571955839884
2.1537240779460745
2.173832616250688
2.2205533879577364
2.2713239225825923
2.2926838571683303
2.295380864360835
2.331964226449765
2.4350592689049404
2.6241519534176305
2.6426438140749036
