-687.8012991566776
-517.1069799191985
-459.86513766127496
-349.3512008472863
-162.70914088998103
-155.6172683864568
-152.0198281499335
-128.32942546218413
-127.47707468122373
-126.40139763624776
-118.77478433594374
-117.73842312099106
-108.47077770336337
-98.57662768372393
-85.86201952284124
-84.69240540188513
-80.72130069659504
-80.18915075205015
-78.65863824075217
-70.55024878950677
-70.54756837835527
-68.70986585171553
-65.94536132533355
-60.22526997882677
-59.8135286829182
-58.74999432652414
-56.834326008282524
-55.766716877331675
-55.6301189389143
-54.55476929098495
-53.75153441443179
-51.917816142117914
-50.4463074471826
-49.986998079196674
-44.50575338746848
-44.45643847337229
-43.619032197911906
-42.82881045685369
-41.86170018513375
-41.60351571220309
-41.05457309517847
-37.74979438396425
-36.228003161467555
-35.84692136489183
-35.84098115651454
-35.614333661640124
-30.890686066920818
-30.593622732899174
-30.02745842004418
-29.15651946173304
-28.902386894119754
-27.554694683771363
-27.194968261906595
-26.39758044735402
-26.28839753703444
-26.17970933402313
-25.665965174823498
-24.795672635990332
-24.344149089910527
-24.005205830823456
-23.695603564050742
-22.96745748951477
-22.665201063553752
-22.642348890923465
-22.55624353492927
-22.533172448948587
-22.158969164094792
-22.128366064301414
-22.094182151742537
-22.092369578959804
-21.86638558671138
-21.72795691510854
-21.54708140270006
-21.137674484803416
-20.541062229888468
-20.39572007150748
-20.395534130437262
-19.876218854869826
-19.549411456199866
-19.53090896307929
-19.48921811099008
-19.42179107583031
-18.98478499946517
-18.72105726866679
-18.160691532265076
-18.092719320079755
-17.94717732113769
-17.743511848857178
-17.70837708997637
-17.421415644304435
-17.183795188275678
-16.82914638602939
-16.352157913391252
-16.255334512587375
-15.990381984623989
-15.630887213825279
-15.617879901889973
-15.58943128985522
-15.533144486964726
-15.3378897715704
-15.06216534668334
-14.947291554729338
-14.92885157017384
-14.557984331349129
-14.36812076320793
-14.18568299265025
-13.878318347775071
-13.837867252559779
-13.82044519333497
-13.633243291729269
-13.516886335660026
-13.48722441391477
-13.438567627689922
-13.308441036782614
-13.192399413277204
-13.1878676501236
-12.9933801086535
-12.87673413873101
-12.746348788096649
-12.73467692339315
-12.402625170403738
-12.391543998869373
-12.379631192669109
-12.30593579943352
-12.291850675781504
-12.25839866378229
-12.215029711577914
-12.160288647033608
-12.153844309414946
-12.107864026495044
-11.998550860657673
-11.976235184276964
-11.957693631131677
-11.94759462040584
-11.898034188761978
-11.75852601104351
-11.539511772857677
-11.443929070621317
-11.40660569850696
-11.278614345332068
-10.996787021554969
-10.978771683102893
-10.973036298859508
-10.92506853473639
-10.921601638509678
-10.853736885817732
-10.687593389480119
-10.584838962673404
-10.583707118670151
-10.553666459665756
-10.31664416824087
-10.257834208272792
-10.223475442179907
-10.205726138772587
-10.126568829940028
-9.76199832811794
-9.738136693449981
-9.720720610175864
-9.432103416572032
-9.425933979736905
-9.41757177434819
-9.413024637378697
-9.24005396607713
-9.181585616860081
-9.071347996763254
-9.06656065946615
-8.957439922297112
-8.785840137735219
-8.718370743521918
-8.712560647375547
-8.695517549301858
-8.620064405023173
-8.588999182151097
-8.479529117633843
-8.450697787542888
-8.442529669085785
-8.407043162515201
-8.297495735438556
-8.29746729435674
-8.26919218874661
-8.25024957650227
-8.209728942522815
-8.150882566574833
-8.073534802434608
-8.036050982494547
-8.029911599780663
-7.848286494820174
-7.8479114468826925
-7.778041652609662
-7.6509512233150225
-7.509535606681533
-7.50901424063637
-7.507036782018716
-7.495302902995806
-7.458887647935317
-7.415283012016342
-7.39210193500382
-7.349315855787004
-7.314848774929516
-7.241475313443267
-7.2361819864694485
-7.199810077473525
-7.152358982970428
-7.113657717209055
-7.025406314293486
-6.995994588149875
-6.9684870738945
-6.951031073210188
-6.905333620781546
-6.8916520830009755
-6.887808045577622
-6.832931084266155
-6.822177702994967
-6.787282519444185
-6.735307529306022
-6.727144816833295
-6.678692828024565
-6.613564156959917
-6.611159540051421
-6.609478370459942
-6.561284182888725
-6.559311306608095
-6.539238004663215
-6.4212085079863614
-6.39551081762047
-6.317564320559107
-6.297742060838403
-6.28782872950903
-6.24805113596968
-6.226513520206412
-6.2040673996961395
-6.18017964227178
-6.127136867062229
-6.080771546397374
-6.063364505569092
-6.0598530612796235
-5.989153301458181
-5.93428249616913
-5.932855000986196
-5.877333131857421
-5.858649693645697
-5.806886157629801
-5.792482917607895
-5.766876682989262
-5.71885292693309
-5.7159331278310965
-5.709876025465646
-5.6317622397385385
-5.582433178042098
-5.574488761241531
-5.515898286114268
-5.490241045586024
-5.317793332365172
-5.3008509816922
-5.276646026309347
-5.240408510706011
-5.235183383270524
-5.199230415121665
-5.09300872521241
-5.0810625451545794
-5.06238612546233
-5.060684859239353
-5.000619771267509
-4.949008335709676
-4.859059026964658
-4.830137233468561
-4.8254008868526865
-4.810115184319387
-4.798897730801172
-4.724780239271579
-4.716577704822834
-4.708938587338753
-4.69723940626295
-4.692050352978217
-4.6778175633969
-4.6735404191752865
-4.670756828061398
-4.670236461056188
-4.631534853175577
-4.629136943624887
-4.6276965232317515
-4.587279875382127
-4.52347870132251
-4.512912637061443
-4.497861637609462
-4.465644502523452
-4.438490379917692
-4.433474565407562
-4.399217288950272
-4.388337558450252
-4.382174268215159
-4.355208944242657
-4.351375060648358
-4.342560751868073
-4.308026685799375
-4.293850387567305
-4.266574431880726
-4.233278837593042
-4.2049962352238754
-4.162448872480824
-4.1584372245533645
-4.134546320400851
-4.122528913699206
-4.117693471028294
-4.081521086571248
-4.066191271135483
-4.0532325747763815
-4.031150052375562
-4.019285657739841
-4.0002714386183795
-3.989266763954734
-3.9710659848427303
-3.9407608478260645
-3.92146218558191
-3.908781259888009
-3.8927107054648404
-3.8921196130438447
-3.8531477248104897
-3.823913051021493
-3.8146881374436057
-3.8024030550580683
-3.800063293976627
-3.797810422646606
-3.7957871443280156
-3.794611407387401
-3.7583761420604884
-3.7569731004642257
-3.7537952872446603
-3.746942432479024
-3.7164321616305758
-3.7002815902114623
-3.695432494085482
-3.6911583199149414
-3.6779614449548066
-3.6385857487189446
-3.6192401335640416
-3.605415875817277
-3.596326330248666
-3.5694016110358704
-3.5421833817232784
-3.5089527046545173
-3.496297835200354
-3.4900676122918144
-3.4793102428342655
-3.4790919901660047
-3.458825484774128
-3.443104192170157
-3.428473063277261
-3.419983217705413
-3.3635635382874534
-3.3603532315262763
-3.3399325723060374
-3.3109223935884415
-3.2736517393051314
-3.2713275806137756
-3.26977108728144
-3.246831414892033
-3.2348905914289903
-3.2283235997467448
-3.2253868685314266
-3.2251356213752627
-3.222121687587416
-3.168352421161096
-3.1642939381278605
-3.1486697873273903
-3.116818157291485
-3.0500170463208858
-3.035932334952124
-3.010816768125819
-2.9955278062417365
-2.9929237995897697
-2.9859015263472144
-2.977032156822765
-2.955770068025561
-2.9350139205213432
-2.931496059106136
-2.927917357987032
-2.926809341553341
-2.919825433816844
-2.9147819071492274
-2.912681471041737
-2.8875800545704964
-2.886303242826866
-2.865424146749229
-2.860286566468412
-2.8597204204225966
-2.8548964695076404
-2.8540994571885876
-2.841312017416544
-2.840280501447829
-2.8359803707721016
-2.8336961914515797
-2.828900979964941
-2.8045297642901614
-2.8020040853280763
-2.779907249074313
-2.7689562689334357
-2.7521177108040225
-2.734522801035066
-2.7250091009228212
-2.7093444909911995
-2.6698152976262883
-2.664387885008837
-2.6597146063563724
-2.6498457625158522
-2.6413947022622977
-2.6026686039643714
-2.595806062389588
-2.5864068576698633
-2.560895429086315
-2.5590974003905194
-2.55451999125011
-2.5279964019772265
-2.5115873044915786
-2.483966235310913
-2.4793519394453463
-2.4564649364054727
-2.4550057642253345
-2.4384643770338057
-2.425249617472346
-2.3998527173622133
-2.398268039941091
-2.3946432144777883
-2.385081045538647
-2.369021045484409
-2.3664073473444014
-2.365889516878026
-2.3527965029411853
-2.3335957600786643
-2.330555291306949
-2.3222576314990806
-2.2912396179464753
-2.286475434193045
-2.28578541931461
-2.2787464995991993
-2.2714692226001696
-2.2627763939377665
-2.256916280989736
-2.2403083697059207
-2.2398577556469785
-2.238763582820478
-2.235921709013837
-2.2330888184724547
-2.2297753191692626
-2.20458022105877
-2.195944241868932
-2.1777173784133095
-2.1603476557449763
-2.1362699106357663
-2.1236317906197693
-2.1149814108060814
-2.110900930170257
-2.104201527039706
-2.09377751389179
-2.0836512899185475
-2.0792651540662757
-2.0680683604335033
-2.0434890076510377
-2.020515545092383
-2.01429125157457
-2.0132037080171585
-1.9627436545874133
-1.9270130644167378
-1.9211614321017447
-1.915858575817445
-1.9117312721019517
-1.887436275418617
-1.8859807281323584
-1.8633495208226405
-1.8585509158397124
-1.8576184801600386
-1.8312453596766751
-1.8282731561640784
-1.8191653029223054
-1.806902328909234
-1.7835413193741856
-1.7784303423524082
-1.7708720445144093
-1.751615875884784
-1.7268743231922432
-1.7089303966090967
-1.7085495866116331
-1.7078802020298167
-1.6805820594164431
-1.6714905304925947
-1.6487851324863043
-1.6241949736028272
-1.6085145492818709
-1.6075386210593947
-1.6011645829928458
-1.5907609807292145
-1.5828598455382834
-1.5802443529739394
-1.5748800963630871
-1.567094668748777
-1.565737332871329
-1.5624544344428979
-1.5368628985756443
-1.530893640830054
-1.5211470667317952
-1.512560982829311
-1.4954120383533334
-1.4933341275301315
-1.4762921776458118
-1.4751954012052781
-1.4722667969090881
-1.469272268723074
-1.4652533665690834
-1.4546647209507593
-1.4517930216372834
-1.4466207405786495
-1.4411899288585932
-1.424754906285319
-1.421178886014975
-1.4195047878434877
-1.4165231779138199
-1.4022628083862165
-1.398013864872116
-1.3622608360007074
-1.354437062382312
-1.346614768162542
-1.3383477275367652
-1.3302064719584026
-1.3289368011834863
-1.3277264340988593
-1.3075153032400175
-1.3069350992351645
-1.3008756422606687
-1.3006521535201716
-1.2965039391570259
-1.2941075320073359
-1.2656067055953697
-1.2640943816073436
-1.2498323048948388
-1.241797399753151
-1.2284250310779548
-1.2261678547643338
-1.2126855112648638
-1.2121330457283035
-1.2118738564142393
-1.1996202673824494
-1.189988203907944
-1.1799900725327315
-1.1796832084393007
-1.173825675110615
-1.1670020246475183
-1.1653275720871799
-1.1629306889990911
-1.1606934087619762
-1.159494121987835
-1.1422183105683026
-1.1298594389909205
-1.1255478980405014
-1.121479671261957
-1.1160435458554403
-1.112573552081052
-1.1118863774815884
-1.0991495632151302
-1.0988061801038405
-1.0899669269824352
-1.075753336064599
-1.0750266657050678
-1.0719713113582963
-1.0706782411974238
-1.067039289037432
-1.0640665759936248
-1.0639913966462102
-1.063664412190748
-1.056786179987557
-1.0553645423940166
-1.0466449105320177
-1.0357399943732548
-1.02275701386465
-1.0132995684710104
-1.0073927990598426
-1.007220398251753
-1.0055366249989672
-0.9810734275897823
-0.9661423733292851
-0.9647783545105847
-0.9614831900858463
-0.953084500736718
-0.9507184264527724
-0.9462381672581341
-0.9404586130322599
-0.9390518941738469
-0.9212460883696251
-0.92045516989559
-0.9121116214165332
-0.8953728401246849
-0.8919683141920396
-0.8878973708264735
-0.8795788461314712
-0.8663400167164503
-0.8655633404047909
-0.8497886665184565
-0.8490324204529733
-0.8330547492050965
-0.8284002214857841
-0.8238942085909613
-0.8186852765525695
-0.817328384836465
-0.815808938081622
-0.8154184780687941
-0.7935545339314608
-0.7917923739086724
-0.7895094069956426
-0.7822342062848038
-0.7816151738042543
-0.777389197558774
-0.7589200552421719
-0.7544750216144553
-0.7400119554580713
-0.7327697671939392
-0.7294649951856234
-0.7285573528113671
-0.7264395684773282
-0.7127242272367436
-0.6951364680655655
-0.6899977953658016
-0.6888380811017526
-0.6784189838139262
-0.6704506670129577
-0.6703189333031672
-0.6531151574664897
-0.6468711088467135
-0.64040426843559
-0.6378026135608794
-0.6350671832669121
-0.6346446555131756
-0.6313470325154853
-0.6229873136127275
-0.6208908503366855
-0.6180229595945135
-0.6128684589749986
-0.6063648946551449
-0.5991361337815256
-0.5920516795945635
-0.5904284162955291
-0.5837343413657339
-0.5829493500505787
-0.5799589196600505
-0.5764474661919968
-0.5596146913179469
-0.5591350284606568
-0.5497295822178977
-0.5444099135244936
-0.5304432549187066
-0.5274455307384933
-0.5274256207525085
-0.5250756130894547
-0.5189594076797209
-0.5145707655074795
-0.5116608329350364
-0.508894306852985
-0.5075643969629954
-0.49891612775751104
-0.49594397669487983
-0.4959071501414524
-0.4892072684095907
-0.4795960810694543
-0.4788265757783893
-0.4722173295224845
-0.4539757888133107
-0.4534995401629184
-0.4508625637218715
-0.4375251174452528
-0.43529417353086386
-0.4351502663220743
-0.4203550888191713
-0.4096010774908507
-0.40849448634175534
-0.39892177283720565
-0.39044673055498674
-0.38959226503603095
-0.3803387483842545
-0.3767822130721228
-0.37664379890203614
-0.3762165222543419
-0.37604796292636516
-0.3571056913888351
-0.3171095119323568
-0.30843207707378884
-0.30403193791703986
-0.3029576450268766
-0.29218869203931014
-0.2838551626096074
-0.27390985854239513
-0.2725972480437691
-0.2720450804034552
-0.26769385921506683
-0.26765806808353393
-0.2666356588316978
-0.24390574857434721
-0.24209485465553623
-0.24048257087882852
-0.23394037755283742
-0.23276554193129229
-0.23260149172076017
-0.20775263025381496
-0.20539677093447317
-0.1981328096513421
-0.19060191422990655
-0.17848533988384863
-0.16675955455578884
-0.16208893106748312
-0.15438512974365753
-0.153568368133008
-0.14887614744900257
-0.1374798902911605
-0.11877005102445093
-0.11664987361752832
-0.11392850421345979
-0.11035151468310689
-0.10571561108082872
-0.08982343190300526
-0.08915201231474626
-0.08854336182879419
-0.07946422095475136
-0.0793569196933609
-0.07544871584498691
-0.06646059657315198
-0.047667496686169764
-0.04742113346615684
-0.03754560896807335
-0.031351953827259305
-0.029031210778853955
-0.02531773943947635
-0.020169959197253826
-0.01797893046223653
-0.016440009468397188
-0.014302464482328414
-0.012758861867502524
-0.01244109226972269
-0.006586899593802764
-0.005982010091919648
-0.002708372708896345
-0.002191413446274937
0.0024864166110543096
0.011685226488325484
0.01622932714288161
0.016553672996629076
0.037936242140141574
0.049628656294017026
0.05185344407369796
0.05725757403918702
0.06622374288252941
0.06814195676025886
0.07185682907736446
0.07372052334348878
0.0770141760859723
0.08159234771967311
0.08270020791412602
0.08275906392086646
0.08467840307023326
0.09046206531470413
0.0909446616349695
0.09102387877953177
0.09164824114584558
0.09678591785316215
0.09951080145712632
0.10201080898555281
0.1139961690365908
0.11825786252324891
0.1194264423567345
0.12982867736279974
0.13685937642618518
0.13943529889613215
0.1549525684066495
0.16544312291260366
0.1681839379286395
0.170127696511122
0.17081899581284138
0.18067834477986575
0.18367392425243612
0.18844474998110133
0.19348712276278746
0.20955418696595007
0.21853517489501562
0.2276367125601764
0.22827762791749773
0.2286931619953756
0.2375449990637707
0.23910947460449006
0.2431392471777064
0.26156808810179444
0.2648781931012567
0.27130122057940304
0.2756750666161799
0.27714122087214543
0.28633088402623974
0.2899574401036686
0.2915457533212411
0.3006824244675867
0.30272184428374826
0.3097336720295837
0.3210197103379352
0.3247897084454579
0.3426160860880226
0.3527819650876331
0.35298896628973697
0.35564682777124124
0.3565720662558299
0.36191776995664104
0.37047147301920913
0.37411707449126375
0.3749830999610302
0.37850673829514536
0.4006321404809784
0.4017284320182647
0.4067999558967088
0.4092313069669486
0.417725951238771
0.423515172128574
0.4347866679714609
0.43886258647389
0.4412516633727338
0.44489472844406114
0.45059283086882035
0.450783151852421
0.45120554519778083
0.45326681567037597
0.45569081433860037
0.45856486578462635
0.4612146844359285
0.4927394555450428
0.49543839613420615
0.5004896161457868
0.5022851263437202
0.5065717215140736
0.5185515694269595
0.5217455497194026
0.5220200061360518
0.5235063878059607
0.5283597723706945
0.5326572709719076
0.5449846217397805
0.5478021770679902
0.5539484845449538
0.5643227497638891
0.5668953769351509
0.5780844295370768
0.5791267635447944
0.5887839464784728
0.5980035039627258
0.611367107888227
0.6175435639290345
0.6280429351762307
0.6305366470820983
0.6308351565211636
0.6314367953911489
0.6355945066591917
0.6410946423674043
0.6474389031259555
0.6479006469027401
0.6636638571462564
0.667529515499532
0.6776519579524647
0.685007589600231
0.6905565350509906
0.6946923613519431
0.6947033394914404
0.7063724925667346
0.7137033566992079
0.7263699197418071
0.7272052840928515
0.7344234580120924
0.7376217235590649
0.7393929401369631
0.7451489184376634
0.7533447713507988
0.7582328385780974
0.7604887872980172
0.7643363080233128
0.7667550332909179
0.7764564381146044
0.779573292554535
0.7973588781296883
0.8029577123455401
0.803923937508994
0.8073999318653635
0.8091327481663917
0.8134801235946971
0.8247886353199663
0.8252335058317944
0.8266870676748242
0.8321658935252136
0.83403295190562
0.839464080960246
0.8438802900976284
0.8447505308497294
0.8557288362462016
0.8626141556216607
0.8675123982273206
0.8695134278452354
0.8741454618677373
0.8876012909889536
0.8989502770080324
0.9020762147339194
0.9047337463388492
0.9147573874442976
0.9210487276540074
0.9242007743363647
0.9351058062417512
0.9383445788920851
0.9401298887881497
0.9409413307118414
0.9473847006970567
0.9528923756003247
0.9728803967796915
0.9809866373176541
1.0050753801292611
1.005138072789844
1.012291956233533
1.0195422767867095
1.0229745539141397
1.0236717068471253
1.0336726844112079
1.034043356344924
1.0361125910723383
1.0386662554842578
1.040100401779253
1.041766297107816
1.09138857267693
1.093387531460834
1.097618710899947
1.09947204206367
1.1004961700984626
1.1023526629241547
1.108708762635403
1.1131388888201925
1.114298231877117
1.1358305595349747
1.1374283812216224
1.1448305774207839
1.1464997677103805
1.1528607578529344
1.1576957430668637
1.1607958455609773
1.1806218168098246
1.182335785632682
1.1944087898955962
1.2051675091942742
1.207243428322727
1.216135315692055
1.2252453298944428
1.236078429178281
1.2429363314771744
1.2438611389170062
1.258435858810125
1.262201380357173
1.2645450392452353
1.2652796009325287
1.2698807731784179
1.2728129279608695
1.2768151359479447
1.277717011617964
1.281835398175942
1.2910990489960834
1.295763337173188
1.3090176586686937
1.3162625137430606
1.3277725307861243
1.336977038330626
1.3629218795778806
1.4035668918670932
1.4055816895942628
1.406857419679861
1.4104641077453741
1.4375519098390925
1.4392536631240818
1.4490864457799135
1.450562858690649
1.459111691067727
1.4674381638057898
1.469023460925822
1.4727035756169486
1.4755979886446142
1.4979910647931094
1.498972904966192
1.5342245388841627
1.543800821163702
1.5511143318804788
1.5512312361275165
1.5542335603737691
1.5679724340844357
1.5769967137302345
1.6210608821728731
1.6237160326569355
1.6340390535944391
1.644777337552923
1.6453390113321218
1.6530422912998723
1.6878888439125848
1.6939114165813223
1.7098819084177248
1.7325635969883437
1.74662862910461
1.7491988709299693
1.7840467298026232
1.7901123661475256
1.8199074713121837
1.8215373882077444
1.8276937158671238
1.827778881640422
1.8884888049522273
1.8885362868207964
1.9102233321243622
1.916792424943089
1.9264691446587459
1.9444968879430977
1.962108929577774
1.976511874990404
2.0116159273312317
2.016428409136347
2.025608763764428
2.100126490905041
2.1508435787200666
2.2145990025754334
2.3229503108240523
2.33920800407081
2.568991817690627
2.5897302573941547
2.594647130973468
