-519.1000515823384
-413.80330615104765
-347.6773440276842
-276.8480340515562
-209.40350216051095
-199.59024296572605
-193.2056808034912
-143.9026763825367
-136.31137462203827
-99.6157645751035
-92.00537696592636
-87.94791141195181
-81.47367027478737
-79.43754250599838
-77.47616825858547
-73.20544301104255
-61.837427996561125
-52.18719877132165
-50.493803964818476
-48.36281970930473
-47.41831188387146
-47.32005613166313
-45.8783513639518
-45.5082368494461
-44.7990971877027
-42.93722861130043
-42.0932380793181
-38.04491690165642
-37.167936175346064
-37.02846873215106
-36.0868568498133
-35.97628575843015
-35.26133494025229
-34.7218585199425
-31.315409642163463
-30.985411813884895
-30.661444268880437
-29.777307684994764
-29.42547699061184
-26.09597257893425
-26.06697854096951
-25.97308701183994
-25.49448058552156
-25.126030792824242
-24.883624813241138
-24.08034392861512
-23.308967702309214
-23.048140740457793
-22.84467207593999
-22.737328175821375
-22.518433941753642
-22.41359214882272
-21.950047575410984
-21.25234317569962
-21.19017926069566
-21.085124012842375
-20.908993950895056
-20.16731314492106
-20.05264380012477
-19.837837853104098
-19.724850858268976
-19.432172123366243
-18.93262508980712
-18.379597864865275
-17.97269358093383
-17.87083720852999
-17.571367198515198
-17.377004059612812
-16.911558130889567
-16.798349947823123
-16.454278254141094
-16.299298464450693
-15.932888177441164
-15.824793343607276
-15.385388558605214
-15.17929465328149
-15.159869288923964
-14.804686841679406
-14.686235690674817
-14.447397831532358
-14.262652523312978
-14.176554326994225
-14.102522880598201
-13.670881119946237
-13.419026686426223
-13.151635386628909
-13.128377535683939
-12.69162289954172
-12.665898861815215
-12.449977989432284
-12.295853023386657
-12.12300808280465
-12.089911900686308
-11.994343435058443
-11.957783011058345
-11.891378359796777
-11.8642628811961
-11.863098975680694
-11.754440898191223
-11.722892711478572
-11.633545074813904
-11.509513274329207
-11.507556360138455
-11.389917844821525
-11.361755166435062
-11.137926604285928
-11.11604003633321
-10.818464563414523
-10.737944732851956
-10.714825662288169
-10.705098261607741
-10.615538310450425
-10.567683487123114
-10.455118079077593
-10.33082241720433
-10.306030605117584
-10.270593549186199
-10.264981720690162
-10.176126826066952
-10.122625774408045
-10.06985011806649
-10.029633739385904
-9.988163407743063
-9.985370327503327
-9.832594238366344
-9.831110146706386
-9.63308046107692
-9.570454704783291
-9.566920845686704
-9.336008325612404
-9.233342671911206
-9.204722917719547
-9.09612888256816
-9.075690029785573
-9.027176116822854
-8.903755207840112
-8.90019763998615
-8.535785207423176
-8.506445876318773
-8.399102292921286
-8.2697851716279
-8.194448244030838
-8.188501853347317
-8.131163040896489
-7.979057695895541
-7.94005642309938
-7.91804782178428
-7.848618921490036
-7.771853387197085
-7.6927586594093595
-7.692000339421649
-7.677184882184573
-7.619280265729417
-7.592909265142146
-7.569726373716493
-7.529710960225753
-7.5134413812666985
-7.499732373803932
-7.497510651817144
-7.411741219630441
-7.3808570306624315
-7.368688612580084
-7.341266439975355
-7.32234422802823
-7.3180381464613795
-7.275752194932772
-7.167011855076329
-7.166648571545624
-7.131278948826941
-7.077938651513099
-7.067628255051728
-7.017233256303668
-7.013865143816471
-7.009003229756232
-6.986559305867589
-6.905615286329953
-6.822303010205683
-6.8028116164287376
-6.701870550855141
-6.692688978162105
-6.662094535344531
-6.636730536558387
-6.6263055264884745
-6.608335587563611
-6.599143088859306
-6.59906634579762
-6.5697238539344855
-6.557973302863071
-6.531651519132268
-6.5226870132412875
-6.51752972372567
-6.4662855145669855
-6.460114168953522
-6.45932192326995
-6.44773080529275
-6.441156107735351
-6.4331072696301215
-6.4006080134297845
-6.374595710571263
-6.3539816328452865
-6.338420803865335
-6.315483882796224
-6.291032341736304
-6.232333237210122
-6.221562182293581
-6.207910762088509
-6.180152182092357
-6.167828604207859
-6.125676674764826
-6.102808548874851
-6.099019811300181
-6.095150742580914
-6.008654725194808
-5.993500239570443
-5.953212374725665
-5.892959812006208
-5.881497632746048
-5.866127457460691
-5.85004843289717
-5.844023780889401
-5.807127779384878
-5.801435208133722
-5.669190488655156
-5.625779990087617
-5.6236938090236785
-5.618237548360158
-5.604654485132507
-5.599232579005615
-5.592327112097198
-5.531709097441586
-5.524401812959584
-5.45835493555138
-5.414697277042251
-5.345363564154125
-5.3386076000792215
-5.286553168512079
-5.208383583766985
-5.191148977479988
-5.141240219071072
-5.0913133948106495
-5.0780515727857924
-5.076164918285232
-5.057242200969306
-5.0334631848525095
-4.970383734332188
-4.96424969338748
-4.959949862018486
-4.95103965786328
-4.915074170554798
-4.860103140230738
-4.811463421352638
-4.772329765317571
-4.759020855013672
-4.754037294547935
-4.701005629770466
-4.68388741223402
-4.633810809720423
-4.599624791949261
-4.586055492610578
-4.552190687003232
-4.543590482542964
-4.53396676461407
-4.531617607357204
-4.4951994214876345
-4.48758372670909
-4.4842217534430375
-4.460367423407272
-4.443649162329396
-4.4256197286589
-4.393256697311511
-4.369543782429243
-4.332166858756928
-4.320059462401431
-4.310688200592625
-4.298408650294387
-4.285985025024164
-4.282759840831658
-4.263818731885639
-4.252158555269444
-4.242604585573239
-4.215874717739517
-4.205900531025748
-4.186730261285888
-4.185866660316848
-4.157195723855518
-4.142595615537725
-4.132134261811922
-4.123900646597742
-4.108799283194205
-4.095310062261543
-4.0884606272948485
-4.072850160305382
-4.066113715180185
-4.057212228693104
-4.0198308973940176
-3.986060973518753
-3.970684067510838
-3.955289357995016
-3.8950774387400973
-3.872228689089617
-3.870481581709531
-3.8335049252581173
-3.821152501767598
-3.8017660908574995
-3.7969355195072194
-3.7710638802134566
-3.769850574077413
-3.7406526184665267
-3.7125653379903403
-3.678896548252391
-3.67886913289956
-3.61257554811148
-3.596319524560471
-3.5928008050806626
-3.5866701192765715
-3.58253168521957
-3.560058222627487
-3.559102072176435
-3.4698315510336304
-3.4576128161520296
-3.4283744674292604
-3.411180395940152
-3.406453785106251
-3.3988908742889654
-3.3815701633857724
-3.3702081409662417
-3.3642966545627866
-3.3353716556530038
-3.32453515075728
-3.285162407893159
-3.2804890300461826
-3.2801185825958097
-3.275262662265659
-3.2624584424923357
-3.255471734691152
-3.253116996569818
-3.2525240111238176
-3.2175063719221417
-3.1537784411069794
-3.0683967121465563
-3.0653912437107573
-3.0261155034705363
-3.0174881692389706
-3.017291505095791
-3.017037103047482
-2.981025197373877
-2.9631248624654662
-2.9583065262253876
-2.955211229738743
-2.9512888774310024
-2.941756899356445
-2.940882064866467
-2.9191043406553105
-2.895402672602962
-2.8744616731828407
-2.868473135168864
-2.8617009382792924
-2.803295525712352
-2.802985183745947
-2.802766568578294
-2.7787246098544385
-2.767143775817618
-2.7499474535368864
-2.732230914524922
-2.7294625655654805
-2.722750535762778
-2.7195207235080594
-2.702774574027478
-2.7016422852217614
-2.687987385470211
-2.6839200445379117
-2.6718823018752733
-2.6417178226604774
-2.639941524218547
-2.5778059704781295
-2.572274284903399
-2.567372569971459
-2.5667411724701727
-2.5539604789241084
-2.551505902595374
-2.5353021400112987
-2.522547950996889
-2.496760359637265
-2.4929021484552
-2.487832078602548
-2.484939917448064
-2.478761927113154
-2.4759723475936948
-2.437280516561802
-2.4351039338583194
-2.42338958548603
-2.40015724557661
-2.385985096486124
-2.380194083919215
-2.3608613116927084
-2.3594421668718715
-2.3547248005971677
-2.353385945634402
-2.3386305116000035
-2.32285427215895
-2.322760079039618
-2.3213102737991163
-2.320309917239622
-2.3155665090678372
-2.3070338301347917
-2.3018847512590415
-2.2947135589882643
-2.267553061406542
-2.2641790425008677
-2.24974722982007
-2.23989521719317
-2.239109009427489
-2.2111889081182245
-2.1921656861158354
-2.183488865781957
-2.182667891799485
-2.172520132943544
-2.149647931590611
-2.147687115829193
-2.1387659201229923
-2.1285768977452895
-2.1230363946456183
-2.1199495396065595
-2.116774496436725
-2.1147957712402676
-2.104525333954844
-2.099703881749586
-2.0966695464512966
-2.0678877615153874
-2.055657436713991
-2.0529264989447418
-2.0478816673012026
-2.046381968525131
-2.038125341068016
-2.0338857664716805
-2.0275927615922575
-2.0170682294682662
-2.014910813914434
-2.013783646296472
-1.9904765108181082
-1.9708338145770994
-1.9702283129245137
-1.9698688742631234
-1.9595074937464223
-1.9213975451136962
-1.9088895614558683
-1.9048453169712398
-1.9022091273236548
-1.8943026373024618
-1.8820857411604577
-1.8797789234797757
-1.8542080161282002
-1.842360557613917
-1.8310083353968527
-1.8243219044335093
-1.8205540112847338
-1.8006233048766733
-1.7966931268413202
-1.7823474554708811
-1.7714033730606098
-1.7378455399841286
-1.7355411833317038
-1.7313348688720858
-1.7301432656213684
-1.7218883143761838
-1.7099738786477356
-1.7073775742580306
-1.7000060769746075
-1.6837902255169024
-1.6778756962722872
-1.6714301974746286
-1.6524530965666764
-1.6521173721095368
-1.639268384910561
-1.635122702430925
-1.6348961947890732
-1.6253564557224596
-1.6221342338789522
-1.6206378677280546
-1.6106266620442768
-1.6048160975746364
-1.594430478306204
-1.590515316883508
-1.5826162755605662
-1.5719145310991138
-1.558606096703739
-1.546455010617961
-1.5451649744374527
-1.5446902148866375
-1.5331337502508644
-1.520094829725956
-1.508417615148123
-1.5055299943870861
-1.500666594658
-1.4841496410889576
-1.4803856290005137
-1.4731170083584522
-1.4664465527617023
-1.4510200498939945
-1.4403035390467762
-1.4401966640126063
-1.4316564059117216
-1.418598001289243
-1.41760835848562
-1.415991119205699
-1.4069887831105583
-1.3953949560204706
-1.3929189842002065
-1.378764454602515
-1.3424629027724766
-1.3329901642947661
-1.310209360832622
-1.310153554972126
-1.3070465366015669
-1.3046966208464663
-1.3025098237911559
-1.2944870547354652
-1.2853133585185066
-1.2755899890320548
-1.2538801099128458
-1.2510317580382004
-1.2501115822196147
-1.246135407157922
-1.2361836001068356
-1.2328647541978686
-1.229268526854661
-1.2151639590090189
-1.2119407512538103
-1.2109377349317776
-1.198489796429368
-1.1963545954977062
-1.195276292615828
-1.1941076197330742
-1.1814708324892027
-1.1797552538372595
-1.1764101343279174
-1.1737070969892103
-1.1722764119799547
-1.1605155581786017
-1.155394950459548
-1.1548772593513053
-1.1441560271585283
-1.1428918675582014
-1.11936135994343
-1.1098522913719813
-1.1073169412956725
-1.1046633598886229
-1.1023741551858885
-1.097787209189067
-1.0968337632800185
-1.0926037372223392
-1.0850450241617464
-1.0547164742562907
-1.0501423086834534
-1.042788327508032
-1.0322595896676678
-1.029749363217675
-1.0163515477790457
-1.0150140225237247
-1.0077457444834108
-1.0056788191057229
-0.9942477999703807
-0.9836757653848246
-0.9629478644502681
-0.9611188861248947
-0.9606891875563974
-0.9586772287058078
-0.9457095204456145
-0.920975183978469
-0.9195120995233337
-0.9186289551107191
-0.9164045490742909
-0.9104356237924176
-0.8896320385135055
-0.8863646088898859
-0.8740345142752528
-0.8727639865553847
-0.8692559877041345
-0.8679423918458361
-0.8583657767453532
-0.8582199934998328
-0.8551313164366297
-0.8483947276329513
-0.8469849639908855
-0.8438786109278223
-0.8406735043443154
-0.8393955630199489
-0.835788188566678
-0.8322179130330929
-0.8261115777474862
-0.8251747997121093
-0.824297189084975
-0.8036073331931252
-0.8012087603615818
-0.7933886201862345
-0.7918756993485105
-0.7906189221855868
-0.7903627859746741
-0.774860560931131
-0.7690311625154629
-0.7608673751954916
-0.7605402632015215
-0.7390883381148214
-0.7370010774690048
-0.7320952182345573
-0.7314147864949487
-0.7295171690803955
-0.7140992687602954
-0.7113536874227255
-0.7014791100851699
-0.7012359638992517
-0.7008679655332627
-0.6953411554340043
-0.6952657253259615
-0.692371638491227
-0.6887984435120077
-0.6886718295578621
-0.6865765053971891
-0.6804686608495757
-0.6693087517090799
-0.6665558013873415
-0.6629711143349318
-0.6621740585352774
-0.6601503718056496
-0.6591997877163782
-0.6575112364857021
-0.6515436992101379
-0.6477600209614023
-0.6382952033705389
-0.6305740316525499
-0.630152935787646
-0.6148830642326036
-0.6069642910074247
-0.5976655990323346
-0.589951278367069
-0.5835793680172477
-0.5824629706741908
-0.5819798891176146
-0.5785989554152269
-0.5720487517325904
-0.5626284392860166
-0.5557624833274979
-0.545443426114757
-0.5446487145656629
-0.5433352644149038
-0.542247560359922
-0.542095072538393
-0.5369021502936295
-0.5285906095934488
-0.5284385902933108
-0.5276682580336024
-0.5162070142654891
-0.49900606365699984
-0.4906816894497693
-0.47598120055098464
-0.46839026074264273
-0.4665297859077475
-0.45254878377816155
-0.4327942358795891
-0.42610725103823155
-0.41602770290641644
-0.40073260571825664
-0.3983672796308302
-0.3950419546192132
-0.38842542806444924
-0.38712685671331126
-0.36606822825358903
-0.3626829166641137
-0.35794151335564384
-0.3530660688089296
-0.3506427068457879
-0.3421705519475339
-0.33900668823895785
-0.33797911256677193
-0.3319207850991339
-0.31839064688571206
-0.31235413053789085
-0.2973996070794169
-0.2961951048011322
-0.28903152433658064
-0.28554008607402825
-0.28479339451070784
-0.2681669121541095
-0.2670675664684836
-0.2661181693565372
-0.2631234573906391
-0.25446514266479936
-0.2435609136876653
-0.24028921373969
-0.20024720770580895
-0.19756232644258453
-0.19723437397589794
-0.19457422694901888
-0.18916422238754482
-0.18044183555925353
-0.17059103509468987
-0.1527025105611331
-0.15112848518748112
-0.14378150600040884
-0.13779704244573004
-0.13589404971232355
-0.1331761468497972
-0.13111783766237503
-0.12779253068533492
-0.12648252289471595
-0.12315992893597139
-0.11813933963562906
-0.11156999154874114
-0.10511339182390989
-0.10185685129058464
-0.1009732154203482
-0.10067216161450099
-0.09765732397452265
-0.09661882685347231
-0.09166756055597597
-0.08828237221121976
-0.0843012374920224
-0.07893189061982495
-0.07792302636618043
-0.07535764800143607
-0.07008873463560628
-0.0646234938715228
-0.06018727192809825
-0.05575574297125652
-0.05211697155547229
-0.05162497905139063
-0.0459249899040568
-0.03719958873235285
-0.033505037573836466
-0.03294914422245637
-0.02683534795844522
-0.024262106143955908
-0.022320493683317677
-0.010971651165218255
-0.008446613040962836
-0.007198950752854594
-0.004266988387264692
0.004836573620355167
0.004993291688410041
0.01116785288114941
0.011930236518848947
0.019502531714957194
0.01966138548695817
0.02108867887135929
0.023972236135948566
0.050395368594354034
0.05185292249843955
0.05274894008082765
0.07113432675692777
0.07510610969167686
0.07701621637233111
0.0836831880247213
0.09003069016240661
0.0905609735860412
0.1043556893858334
0.10883925061956312
0.10890277453468145
0.12186632164919142
0.12551541307762187
0.1257490249204364
0.13469950103453882
0.13688161882159355
0.16606306158478001
0.16860493135104604
0.17445638659487242
0.17463859903153228
0.17998080939102473
0.18097365717883618
0.183354372656917
0.18773062185208367
0.19298131767283075
0.2017694552936814
0.20245971169812443
0.20277236747752858
0.20492364756333412
0.20753258539531566
0.21180830490218505
0.21447278510617818
0.22667401853081984
0.22826275766441928
0.23130542801668985
0.23349501204369466
0.2378233204945215
0.25817147417578556
0.25907182665827144
0.2707512447646736
0.2719911268312526
0.2745059343076416
0.278059763657482
0.27853284255627875
0.2802058718041316
0.2841981115333185
0.287826846906308
0.30047776203943666
0.30261863529361976
0.3083622151424461
0.31073106487274654
0.3189147115195409
0.3511491038344262
0.35187419386111485
0.35254066096411896
0.35619772950311124
0.3625821399926855
0.36359024716220517
0.3681563790664586
0.372677861097651
0.375288283618955
0.38525624288415516
0.3879731655451957
0.3948785421770094
0.39491635976505773
0.4060963103854027
0.417507731261187
0.42468229445485317
0.42645087846518814
0.43053028686813727
0.43257679791667625
0.43973848732059406
0.44865244272094845
0.4538209931125192
0.46568754084920505
0.46797770031304914
0.4732501222283612
0.4751072627215084
0.4819158836495669
0.48249977897385626
0.48961251292720537
0.4931687840270718
0.49993774384020534
0.5036963254758129
0.5119777010647703
0.5323557860989916
0.5374783831322107
0.5435431620207113
0.5451670768817674
0.5511038987469906
0.5545276462874876
0.5757057841089683
0.5833698926351896
0.5866962173740333
0.5875185974829066
0.589139025086594
0.5934132407423564
0.5987813190866896
0.5988976556291604
0.6008599847389482
0.6029361125795158
0.604813743999828
0.6307306811015861
0.6423238685724777
0.6464836363675488
0.6487427450884472
0.6524911216731853
0.6540717758321235
0.6747886515102626
0.6798636316352878
0.6843226921061657
0.6852347715007767
0.6871095091838489
0.688778095494409
0.6929445109413487
0.7029213529144578
0.7045592419486537
0.7257015788776593
0.7348048671854513
0.7403447732839523
0.7564053419219351
0.758930552666988
0.76246166354293
0.7645321806217413
0.7704250421526125
0.7709331671964832
0.7715701643240639
0.7737255553653186
0.7804641559872028
0.7808316145367726
0.7890450266181799
0.7903407579071591
0.7910231923703435
0.7957570599631827
0.7988822795464047
0.8078254688881843
0.8163046775937521
0.8176360626074716
0.8289916176911863
0.8335493092115551
0.8449698767927107
0.8574640233370652
0.8731573055481924
0.8743368815716529
0.879699460049378
0.8824816766771305
0.9013981697575447
0.9070969838228781
0.9108719433300797
0.9130032903153819
0.9134901794683054
0.9219816520679197
0.932910937860619
0.9391635877189016
0.940931760744584
0.9596188888697235
0.9629607120431527
0.9640941998216299
0.9731354008980637
0.9765369484269004
0.9772677559033043
0.9773959237445375
0.9815804642468342
0.989285134715434
0.9893596292165534
0.9928984629976645
0.9986244284162502
1.0006777784823193
1.010639138136065
1.016358465738003
1.0286698699964303
1.0327276833378454
1.0334355520964436
1.0388472922828336
1.0391239428756223
1.050373078758419
1.051990977734718
1.0722640047354617
1.077045293886559
1.095032580857307
1.1091227604179097
1.110855772350545
1.1147038549353465
1.1148976501485612
1.118003974753527
1.1206430003744465
1.1234672701978021
1.1331755473587972
1.1390857078162686
1.1452265787100906
1.1544047317474573
1.1609819363400082
1.1773284116696467
1.1809740287387798
1.1817787490212082
1.2075474206300079
1.2159780983846273
1.2167001935494015
1.2171920102013238
1.233635027881247
1.2371875359739106
1.2397634319914683
1.2414864898685403
1.255357180637502
1.2625220505469699
1.2715050881481442
1.2721281257647883
1.2827075769962404
1.300407140492552
1.3372821344804287
1.347300354569188
1.353962558424267
1.3692620750471278
1.3726820504451316
1.3744516654906338
1.37970592025431
1.3882040860750404
1.3952587730539534
1.3993129557029174
1.413862218202293
1.416164692564562
1.4290411958553193
1.4307305826042649
1.4429179442629363
1.452054637046488
1.4653007725101181
1.490340353614588
1.4972230975184464
1.5093685139243043
1.5114021992135283
1.5185470458098727
1.5287297337282362
1.5520442936736834
1.5628194024297093
1.5692189854530443
1.5725942640408612
1.5732507284417663
1.5853755962081564
1.606014155303623
1.6071771674891493
1.6222050659581924
1.6254466717578906
1.648732459412161
1.6571914785670372
1.666290727327957
1.6666916394309328
1.6733776172387498
1.6743650640581667
1.676672116139201
1.6797131624738517
1.716783578367243
1.7648930140011547
1.785613586304195
1.7913602455799946
1.7947707498361851
1.796049808201404
1.8217522415200857
1.8760256512631366
1.898496724326179
1.9436761157754163
1.9912193800706677
2.0196964341041244
2.0272125956050813
2.0400346462520798
2.0493977979951055
2.0863091857726275
2.0943633303519587
2.1176334760165436
2.1398676771063116
2.1717725578020697
2.1769801752730764
2.190354883389583
2.199162373150247
2.2001210152912094
2.222156037323811
2.241148098084073
2.2900186538998275
2.365029289169106
