-2056.5729155555446
-377.3471896782684
-319.6076401354525
-246.64487698973548
-162.08566425425238
-150.17385794340996
-100.31979011074324
-92.22517278380958
-87.89260672033625
-77.49329377838558
-76.0146202707806
-72.09640771651597
-64.57606669604877
-61.11717894309897
-60.8793955665864
-59.77308325438396
-59.67267082684325
-58.94530986726474
-57.21775152638744
-51.368899089985526
-49.741457315241156
-43.38125980152941
-41.62344720586535
-38.499473838589914
-36.77811193616231
-36.50105652576656
-32.630468552435566
-32.22242575462564
-31.326159697550157
-30.67551162443252
-30.609712328556505
-29.7575097761603
-29.041320445122775
-28.4598297333095
-28.458371845312282
-25.88330845405592
-25.61276908760146
-25.463397056005558
-24.67802628075703
-24.241836315462102
-24.16870202666252
-23.934880726855045
-23.459633785433414
-23.353761884924904
-22.32656503850483
-21.656220855312164
-21.129795689304316
-20.756625009107267
-20.674395380293006
-20.580282219274654
-20.389182966966512
-20.059804234867343
-19.90256178329869
-19.849040322995357
-19.446119989656495
-19.2731288450929
-19.261536037519214
-19.06732110687154
-18.95028929010873
-18.37800446796599
-18.288457770395627
-18.235486653945383
-17.98859884495158
-17.820360426778535
-17.192623475854525
-16.907257905504462
-16.38107570284845
-16.17416827142436
-15.94630649279145
-15.356348182081366
-15.015709443960478
-14.852118134335315
-14.737702650166494
-14.723836884909902
-14.549308232592592
-14.270740672634748
-14.064319635515535
-13.780218080442877
-13.760449277849466
-13.582043141464698
-13.518646027787927
-13.499766606395132
-13.424761880542821
-13.328128070001396
-13.239456385589104
-13.156819312110994
-13.094366002004591
-12.920488310851077
-12.782454692609797
-12.715195539898295
-12.668190930876762
-12.50123757719516
-12.443846999347691
-12.38967176392011
-12.381747353928237
-12.37550683959718
-12.305079316721674
-12.114386850504125
-12.012076070289996
-11.951537423489626
-11.644291670809226
-11.469978005344775
-11.429894188677782
-11.25524739798316
-11.0924001610378
-10.977823167281572
-10.96953125625808
-10.798646054108628
-10.738282199117524
-10.728234101661934
-10.454356494275771
-10.379577877153865
-10.359499580741225
-10.29328947440654
-10.289190281556317
-9.94440547193459
-9.682553687934742
-9.618214053984403
-9.600602374889917
-9.508178629260343
-9.392898073407716
-9.338177279126976
-9.331942418655784
-9.327304260755945
-9.213066110971864
-9.184077196854773
-9.160659137100238
-9.100793740690431
-9.055000178166804
-9.015663431561363
-8.854346325522766
-8.8535443432533
-8.818945403295473
-8.764698526769148
-8.697970421997006
-8.684629605316509
-8.665374034496802
-8.58287331753542
-8.555916037145716
-8.441090276869417
-8.331472745884279
-8.302006573321208
-8.20310434015699
-8.082768875366348
-8.053596023555093
-7.993576654428683
-7.906985885176843
-7.903184475632153
-7.787577742723984
-7.778372115827372
-7.760480027890626
-7.7075042393462425
-7.679338860758613
-7.632228768998374
-7.502374866041621
-7.442885308024017
-7.428302796291181
-7.288515567929103
-7.223799457815474
-7.209731150247211
-7.184787731578851
-7.157203758128548
-7.088529533945353
-7.046289982369073
-6.892231526375255
-6.877586387006432
-6.813153234912727
-6.811237417661134
-6.759297309642756
-6.708998667814986
-6.565760293246041
-6.548828596962419
-6.425700375368967
-6.42565148956321
-6.415596212851176
-6.4107709170749025
-6.40596271136959
-6.404964499484954
-6.403489813894595
-6.355183665725703
-6.306156500317525
-6.298017414888814
-6.249166038002802
-6.190265301969785
-6.188461796878403
-6.10694657493258
-6.106433114725659
-6.104205074034745
-6.0498281312772395
-6.024664251002382
-5.974152693708483
-5.967880975951287
-5.915922003550575
-5.832408190432828
-5.797471093153734
-5.79447912485882
-5.74730343554059
-5.717570884959546
-5.647592434770539
-5.62290231402879
-5.521768091159293
-5.515455512907445
-5.510543621661371
-5.482164543349626
-5.448268741475036
-5.412384550431884
-5.378669781690412
-5.353321033315613
-5.306614173617607
-5.299041724847543
-5.244928204881756
-5.229115588203058
-5.205291274648718
-5.14862772819118
-5.139473197858433
-5.124236320834116
-5.094299672948724
-5.064369466615121
-5.0154384472225715
-4.97148198063378
-4.9646465885180024
-4.954606630870789
-4.943532398115475
-4.8353476798642
-4.825502298131695
-4.81921933399367
-4.768719848973099
-4.766262315032509
-4.741142905015036
-4.722616272164767
-4.698139011728747
-4.691435407020165
-4.687449306652668
-4.67474830229704
-4.6607028988049395
-4.6305756059636725
-4.600079664107351
-4.588836287269842
-4.58037100498768
-4.550452635797656
-4.533379077889866
-4.514536783134913
-4.501221096375532
-4.489448025465162
-4.46870082066893
-4.454224629705206
-4.452731103121737
-4.4321343392856996
-4.411412966021786
-4.404917800888888
-4.400817665189585
-4.393672266034701
-4.378376267972928
-4.370118293119022
-4.362594560772644
-4.360927560021539
-4.305753929779251
-4.297820190593603
-4.238878940681777
-4.226407983375628
-4.204257615804161
-4.181192723112465
-4.1476230350663705
-4.142909873264115
-4.125741835575049
-4.117997408722557
-4.086143633581639
-4.048108825916654
-4.0095211755828375
-4.005782413773825
-3.999527681164288
-3.9916087365004134
-3.9645396222159306
-3.950927307179176
-3.8958339291487967
-3.8901358150586756
-3.88865608300672
-3.8325575920453936
-3.8284067323589657
-3.8198468672404307
-3.7981294152163194
-3.7975680897426356
-3.7957409336423704
-3.766195153855751
-3.752030343732964
-3.7458537222362374
-3.743964890916758
-3.7409278924990046
-3.72774247128926
-3.664797277886088
-3.6476629464055987
-3.6305886154958116
-3.606503486560415
-3.5539896892237017
-3.552424726902059
-3.519821911519669
-3.514275303179427
-3.472240496779766
-3.4524958394532583
-3.450552618982785
-3.4123015915441446
-3.391600067125954
-3.3766900149643226
-3.3750938116351756
-3.3487654895254084
-3.337257525691001
-3.334258456919255
-3.32549519806917
-3.3232073816299295
-3.2959111438458866
-3.253861450235884
-3.248176533795412
-3.2346530061111336
-3.2194231719980806
-3.177871297465442
-3.163204242702078
-3.158848523152545
-3.1518425054016723
-3.1342651626711087
-3.0972217951070475
-3.0887718674415807
-3.0739804601466294
-3.0654116117003753
-3.062657103045962
-3.062436999420685
-3.045489579709103
-3.0368783174329144
-3.030568943608908
-3.0234088198436453
-3.0026674875735564
-3.000358260422505
-3.0002996890711384
-2.9788542161597333
-2.9755584181105585
-2.898567193134584
-2.8942944426677215
-2.8875789463828454
-2.883592476373033
-2.864879938314415
-2.8452861937344944
-2.844781131838247
-2.835962917159438
-2.813813495011045
-2.809452228951093
-2.803100267861394
-2.7995161720951334
-2.797062863412996
-2.759244724409272
-2.754792397743119
-2.7246270333190807
-2.7231946519906414
-2.7107354901116016
-2.654400923957084
-2.6496783326487905
-2.6416023350798232
-2.637407898195306
-2.617266787113462
-2.614886846991582
-2.600978141148376
-2.5998843141318138
-2.567623415355861
-2.529543917789062
-2.5075784679829867
-2.504499812286266
-2.4997413232787107
-2.4928819893199963
-2.463652527140824
-2.4586205252402795
-2.451470581385701
-2.4467207203094796
-2.444279273022349
-2.4241856693980384
-2.358132660610008
-2.3563228130849354
-2.352664669688551
-2.3388546486304658
-2.3349572760583723
-2.329828672485039
-2.2933095573551854
-2.2869879816246206
-2.281253960700681
-2.2583252969924783
-2.252640811684022
-2.247827509067294
-2.247658001164039
-2.2461652576334976
-2.2355664927357357
-2.2226176283753145
-2.2085200063969666
-2.191488690169397
-2.1881636069221826
-2.1877079682423934
-2.154321823958222
-2.1535097508106755
-2.1466225057152464
-2.12673040996028
-2.1248002698985964
-2.107098854001657
-2.0846719766913417
-2.0809045678040974
-2.075592516838501
-2.0694011536559915
-2.0626437890836904
-2.0498102846592685
-2.04349821972156
-2.0175155588081455
-2.0150902674337097
-2.011717687860401
-2.003272545253771
-2.001461092785964
-1.9993150718052002
-1.9910079175334985
-1.9892385269024695
-1.9883767702858313
-1.9759773177259654
-1.9731701542989195
-1.9720030114851816
-1.9572883880857346
-1.9529352516220535
-1.9402718533082695
-1.9234009755971921
-1.9165081458756332
-1.9155957561876071
-1.9116776730338265
-1.9088318987872182
-1.8915293599077738
-1.8911183635892626
-1.8733349044917935
-1.8691188084736172
-1.856162037851645
-1.843304044499287
-1.842143560220278
-1.841735179154782
-1.839979816774609
-1.8198278097683105
-1.8010684225801115
-1.7863651090152182
-1.7778507706919993
-1.7716353616255192
-1.7658948006660797
-1.7494762191372226
-1.7434480669856567
-1.7321082748431718
-1.7160298436668193
-1.7121517695802289
-1.7038241429621168
-1.703290000394258
-1.682328806785169
-1.676233031381805
-1.6670411396192788
-1.661210407093508
-1.6425941478076613
-1.64130614247198
-1.6297599819093378
-1.6251341677360263
-1.6100819637923813
-1.6087548292874692
-1.6027126895036765
-1.5920107186118977
-1.5915076727462618
-1.5869698053859325
-1.5727013771827358
-1.5638766364568522
-1.5631883562430957
-1.5595454173512526
-1.5390263537054345
-1.536110748145612
-1.5298919262094857
-1.5009385379772615
-1.4942958699909885
-1.4653324049603234
-1.4591853425458579
-1.4431796454389287
-1.4286270376363988
-1.4265070933997626
-1.41682556030634
-1.4013351350003533
-1.3749216061347078
-1.3708537689445466
-1.364948954910429
-1.358110025851504
-1.3485698810456843
-1.3473924447837011
-1.3456093080672844
-1.3455662479333421
-1.3373097321658203
-1.3053398360737067
-1.3035332734794767
-1.2957886936578302
-1.2907451567670463
-1.2807709698369218
-1.274675212507212
-1.2741288470555254
-1.2691095874491727
-1.2602369190498113
-1.2542454257067646
-1.2320454783399737
-1.2285651871622485
-1.22596581120888
-1.2251597321604129
-1.2158674230523467
-1.1912837796507143
-1.1883947175535876
-1.1845182767215021
-1.184195521700979
-1.1805396069752314
-1.175167254548652
-1.1688767633986703
-1.1608532660934066
-1.1585062854243964
-1.1466233659637748
-1.127857041764611
-1.1263640221466746
-1.1226677371559712
-1.0925146370840233
-1.0722527250223979
-1.0624000748236848
-1.052083703567852
-1.0508325411662163
-1.047306832140748
-1.0448614326270107
-1.0337230024252388
-1.031610894050598
-1.0277213872114994
-1.0233918168658143
-1.00131714199191
-0.997508886081576
-0.9961299950302903
-0.9951680204967047
-0.9898683147536701
-0.9825867767851683
-0.9784307589354092
-0.975549762347201
-0.9748525744250514
-0.9701032534460989
-0.968333280246407
-0.9491463848028459
-0.9466393927741569
-0.9446883933802361
-0.9361839657879124
-0.929273099764988
-0.9212584899589048
-0.919562284752536
-0.9147803957736929
-0.9018385349999801
-0.9004585982904374
-0.8951250785192102
-0.893970884345499
-0.8938406388387048
-0.8935011295649185
-0.8901665848630279
-0.8866562305464034
-0.8829913315952201
-0.879930541600933
-0.8793180687518038
-0.8781960066369183
-0.8775305643426654
-0.8687864764574385
-0.8633120160325747
-0.8632680157927841
-0.8591961463337926
-0.8581316522277576
-0.8538181652403719
-0.842451443694546
-0.8407042834828661
-0.8375351481122324
-0.8321885254892052
-0.8217747672096247
-0.8201918000609648
-0.8178728470375684
-0.8155976947146453
-0.8083741943776472
-0.8044187635562576
-0.7902687980148929
-0.7810223588782279
-0.7779381498598905
-0.7770561733740571
-0.7727325006244571
-0.742968144862397
-0.7408328452504082
-0.7276338088421221
-0.7268229414660015
-0.7045111811391742
-0.6951658040226479
-0.6805539297395153
-0.6794126242198079
-0.6757435858178287
-0.6557152952446554
-0.6552376420899594
-0.6540462090368776
-0.6318956123276805
-0.6165088924042773
-0.608605030600681
-0.6085733828812512
-0.601446884934172
-0.580188890682259
-0.5742582725078369
-0.5728324679864907
-0.5622071686760879
-0.5550491573824976
-0.5470583685336858
-0.5432052791248743
-0.5352570162710368
-0.5305921561990132
-0.5285906095934488
-0.5181339854706093
-0.5023324104343019
-0.5018962623342605
-0.5003167465026255
-0.4945176045505919
-0.48819320119891635
-0.48512486397582844
-0.4830142506839228
-0.4778710777155838
-0.47760553127770744
-0.47711780902315465
-0.4659009820748949
-0.4603459518385577
-0.451930248791301
-0.45144606212253346
-0.44996389958245203
-0.447329546078462
-0.4442229629985953
-0.44387039491095814
-0.4420807505733203
-0.43378618023436766
-0.4329232513269533
-0.42644075914639956
-0.42530208390219937
-0.41999724339404576
-0.402663086671629
-0.4005696395104633
-0.3999623067928863
-0.39803027044607264
-0.3940945784009533
-0.39185545790370996
-0.3868724273132605
-0.3856556219170726
-0.3820643390601091
-0.3724479348171491
-0.368937044686113
-0.3608995559910757
-0.35441410011766383
-0.3497862434297604
-0.34872328226556926
-0.34775182413196276
-0.329157677972139
-0.3243046458159303
-0.32420433895600076
-0.31530194699841985
-0.31058604697531733
-0.3063894651081577
-0.304288840805761
-0.28921060329421666
-0.2762560852744137
-0.2708089924586292
-0.26987546067426904
-0.2681554998593849
-0.262561542110767
-0.26247597941360523
-0.25014337451081536
-0.2375000861441065
-0.23298845444485194
-0.2327490806958118
-0.23139619119028154
-0.2271283813425604
-0.22682478338127376
-0.22278776438955172
-0.2216782289789517
-0.21913342007362124
-0.2190881486636631
-0.20436599471269803
-0.19719949136737835
-0.1888253256409188
-0.18049299295719368
-0.17936404696958896
-0.17527159169145223
-0.16761118188113755
-0.15322561129219947
-0.15149510425066437
-0.14541132987404937
-0.14044362204331784
-0.12981136459946802
-0.12730489084598362
-0.11453309690486202
-0.10870745268506304
-0.10637491295653068
-0.10321026790496712
-0.09223111955650992
-0.0826978000099583
-0.07921212912519406
-0.07865295768740173
-0.06743630129644629
-0.06495094903622786
-0.06349445711261614
-0.055358553112348996
-0.0541952112144094
-0.05052747244968697
-0.04973130753204169
-0.048316132293127145
-0.04531446977480613
-0.04326497440115956
-0.03742959036701721
-0.03666335763530926
-0.03451483353743867
-0.03258783695572576
-0.029207224972916168
-0.028003178582069466
-0.027771029433451666
-0.02698450298714261
-0.02491861264138273
-0.024612344588193613
-0.012439272949963831
-0.010978615613559062
0.004535023303243513
0.0076108805581363015
0.010464742148987738
0.023107636817879
0.02522357940408554
0.027060015134034998
0.028427772319752798
0.029652376547363857
0.031734895691086784
0.03281975622074884
0.03421481242405666
0.0366104848493632
0.039952985993070095
0.04469402144993151
0.04855846457306967
0.0487131300108779
0.05081016222026574
0.054570306416139025
0.0579530188118903
0.06327325451395516
0.0639958191011134
0.06468001188679573
0.06725545068384264
0.07226625679419496
0.07876360752973777
0.0900387698111399
0.09176183182427695
0.09390071268686251
0.10628579154173201
0.11464438891585893
0.12105619928288874
0.12876682539662992
0.13552902174792436
0.14451464893479649
0.15222533177861108
0.15339083055042857
0.15346444743986087
0.15816002604816493
0.1622471210150701
0.16516522657471755
0.1726807181949377
0.17333134009402695
0.17788804542890246
0.1795454555220143
0.1856162014872188
0.19514493992470994
0.19635331711889265
0.20966912667793847
0.21132375208253718
0.21250234918403546
0.21816758060247676
0.22092096110253223
0.22132777791430258
0.2267156700297227
0.23168229107263583
0.23396344806654312
0.23490932616751936
0.23575174015550937
0.24614603733827745
0.2570721186599225
0.26677600481759967
0.28224233401128224
0.28731506441955335
0.28951149661965503
0.30058776311199253
0.3014090858549805
0.3048034979726465
0.3064144253431753
0.3163149146999614
0.32169946266861893
0.3261166291666916
0.32856371425221964
0.3331795681810372
0.3436528704134005
0.35125213528200894
0.36831576514306075
0.36840021029708714
0.3712943045613796
0.3715926486218917
0.37296294118170525
0.39804812012928664
0.40664491245680623
0.421367238137317
0.42265920651350203
0.4303254671245575
0.4393937549169757
0.4396442706358143
0.4408203273405653
0.44663168455491675
0.4492401173373591
0.4513651898809671
0.45245426113624243
0.4605551334450556
0.4609020948084769
0.461742523723518
0.46283456893565494
0.4652116768569097
0.46811020671607495
0.4683607449244997
0.475048562082435
0.4772247696867481
0.48224577974326455
0.4867611651723817
0.4874491723985904
0.49075321561805274
0.49637327827310784
0.5055177379246477
0.5131728894387619
0.51621583163973
0.5444461201935211
0.5563177210912817
0.5574393891335927
0.5595021521457918
0.5703176310404918
0.5728892884605381
0.5767416378886426
0.5868344606707279
0.5974339727161081
0.5979097996034324
0.6013871980269921
0.6060271944432933
0.6081367180851431
0.6103869660248644
0.6143989701636604
0.6160279582070738
0.6292511502899585
0.6367661994717323
0.6422844877562883
0.6427923579308598
0.6447033668788676
0.6468771103105289
0.6471792175723649
0.6477263624528848
0.6512100450169587
0.6527726059788369
0.6573181363384728
0.6614033097589849
0.6849926981837107
0.690162795894366
0.691732616119739
0.6935393676905481
0.6940399607689454
0.7035781106420467
0.704129403252252
0.7074491465650623
0.7074861761144552
0.7219207836861028
0.7247427964709526
0.7318440488586173
0.7356643212458432
0.758891746913103
0.7605095864861497
0.7886364151225078
0.7903097676263919
0.7905422511309093
0.8045045596643641
0.8111671350415908
0.8225496047040518
0.8245302399770269
0.8319131693981506
0.8695004297171182
0.8791945645383203
0.8847578562307638
0.8946305385122927
0.8949679160190253
0.9000765695555559
0.9024146103937538
0.9026758062242006
0.9027509227371413
0.9075422556593169
0.9076182365438303
0.9081820350142822
0.9276603160215171
0.9335451334200617
0.9427378743097934
0.9434976363278992
0.9685156646688778
0.9687430924151249
0.9700094420625691
0.9745514042154568
0.9844904022812991
0.9877701789201278
0.9890871769296704
0.9998352114451632
1.0020015674186191
1.0077140297249754
1.0098760233742985
1.0109310205643987
1.0122406953044594
1.0154045234974645
1.017443879486793
1.0182520965813289
1.0193068557892333
1.0206664150220308
1.022055345317551
1.0315600201842077
1.0353787497852318
1.0371158456196186
1.0441666690010394
1.0481954287137538
1.0583545736203555
1.0708849985387214
1.072485548768071
1.0739273296561171
1.0766687832910418
1.0767871242896567
1.0792213651765625
1.0853170861953427
1.094096384499933
1.104637188267976
1.1062208561875695
1.1068313350349899
1.110936311065548
1.117636655808326
1.123662964016387
1.125253271328846
1.1263269918901548
1.1308202322852159
1.1376759301099337
1.1398096938032984
1.143754062513155
1.152294957148068
1.1569424096559402
1.1590613493297433
1.1627800364722412
1.1740321883100173
1.1780622254826425
1.1852230982509013
1.1857748937954684
1.1871139786325426
1.1876476996448324
1.1920546257274702
1.192309891076785
1.1938969187850943
1.1946078832164317
1.2097513216788793
1.2164853778932807
1.2174191262796061
1.2477398289427475
1.2588574908168184
1.259984062186124
1.2637136640264766
1.2836184577208785
1.3086160227938408
1.3142642835481506
1.3173512649680714
1.3221441279508945
1.3281252103745838
1.333404079951022
1.3396666450725105
1.3470691036039375
1.3524662108558831
1.3550631328564382
1.3567539598496299
1.3592216847056706
1.3825151749356819
1.3897055591562955
1.39439451852612
1.4001221242715598
1.41663200499063
1.4247756720820095
1.4316003457671171
1.4359750712084751
1.462264599261141
1.4633500090280498
1.4638146185665255
1.463886683664201
1.465517729368974
1.4689814151046852
1.4746393171843222
1.476627756057141
1.485640224098494
1.4907601253777467
1.5088729686068216
1.51800101591444
1.553310345434403
1.5536484856071862
1.5746989863097771
1.6228304103464832
1.6457928685838015
1.6522422083701813
1.6554195138916477
1.6569567500660547
1.6668110239168812
1.6789279893870674
1.690091397796222
1.6903339037228426
1.7121850023884067
1.7184190501847663
1.78270005779292
1.78711596434073
1.7880659336638633
1.813928788760247
1.8242868688216047
1.8251158662171543
1.8527953642778607
1.8575183822615786
1.903405150135228
1.9163701508741577
1.9866308530755314
1.992874029112276
2.080437060394349
2.1674686284411155
2.2306573599693484
2.262629163544329
2.2865462000735874
2.374870027504642
2.4718412710771993
2.5950926779171013
2.7542626393314813
