-4102.906915556949
-4102.737058766708
-2054.0064636704096
-828.3690007421394
-414.3709937474748
-321.4293084333251
-298.8264335360175
-208.549758288337
-162.00596587317887
-135.54503552932312
-127.58156110516013
-116.7766925858199
-100.8654181367824
-94.34901457016512
-92.89904952733059
-80.39816636839748
-79.90075183407023
-76.28881439504109
-74.1812080598834
-72.89709564940172
-67.34710656241357
-67.07179910546424
-58.49515356124318
-57.86382743967848
-54.188215403227275
-50.144531516197816
-45.49907180859
-44.8437938486281
-44.58756898935752
-43.63317288119642
-42.97660901490131
-42.3835079801557
-40.03700571860968
-39.36430444129203
-39.21983262092528
-38.989644453991055
-38.478589189002
-38.38755878616089
-37.781701942717405
-34.21507008787804
-32.96595395402927
-32.86724514279818
-31.938418125254945
-31.54197801212386
-31.083491023359823
-30.82523725643165
-30.600342214839593
-29.344638013788426
-28.989352788399497
-27.847360302487928
-26.742621925225546
-26.642863749027057
-26.330747648883623
-26.245091192193964
-25.981705592675947
-25.79054429224751
-25.313371087676423
-25.19174125205974
-24.33493288057133
-23.016149476699614
-21.74799687948242
-21.19875705825406
-20.53488539947067
-20.172508654341605
-20.144909680375196
-19.52811459291378
-19.231054865724175
-19.003347737928795
-18.997007620572774
-18.554923310701824
-18.249283073684662
-18.060123953634072
-17.554846880115072
-17.333967186184594
-17.3029928997397
-17.191541508400825
-16.727621845938106
-16.499474061412208
-16.46681423258259
-16.27093296428099
-16.13725712270725
-15.776356232794559
-15.314951139423712
-15.24939999612116
-15.149033239521005
-15.045932265586728
-14.829278801595473
-14.754840868653028
-14.72371232822077
-14.574666262094144
-14.535270088349078
-14.504333885512057
-14.360778152497023
-14.330151311573887
-14.324966901199849
-14.276198105206571
-14.14608277721042
-13.987439498235123
-13.912430899976911
-13.900430418316738
-13.795571594781519
-13.520810859353737
-13.249877476573433
-13.223211800042382
-13.099825461500822
-13.092385269941339
-12.987389520859178
-12.7418860215123
-12.365292931303541
-12.047782339273695
-12.025883227108052
-12.008696710516016
-11.855481737307478
-11.820375234609088
-11.776394265185877
-11.649013356666083
-11.585694397927021
-11.578211048386155
-11.537036831286082
-11.52246545696017
-11.45546415398219
-11.269866971907518
-11.258434522069766
-11.258366275549802
-11.150705337979428
-10.624602821820044
-10.619690122680394
-10.501520276045925
-10.472826076082548
-10.287700719130633
-10.175243552011732
-9.895796739761211
-9.864342342497293
-9.847802114843542
-9.842923894191806
-9.80961057269411
-9.660531663214927
-9.4091239261146
-9.341146408868049
-9.334128498987955
-9.257366514411842
-9.202403621505878
-8.994437097175695
-8.904483522379046
-8.884415292266683
-8.882970857412406
-8.837275401703295
-8.514993284626529
-8.499438380964989
-8.48977218154278
-8.424429532145227
-8.341536004086882
-8.146210457945502
-7.969311517903422
-7.9606391068762985
-7.957273383084465
-7.892141439794971
-7.8752595293345635
-7.82603709332183
-7.825255995829229
-7.755520448261727
-7.742408949565643
-7.728007527393337
-7.63140713227247
-7.581542896884924
-7.524101916433047
-7.476918859802863
-7.378475824318107
-7.327513907316708
-7.326333175131365
-7.187503615052042
-7.154933868050097
-6.927644328714278
-6.9098388480670465
-6.891123578023791
-6.841202809114646
-6.814646285656491
-6.809183853082909
-6.79603306551848
-6.7671931740989555
-6.747871168203751
-6.6502905082638435
-6.628946307538627
-6.622511229931078
-6.598500503879753
-6.569164005360793
-6.560379796451722
-6.503020459651454
-6.419084551618101
-6.330696256359305
-6.284594645482474
-6.242233957855875
-6.156267201595656
-6.1108374413924045
-6.10812450450916
-6.09213632430987
-6.06841043660835
-6.060510686068801
-6.00237382618238
-5.993735969404109
-5.952631542670582
-5.930150329771864
-5.920858062811689
-5.917851227658106
-5.7466400508032445
-5.746273494164004
-5.734123408093419
-5.70622095866721
-5.677008312369107
-5.625383025459029
-5.595769432877129
-5.50530902573452
-5.476674878343282
-5.458919771331521
-5.431506964106488
-5.397564587984023
-5.306287913077668
-5.270195672267976
-5.2595225949620446
-5.205008174678764
-5.152605789381573
-5.1369540762996095
-5.1336296173409295
-5.132406292456221
-5.124264549896938
-5.1032760349060124
-5.065758463258831
-5.065422365119096
-5.007889416110576
-5.006792314094156
-4.990955197993741
-4.989710162788546
-4.955048043602156
-4.947102836567387
-4.884816651989874
-4.877681947819221
-4.837464448160175
-4.830480262449596
-4.826990975411235
-4.815525670090021
-4.804389418375303
-4.7673902499012115
-4.690373407736858
-4.686226175543973
-4.683855262498636
-4.662781122587725
-4.62900522205851
-4.623379274576197
-4.58976854602556
-4.559703742370318
-4.55862575522952
-4.552950012814158
-4.537748636397995
-4.494891861587181
-4.4859001979177835
-4.480925085694478
-4.455782372861536
-4.427810580494326
-4.35539926471472
-4.333721508161771
-4.330390335290647
-4.317884561796655
-4.311448286261924
-4.308523280009885
-4.303230328178791
-4.2708459751937875
-4.264407913971143
-4.26003340525321
-4.2588874920922715
-4.256984652369164
-4.225294823492672
-4.2187761809351745
-4.2099804087882156
-4.165130152335031
-4.147306293663156
-4.1466062290281345
-4.12769925354869
-4.076085761542712
-4.069177004435098
-4.008403648769789
-4.006915926302187
-4.001934199720797
-3.996888826349316
-3.979987982443105
-3.9342696232538024
-3.8921090228251787
-3.840673301256011
-3.811944690435881
-3.809937244024915
-3.796193570363991
-3.7939613042445597
-3.7727758262149935
-3.7349631020133356
-3.6966632318870563
-3.639094401681689
-3.622380027747633
-3.5980565891438117
-3.5947913622771352
-3.5895698290589886
-3.5894676764142277
-3.580611419163208
-3.554870612357394
-3.532363163282169
-3.5219989768373097
-3.502513863930165
-3.482813102850475
-3.4692892792216248
-3.4444845685272787
-3.436924592115972
-3.4100919943199326
-3.3802482181931586
-3.3657298204153197
-3.3398317571308533
-3.3160669476647326
-3.297276516940209
-3.2915162409116117
-3.273804606617789
-3.255952071337043
-3.2528746812730733
-3.252327230887039
-3.238531515451635
-3.2110319610521794
-3.1825585302914368
-3.155721535926102
-3.1394309655675885
-3.135915121228663
-3.1120654384741124
-3.111119375939441
-3.1100451035574483
-3.0945990887993293
-3.087729190114528
-3.04750010165803
-3.036609792864996
-3.0268902836060123
-3.013805217810484
-3.0077799403677163
-3.00182973597109
-2.99926259834136
-2.9863928754780034
-2.969428966460484
-2.9692202909976086
-2.9659531336757095
-2.9646639500987906
-2.9608204269033034
-2.9531533184734284
-2.94846991506736
-2.918313954414271
-2.893244980648413
-2.8792078480711414
-2.867588263801642
-2.8168733401488657
-2.8126216090575724
-2.8113078053399017
-2.799873136629631
-2.7817470864324596
-2.744314547725298
-2.7410485439080534
-2.7365352934360834
-2.7199196906329064
-2.7197090811270312
-2.71921416593721
-2.7016774065986833
-2.700739629093655
-2.6845195479617114
-2.682170820672757
-2.6512227110474598
-2.6431052745343115
-2.6366469183774974
-2.632564272619348
-2.632403213990548
-2.622631938996199
-2.619312878284674
-2.6118398062604453
-2.6087817956103674
-2.589806866184076
-2.5785704599946495
-2.501706405140169
-2.4983809184372294
-2.4936748705639227
-2.4856560371416743
-2.4801029886363746
-2.447713946694168
-2.437760757016982
-2.426617834407621
-2.4231140628690238
-2.408088705357058
-2.39070098319395
-2.3880830241809905
-2.3664830308504534
-2.3366183416007864
-2.329661996640045
-2.325353946902209
-2.3034273227959305
-2.302537552430434
-2.292968042033953
-2.2867371367607516
-2.279853159715006
-2.2777703226849297
-2.275272641680424
-2.273131615833772
-2.268672694204555
-2.2559901582355484
-2.255297608878372
-2.247222910813613
-2.24225836832157
-2.2355594712172966
-2.2343556707849457
-2.220482271161795
-2.2155752880911947
-2.1951732621778364
-2.1828452015885396
-2.17968550288276
-2.1733541779112526
-2.1679425189119605
-2.1662836116825783
-2.164818659293993
-2.144073812986419
-2.1412942720914523
-2.13305256595105
-2.1249253110590427
-2.1228398857885677
-2.1210788170376915
-2.117893578368991
-2.114778421967852
-2.1107931244330946
-2.108446840229835
-2.071535514542337
-2.0672126107081397
-2.0410936766437486
-2.0366825468719476
-2.034971803609405
-2.0328276674612566
-2.004275457159758
-1.9812309927142655
-1.976953126848787
-1.96174627026302
-1.9605313522511516
-1.9588098738760547
-1.957037668212388
-1.9552858655034027
-1.951672180401209
-1.9408631898944486
-1.9395523836956194
-1.9327216101998586
-1.9291342109129008
-1.9112838147846118
-1.9011797196195883
-1.8910337757382614
-1.8758390216418683
-1.8640018207356084
-1.8312999743961642
-1.8300764710952795
-1.824690026228927
-1.7966073087044099
-1.79444953178422
-1.7898288803369007
-1.78844123232841
-1.7845526565979872
-1.7478858011478864
-1.7355826960196645
-1.7304780383875038
-1.7295990518811029
-1.725086191124387
-1.7222478490683857
-1.7197783355403828
-1.7184320418785797
-1.7041908059473874
-1.7036339294364762
-1.699186681020441
-1.6719918392759658
-1.6711118405762255
-1.6462205760193533
-1.6229759372802997
-1.6118225238103174
-1.6078569342406897
-1.6075193582214466
-1.5900064048184859
-1.5893227485609942
-1.587188861025758
-1.586732742685705
-1.5819875561154855
-1.5669340489463326
-1.5546419927811517
-1.5538282981092193
-1.5498188366995522
-1.5439688645545409
-1.540553634911898
-1.5238327556406315
-1.5192455800010636
-1.511328524570594
-1.504854470227703
-1.5022956663837994
-1.4839521983146617
-1.4764640983260293
-1.4735872967080321
-1.471309800500311
-1.459723361688006
-1.4536104148824205
-1.4527108921669754
-1.4489761161849573
-1.4431112163869773
-1.4429050777796633
-1.4353269889899933
-1.4245797819113748
-1.4235154946105555
-1.418356132364436
-1.4130925588247778
-1.4115758701956456
-1.4081974880633092
-1.405914416116142
-1.3920944736003067
-1.382291716246175
-1.3809952205822837
-1.3803695994803875
-1.3735256832551963
-1.3694095877389145
-1.3659657699728163
-1.3580087953499318
-1.3531640238114244
-1.3497728328264667
-1.343269510826361
-1.3426576486900803
-1.3251659489001875
-1.318773233877546
-1.3077910982583447
-1.3066123808215342
-1.3062644694140286
-1.3007057676583753
-1.2840274986159397
-1.2779711057020597
-1.2741021401859027
-1.267966036199715
-1.261098566835276
-1.255506928412755
-1.2516188000834154
-1.2515293587126535
-1.2459307496315393
-1.242509151415221
-1.2193653568066212
-1.218661027178797
-1.2165380971512052
-1.2161113677890651
-1.2123195786516157
-1.2110485903939878
-1.2088449344173644
-1.2065085287487327
-1.2012441482518001
-1.1965786697870946
-1.1964478197635613
-1.1932167106536624
-1.1930971566030497
-1.184048704976853
-1.1762104800649968
-1.16730671046606
-1.138123852671263
-1.1298152452663341
-1.1286608532206563
-1.1265286634361673
-1.119646681788093
-1.1175995360220259
-1.1147497120124232
-1.110034317871722
-1.0951276691018463
-1.0863447309485597
-1.0583394106767146
-1.0516709685456034
-1.0423608034754717
-1.0395674332966376
-1.035825174864898
-1.0285407267227336
-1.0275982751052526
-1.0131118729265054
-1.0096793555507488
-0.9657110727531115
-0.9541605145991368
-0.9502209576564767
-0.9476845070346901
-0.9438448411495448
-0.943539269055051
-0.9431038729681922
-0.9413855915213343
-0.9347234730973953
-0.9256497850606262
-0.9146926227541576
-0.9127128472446744
-0.8858927700659708
-0.8825124640674707
-0.8708824049491593
-0.8656189969608488
-0.8638018654565812
-0.8625852964685243
-0.85716793640194
-0.8524557654801996
-0.8398434817340418
-0.8359222766413151
-0.824786976731761
-0.8167208580974066
-0.8068117717400441
-0.7972106546439329
-0.7919977437242683
-0.7888468900045302
-0.7799389616465119
-0.7766636501068125
-0.7738140542872107
-0.7705861759707714
-0.7663397344189744
-0.7650457096597031
-0.7649055107330084
-0.7614246349343577
-0.7561260764173305
-0.7529379597889386
-0.7527120324493048
-0.7445518941563711
-0.7425575466835636
-0.7338212189145483
-0.7329092656872042
-0.7313765836304105
-0.7275872813259858
-0.7206334226521656
-0.7092483824441638
-0.7086119674617702
-0.6959748574393573
-0.6957401767133454
-0.6904296415054052
-0.6794143772215318
-0.673452720446024
-0.6582964665392547
-0.6444059782773921
-0.6363931832251182
-0.6293929077833953
-0.6275010460793002
-0.6190465023982485
-0.6169568709540916
-0.6039256331610158
-0.6014610648832972
-0.5917006155169776
-0.5881219654188353
-0.5864988321734529
-0.5819563196871328
-0.5691812864179451
-0.5583831523994275
-0.5509013425219025
-0.5424953808795102
-0.536255831410361
-0.5303105798418337
-0.5259301178934971
-0.5249194528495225
-0.5216981307566491
-0.5201788559906798
-0.49696742942346267
-0.4794024083765902
-0.47654298581726184
-0.4666241678046887
-0.4429809242349964
-0.4374222597375942
-0.4365125492492381
-0.42861614073393817
-0.42638456183112383
-0.4222525191329546
-0.4174161023274404
-0.4049440827389587
-0.39698610874318285
-0.3952544384053909
-0.39331170358478246
-0.39195548424578375
-0.3845266751386861
-0.3633281598006226
-0.3619738582938475
-0.3585551004738772
-0.35826621572001827
-0.35821326222342775
-0.3531724113142843
-0.3511239764550246
-0.34733581816052556
-0.3438168179521271
-0.3319646936777819
-0.3308653039957984
-0.3216062815543478
-0.30420382560016024
-0.3005066880666687
-0.29851175144843356
-0.29445210957282464
-0.29383288414104786
-0.2862176784366275
-0.2834328205356743
-0.2791839727593872
-0.2778409590362898
-0.27112384944143386
-0.26781128717994046
-0.26729350689241893
-0.26635348573328277
-0.2572389854832664
-0.23438480293688158
-0.228803519437618
-0.22528695632039475
-0.22428399047022318
-0.22419771484895867
-0.21733539796692902
-0.2079554574333724
-0.20615486526923837
-0.20598271231790455
-0.20326856237515423
-0.2028320866398774
-0.20180139858458798
-0.20000797955809868
-0.19424517316315904
-0.19361880211057392
-0.1933907601979002
-0.178633625586887
-0.17396110075683335
-0.164853366985391
-0.16112398671002812
-0.16089746812312944
-0.15891462674719647
-0.1533452714720292
-0.13568065659945996
-0.11809614742585511
-0.10377966314642328
-0.10365163924866982
-0.10307635753724553
-0.08600695074868778
-0.06929482326561032
-0.06839802074037105
-0.06605629430005555
-0.058562253718834084
-0.05096005818986926
-0.050415404974029854
-0.04924854949610083
-0.04541210886855551
-0.045245715855857016
-0.041856510307354204
-0.039506321493495034
-0.034835081649902344
-0.03423996198868362
-0.02795898060592339
-0.02498834493625879
-0.024977834435947505
-0.015917843265200293
-0.005081776994665388
-0.00444041563261241
-0.0008168560496719657
0.01625265099765638
0.018598237098482073
0.018684982431412145
0.021724772239297363
0.023304350471658353
0.03410702978111779
0.03974850760510873
0.03998953014897544
0.04471791244504375
0.046811207504190544
0.047499181224432974
0.04878180290067746
0.0544918512463779
0.0692039776360246
0.07017083910866206
0.0766017080493124
0.08247294508234326
0.08436106963448259
0.08844734263219056
0.09847556411684699
0.10219053413348042
0.1073625685256625
0.11613685117414174
0.12194807733248547
0.13339835723274163
0.1401454539416887
0.14477210463745543
0.1455105580005316
0.14896419824652551
0.14898500610862764
0.15105569510002248
0.16898032937361318
0.1728939605484
0.17692476832343104
0.18008609010059984
0.18928397578609427
0.19485280612091846
0.1955344274085345
0.19750108168781833
0.20276869423772093
0.2030631393719428
0.20529758135654186
0.2140383110542813
0.2191860296685837
0.22253945252013785
0.22354039554972666
0.23259284268497027
0.23714233020881462
0.2379674841462984
0.24448508012823278
0.2564311847860273
0.2609881519669778
0.2622882567518858
0.26368398136616306
0.27607991226456796
0.27875919579512476
0.28053979686041985
0.2808698224717838
0.2820380202894263
0.2900034768240079
0.29358864088421444
0.2984366903584783
0.30089899029361333
0.3022050850594368
0.3089373625815186
0.3145454421667635
0.3228689648814457
0.3233458373273318
0.32661610945207203
0.32679341262744144
0.32719216408205964
0.3277586507339736
0.34858857070348237
0.35331122566222484
0.3631089180571856
0.369145858628415
0.38576952804866377
0.38753858127899576
0.4090338629994774
0.4094859601393439
0.41041776055948276
0.42214995509308245
0.42418316016470287
0.42921669202281676
0.43337900500564996
0.43622992662841586
0.4460552791017984
0.4492815335454608
0.45090900639559267
0.4623038307053904
0.4882768584852564
0.4980168143095681
0.5009453813203999
0.5180888305982373
0.5245848574819156
0.5260246476644204
0.533150336281838
0.5392458784485863
0.5560345512198885
0.5591464130033074
0.5622313525799695
0.5641457543841722
0.5658234495282193
0.567272320188861
0.5687994659248407
0.5689164347885638
0.5711395249559199
0.5765991833551883
0.5992654992780174
0.602283956856085
0.6038172658796604
0.6187054725675708
0.6197381069979273
0.6275992767568535
0.6339554191706219
0.6374419182539033
0.6393331303220522
0.6412506612340774
0.6487998998842784
0.6507816342440158
0.6525918918177616
0.6564476817953008
0.6584663374422545
0.6719810713125756
0.6836191409690825
0.6849245104834105
0.688016303077034
0.6883582120513769
0.6913477562147144
0.695027659439801
0.6989656653138928
0.7021939976836187
0.7084176149713408
0.7112092765682694
0.7256868099345714
0.7268659538935477
0.7512133023869412
0.7675839893798837
0.7768785771745248
0.7902143357459611
0.7957150252385565
0.8091878042912248
0.81045836731284
0.813775537351475
0.8156473263252444
0.8187810769889898
0.8202376815735084
0.8212042017915686
0.8234763358738179
0.8254396635273549
0.8255782981011027
0.8280773741391148
0.8378200034225909
0.8465946841152034
0.8500033094540433
0.8544050337976117
0.8610799816737447
0.8635620766562717
0.8659051766108374
0.8710420486776844
0.8723325035724123
0.8782385628335005
0.8860541573491503
0.8996377570790409
0.9029549647332906
0.9037568733637122
0.9074960651403468
0.9078372533592354
0.9103733404154233
0.9114798491304954
0.9261233781988536
0.9274506783484241
0.9291671693731988
0.9300670594337537
0.9321119479060411
0.9335438213919326
0.9413307222089481
0.9432192428923714
0.952023433202418
0.9630237930659202
0.9679527372138925
0.9771904089927056
1.003186468556831
1.006147362924924
1.0370098037766788
1.040374656900829
1.048069374644657
1.0554170073936748
1.0757909507322276
1.0761300555244668
1.077565877234366
1.0785344213168022
1.0834997228841234
1.0913807267923974
1.091585328327474
1.0945026042908301
1.1032682059377177
1.1202663884196842
1.1330449824250763
1.1469839442223684
1.1509762346076131
1.1716949181162575
1.1807213134725973
1.1822555130693861
1.1888489501319746
1.2171973453084566
1.225022195199621
1.2395874793754715
1.2485353492882145
1.249280070855209
1.2543020992101566
1.2614871368878884
1.2676339561222878
1.2851483440581077
1.288525265162918
1.2995597062162814
1.3019365119131878
1.3213015375683417
1.3399689127446344
1.3701770297544948
1.372782063053797
1.388502617209334
1.3955677682348246
1.4142871686374443
1.4210922776745547
1.4328332031738709
1.4515004607143334
1.4653559086933163
1.4734567473493598
1.486300424075589
1.4910801178374877
1.4996081832471717
1.518298975804453
1.522828891032366
1.5262742238443443
1.5421332340537262
1.543041738287656
1.5687834056887904
1.569919390877984
1.576615218534809
1.5792805965054553
1.6021399879095892
1.6038325422170594
1.6047365121113342
1.6378420017671576
1.638949516286444
1.6534740047896592
1.6564989454968249
1.6687886968793686
1.6739629657247739
1.675710063803166
1.6943181404272656
1.696240682759643
1.7080790826615946
1.7335635901614046
1.746010052732383
1.7741529819090642
1.7752867261461178
1.7948371621727623
1.82849613392354
1.833928970810046
1.8487591579356175
1.858477519315381
1.9049668239737612
1.9132601524284343
1.9218117821404792
1.9340968694747918
1.939981243073907
1.9634307388549512
1.989421073195734
2.1321850137800116
2.162190636979301
2.2218180616996204
2.2222013110305343
2.2225645686356
2.233832560737968
2.3526332514997326
2.3594839594268904
2.371011370361252
2.56146639777954
2.6718449520875707
2.6899991876392177
2.8408401859933594
