-824.9178089157926
-346.3473783646427
-320.5026058555982
-278.25535040998966
-245.04016679838963
-203.53196803169598
-199.7980256625209
-143.78479864794824
-134.2523693565879
-108.94793945340551
-106.10086994677849
-78.41868259259039
-77.09931855234893
-75.08456630149045
-70.9955925431273
-67.62689501184904
-65.18792245077229
-64.82354136743307
-62.00319801995858
-60.04854080399679
-58.23504159687525
-54.93584676087346
-47.868685810923814
-39.86421727843849
-39.41345718915354
-37.047819755677104
-36.91511226847313
-34.89966269597655
-32.67913718095302
-32.4315083161581
-32.3479963128032
-31.607807764168044
-29.125076388106784
-28.841597033182214
-28.764448610168397
-28.343346642396796
-27.85182583350938
-27.233897610081822
-26.981642609851445
-25.443325098224776
-25.143482529799364
-25.05419673842716
-24.45103594226455
-24.102248835923852
-23.959907477297588
-23.612150123151157
-23.26201600639934
-22.83034808963171
-22.442449884487626
-21.9753813903152
-21.938882768416477
-21.626811359877465
-21.582881156365943
-21.416796179640905
-21.344266478997366
-21.269103019904556
-20.838177044611466
-20.47246850221716
-20.32792623067528
-20.183684793458816
-20.04928036301295
-19.997949399725606
-19.95900787417268
-19.65867147700426
-19.561320186196998
-19.162614110747967
-19.15319475520389
-18.906102924834048
-18.68959576026146
-18.076881588235366
-17.87418817094457
-17.663069772164317
-17.638274193059104
-17.344306844161437
-17.004717684020317
-16.950631772703026
-16.895747094509208
-16.803828415188814
-16.582344209206006
-16.565608078693337
-16.48181870599718
-16.479922952981838
-16.199353880127234
-15.855099280045348
-15.205086099350169
-15.06583436275528
-14.87706264244575
-14.769553912950261
-14.470760234270386
-14.382758239907012
-14.175474610290895
-14.023421737339929
-13.955330398268103
-13.949399577774168
-13.93298319781415
-13.831688507876063
-13.40394693820657
-12.964193502640041
-12.897407684589822
-12.848030418574227
-12.501454500069075
-12.475455049690908
-12.339213203622345
-12.334024602719264
-12.244457259707332
-12.028113849135613
-11.986901550803449
-11.72596073409069
-11.590623781535609
-11.530780687277614
-11.506261644012774
-11.423916177058086
-11.1619167627429
-11.092026083997654
-11.005133963503562
-10.955904732888737
-10.801062357312201
-10.683179526502443
-10.596960871879876
-10.443802483107234
-10.323650908786238
-10.300434239266687
-10.225054126117488
-10.215710124719756
-9.875424489588756
-9.793024427586804
-9.712097856725068
-9.601482552079462
-9.591948327486044
-9.470699359146039
-9.44643630878816
-9.4102465116309
-9.36367321083238
-9.189326765145719
-9.046535963743526
-8.951662998712683
-8.841126838355567
-8.833506363310656
-8.751235771379113
-8.708935893928505
-8.699273008982999
-8.676272593329788
-8.664678473484845
-8.656511502278635
-8.594306902856612
-8.455618593646971
-8.436116292057699
-8.428083134316784
-8.37817969780106
-8.319568066412444
-8.279716438194262
-8.229806787318266
-8.225437248569968
-8.212245202731456
-8.154665130312203
-8.139471904266497
-8.098102675405553
-8.021543373159243
-8.010004574325333
-7.935398605591298
-7.827293003766962
-7.679594461484655
-7.621001413400711
-7.607353253608856
-7.488281935857705
-7.478605030373959
-7.462637218568059
-7.358473825963224
-7.3290202824382185
-7.241730262533238
-7.225341170726334
-7.219485924376167
-7.211511613223571
-7.144488471030533
-7.063304425013662
-7.027841146328585
-7.024330046314256
-7.006698604857717
-6.992391765355064
-6.985717274979075
-6.963201637449527
-6.963133400053971
-6.926289819408796
-6.8969810913764285
-6.843308194123566
-6.7609035912279065
-6.585561174753471
-6.537625555563898
-6.477707029718534
-6.477618562932278
-6.474689310507961
-6.452812295422149
-6.393742920809512
-6.391217053002521
-6.331814530891007
-6.274580418446386
-6.2711012893361
-6.2604801651449655
-6.25961885658659
-6.213426965662621
-6.08644881353732
-5.935602669334557
-5.930027144522948
-5.915415686700966
-5.908067488642256
-5.854507115176045
-5.8390078609998195
-5.82413291453433
-5.791884616066928
-5.789296084893589
-5.762029824129086
-5.725505081262641
-5.688614470099766
-5.582169592438528
-5.555293693537458
-5.547511855515553
-5.499529232435403
-5.473118260317786
-5.423629401396074
-5.382680914155212
-5.276788330440409
-5.2669785633348205
-5.246299502466605
-5.187433209163835
-5.16754729435714
-5.163446432165321
-5.138366158728944
-5.1099839323337015
-5.108832540586572
-5.054627519443228
-5.047604165964998
-5.043636560926735
-5.033868158204814
-5.028086750028443
-5.027379485892685
-4.979043905980844
-4.976725006654136
-4.97167321291581
-4.945408083582402
-4.944562274699108
-4.940984119572722
-4.9050795563254095
-4.885735101006
-4.8856600288273295
-4.871929487541458
-4.867107233831103
-4.788493340987115
-4.78614892797975
-4.770198141181068
-4.760006656479276
-4.735095604462302
-4.687082446064111
-4.641212676792071
-4.616081702478279
-4.576861869273846
-4.54079481858591
-4.5278661521119155
-4.523116083044262
-4.501531968342014
-4.492539723870695
-4.474566082449574
-4.434497475459278
-4.353582906935546
-4.336002100557523
-4.332770128889763
-4.31450536855491
-4.3096426722017425
-4.250934461299018
-4.238258922848227
-4.234141483272362
-4.209518478343821
-4.195557667333064
-4.157508223332998
-4.144857289914515
-4.138038184215912
-4.1323492944622595
-4.121164742430246
-4.120428980709438
-4.086801700773739
-4.061301747598998
-4.037178426396653
-3.996685893896849
-3.9736023343859426
-3.9733083760041557
-3.9488667453825563
-3.9373626464428177
-3.9211992099619426
-3.8935852839696277
-3.887519122850126
-3.881072639780623
-3.8593460305970906
-3.783749105595919
-3.7789192187508602
-3.74354383293326
-3.729565056040149
-3.6415874380150015
-3.629273822481933
-3.623607556252428
-3.614625791645474
-3.6098844177312075
-3.5939126167208837
-3.586494593044681
-3.5116256586244825
-3.4908595018676762
-3.4635358163423393
-3.462381315945798
-3.446079470369349
-3.4316362055054928
-3.4222067649821026
-3.3966587097421126
-3.376888472381282
-3.375750858987165
-3.3671514283731176
-3.3557727430364293
-3.3496251015712177
-3.348159389851013
-3.344653379035627
-3.301721158579312
-3.2707259991958457
-3.268076894309716
-3.251966261744935
-3.247869111122548
-3.2455771056670892
-3.2190274852458964
-3.1701856512817397
-3.1603609950260956
-3.139516213439999
-3.1319658453814427
-3.127428434565272
-3.1154646512145745
-3.1114361710177967
-3.106896365195428
-3.0813357475914236
-3.0794643491980853
-3.075660023566387
-3.0664322758821454
-3.050743139068446
-3.022566047578805
-3.022190848581913
-3.017054347254337
-2.998757073939095
-2.975069194913177
-2.9723964990210625
-2.968831382901379
-2.965406285043768
-2.965285498594289
-2.932615346320216
-2.924675349604971
-2.89832735646722
-2.897447497230911
-2.8913136505795163
-2.8744865993449062
-2.8716782242372796
-2.8572801765079894
-2.819161979235414
-2.8163364918393476
-2.8150555576002727
-2.801534088009887
-2.8006418495381227
-2.7840693731044954
-2.7808830167964795
-2.7738968145965006
-2.7402426764275623
-2.739537460597075
-2.7352693059101463
-2.7028044399948015
-2.6989134687698204
-2.6894724679568975
-2.680925109818358
-2.6685950267940237
-2.6499008265224457
-2.6471394577113747
-2.646067614072124
-2.637054900921226
-2.6308358282995985
-2.624385234168942
-2.6069950055762785
-2.591880217738905
-2.584726201720077
-2.581516514576534
-2.551434608899541
-2.542501055021398
-2.5356988066348576
-2.532949296900088
-2.5019147847755305
-2.491959058417021
-2.489764904613167
-2.4762057362897205
-2.459712818238797
-2.4448458928963377
-2.428215770098205
-2.4254217907737594
-2.418086953069337
-2.4120203105590705
-2.380994248284095
-2.3362666019932843
-2.329150641053231
-2.324388070504548
-2.3241023993591257
-2.3216936813021096
-2.3169275255583757
-2.3146905677618412
-2.3140691708858894
-2.307668588746167
-2.3000633645196062
-2.299323403748126
-2.290118363481042
-2.277154060398973
-2.2490794061501513
-2.225754927413373
-2.2089977009025312
-2.1943668118340667
-2.1900613633794834
-2.1725956443709133
-2.1704365571157913
-2.1648513350703493
-2.159751033235903
-2.152105170364958
-2.1431470385684963
-2.1429175191679843
-2.1110262991474094
-2.0717659223727107
-2.0506947702310434
-2.0506444752457846
-2.042750862603178
-2.029676864758808
-2.0280201485105227
-2.01452036499292
-2.003638113881432
-1.981220827253481
-1.9785227903330607
-1.9765467608088088
-1.9702234638080536
-1.9505905251820073
-1.9504532401438062
-1.9454389257173923
-1.9435650619841027
-1.9424036856072
-1.9341128344592893
-1.931058989058883
-1.9293214644779657
-1.9194439782141681
-1.8946221743465557
-1.8724932087524038
-1.8685615367834139
-1.8539347478495658
-1.8456780777355666
-1.8437370578186254
-1.834133873340211
-1.8157510112008706
-1.8078154051763042
-1.8027531995694932
-1.7917549418715841
-1.785905880804054
-1.7440816925624367
-1.728384824803761
-1.709615930317852
-1.703334175357699
-1.691834221143548
-1.6809740558005346
-1.6773224621865648
-1.6754346271844995
-1.6564063732147356
-1.648786695264317
-1.6428733338156212
-1.6369322284005707
-1.63619360632772
-1.610617506568271
-1.6056414884888768
-1.5947893421365542
-1.5823276053152584
-1.5769670206550603
-1.5766189742079728
-1.5764154705441613
-1.5613309101807593
-1.560877137998552
-1.5596757490253699
-1.5416196651205125
-1.541458344398972
-1.5246990514119476
-1.520315262803532
-1.5137946325798015
-1.513408811155324
-1.504505964612974
-1.5039811345774505
-1.5027334003431072
-1.5023898674301135
-1.4914176541893267
-1.4881214996635168
-1.4877331582209596
-1.4771223423147153
-1.4679168909298501
-1.4678366560945872
-1.4576539303306353
-1.45708073901648
-1.453654660044735
-1.4265541452005377
-1.4180758078909943
-1.398837714850922
-1.392954198217658
-1.3744151093948096
-1.368523220077318
-1.3674735584110276
-1.3659011621290733
-1.3629970208692885
-1.3377258195352109
-1.3354240213989805
-1.333615545815718
-1.3283666602557607
-1.3267016031758871
-1.323550499966919
-1.3168486580126892
-1.2934477599961827
-1.2898655261102858
-1.285473045021091
-1.2849447122807796
-1.2834323290586704
-1.2781464040226016
-1.2760629089269322
-1.2736268364534462
-1.2544809734916083
-1.2487404239836328
-1.2474599360396588
-1.2348141959626133
-1.2267902315591535
-1.2249051091843735
-1.2233818540166743
-1.2227284847787319
-1.222608978896153
-1.207622502252626
-1.1977358046003501
-1.1968731108000539
-1.196307337035485
-1.19492825685832
-1.1923279987024098
-1.1830412782205615
-1.1772111796697284
-1.1667949108083595
-1.1661555755785944
-1.1522207574716488
-1.1470157147737257
-1.1398939029830213
-1.126811743666109
-1.1219895056412483
-1.1190758012515116
-1.1183345117145107
-1.113558148377637
-1.1119017006685041
-1.1114309865878302
-1.0975874089596755
-1.087051814607841
-1.0860505301217362
-1.080177275515971
-1.0727260503837914
-1.0718300128294278
-1.0428376429672728
-1.0423044249221656
-1.0362499346990965
-1.029462168880862
-1.018872411590558
-1.012758971200241
-1.012102342727874
-1.0042416267797907
-0.9943123671246343
-0.9816640239827019
-0.9651583117758163
-0.9615077129874288
-0.9597312065405944
-0.955495870737533
-0.9488784591199241
-0.9487447505511838
-0.9472286592181489
-0.9431253740785417
-0.9410058631887723
-0.9379389552644674
-0.9340257840516173
-0.9288344868041873
-0.9253813754841542
-0.9225320613342145
-0.9216345951873806
-0.9139371005842016
-0.9122940634045706
-0.9037307642661847
-0.9027999206245972
-0.8914292732494631
-0.88791688824912
-0.8723333591417296
-0.8718402003462269
-0.8616750232372105
-0.841268150297933
-0.8316529351530033
-0.8240380920331394
-0.82299342526817
-0.821886546265771
-0.8211745522577104
-0.820097702042727
-0.8147055033121714
-0.812346464379673
-0.8110529594799852
-0.8063865238440859
-0.8059940930967439
-0.8033702022695943
-0.8016543933153353
-0.7976288451243538
-0.7975882868602341
-0.794851595635895
-0.7890112750340058
-0.7853352694296885
-0.7715252693292423
-0.7623195540289848
-0.7622566060672754
-0.7581447502461786
-0.7523944496066745
-0.7509904692179249
-0.743420430854824
-0.7376734932997434
-0.7292017655137256
-0.727694250049229
-0.7142491275919447
-0.7138588059118693
-0.7018790198351519
-0.6971440410134896
-0.6818803877849866
-0.665267981324543
-0.6529490607811279
-0.6514775962536516
-0.6358209797709831
-0.6345104912788698
-0.6330277878147013
-0.6303547089191316
-0.6300747962889
-0.626813701373875
-0.6206761085119964
-0.6202277510895906
-0.6133913227298313
-0.6126673487992046
-0.6115308268693169
-0.610002730372891
-0.6067525125935961
-0.6062478495832206
-0.6002248934524368
-0.5999732920755522
-0.5948846738731108
-0.5918201701677885
-0.588728401973941
-0.5754588614744469
-0.5747833931938734
-0.571503581874222
-0.5712696382399458
-0.5607956051295333
-0.5452003085382382
-0.5418567542944848
-0.5412480476486581
-0.536621803978653
-0.5314982324047111
-0.5295317649250948
-0.5262424292830991
-0.52535005128125
-0.5194205965870724
-0.5171705671449901
-0.5122994130935361
-0.5065303918826697
-0.5055775669130319
-0.5032349501887684
-0.4977279956388533
-0.49693730361473354
-0.4926498941275951
-0.49045966048913325
-0.48587648747092876
-0.47634732435627924
-0.4672078855605999
-0.46142569133933076
-0.4603252580330831
-0.458923609685063
-0.45667587101510965
-0.4491867542520497
-0.44084642248918615
-0.4405003593248087
-0.43733770882580236
-0.4360965335167669
-0.42579135306943705
-0.42417389636984637
-0.4235065013547531
-0.4148980886289034
-0.410155303705091
-0.40515684407836566
-0.40305701669726834
-0.3959481024080672
-0.3678702442076115
-0.3669841121002302
-0.3642342407914897
-0.34888918906058997
-0.3278555920165704
-0.32166686928158095
-0.3186577463752722
-0.31443111330369267
-0.3113193068088955
-0.3088474081938989
-0.3063270611105623
-0.30438602083778976
-0.291608994443563
-0.28843839028345275
-0.28609719361168295
-0.28448292793186386
-0.26896575580236964
-0.2552067035596251
-0.25416261773122256
-0.24732471495435915
-0.2472636095348576
-0.2366474025763866
-0.23589719124092146
-0.22961348083357536
-0.22580527116857024
-0.21943015049028936
-0.21860832992290943
-0.2142299934652504
-0.18170865470583783
-0.1668012214412531
-0.1218893529026438
-0.12064497805356966
-0.11965234861772414
-0.11412839344822723
-0.10436971830395686
-0.10023067480302417
-0.09572669578245907
-0.09382393711534809
-0.08367396244065403
-0.08042861070982998
-0.07552913105764558
-0.07135920975209986
-0.06724246522734834
-0.05206649570444309
-0.04496105217532165
-0.04409427484198558
-0.03216678965446107
-0.03044698540398183
-0.02571756672634684
-0.015070540967710877
-0.01031580935622356
-0.001445731606912637
0.009369921241909607
0.013095310019499706
0.016583878536988728
0.024901351873315325
0.03857510096910788
0.04457608873293922
0.04619163982381591
0.05122730831013067
0.05840439104986073
0.06524990795845925
0.07603012505224716
0.08006175940178362
0.0804161678227383
0.0860320808256007
0.08683057773608305
0.08696828355877861
0.09225116303443315
0.102094572865841
0.10547899180993087
0.11990340700669977
0.12046092453069152
0.12539645908956432
0.12784063158607417
0.12816593573508794
0.14002563626556208
0.1619784029048587
0.17152009149589023
0.17331372649268534
0.17537051369669643
0.17977639406974205
0.18115456638294175
0.1962306445344162
0.20155815281423167
0.20991967051169805
0.21343551950433615
0.21646247966375948
0.22795009155540735
0.22946927025128033
0.23940014206630944
0.2598105973864856
0.26031703850409527
0.26468465108302364
0.2695596297817251
0.27402646640409123
0.2774094613855881
0.28391669326940466
0.2908288788845529
0.29086087573833963
0.2932074736216647
0.3085575790264362
0.31139468142048454
0.3122683304545387
0.3342942845208043
0.34665394103269354
0.35147889665599175
0.35239437790045214
0.35370787916990587
0.3599241724188319
0.36431414871848067
0.3748246929787602
0.3752225521765185
0.38777705001958507
0.4023827246344379
0.4085932555672527
0.41025142266877346
0.4119265044837389
0.41326629987515423
0.41852631746551205
0.42044663126381754
0.42674532444051383
0.4371413009505243
0.43820244768043604
0.44421888468434856
0.4459634155061777
0.44888963356411693
0.4563346187120211
0.4593414804427173
0.45974985979288996
0.46198676820016504
0.4636539288406929
0.465946318508158
0.47335905782727894
0.48298622946760705
0.48824818733861153
0.49468836789692694
0.49704408066385947
0.504231184981859
0.504977291419972
0.5064924738544546
0.5073831524979602
0.5080674323750106
0.51187894939631
0.5181465482466052
0.5203374947160202
0.5223141967063343
0.5246639055238332
0.5283248467110409
0.5381954819584873
0.5481423051146699
0.5607723404633517
0.5640243631696402
0.5730831064080437
0.5760861364055003
0.5798763538577657
0.5826653367511109
0.5970359311664719
0.6042651864400743
0.6166862986191903
0.6286645162017184
0.6358798405582387
0.6377399038381297
0.6481327903825262
0.6561792832112845
0.6614680962072869
0.6777194062210761
0.6784423727492633
0.679615613783433
0.6851384976601754
0.6861582948497245
0.7007242673003953
0.7039437236769576
0.7046460666665453
0.7172649932063888
0.7182184254936854
0.722537904448292
0.7268478035488865
0.7359043094656958
0.736585011645278
0.7376136676159342
0.7488995963574558
0.7767086758941079
0.7776137316709479
0.7860018224357015
0.7870195665948707
0.7968434722642669
0.7989838998668481
0.8040992449959505
0.8046074299989033
0.8068861809861269
0.8187184802099015
0.8251429374158316
0.8262674931949882
0.8299315612742221
0.8353273301747632
0.8409320666904678
0.8497607858298735
0.852773014843267
0.859986424489142
0.8643357082406327
0.8672920895263438
0.8691751588721434
0.8710316632493332
0.8752109611523688
0.8785853286706913
0.8795278092137819
0.8836130929960461
0.8993950124139176
0.9124800282887832
0.9128289579700684
0.9141193550262421
0.9192452754415839
0.9460188608601349
0.950760438676174
0.9524581168401192
0.9671159270217782
0.9694548670866058
0.9719576201576613
0.9748348074263683
0.9779807215458929
0.9840280539763682
0.9904172539917617
0.9917885834616186
0.9957592770799347
1.017751618043264
1.0199783552923816
1.0212964995224452
1.0343320529096511
1.0376994568739948
1.0379067255789751
1.0381868964334278
1.0482843686568077
1.0491290903365478
1.0827094825844774
1.0921085329235294
1.0945699927284456
1.1287548571290553
1.1336570891901037
1.1499668738072226
1.1618885901344764
1.1764150734292753
1.177129948768764
1.1837290332433592
1.1886597846564748
1.191646211718642
1.1969837127104361
1.2001983360271034
1.212258833152962
1.2146611567945729
1.225057169531889
1.2307825819559595
1.2371569521510202
1.2397975402792734
1.2711577876288436
1.2901662640017646
1.2916349731779706
1.2929325631518471
1.3004011838770038
1.3016427957842365
1.3037789637619912
1.304125345701628
1.306670967433056
1.3171055988732467
1.3334717165308327
1.33939055845862
1.3473509703455622
1.3502185192798266
1.3555853788018386
1.361290442660283
1.386228434362834
1.3872558465991576
1.3973877306957347
1.4179179300321494
1.4337205497774335
1.4376592076239305
1.4426182181184506
1.4430320528640064
1.4462885879072722
1.451121788362236
1.4565987954367448
1.4603649627842044
1.4830821539427377
1.499606519761838
1.5095072858518526
1.533213877816292
1.5376693683806697
1.5432004874627565
1.579110046100276
1.5805716666535248
1.5822858464792406
1.582720089089542
1.5865189371455233
1.6142533380317887
1.6243572443335816
1.6723130752133453
1.7137785899480749
1.7187565522558796
1.7429204617882927
1.7950783243404649
1.8026274796892214
1.8103925639824037
1.8166864482689222
1.8215762381556795
1.826429168204543
1.8279923198974974
1.8289243027723976
1.8339360135143212
1.8537843020030773
1.8550710021721435
1.8656867446551504
1.8759259960958077
1.9333627139944727
1.942545781093905
1.9517132999841724
1.9858531162956965
2.0147747854375364
2.028371638700423
2.031182213389232
2.0346270363635552
2.0541654089735455
2.0701741684179304
2.089136856869373
2.1057377552511474
2.1303511865162816
2.1401278201695764
2.1568782956435113
2.2046957812342645
2.2523674870589723
2.2725124678499338
2.3379533745255956
2.4684673123666405
2.5602889397818624
2.5892950949155145
2.596227181316011
2.6077276352194234
