-377.9600605768611
-345.49219026777354
-261.23995347813354
-232.39187462345865
-149.92396251546725
-136.60538319804948
-132.29944252844578
-127.78588127458461
-127.38362969529868
-92.00818622736443
-89.36516787038795
-89.15936060147402
-84.93043552792201
-75.31263795825905
-68.93200677997478
-68.84019856473145
-64.38906465149154
-60.447770930441685
-59.633119241366664
-58.85991009370527
-49.12320910589439
-47.83889212267589
-47.04665928964974
-47.03400593221624
-46.15852642852312
-45.68914376606722
-44.76731552543319
-39.10390692918161
-36.87641913943423
-36.10105157340845
-35.88456551971333
-35.29821993712751
-34.69696997110425
-34.35661886928002
-32.40380415250233
-28.408382136606306
-28.063049473362632
-27.64258805543626
-27.508886411647424
-27.053499213829863
-27.04647356749542
-26.627802077863464
-25.781463780394112
-25.688330240496366
-25.180698772439186
-24.768251619375008
-23.832312367872895
-23.471040385555888
-22.849782982958068
-21.99401975984904
-21.807235676780216
-21.761742030013394
-21.231617312084104
-21.18277785043632
-20.944675639477495
-20.93874609855012
-20.194588639947497
-20.00317934312708
-19.20274802576043
-18.35891600208129
-18.343813708260647
-18.26560186767537
-17.74068117703722
-17.676125680021944
-17.377927410249946
-17.097075629270915
-16.964685966082882
-16.95882798049549
-16.25513786168075
-16.196372611577097
-16.132381223043144
-16.020006989591142
-15.84076766853511
-15.830294976067027
-15.154620896165309
-14.937136041511032
-14.532398243727133
-14.49693250807514
-14.362440784415616
-14.318013246529668
-14.254072382600906
-14.170245793626645
-14.014546003768462
-13.98353937953556
-13.627110139499433
-13.498196846377695
-13.234901616242784
-13.093257896523653
-12.965402685563236
-12.95648356966236
-12.680702827429911
-12.505399122597328
-12.464743653877479
-12.34632235568708
-12.326427681808934
-12.284837524998528
-11.606061481011732
-11.183509332928653
-11.155271647936665
-11.124019382800249
-10.997098390548206
-10.985936502155688
-10.784583406862595
-10.542404167298425
-10.469411597961136
-10.450112722776186
-10.444585112318258
-10.248048858026781
-10.201743198988783
-10.020285176570264
-9.811027007040735
-9.741845042778575
-9.59325992069436
-9.485232145163891
-9.446995317026285
-9.37688420971642
-9.2222848870681
-9.194950834303295
-9.150951513216281
-9.066556847066021
-9.036223191663272
-8.986361094713164
-8.96750815970563
-8.943223885048825
-8.915482860022909
-8.848718483117981
-8.77106874574776
-8.710318502254914
-8.662100227187738
-8.57671650783779
-8.558784054774502
-8.535043553147483
-8.52605995319514
-8.52412753971528
-8.414552477408863
-8.379912311627962
-8.320973461696255
-8.316956018646659
-8.277331255676529
-8.197307251335662
-8.150063421072982
-8.099003033539208
-8.042012390160664
-8.013007887391053
-7.9429552475663945
-7.934323259896435
-7.933898650783925
-7.856253332995973
-7.768755883052142
-7.607114169832495
-7.564367960507963
-7.414286385524772
-7.410952983790784
-7.371542592926195
-7.369462189235708
-7.3689995243581725
-7.368009714217555
-7.3320961338084265
-7.143340475362208
-7.110833508101787
-7.08455974213647
-7.028675427952564
-6.992184686067626
-6.988982567135643
-6.923784216546609
-6.919371177993302
-6.848311906666287
-6.759044521595774
-6.733715771095156
-6.715093971331948
-6.7138992244960285
-6.678756267767319
-6.668640492514761
-6.668331084217964
-6.644082764042599
-6.625015222741819
-6.602429311313003
-6.534801826641426
-6.476122926161876
-6.456832810669091
-6.4459896653153095
-6.4331072696301215
-6.421088337082119
-6.4063121806243455
-6.3627777341470795
-6.335304114720286
-6.3303701373530705
-6.326912458996981
-6.258353113880746
-6.206531774658201
-6.1702135511782785
-6.143897195305534
-6.091935929909381
-6.047554895472937
-5.938953211716667
-5.934710899322788
-5.862841467196235
-5.849843721476736
-5.84472982989919
-5.809332964467049
-5.808434222171519
-5.732236087105459
-5.720465007680534
-5.716470599226751
-5.701370711114079
-5.67788855237494
-5.647842682600429
-5.610478535956734
-5.554071168553267
-5.408970759967852
-5.382558135974595
-5.372529884686856
-5.3310280764783045
-5.291911007083265
-5.265337231994842
-5.25478012287353
-5.254336794736119
-5.192428112345534
-5.165854417771039
-5.165794870043902
-5.1493049457924
-5.13729224656926
-5.1044107458801555
-5.085380679921053
-5.057663708241053
-5.0044611617383445
-4.985947489776257
-4.928072810516082
-4.896516446347773
-4.878522321253377
-4.870683556985773
-4.870291383204346
-4.868491974084511
-4.750115654861848
-4.743906476196276
-4.697528990228159
-4.684296944754924
-4.6698439775770355
-4.652982558307868
-4.650827622848513
-4.649667291673776
-4.643524460615309
-4.642159455039298
-4.641904609699181
-4.633754902255794
-4.631388777757877
-4.626558173619043
-4.609020149483886
-4.584983163294893
-4.553154200308926
-4.547957051192082
-4.477891044692058
-4.473412964226022
-4.469641072360162
-4.442715815264997
-4.429978846332032
-4.4039815996503995
-4.377595055107438
-4.34074408689671
-4.316929177962227
-4.315350958640275
-4.285891703098358
-4.2854488761094345
-4.260610518197122
-4.247441912069248
-4.233638836406895
-4.20780814610206
-4.20319068882812
-4.137824367579696
-4.088184585372854
-4.087416873733273
-4.086456056167177
-4.082400340469912
-4.071669959548289
-4.053631762184394
-4.041960601159049
-4.0343393688057905
-4.024532959062801
-4.024357032336317
-3.985648305363817
-3.963859916859989
-3.953273226485823
-3.931398133704791
-3.9194649445072525
-3.894396268684677
-3.8871255184295697
-3.8420216327187884
-3.840098987271142
-3.819766251593977
-3.8056877356651677
-3.7862533718747713
-3.7464296056833257
-3.7387343953421595
-3.6998395876860464
-3.6959871004310765
-3.6752888101376078
-3.6290522239968794
-3.620998353587302
-3.562228472257128
-3.559156638591997
-3.4896115413317212
-3.437702039677141
-3.413777357060161
-3.4063911510578997
-3.4051168175255295
-3.3997871096742056
-3.3852926227841924
-3.3631106074566484
-3.3415009708579024
-3.3383088546438646
-3.3141938508241884
-3.2977777583232672
-3.2916165597581357
-3.284263283892071
-3.2836776246794646
-3.281015909064198
-3.2768765435978278
-3.2761178749362436
-3.2487503833364872
-3.213774941670219
-3.204514670981911
-3.2000723444468866
-3.181214722606242
-3.1595784211417755
-3.155097051250145
-3.153872797850786
-3.140627932675994
-3.1390821500583286
-3.1062479616741285
-3.098571419872943
-3.0977981059002677
-3.0606002700861406
-3.0568779308833833
-3.0510333062539976
-3.043373035008312
-3.022693405920187
-3.0164737607857703
-3.0128456740679157
-2.995689966297695
-2.9856919244705162
-2.9741963796409485
-2.915803982906452
-2.901945057305877
-2.8998597920020104
-2.857697477028335
-2.8427003315116193
-2.8426913328902192
-2.8417129700060597
-2.840162970877962
-2.8357725989792706
-2.8224548786151757
-2.818504427252161
-2.8157236731694435
-2.80771927753206
-2.789866531634396
-2.786206881785443
-2.783592439603302
-2.758215134149017
-2.754698889797465
-2.7536249995568562
-2.7470041044284272
-2.744192473072378
-2.738084272687299
-2.719084970002137
-2.7190507103048267
-2.6877214927169115
-2.6814849042740967
-2.668590836720252
-2.6624961717601074
-2.6587276309161196
-2.6500173560672744
-2.6468364038563768
-2.640916410428243
-2.6401884760219003
-2.628626645535956
-2.6284514036519773
-2.6239189691685283
-2.61200659180402
-2.6001213718074205
-2.5986882436249026
-2.5960300512356937
-2.5820404614419346
-2.5661928985487164
-2.5573904202996665
-2.5559753306553556
-2.5318252402853756
-2.527239046183335
-2.50609527207611
-2.4928903739227577
-2.4725462124789632
-2.470754804626543
-2.4620580725955175
-2.450539526240652
-2.4407901099943414
-2.419057496326484
-2.4087927677718275
-2.401755219412141
-2.384285900508242
-2.3728713346018435
-2.3673316200908485
-2.342623928128198
-2.3388969544554965
-2.328308071558583
-2.2954818488544317
-2.2908749228949636
-2.2812633386312116
-2.278695796069483
-2.2774528273712464
-2.2669395327749102
-2.2641246274036475
-2.255214846146181
-2.2533482439988353
-2.253273909363256
-2.247634684934628
-2.2284497386361823
-2.222118934003139
-2.1867358343143057
-2.1765704918028943
-2.1760319890857254
-2.1600908397283285
-2.1366515865441325
-2.1363268788388705
-2.1332726625171956
-2.1257421638272977
-2.117610211548771
-2.1106743171114566
-2.080353433813463
-2.0761360646003
-2.075851338455453
-2.0706545980074638
-2.0670373238187914
-2.0620808180781665
-2.0580072776524014
-2.0354831641815068
-2.0296220823353837
-1.9963271580089
-1.9941340189271806
-1.992735662887657
-1.9787292488749975
-1.9533548946472352
-1.9458669871695202
-1.9315282074899427
-1.9197526120048507
-1.9090699581168762
-1.8817604323097172
-1.873146983731246
-1.8689900694225778
-1.858077379065753
-1.8433084200924879
-1.8411798105498567
-1.8385768127647402
-1.8147427098431348
-1.7914847432354026
-1.7871044597534418
-1.7809059280203354
-1.7785860481772828
-1.7710883558707844
-1.7675441251847284
-1.7629538210689546
-1.752633286764455
-1.7421641172591746
-1.7351111768931213
-1.723647174031798
-1.718310083815125
-1.6993487278223256
-1.6716802410365623
-1.6467822873186408
-1.6415940363369401
-1.6353661390474696
-1.6352872029727368
-1.616739360039052
-1.6132884623177952
-1.5933810244152153
-1.5924569787640195
-1.5843098516831016
-1.5838803352202593
-1.582392225868996
-1.5648145801438436
-1.5557423930179
-1.555296669240769
-1.5527824321367687
-1.5501802277852836
-1.5434971926005137
-1.5398863464738182
-1.5361686244968296
-1.5099224242578244
-1.5065711257390408
-1.5003493113162396
-1.498648802183861
-1.4767903957081154
-1.468813872891914
-1.4639071853709207
-1.4396281181265507
-1.437535611382941
-1.431222281150115
-1.4285272484219607
-1.425134372054595
-1.4007566935165083
-1.3819519399905595
-1.3786183382059747
-1.376367541447379
-1.3691881634367025
-1.3640334034220896
-1.360402606073371
-1.3534410105987527
-1.3491703699125601
-1.3419091410728976
-1.3348997791638895
-1.3329146063880923
-1.3270580589171048
-1.3251968780962178
-1.3250324136370506
-1.3230182220705835
-1.3134385006306715
-1.311299178746352
-1.300821449035951
-1.2997662206980483
-1.2987952565363838
-1.2969941395220463
-1.2919839020051311
-1.2910619169463953
-1.285617939202837
-1.2746936224443552
-1.2673263869155742
-1.2650699845373172
-1.2621072541383733
-1.2549223967019565
-1.2469773491421727
-1.2451390241853248
-1.2357853198356843
-1.2279221046926088
-1.2216697540404489
-1.2195161297166441
-1.2186282007169147
-1.2154685085472314
-1.2052941132954762
-1.2023847212544567
-1.198121721252043
-1.1883422137737587
-1.1834197986756894
-1.173244692056631
-1.172669562038531
-1.1702676115209385
-1.1605551685922273
-1.1552728309253233
-1.1540482331843585
-1.1534839390427252
-1.153245466262318
-1.1516600510057007
-1.141608903019507
-1.138652819714102
-1.123040869738765
-1.1220882020471752
-1.113534652991841
-1.1081353725586252
-1.0948501813672642
-1.0934616478918657
-1.0885403492687078
-1.0883085425545298
-1.088290716870915
-1.080839437796332
-1.0801523170196283
-1.079608239939354
-1.0699200840545693
-1.069785657668398
-1.0529785518479953
-1.0511829952045717
-1.041567698442205
-1.0141599754107022
-1.0095459595055716
-1.0016497887888902
-0.9996402463864653
-0.9986933612291096
-0.9908164604453207
-0.9865894947313065
-0.982114381630571
-0.9762254480233857
-0.9720439478649839
-0.9640720966637046
-0.9626104385245994
-0.9460068011898211
-0.9424195527157517
-0.940227581394037
-0.9290489238594357
-0.9288349526584501
-0.9268107440927501
-0.917844025142449
-0.9170671573224302
-0.9020279321402433
-0.8976870001981513
-0.8965064911010525
-0.894966691625041
-0.8874563791223653
-0.886092966392114
-0.8754770512174411
-0.8673761554729357
-0.8638759152984274
-0.8606090906803658
-0.8572075770948563
-0.8526256248769194
-0.8339292506272613
-0.8266856752269724
-0.8164548128591436
-0.8138100567537606
-0.8118946216689792
-0.8084331464521357
-0.8060783156081438
-0.7993921963391004
-0.7938808145730822
-0.7893319507241424
-0.7883871957073423
-0.7792784624118952
-0.7779255582910632
-0.7697360673876568
-0.7696374204311276
-0.765882878524611
-0.7522579837316241
-0.7500262997758731
-0.7370697368884611
-0.7187550403531779
-0.7187496827264456
-0.7152713488714297
-0.7151607071129115
-0.7128272610933641
-0.6969207260891581
-0.6951281688435681
-0.6912549749077072
-0.6817836818747861
-0.6637666513478204
-0.650317508779362
-0.6460768281417231
-0.645961410399521
-0.6114531115300575
-0.6079222516804694
-0.6068523915913335
-0.5999324125649778
-0.59537435896996
-0.5809583997022988
-0.5783203667395092
-0.5683058336532839
-0.5658351391177471
-0.5360941013013182
-0.5351329148132415
-0.5316810458605808
-0.5088636224938773
-0.5087442627486641
-0.5071858522581539
-0.49118590299237935
-0.4888620871770607
-0.48101840877303953
-0.4714892344566596
-0.46781019568712456
-0.46269791395816473
-0.4620090977722031
-0.46024997495903086
-0.4588191405061799
-0.4504960420700795
-0.44342541488302445
-0.4165885434625094
-0.415446400006473
-0.41290984402365083
-0.41216375434970626
-0.4091985193388512
-0.40497179544868656
-0.3942675412342306
-0.39069622964547895
-0.38367569831995874
-0.3746020783522319
-0.36797974228619645
-0.36412343568999794
-0.36199266750141135
-0.35874033326668764
-0.3468448726561787
-0.34386604920149
-0.3379552844622027
-0.33105733614446897
-0.3307828602030962
-0.3289663712620652
-0.32087197501490583
-0.3200681995620138
-0.3192844192666676
-0.3146739449350745
-0.31345713572980904
-0.31243638293725884
-0.3062915985711869
-0.3033051635143589
-0.2832606420560614
-0.28126192571268344
-0.2752378114460071
-0.27410485011362073
-0.2697209366322306
-0.2688989184062064
-0.2652970556486421
-0.2644915862026729
-0.2501847986056731
-0.24837388503628743
-0.24639179005885992
-0.24357066779825676
-0.24222626500288486
-0.23926071700424734
-0.23925855529897716
-0.2328237819917015
-0.23134322923871153
-0.2296302205127041
-0.22780438161743988
-0.2250902796563603
-0.22448135295931193
-0.22035004723661072
-0.21086890571708428
-0.20690905544876004
-0.20629765486793383
-0.20073885394272128
-0.19267627237244256
-0.1900515819633578
-0.18442080871716154
-0.1519192067945571
-0.14679503011672634
-0.1433201466103151
-0.1430643050143459
-0.13378556270634134
-0.13070469876581076
-0.12122589948765516
-0.11179238498678279
-0.10948575062076049
-0.10563812781542126
-0.08950293628124917
-0.08782228244610701
-0.08627597909748175
-0.08580362047630163
-0.07973695736736976
-0.07309889098115918
-0.04723560740421928
-0.03959521721927339
-0.02700541542142887
-0.024283169984142434
-0.021802043691604128
-0.020123092828248423
-0.01984309600486245
-0.019775965476576673
-0.015881641999496376
-0.014885171432932442
-0.013810689448941704
-0.01023810876436107
-0.010197401313911336
0.0057061423117182875
0.012269040062208414
0.013512029730441584
0.025909410154598356
0.02712972372770322
0.031914819923523186
0.038220053135633036
0.043176886303213036
0.04382088909991527
0.04588709205390673
0.0500609687155974
0.05086253015371006
0.06521237344526964
0.06592377253108317
0.07024639326890061
0.07720489714563761
0.08838910410414902
0.10550764065900886
0.10630440862949542
0.12815246456409646
0.1367141346684978
0.14815661821050796
0.15016111075461397
0.15763281210671065
0.16554170293270049
0.16838414255010303
0.17960906357654655
0.18153489539908796
0.20323060020536882
0.20946400833729809
0.2102687947241172
0.2153002225938947
0.21576302778189016
0.2173841953845319
0.21785765946165958
0.2241550327333569
0.22429625344490894
0.22973017369310983
0.2358334961691826
0.24332693360471025
0.25439353921872976
0.26695379239786104
0.2688578135855876
0.2697638380148594
0.2742927746439785
0.2886248575518793
0.2907442050246354
0.29840768077096425
0.3076844147295976
0.3120507791696267
0.32400071048661083
0.3334822963363222
0.3354584464589011
0.34909606355716455
0.34923139271558257
0.35580344400310127
0.36194984310021827
0.3624220983364357
0.36525671437901197
0.3688435847264876
0.37008401264938656
0.37197983128006024
0.37507925225381694
0.37623117157734964
0.3813277957543272
0.38264718120123
0.3853017267608334
0.3875012727988
0.38961789847486855
0.3995542320603523
0.40614290351557336
0.4069326126074399
0.4080222583935683
0.4304280818182134
0.43060515480908673
0.4317444860596741
0.43936070359255197
0.4395491379993524
0.44449984417014804
0.44830649149998614
0.455780705356702
0.4618556108929297
0.47615012112710625
0.4800782970130125
0.48732559501931677
0.49324338131940804
0.4939790254915468
0.49437816164049453
0.4975148022975523
0.4991478914172156
0.4997211504691426
0.50567895880874
0.5242832161695407
0.5285294733761139
0.5390933008596942
0.5447699545837285
0.5540435168368316
0.5562902869945561
0.5635502341229561
0.5727935788469887
0.5758244123100781
0.590909586293925
0.5931561324797117
0.5934182098006634
0.5976731926798887
0.6246741819536584
0.6452601473497112
0.649440333287302
0.6527489725232403
0.659181745111965
0.6618601901583537
0.6694117199430785
0.670004837300444
0.670425127663433
0.671776430998573
0.6723877933150261
0.6791824305382981
0.6829688136000365
0.6852547996047094
0.6872243103301859
0.6919369856876754
0.7093894259898195
0.7118644137604243
0.714462568548403
0.7312596734696452
0.7326219502109159
0.733417526365334
0.7340363853573248
0.7585353399751181
0.7655683161953792
0.7668335995864966
0.769752854997306
0.780848911967777
0.8090988779322765
0.8130651700608535
0.813468682828847
0.8173278786068472
0.8188931986099952
0.8214495476366879
0.8317141028078381
0.8327022814051025
0.8424860549356804
0.8609933149629075
0.8729211512150137
0.8836913734647661
0.8837696802908869
0.8913118329089443
0.9078881100962801
0.9146457013100295
0.9190746980143203
0.9330986841768802
0.942859473675741
0.9491997517489246
0.9521132211838352
0.9668203860057327
0.969338511848422
0.9783406739901622
0.985428230906519
0.9896099919425199
0.9930225459974039
1.0177014280915637
1.0196851819722923
1.0254311346553606
1.0275580253809218
1.0311111512376498
1.046996089132917
1.0554462155277324
1.0561616851112525
1.065983841608566
1.0721541023304026
1.0761743580887928
1.0990557669797425
1.10605230837998
1.1177432195420465
1.1299042891269702
1.1321029782319287
1.1663820548614403
1.1758650625323679
1.1861273064022444
1.18889986131291
1.1990971805483746
1.200247585353693
1.230021175330414
1.2355376393181312
1.2406264648975247
1.2433078545011607
1.2557513037944725
1.2627981985793582
1.2634228372140208
1.271506778309311
1.2755807582846808
1.2989290854892213
1.3105526866887833
1.3161645717599608
1.3165149680554546
1.3196418190174009
1.3265835863138626
1.3378120084928917
1.350770084273739
1.3511334418336483
1.3524303956875452
1.3561666968358206
1.3576475226646982
1.3604126611214382
1.36087994623347
1.3742007644578287
1.3880982637400945
1.3918124412387516
1.4061066644344935
1.4097690842841661
1.4117928067933523
1.4122945403762859
1.4128570111514107
1.4154798959519221
1.4418401716770406
1.4422676791493456
1.4471210186052372
1.459975383350654
1.4675788562948848
1.4847691278866997
1.5012871209115701
1.5043396499202801
1.5244992616147681
1.5265068697078847
1.5269600172598596
1.574038375570278
1.5749899977815949
1.5934253069849333
1.5991318360566797
1.6160861105212379
1.6169859998704768
1.6171342422827384
1.6327513260343478
1.6360786592600713
1.6618551602108478
1.6874056637712835
1.6883326441444821
1.7074857730979156
1.7148559406405008
1.717799278114746
1.7296773277211046
1.7299644061524877
1.7365947316799077
1.7526823216600407
1.7537533762786726
1.7606729631679299
1.7831742932336372
1.784122596886094
1.81266133357521
1.828250446837508
1.840398380044642
1.8493777478661508
1.8738743295324691
1.9082492325064226
1.9132666800730926
1.9188688589861564
1.9498982730685896
1.9585969304872228
1.9597463034497538
1.985944810282525
1.989430304152941
2.0125971697003173
2.0242812198886453
2.1279700630990193
2.157990411242733
2.16408054701453
2.1748160145375346
2.228244820474567
2.2497704961348206
2.251075164353647
2.255362892072172
2.2887893175282956
2.294012190342711
2.314668005161576
2.344260084353139
2.389035672002361
2.43794652156927
2.5552474279117456
2.604889021725804
2.634045069117308
