-1372.4361866818194
-825.6832138258184
-461.3046825758947
-319.0906214650325
-260.97203441261087
-259.04100365723656
-246.2629281493196
-201.495566872847
-174.65038080578555
-106.56824614633591
-96.39679857367807
-87.28561443826989
-83.41934164583867
-76.41032618338974
-65.48660113900172
-63.37494113655052
-60.12553126281989
-56.337991187402075
-54.6855542270029
-52.0581748033276
-51.814533799992084
-51.64521569321033
-49.10233612905524
-42.575336296618076
-38.76108848446649
-38.10751762252314
-37.89087915983316
-37.00262054265232
-36.2673045651879
-34.549305437526556
-33.599676904217965
-32.10198147878843
-31.591609419103097
-31.214144271840137
-30.170119414494632
-28.054257662337537
-26.81292941144053
-26.74973996050951
-26.489575064362388
-26.176650903430097
-25.39854513305675
-24.78816193233797
-24.705974574550034
-23.79794270747031
-23.562186857619594
-23.531103600629145
-23.42672343287371
-22.86800826706315
-22.26491240830562
-21.804348447814945
-21.698410389866492
-21.67396871850479
-21.48994530819349
-21.024955694161825
-20.703151648558986
-20.462629555439097
-20.09400428907895
-19.801969291048092
-19.682147397166727
-19.296055502419623
-19.206893739785368
-19.198208699359398
-18.442594707207796
-18.166710090265756
-17.937659591964728
-17.44707983724141
-17.274231077583377
-17.080274004498257
-16.885568039289215
-16.855540247460215
-16.679424312839082
-16.553955071825616
-15.981858104690328
-15.675539661842755
-15.512188610768401
-15.405871256153569
-15.097202966942564
-15.086755743145895
-14.786375807842852
-14.506615344781224
-14.302242443895228
-13.932095605895276
-13.535870729592329
-13.469404786064908
-13.412065625084741
-13.371056723795652
-13.358536245339263
-13.061201802546947
-12.98799314994519
-12.94520256069749
-12.649774054137826
-12.620977453464544
-12.23916922966955
-12.107399946518397
-11.92717141959669
-11.920287981658593
-11.918946536625445
-11.742856135975332
-11.706192370536222
-11.645499361628328
-11.621996976955899
-11.49067829963335
-11.442037698910472
-11.434113703926128
-11.359925135799134
-11.327985178563747
-11.172086426518387
-11.158673587295688
-11.08613509847666
-10.960106138320453
-10.902236636286752
-10.85297580282245
-10.82867786835394
-10.792486118028531
-10.592515144673072
-10.588997107675771
-10.575660750235016
-10.55953713713203
-10.459813774137444
-10.373363222461876
-10.215037836856705
-10.094937749178458
-10.03122202501033
-10.021198078275797
-9.818505257234676
-9.686366092576023
-9.63426642576644
-9.553501816863804
-9.505243589221593
-9.493596576583501
-9.491412075433331
-9.347614945905521
-9.33816548145182
-9.330084988161882
-9.30268192524874
-9.204449883859462
-9.152270100693665
-9.132505443082302
-9.110756994490135
-9.056020364484322
-9.006684351877047
-8.98187064848308
-8.952661343905495
-8.936299882052054
-8.784275280065025
-8.772012411404257
-8.682338424695006
-8.292601635470023
-8.287041281139837
-8.251062801334834
-8.103967348107698
-8.029066556835902
-7.900502588169699
-7.891134886435767
-7.867720308251057
-7.838293850970551
-7.7512139710269405
-7.7371909209392395
-7.718569339548946
-7.696784300824465
-7.675056113943725
-7.654394305485436
-7.639386215662745
-7.564984175647211
-7.522415764660054
-7.460998004074371
-7.330369342812455
-7.2721607428012
-7.246523457167659
-7.243098470526571
-7.185895566218846
-7.118363535633003
-7.117890034560773
-7.033876935683832
-7.017851763210491
-6.878707529694588
-6.872354114435848
-6.864269716648795
-6.730932087725371
-6.712582260488811
-6.702253374410381
-6.68145659694143
-6.678499962088841
-6.66515558954854
-6.624372322244341
-6.516929731343806
-6.503796521963521
-6.482491871001532
-6.444766003888325
-6.434625864613304
-6.291205184704146
-6.288741855552553
-6.275107816631998
-6.25774102644458
-6.227104487042578
-6.200764896590501
-6.143217383310327
-6.138556095610981
-6.13155777857191
-6.080323665914699
-6.066628544147776
-6.011590556063068
-5.987284487500717
-5.966258510926537
-5.950231982658328
-5.90410423748977
-5.864599598882437
-5.814392685966343
-5.8143479497502755
-5.81239375119091
-5.7008549893698035
-5.698672731716141
-5.690033176132847
-5.645302769026313
-5.6399958570443145
-5.5977655793683745
-5.55712437989917
-5.5552211394382525
-5.522617246207611
-5.463361308155468
-5.454143799964496
-5.40352123924831
-5.397204084878451
-5.375661595112565
-5.373444837557265
-5.352718664035547
-5.341355099918847
-5.294141373007184
-5.282654790827701
-5.2548620008610225
-5.223121599633089
-5.141323992226917
-5.1022581050599705
-5.085245840819898
-5.070464747353061
-5.038016493229472
-5.0314304786121005
-5.016419787519616
-5.01305179567059
-4.994424699984027
-4.989776167508168
-4.987624934413378
-4.973730268515022
-4.940577048508553
-4.926585602486115
-4.924532304207831
-4.92361107297558
-4.917127580752354
-4.896589157522479
-4.840284364074736
-4.823014222358437
-4.735094432379665
-4.6829784378072725
-4.623675790114335
-4.6127014584387505
-4.6055138625415
-4.592988275874678
-4.536044374754127
-4.521597224001053
-4.482975518445631
-4.461085746347465
-4.450954329359564
-4.403772926635643
-4.388552432390219
-4.386538483849648
-4.381687029855694
-4.379791474761401
-4.378590336654517
-4.378032956080937
-4.364692426369627
-4.345873106013572
-4.3419031799646515
-4.3348452717912
-4.308731838890042
-4.285715720721683
-4.2626764616836255
-4.258519389395833
-4.195124822939979
-4.193985161629353
-4.1872794672654345
-4.1872444426476285
-4.178372000430377
-4.158773851030645
-4.14741323307851
-4.072320105941243
-4.07076048648902
-4.060877337410007
-4.057988636578859
-4.03232894832184
-4.02618816095924
-3.9999650658021597
-3.9934182864569108
-3.98060270931893
-3.966688350591424
-3.9604245372785156
-3.9410989901557194
-3.940144777171986
-3.937626614584657
-3.8994523398102463
-3.8985641111386915
-3.890829525237774
-3.8695209166842286
-3.8333132157048633
-3.8298356691377267
-3.7378656300827937
-3.720688498014005
-3.71941182222733
-3.708692737986251
-3.6961190753563455
-3.683649225265173
-3.658265129836123
-3.6451939158280515
-3.631614290278848
-3.576043947062392
-3.5741099846294504
-3.5591346600568823
-3.547633179636868
-3.530907905211664
-3.5243949141729827
-3.5147055658379722
-3.4939791555772164
-3.4934509523713113
-3.4867892208347504
-3.4836580008543354
-3.481800667913541
-3.399778065105565
-3.385883750948704
-3.385838235738968
-3.3775625455071894
-3.3666541085798163
-3.3363054771259186
-3.3165075483793416
-3.258167090575993
-3.25450214880251
-3.2535581795814332
-3.236275390154977
-3.224427318743565
-3.223614166671461
-3.2233406147869337
-3.1735298476537697
-3.1541275839066873
-3.151976468447686
-3.111667621026639
-3.100384918993224
-3.0694888071552406
-3.046594011016104
-3.0444429073071597
-3.015233913022719
-3.0073594264346526
-3.0070730055724155
-2.996903833216205
-2.996251962695932
-2.9798323531448885
-2.974359281128655
-2.886453495147736
-2.858984361344102
-2.853132523611084
-2.8234775549833904
-2.8158653326123853
-2.7829288507029593
-2.7792879727646373
-2.7481541592779313
-2.7304852475352077
-2.723545925502308
-2.7160472560233924
-2.7077826636546707
-2.6971749526927815
-2.6928151455863594
-2.6900913732434044
-2.6665494115923423
-2.654761186734564
-2.647362975971852
-2.6293031113362146
-2.599038321713454
-2.5857174629722053
-2.5852783152423178
-2.5721217847641364
-2.5619642688945055
-2.547925919936255
-2.545394152281398
-2.5420445757782906
-2.5299937051776134
-2.527503247934601
-2.483589033505645
-2.4815898055648384
-2.478514489923767
-2.460829869642793
-2.408971949933457
-2.3738635068347826
-2.3735777097160673
-2.3700247865512836
-2.3451333083346726
-2.334302141343401
-2.329710286059538
-2.319992909919656
-2.3162391577881674
-2.313510191686159
-2.310543672427892
-2.3046564152014066
-2.283575531396464
-2.262205189508444
-2.2599035899086446
-2.2573137377860775
-2.252507216278972
-2.2487763997778005
-2.2369744809139354
-2.233783747191463
-2.232821097791761
-2.2325153886789346
-2.202525945075691
-2.2024043302385996
-2.1772577673761013
-2.1703533356598426
-2.1693490606893655
-2.157914532914727
-2.13802757728795
-2.1367754041132585
-2.1073854498029876
-2.1041458751346505
-2.097211475859999
-2.0919358620835817
-2.0854444683487228
-2.073280976614616
-2.0719013833222073
-2.0648222472982685
-2.057981659539679
-2.0550067973159982
-2.049411991391998
-2.044609910534227
-2.03646171798605
-2.0332981017178287
-2.022831219695536
-2.0165503362697477
-1.9955041910124542
-1.9934604145153971
-1.9845362763075132
-1.9832523558267554
-1.9617644356745907
-1.943176130254853
-1.9409442462967301
-1.9391382798112593
-1.93430439682305
-1.9334514279840678
-1.9285436183939133
-1.8990430216340903
-1.886556513121142
-1.8750981252794336
-1.8650846910067953
-1.8547917567167178
-1.8100282352386197
-1.7905993786794137
-1.788155659344984
-1.770841672894376
-1.7527876932940485
-1.7435249892721587
-1.7349403401583712
-1.7152279184333676
-1.710618768933696
-1.7064825327471884
-1.697789953828151
-1.6893063649810918
-1.6877389480940894
-1.6854729303025873
-1.6802808771181783
-1.6768169794800214
-1.6764079411463366
-1.6694694186590056
-1.6673247653027128
-1.6604151209116242
-1.6544739483916628
-1.6457920583515193
-1.6386625382912994
-1.636314310868378
-1.6229854364874214
-1.6197489518042274
-1.6095872477874558
-1.6032411664492354
-1.5920036677140281
-1.5792593708561746
-1.5750576771069507
-1.57211967560061
-1.5556231012213524
-1.551066938716235
-1.5348574862781565
-1.5309816229247246
-1.5267276029992791
-1.5262743248312076
-1.5233800259698609
-1.5038726067808603
-1.5036332554775105
-1.4653414507571922
-1.4533382167814153
-1.453123246211463
-1.4487060126220792
-1.447815855027631
-1.4421926037296895
-1.441839532978054
-1.4372500916488826
-1.4327785460162066
-1.430894579900783
-1.4007246910426265
-1.3673465240271498
-1.3606060059071108
-1.3598218102766781
-1.3573853756253633
-1.3567220470555041
-1.3435846418056296
-1.3366162840160858
-1.3252789710630086
-1.322977456750384
-1.316665707081639
-1.3162438190557773
-1.3047224221716665
-1.3021165190376234
-1.3014044068657196
-1.2927151787930315
-1.2840337693897794
-1.2836486358859425
-1.283231562622738
-1.264289028597736
-1.2532267236987893
-1.24697115573617
-1.2436936688995743
-1.2305820278287802
-1.2191512539520704
-1.2076251447384034
-1.1902795402523667
-1.185630320319429
-1.1852352011774654
-1.1810037696582087
-1.1797453478985065
-1.1654862221205078
-1.1523764044108664
-1.1499660434122876
-1.1425800954520924
-1.1415994736838513
-1.1395438738436723
-1.1360252992732511
-1.1120831790010826
-1.1035551286090488
-1.103206797068668
-1.1030181865120432
-1.1002617670233186
-1.0990395989836335
-1.0972026283938565
-1.080163201803825
-1.071388591169957
-1.070594969109153
-1.068634760122532
-1.0668765942363174
-1.0648841988557118
-1.055747463453376
-1.052078488587752
-1.0346582956783617
-1.0343161170233892
-1.0343092917793704
-1.0338632557987084
-1.0298708260458518
-1.0292685272655269
-1.0204139454346048
-1.0199047782597213
-1.0169234378596526
-1.0080871213049818
-1.0065142218804715
-1.003485224503283
-1.0020380778010505
-0.9835795030993645
-0.9753105904445315
-0.9745079041050905
-0.9730100608970123
-0.9710724088779268
-0.9693199470503246
-0.9667607619041605
-0.9578597451725231
-0.954076670074226
-0.9539603585683278
-0.9398504207592014
-0.9302369238049506
-0.9250187804065468
-0.9217455029289024
-0.9110577913567083
-0.9106599430905288
-0.9093859842338124
-0.9071043020708155
-0.8977959934061283
-0.8921671438709069
-0.887808965330072
-0.882210472062266
-0.8821700366659886
-0.8792782266101159
-0.8723195262693862
-0.8670958811499259
-0.8634027369815649
-0.8585249759498379
-0.8561297292394991
-0.8474626131199662
-0.8329037418329936
-0.8244382071105725
-0.8182526010408552
-0.8176031822055984
-0.7944545617998996
-0.792072923047386
-0.7910986284469348
-0.7818027257501102
-0.7801675379712086
-0.7684441685486538
-0.7510143327147281
-0.7492088807559695
-0.7329187497367766
-0.726864274908791
-0.7211232757572269
-0.721090088046422
-0.7164166468183042
-0.7086520850036999
-0.7033153781525296
-0.7021923479894374
-0.6990530072352972
-0.6945512861638516
-0.6780982809608189
-0.6658356951164635
-0.6638129741397489
-0.6594084602767541
-0.650273591413126
-0.650189979766779
-0.6485252935105017
-0.6298778040030081
-0.6286747524543239
-0.6241302292396775
-0.6105807549591837
-0.6097930303576735
-0.6034171539633809
-0.5603752241335808
-0.55592565694088
-0.550236921386035
-0.5476889732356904
-0.5414333661304614
-0.5354787456399628
-0.5184389017945684
-0.5094550692004037
-0.5033396433521085
-0.49270832699689154
-0.48683881288710684
-0.48225749616718666
-0.47483849591256416
-0.4626923205908317
-0.45358465058882064
-0.45346564786426874
-0.45256833328163915
-0.4514252376629516
-0.4477377229368853
-0.43811096181243403
-0.4264290035108794
-0.42124393777455715
-0.41784525257349875
-0.4137919781011379
-0.41104711512611053
-0.41086841272807734
-0.392461122060781
-0.38218460851641517
-0.375516551025062
-0.3655257905646412
-0.3618509264709375
-0.3574131076150169
-0.3520366758016652
-0.3419286831426521
-0.335493342622603
-0.3323754058493279
-0.3237567298706663
-0.3104878458430439
-0.3102942055895086
-0.3013086615085856
-0.29603543241961044
-0.2825397352395813
-0.27751861283128343
-0.2694494694655055
-0.26943026053848423
-0.2659541788197702
-0.26433664443547933
-0.24650865112274326
-0.24032245395610174
-0.2363625714510682
-0.2327481623153856
-0.23268189685384705
-0.21806165452428874
-0.2147882894744697
-0.213291767361373
-0.19718092871472118
-0.19059424313939433
-0.1806439283704624
-0.17921560799380287
-0.16770795583476117
-0.16700514324729815
-0.16556185292076392
-0.1615116349134832
-0.15845184565703918
-0.13232263057648203
-0.11628797414915482
-0.11369347056999435
-0.11081374322705384
-0.1051773215004726
-0.1009702094381898
-0.09152756956511604
-0.08767445811434627
-0.08538084571046622
-0.08261687332646384
-0.07839401147163727
-0.0737336081363017
-0.07061872049875406
-0.06881754036795618
-0.05880366003684023
-0.05767725114520572
-0.05305011750186528
-0.05174570864513983
-0.051474143489780855
-0.05033528110657015
-0.04956050630023251
-0.04566116550675203
-0.04493940707182709
-0.03655301174340381
-0.03426974836287899
-0.025164406123011934
-0.025008554755320933
0.009499620860889735
0.021064801252187567
0.04216894523092696
0.04556699196468372
0.05306974468157433
0.058692110514098506
0.06708784198890194
0.07214161389657192
0.08534331318901456
0.0903569368505725
0.10377624649466444
0.10452994745020583
0.11379217616214676
0.1174090316853682
0.11897359496337845
0.11947130675620349
0.13231993444776802
0.13373623108767652
0.1347829426624283
0.16060011913866434
0.1661118111136291
0.17743318584341672
0.1789113354156785
0.1799805424271338
0.18227164854908606
0.19085811469161662
0.19163187103110568
0.21035422939216453
0.2174621534629304
0.21858970670755423
0.21913463139941386
0.2342355461673552
0.24488887411254856
0.24730720604256
0.24765876430261902
0.2528898215210599
0.25776181040977986
0.26118574434488856
0.26201723062510024
0.2790380079839001
0.2816323785374611
0.29125040102529265
0.2924827097596573
0.30548764784726046
0.3195570877319018
0.3251237421164339
0.33210945602059494
0.3328859930920697
0.3353415425468762
0.3433265609348627
0.3460443089927705
0.3570139730158419
0.36008225444946323
0.3659099180120753
0.3711017959169233
0.37156849433667877
0.3802105343844031
0.3924222327753233
0.39524759355482286
0.39753621402797934
0.4040524595751688
0.40578751633993704
0.4091920485254691
0.4186030939511085
0.4284490769577619
0.43014321210303147
0.4322685850338921
0.4323930576598361
0.43332393617995646
0.43819566913705243
0.4390392416710179
0.44025405019825986
0.4404786671208856
0.44793159203402666
0.45209291672581686
0.45799682937954883
0.463251899222472
0.46540238458315264
0.47022265094506466
0.4783187743050982
0.4793112675779493
0.4807438048509656
0.48429423821101514
0.4854294375401004
0.4869829015355797
0.4915807135863345
0.49360183276654723
0.49446779698429133
0.5049096873711676
0.5086417390656244
0.5107522651266864
0.5108041402277204
0.5152933113909314
0.5193057717123508
0.5247270777925828
0.5252559232486756
0.5295344555926418
0.530760979170727
0.5323945671624546
0.532417786795357
0.5377133938292173
0.541992013442036
0.5543120995983233
0.5673775740024873
0.5699466408840976
0.5771766225007807
0.5780639455388019
0.5819928615421757
0.5873524270767831
0.5987440352425003
0.6035583095461055
0.6205109976800927
0.6209928541100227
0.6225311601731994
0.6323704069477432
0.6324652358277134
0.6428745884555791
0.6429530857800854
0.6477872238955814
0.657224209051479
0.657672458656046
0.6582709239095821
0.6651879831559734
0.6672172804262584
0.6685125873187852
0.6914901230841638
0.6988411587296302
0.7013747910849288
0.7035907480974222
0.7050545276189192
0.7059397362577686
0.7071202738139075
0.7105526196109675
0.7257197008950734
0.7257426325093775
0.7262268541289737
0.735915682057988
0.7392514591849667
0.7409056290720845
0.7521979884456491
0.7573934565687886
0.768319840560218
0.7706435620650539
0.7777156028699764
0.7944545449404306
0.7955805137456881
0.7997982808268087
0.8104058943076115
0.8149860231063616
0.8179350642439345
0.8321712141976076
0.844506178978361
0.8486178414190462
0.8492988153771381
0.8510796799561499
0.851710350763562
0.8548704509963918
0.8674732228329932
0.873213847399385
0.8735833840599819
0.8738451575519539
0.8793275361820498
0.8913099361060898
0.9083314309886195
0.9199711595356931
0.9212950067696533
0.9233681714110795
0.92819280075345
0.9283379666050489
0.9413295209389115
0.9438485388027216
0.9460429692412758
0.9470098971775286
0.9487395134918716
0.9496463949324665
0.952098515447475
0.9551378009239727
0.9624109215627327
0.9625019036787466
0.9861334314785428
0.9926168378431415
1.0009966963005545
1.004963030599752
1.0159810930224416
1.021743461395365
1.0290110630911715
1.034661318720453
1.043344302741662
1.046385436142234
1.048469028537319
1.0544118717115176
1.0553944710697354
1.0609385482892302
1.065995763527854
1.0677896749728015
1.0929364622296622
1.101026344405752
1.101558482167642
1.1050814576706518
1.1068313350349899
1.1068605432565333
1.1084694341535641
1.1240832125285263
1.133997181866901
1.1354966328042262
1.1430331755377625
1.151959760553474
1.155817206718282
1.1583923618464955
1.166857702140913
1.1688579763967204
1.169328701829749
1.1693440833555828
1.173528953644742
1.180788341781617
1.1901555577275045
1.1911690226681795
1.2288137390441014
1.2361341399367642
1.2605735913914338
1.2619075507113955
1.2644917356268583
1.265400520363176
1.2833400853766233
1.2884750339289868
1.2885643504757742
1.2928685999248062
1.2937721573900662
1.3019141181718208
1.3115939319298588
1.3151354666874069
1.3282878517167176
1.3380518944535744
1.3387041226024314
1.3497137327429738
1.3510136334077703
1.3594853871370445
1.3761267038906713
1.381304603417544
1.4072039507836505
1.4152199379298414
1.4202858701756684
1.439776800184365
1.449101309930641
1.4510804754051005
1.4568354552880742
1.458123004089407
1.4617281964840898
1.4697517310323303
1.4776372813634429
1.480457251719383
1.4813079882968307
1.482474541396224
1.4862290841515553
1.5085377037598109
1.5279714833251874
1.5357033196024155
1.5570910134236506
1.5749948209146853
1.5756469445906665
1.5792820509589816
1.5904622729922357
1.6001735995871242
1.6094564930908608
1.638532072416537
1.65189547049548
1.6647152631452626
1.675318322015002
1.7080403088270861
1.7361321278092263
1.7849962506585855
1.8290696736088736
1.835565533234066
1.8363567022228215
1.8442561620925477
1.8726089840449323
1.8730661219618
1.889092945446266
1.9074807355792234
1.9253498553167592
1.9364752141019843
1.9744412649096912
1.9867242865111812
2.009158753217431
2.0320592984941044
2.037311645055831
2.041522406504711
2.055355123447248
2.065290638048622
2.076647027156369
2.082071782016349
2.1248557134434805
2.1265853871880953
2.151914445829876
2.162994661560619
2.2980743454426977
2.372912450184918
2.440334645715321
2.519431429986013
2.556194524494831
2.5991403522067507
2.8914506193408034
