-21854 1
-13118 2
-13115 3
-9372 4
-8200 5
-7290 6
-6563 7
-6560 8
-5968 9
-5965 10
-5964 11
-5049 12
-4689 13
-4377 15
-3862 16
-3647 19
-3460 20
-3284 21
-2988 23
-2856 24
-2739 25
-2631 26
-2627 27
-2526 28
-2434 30
-2348 32
-2347 34
-2269 35
-2122 36
-2121 37
-1939 38
-1936 39
-1935 40
-1778 41
-1689 42
-1688 43
-1644 44
-1567 45
-1531 46
-1530 47
-1496 48
-1431 50
-1400 51
-1372 52
-1319 53
-1317 54
-1292 56
-1291 57
-1266 58
-1243 59
-1221 60
-1197 61
-1177 62
-1155 63
-1118 64
-1100 65
-1080 66
-1050 68
-1047 69
-1030 70
-1015 71
-1014 72
-1013 73
-985 74
-984 75
-969 76
-957 78
-944 79
-943 80
-917 81
-882 82
-879 84
-868 85
-826 88
-825 89
-806 90
-800 91
-796 92
-768 93
-760 94
-758 95
-754 96
-750 97
-741 99
-710 100
-697 101
-696 102
-689 104
-688 105
-684 106
-673 107
-661 108
-654 109
-643 110
-642 111
-630 112
-620 113
-619 114
-617 115
-609 116
-605 117
-601 118
-600 119
-596 120
-591 121
-590 122
-576 123
-570 124
-567 125
-566 126
-565 127
-563 128
-560 129
-558 130
-551 131
-549 132
-547 133
-544 134
-539 135
-538 136
-537 137
-535 138
-531 140
-522 141
-510 142
-508 144
-506 145
-502 147
-501 149
-494 151
-491 152
-489 153
-488 154
-483 155
-482 156
-473 157
-467 159
-465 161
-464 162
-454 163
-450 165
-449 166
-445 167
-443 168
-442 169
-441 170
-440 171
-433 172
-431 173
-430 174
-429 175
-425 176
-424 177
-423 178
-420 179
-419 180
-418 181
-416 182
-413 183
-412 184
-410 186
-409 187
-405 188
-404 189
-403 190
-398 191
-395 193
-391 196
-390 197
-389 198
-387 199
-384 200
-381 201
-377 202
-376 203
-374 204
-373 205
-371 207
-369 208
-366 211
-364 212
-359 213
-358 214
-356 215
-351 216
-348 218
-344 219
-341 220
-339 221
-337 222
-332 223
-331 224
-329 225
-327 226
-323 227
-322 228
-320 229
-319 230
-318 232
-316 233
-315 234
-313 235
-312 237
-311 239
-310 241
-308 246
-305 248
-303 250
-302 251
-301 252
-300 253
-298 254
-295 255
-293 257
-290 258
-289 259
-287 260
-286 261
-285 262
-284 263
-283 264
-282 265
-281 267
-280 268
-279 269
-278 273
-277 277
-276 281
-275 283
-273 284
-272 285
-268 286
-267 287
-266 288
-262 289
-259 291
-258 293
-257 294
-255 295
-254 297
-253 299
-252 300
-251 302
-250 303
-249 304
-248 306
-247 307
-245 311
-244 313
-243 315
-242 318
-241 320
-240 321
-239 323
-231 326
-230 329
-228 331
-227 333
-225 337
-224 339
-223 341
-222 343
-221 345
-220 346
-219 348
-216 349
-215 351
-214 356
-212 360
-211 363
-210 365
-209 366
-208 367
-207 369
-206 370
-205 372
-203 373
-201 374
-199 375
-198 376
-196 379
-195 380
-194 386
-193 389
-192 394
-191 396
-190 398
-189 400
-188 406
-186 407
-185 410
-184 412
-183 413
-182 414
-181 417
-180 422
-179 423
-178 424
-177 426
-176 429
-175 432
-174 434
-173 436
-172 440
-171 442
-170 445
-169 446
-168 452
-166 458
-165 461
-163 463
-162 464
-161 465
-160 468
-159 473
-158 477
-157 481
-156 486
-155 488
-154 492
-153 494
-152 497
-151 498
-150 503
-149 505
-148 507
-147 513
-146 515
-145 516
-144 521
-143 528
-142 532
-141 536
-140 543
-138 547
-137 553
-135 559
-134 562
-133 563
-132 567
-131 568
-130 572
-129 576
-128 580
-127 584
-126 589
-125 591
-124 596
-123 603
-122 608
-121 614
-120 617
-119 627
-118 631
-117 638
-116 642
-115 644
-114 649
-113 651
-112 655
-111 660
-110 668
-109 680
-108 688
-107 695
-106 701
-105 707
-104 715
-103 720
-102 728
-101 739
-100 747
-99 757
-98 764
-97 772
-96 780
-95 785
-94 790
-93 803
-92 814
-91 825
-90 835
-89 843
-88 855
-87 863
-86 872
-85 879
-84 890
-83 904
-82 912
-81 919
-80 925
-79 934
-78 944
-77 947
-76 956
-75 974
-74 989
-73 1001
-72 1010
-71 1030
-70 1041
-69 1050
-68 1063
-67 1077
-66 1091
-65 1112
-64 1127
-63 1143
-62 1159
-61 1176
-60 1190
-59 1210
-58 1231
-57 1250
-56 1288
-55 1311
-54 1325
-53 1344
-52 1368
-51 1389
-50 1425
-49 1463
-48 1487
-47 1509
-46 1536
-45 1566
-44 1591
-43 1631
-42 1671
-41 1714
-40 1752
-39 1793
-38 1830
-37 1880
-36 1940
-35 1988
-34 2047
-33 2109
-32 2172
-31 2239
-30 2311
-29 2397
-28 2500
-27 2595
-26 2678
-25 2799
-24 2911
-23 3041
-22 3210
-21 3383
-20 3577
-19 3786
-18 4001
-17 4262
-16 4553
-15 4863
-14 5176
-13 5578
-12 6008
-11 6588
-10 7220
-9 7983
-8 8943
-7 10101
-6 11580
-5 13561
-4 16158
-3 19636
-2 24420
-1 31358
0 41070
1 52642
2 62218
3 65396
