-65547 1
-13120 2
-13116 3
-13115 4
-9372 5
-9371 6
-8201 7
-8200 8
-5048 10
-4688 11
-3863 12
-3460 13
-3284 14
-3129 15
-2741 16
-2737 17
-2628 19
-2529 20
-2528 21
-2527 22
-2433 23
-2266 25
-2193 26
-2192 27
-2191 29
-2120 30
-2119 31
-1995 32
-1934 33
-1732 34
-1644 36
-1606 37
-1605 38
-1568 39
-1532 40
-1461 41
-1401 42
-1346 43
-1345 44
-1321 45
-1316 46
-1197 47
-1156 48
-1155 50
-1137 51
-1101 52
-1099 53
-1098 54
-1079 55
-1065 56
-1064 57
-1062 59
-1047 60
-1030 61
-1015 62
-985 63
-984 64
-970 65
-944 66
-907 67
-870 68
-869 69
-868 70
-867 71
-845 72
-835 73
-834 74
-825 75
-805 76
-804 77
-797 78
-786 79
-780 80
-779 81
-759 82
-753 83
-749 84
-733 85
-725 86
-717 87
-711 88
-704 89
-703 90
-689 91
-684 92
-674 93
-669 94
-668 95
-661 96
-656 97
-655 98
-653 99
-649 100
-641 101
-636 102
-630 103
-618 104
-612 105
-607 106
-596 107
-590 108
-585 109
-583 110
-580 111
-571 112
-565 113
-561 114
-556 116
-552 119
-551 120
-547 121
-544 122
-539 123
-537 124
-534 125
-525 126
-524 128
-523 129
-514 130
-511 131
-510 132
-501 133
-491 134
-488 135
-487 136
-486 138
-480 139
-467 140
-464 142
-463 143
-457 144
-453 145
-450 146
-447 147
-439 148
-435 149
-432 151
-431 152
-430 153
-428 154
-420 155
-419 156
-415 157
-412 158
-410 159
-401 160
-398 161
-395 162
-393 163
-391 165
-388 166
-386 168
-374 170
-370 171
-366 172
-365 173
-359 174
-358 176
-357 177
-355 178
-352 179
-351 180
-350 181
-345 182
-344 184
-343 185
-342 187
-339 189
-338 191
-337 193
-336 195
-332 196
-331 198
-329 199
-328 200
-327 201
-325 202
-324 203
-321 204
-320 206
-315 207
-314 208
-313 209
-312 210
-310 211
-309 212
-308 213
-306 215
-305 217
-304 218
-303 219
-300 220
-298 221
-296 222
-295 223
-294 224
-293 226
-291 227
-288 229
-287 230
-285 233
-284 235
-283 236
-282 237
-281 239
-278 240
-276 242
-275 244
-274 245
-272 246
-270 250
-268 251
-265 252
-263 253
-262 256
-261 257
-260 259
-259 261
-258 262
-257 265
-256 267
-255 268
-254 269
-253 271
-252 273
-251 274
-250 275
-248 277
-246 278
-245 280
-243 282
-242 285
-240 286
-239 287
-237 290
-235 292
-234 293
-233 295
-232 296
-231 297
-230 298
-229 299
-228 300
-227 301
-226 302
-222 305
-221 307
-219 309
-218 311
-217 312
-216 313
-215 314
-214 317
-213 318
-211 320
-210 322
-209 324
-208 325
-207 328
-205 329
-204 331
-202 335
-201 337
-200 339
-199 340
-198 344
-197 346
-196 348
-195 351
-194 354
-193 357
-192 360
-191 362
-190 365
-189 368
-188 370
-187 371
-185 373
-183 376
-182 378
-181 380
-180 384
-179 387
-178 390
-177 391
-175 393
-174 394
-173 395
-172 397
-170 401
-169 404
-168 406
-167 407
-166 410
-164 411
-163 415
-161 417
-160 420
-159 422
-158 426
-157 431
-156 433
-155 434
-154 439
-153 440
-152 441
-151 442
-150 446
-149 447
-148 453
-147 459
-146 463
-145 465
-144 468
-143 470
-142 472
-141 476
-140 485
-139 487
-138 491
-137 495
-136 499
-135 502
-134 504
-133 509
-132 514
-131 518
-130 520
-129 521
-128 524
-127 526
-126 531
-125 536
-124 538
-123 540
-122 546
-121 550
-120 556
-119 561
-118 564
-117 570
-116 573
-115 574
-114 576
-113 580
-112 588
-111 596
-110 603
-109 606
-108 616
-107 622
-106 627
-105 631
-104 637
-103 648
-102 654
-101 662
-100 673
-99 680
-98 690
-97 694
-96 703
-95 712
-94 720
-93 730
-92 739
-91 749
-90 761
-89 768
-88 779
-87 784
-86 798
-85 808
-84 818
-83 826
-82 843
-81 855
-80 866
-79 871
-78 886
-77 900
-76 907
-75 920
-74 931
-73 946
-72 960
-71 968
-70 980
-69 991
-68 1008
-67 1027
-66 1041
-65 1055
-64 1068
-63 1085
-62 1096
-61 1113
-60 1133
-59 1158
-58 1183
-57 1214
-56 1236
-55 1259
-54 1293
-53 1317
-52 1342
-51 1368
-50 1394
-49 1433
-48 1466
-47 1503
-46 1532
-45 1564
-44 1603
-43 1635
-42 1689
-41 1743
-40 1789
-39 1837
-38 1888
-37 1946
-36 2008
-35 2062
-34 2122
-33 2190
-32 2265
-31 2344
-30 2435
-29 2513
-28 2619
-27 2706
-26 2823
-25 2948
-24 3048
-23 3182
-22 3317
-21 3479
-20 3672
-19 3845
-18 4077
-17 4277
-16 4548
-15 4856
-14 5210
-13 5623
-12 6086
-11 6638
-10 7301
-9 8100
-8 9031
-7 10248
-6 11732
-5 13624
-4 16180
-3 19713
-2 24629
-1 31515
0 41010
1 52545
2 62258
3 65414
