-65546 1
-16393 2
-9370 4
-8205 5
-8200 6
-7291 7
-7290 8
-5966 9
-5048 10
-4690 11
-4689 12
-4107 14
-4102 15
-3649 16
-3457 17
-3285 19
-3284 21
-2989 22
-2986 23
-2859 24
-2857 25
-2856 26
-2739 27
-2528 28
-2527 29
-2434 31
-2349 33
-2267 35
-2191 36
-2056 37
-2055 38
-2054 39
-1936 40
-1933 41
-1880 42
-1828 43
-1780 45
-1778 46
-1732 47
-1731 49
-1690 51
-1686 52
-1566 53
-1531 55
-1496 56
-1495 57
-1463 59
-1431 61
-1403 63
-1401 64
-1372 65
-1344 66
-1317 68
-1293 69
-1266 70
-1247 71
-1180 72
-1179 73
-1177 74
-1176 75
-1156 76
-1155 78
-1117 79
-1099 81
-1098 82
-1080 84
-1064 85
-1048 86
-1046 87
-1031 88
-1029 89
-970 91
-956 92
-928 93
-919 94
-891 95
-879 96
-858 97
-847 98
-825 99
-815 100
-805 101
-796 102
-795 103
-770 104
-768 105
-760 107
-741 108
-721 109
-719 110
-718 111
-717 112
-702 114
-691 115
-688 116
-675 117
-670 120
-668 121
-662 122
-655 123
-649 124
-642 125
-641 126
-637 127
-635 128
-629 130
-624 131
-613 133
-600 134
-599 135
-586 136
-581 137
-580 138
-569 139
-567 140
-566 141
-562 142
-548 143
-542 144
-536 146
-534 147
-530 149
-529 152
-526 153
-525 154
-521 155
-519 156
-518 157
-508 158
-504 159
-489 160
-488 161
-487 162
-484 163
-470 164
-469 165
-468 166
-466 167
-464 168
-462 169
-459 170
-456 171
-453 172
-447 173
-440 174
-437 175
-436 176
-430 178
-425 179
-417 180
-409 182
-408 183
-405 185
-403 186
-402 187
-399 188
-397 189
-395 190
-391 192
-387 193
-385 194
-381 195
-380 196
-375 197
-374 198
-372 199
-371 200
-370 201
-367 202
-364 203
-361 204
-359 205
-357 206
-352 207
-347 209
-345 210
-344 212
-341 213
-337 214
-336 215
-331 217
-327 219
-325 220
-324 221
-323 223
-321 224
-319 225
-318 227
-317 228
-315 230
-314 234
-313 235
-312 236
-311 237
-307 239
-305 240
-304 241
-302 243
-301 244
-299 245
-298 246
-297 247
-296 248
-295 249
-294 251
-292 253
-291 256
-288 257
-287 258
-286 259
-285 260
-284 261
-283 263
-280 264
-277 265
-276 266
-275 267
-274 269
-273 270
-272 271
-271 272
-269 273
-268 274
-265 275
-264 277
-263 279
-262 281
-261 283
-260 284
-258 285
-257 286
-253 287
-251 288
-249 289
-248 291
-247 293
-246 294
-245 296
-244 299
-243 300
-242 301
-241 303
-240 304
-239 306
-238 308
-237 309
-236 312
-235 313
-232 315
-231 316
-230 318
-229 319
-227 320
-226 321
-224 324
-223 325
-222 326
-220 329
-219 330
-218 331
-217 333
-216 336
-215 337
-214 338
-212 339
-211 341
-210 343
-207 345
-206 347
-203 349
-202 351
-201 354
-200 357
-199 358
-198 359
-197 361
-196 364
-195 367
-193 369
-192 375
-191 376
-190 378
-189 379
-188 380
-187 383
-186 384
-185 386
-184 388
-183 390
-182 391
-181 392
-180 396
-179 397
-178 398
-177 400
-176 401
-175 404
-172 406
-171 410
-170 414
-168 415
-167 420
-166 421
-165 422
-164 424
-163 426
-162 430
-160 434
-159 439
-158 441
-157 444
-156 448
-155 450
-154 451
-153 453
-152 456
-151 458
-150 460
-149 461
-148 463
-147 467
-146 469
-145 471
-144 472
-143 475
-142 478
-141 479
-140 483
-139 485
-138 492
-137 496
-136 498
-135 500
-134 501
-133 503
-132 509
-131 513
-130 516
-129 520
-128 522
-127 524
-126 526
-125 527
-124 529
-123 533
-122 538
-121 546
-120 550
-119 552
-118 557
-117 563
-116 567
-115 572
-114 578
-113 587
-112 591
-111 599
-110 605
-109 611
-108 618
-107 621
-106 625
-105 637
-104 644
-103 655
-102 663
-101 671
-100 677
-99 688
-98 693
-97 704
-96 708
-95 714
-94 724
-93 730
-92 736
-91 743
-90 754
-89 762
-88 771
-87 781
-86 788
-85 798
-84 814
-83 825
-82 835
-81 843
-80 855
-79 863
-78 874
-77 884
-76 890
-75 904
-74 909
-73 920
-72 931
-71 949
-70 960
-69 974
-68 988
-67 999
-66 1006
-65 1021
-64 1033
-63 1045
-62 1061
-61 1078
-60 1095
-59 1113
-58 1133
-57 1158
-56 1195
-55 1208
-54 1226
-53 1249
-52 1277
-51 1306
-50 1330
-49 1366
-48 1401
-47 1425
-46 1457
-45 1493
-44 1527
-43 1565
-42 1612
-41 1658
-40 1706
-39 1748
-38 1799
-37 1845
-36 1884
-35 1957
-34 2027
-33 2099
-32 2165
-31 2239
-30 2302
-29 2401
-28 2497
-27 2605
-26 2704
-25 2821
-24 2955
-23 3094
-22 3256
-21 3412
-20 3583
-19 3770
-18 3987
-17 4228
-16 4499
-15 4783
-14 5148
-13 5564
-12 6010
-11 6546
-10 7222
-9 8005
-8 8951
-7 10134
-6 11620
-5 13528
-4 16102
-3 19624
-2 24591
-1 31481
0 41055
1 52619
2 62313
3 65417
