-65545.054067 1
-6560.455896 2
-5964.886382 3
-5467.976642 4
-4103.882757 5
-3863.831154 6
-2855.723601 7
-2739.419970 8
-2346.466896 9
-1778.731984 10
-1645.107009 11
-1605.985908 12
-1566.531310 13
-1464.260333 14
-1064.134678 15
-1063.282251 16
-1036.237610 17
-1029.143225 18
-997.796471 19
-943.333491 20
-928.776723 21
-914.844717 22
-825.617868 23
-775.531885 24
-768.112145 25
-732.982912 26
-681.618553 27
-667.564714 28
-595.661658 29
-575.098118 30
-574.098198 31
-565.178056 32
-561.934457 33
-531.532663 34
-530.526961 35
-522.712140 36
-509.310012 37
-489.837676 38
-468.935024 39
-466.520554 40
-443.948964 41
-443.615311 42
-427.623142 43
-426.061729 44
-414.060857 45
-411.118883 46
-406.879406 47
-401.314140 48
-386.521969 49
-384.189648 50
-376.693380 51
-365.036304 52
-359.801520 53
-359.711520 54
-358.040047 55
-353.230727 56
-350.652333 57
-347.114945 58
-335.485035 59
-324.410559 60
-311.575714 61
-309.707046 62
-305.559897 63
-296.177312 64
-285.725620 65
-285.275554 66
-282.636041 67
-281.600629 68
-279.334117 69
-273.347481 70
-269.938691 71
-263.724320 72
-263.406411 73
-263.028641 74
-261.974797 75
-260.337121 76
-259.908303 77
-257.975889 78
-255.547784 79
-255.022968 80
-253.568105 81
-247.450778 82
-240.622988 83
-235.299356 84
-233.507994 85
-233.138215 86
-229.709726 87
-226.355782 88
-221.773239 89
-221.734314 90
-219.190472 91
-216.105322 92
-214.837564 93
-212.876158 94
-211.491951 95
-209.957764 96
-208.337172 97
-207.253487 98
-206.383794 99
-205.808595 100
-205.059807 101
-200.583871 102
-199.350425 103
-194.654037 104
-193.825500 105
-186.976662 106
-185.569041 107
-184.022843 108
-183.346506 109
-181.834386 110
-174.072937 111
-173.357058 112
-170.761144 113
-169.480212 114
-167.992576 115
-167.522801 116
-164.505199 117
-163.558191 118
-161.210636 119
-160.515781 120
-159.439939 121
-158.531459 122
-154.740351 123
-150.017644 124
-148.578035 125
-147.559553 126
-147.105838 127
-146.725316 128
-146.329545 129
-146.116834 130
-144.297814 131
-143.533591 132
-142.579102 133
-136.854027 134
-136.532904 135
-135.803656 136
-135.196342 137
-134.643952 138
-130.012249 139
-129.404823 140
-127.732790 141
-127.576597 142
-126.194357 143
-125.786963 144
-124.724683 145
-123.980414 146
-123.901438 147
-123.533210 148
-123.323215 149
-122.148349 150
-121.794038 151
-119.908379 152
-118.120416 153
-117.093437 154
-116.340788 155
-114.826171 156
-114.722032 157
-112.429374 158
-110.658606 159
-110.559169 160
-109.684406 161
-109.276834 162
-108.968762 163
-108.678955 164
-108.210443 165
-108.139226 166
-107.840040 167
-107.290715 168
-104.739315 169
-104.725137 170
-104.520579 171
-104.064307 172
-102.226177 173
-101.243349 174
-100.904312 175
-99.788591 176
-99.525260 177
-99.205907 178
-99.080442 179
-98.515340 180
-97.682971 181
-96.191862 182
-96.174813 183
-96.024082 184
-95.682776 185
-95.236402 186
-94.781595 187
-94.598279 188
-94.375913 189
-94.243190 190
-92.887386 191
-92.043868 192
-91.276417 193
-90.627867 194
-90.050769 195
-90.008459 196
-90.004956 197
-89.971563 198
-89.763719 199
-89.276186 200
-88.959754 201
-88.935957 202
-88.865811 203
-88.852553 204
-88.756101 205
-87.186626 206
-86.958538 207
-86.270233 208
-86.218359 209
-85.931920 210
-85.038331 211
-84.963011 212
-84.470614 213
-84.319199 214
-83.764162 215
-82.839707 216
-82.569725 217
-82.542957 218
-81.844674 219
-81.832608 220
-81.528851 221
-81.435402 222
-81.060783 223
-80.754785 224
-80.739246 225
-80.338737 226
-80.159856 227
-80.059803 228
-79.964458 229
-79.327748 230
-79.316064 231
-78.984737 232
-78.401068 233
-78.205594 234
-78.043419 235
-77.632776 236
-77.544893 237
-77.381173 238
-77.365597 239
-77.209854 240
-75.412801 241
-74.854030 242
-74.848180 243
-74.726219 244
-74.347599 245
-74.331610 246
-73.084734 247
-72.989526 248
-72.927559 249
-72.612922 250
-71.848411 251
-70.977629 252
-70.674253 253
-70.404056 254
-70.394098 255
-70.323068 256
-70.297995 257
-70.203879 258
-70.156719 259
-70.027521 260
-69.706906 261
-69.415837 262
-69.293181 263
-69.275998 264
-69.171044 265
-69.128798 266
-68.449541 267
-68.214829 268
-67.988066 269
-67.936869 270
-67.912846 271
-67.707508 272
-67.637777 273
-67.593018 274
-30.369946 596
-20.047424 918
-14.858119 1240
-11.860313 1562
-9.991593 1884
-8.609579 2206
-7.559990 2528
-6.639411 2850
-5.965670 3172
-5.362017 3494
-4.877742 3816
-4.424766 4138
-4.078087 4460
-3.736162 4782
-3.405478 5104
-3.095754 5426
-2.842750 5748
-2.606081 6070
-2.388680 6392
-2.164229 6714
-2.000741 7036
-1.810297 7358
-1.650067 7680
-1.491903 8002
-1.336796 8324
-1.184273 8646
-1.049002 8968
-0.918611 9290
-0.788853 9612
-0.669119 9934
-0.539393 10256
-0.423135 10578
-0.301565 10900
-0.189212 11222
-0.082673 11544
0.030463 11866
0.149321 12188
0.271259 12510
0.382284 12832
0.501200 13154
0.608197 13476
0.713180 13798
0.842337 14120
0.963193 14442
1.085067 14764
1.248877 15086
1.415100 15408
1.626594 15730
1.927090 16052
