-32777.694375 1
-9371.392563 2
-5471.219794 3
-4376.290977 4
-3650.102289 5
-2348.430608 6
-2193.187988 7
-2192.316294 8
-2054.511239 9
-1991.913287 10
-1644.322206 11
-1565.781074 12
-1463.131474 13
-1318.083108 14
-1266.705751 15
-1242.129453 16
-1158.654784 17
-1156.101352 18
-1117.888409 19
-1048.937057 20
-985.932112 21
-985.644609 22
-984.063377 23
-929.840490 24
-826.490613 25
-824.973778 26
-816.736360 27
-814.115667 28
-757.217833 29
-673.256978 30
-667.929646 31
-660.854521 32
-660.844442 33
-607.003859 34
-582.742760 35
-547.575504 36
-537.347927 37
-536.519750 38
-533.841922 39
-498.571590 40
-473.439470 41
-445.306291 42
-439.277398 43
-437.819478 44
-433.503133 45
-429.410319 46
-428.240133 47
-425.719634 48
-424.732190 49
-403.601444 50
-388.088843 51
-385.590455 52
-375.021565 53
-365.249890 54
-364.950219 55
-348.203298 56
-345.207260 57
-343.322828 58
-339.315886 59
-335.238956 60
-317.050824 61
-316.097861 62
-307.114015 63
-295.363261 64
-294.042383 65
-290.515265 66
-286.236891 67
-282.577610 68
-276.384087 69
-275.288065 70
-271.535715 71
-263.169309 72
-263.001265 73
-261.953945 74
-254.086646 75
-252.248482 76
-245.082090 77
-244.621391 78
-238.530623 79
-237.940748 80
-236.821827 81
-235.049694 82
-227.032369 83
-225.801788 84
-221.258201 85
-220.828168 86
-217.898055 87
-209.692318 88
-208.929759 89
-200.467386 90
-197.364521 91
-192.259792 92
-191.527861 93
-191.513205 94
-185.936626 95
-185.633555 96
-183.153678 97
-182.432003 98
-178.193503 99
-177.731272 100
-177.191872 101
-174.393476 102
-174.340639 103
-170.908337 104
-169.503094 105
-167.159345 106
-166.251381 107
-166.012950 108
-165.419478 109
-164.173506 110
-163.634422 111
-159.799817 112
-158.688059 113
-157.776218 114
-156.004304 115
-153.047451 116
-151.657654 117
-151.046599 118
-150.445584 119
-149.384689 120
-149.138962 121
-148.595867 122
-146.647002 123
-146.583157 124
-145.261901 125
-145.123245 126
-144.585526 127
-144.350675 128
-144.263063 129
-141.187845 130
-140.751160 131
-140.649830 132
-140.648668 133
-139.236395 134
-138.547133 135
-138.496290 136
-137.424465 137
-135.496440 138
-135.255694 139
-133.688830 140
-132.242891 141
-131.596945 142
-130.769168 143
-130.524302 144
-127.581890 145
-127.465764 146
-125.075881 147
-125.074592 148
-124.563571 149
-122.508794 150
-121.074088 151
-117.274415 152
-116.561165 153
-115.256546 154
-113.692203 155
-113.559009 156
-113.174300 157
-113.108476 158
-113.026044 159
-111.264210 160
-110.900757 161
-110.824464 162
-109.632298 163
-107.674699 164
-107.672008 165
-107.260805 166
-106.883797 167
-106.021168 168
-105.696924 169
-105.658589 170
-104.819101 171
-104.560812 172
-101.644534 173
-99.610830 174
-99.291242 175
-99.134400 176
-98.902744 177
-98.793050 178
-98.667810 179
-97.470331 180
-96.699986 181
-96.466608 182
-96.195076 183
-96.125094 184
-95.787002 185
-95.620418 186
-95.250538 187
-94.948296 188
-94.438545 189
-94.063107 190
-93.886983 191
-93.185451 192
-92.840559 193
-92.470216 194
-91.268655 195
-91.240500 196
-91.225663 197
-91.111318 198
-90.842270 199
-90.383043 200
-90.381849 201
-89.957717 202
-89.698150 203
-89.622371 204
-89.300878 205
-89.190026 206
-89.075505 207
-88.643713 208
-88.332644 209
-88.140818 210
-87.094711 211
-87.064448 212
-86.831057 213
-86.764258 214
-85.632263 215
-84.970799 216
-84.956306 217
-84.783561 218
-84.675051 219
-84.021970 220
-83.526671 221
-83.289830 222
-82.311851 223
-82.191898 224
-80.763262 225
-80.415915 226
-80.338832 227
-80.202067 228
-79.486460 229
-79.068091 230
-78.732401 231
-78.636794 232
-78.578666 233
-78.042412 234
-77.907342 235
-76.876606 236
-76.854481 237
-76.757829 238
-76.528809 239
-76.499515 240
-75.827833 241
-75.589160 242
-75.123444 243
-74.555835 244
-73.954321 245
-73.611486 246
-73.520174 247
-73.425751 248
-73.290857 249
-73.152808 250
-72.684655 251
-72.411906 252
-72.388981 253
-72.219650 254
-72.087177 255
-71.498426 256
-70.077765 257
-69.252346 258
-69.162326 259
-69.146283 260
-69.136566 261
-69.104067 262
-68.315442 263
-68.059672 264
-67.760135 265
-67.691643 266
-67.571415 267
-67.167969 268
-67.005226 269
-66.921483 270
-66.530047 271
-66.490480 272
-66.392788 273
-66.275222 274
-30.684085 596
-19.977073 918
-14.779544 1240
-12.137776 1562
-10.149117 1884
-8.765172 2206
-7.751842 2528
-6.834196 2850
-6.062026 3172
-5.455775 3494
-4.940357 3816
-4.499222 4138
-4.091614 4460
-3.730999 4782
-3.362711 5104
-3.036947 5426
-2.766786 5748
-2.550883 6070
-2.325502 6392
-2.122201 6714
-1.940590 7036
-1.759419 7358
-1.586991 7680
-1.428367 8002
-1.282169 8324
-1.139034 8646
-0.999138 8968
-0.873159 9290
-0.754853 9612
-0.636312 9934
-0.509384 10256
-0.394448 10578
-0.269227 10900
-0.154895 11222
-0.041705 11544
0.057513 11866
0.165353 12188
0.266817 12510
0.374896 12832
0.484521 13154
0.597309 13476
0.719566 13798
0.846165 14120
0.972356 14442
1.098874 14764
1.246201 15086
1.418221 15408
1.625976 15730
1.910767 16052
