-32778.488068 1
-7293.121215 2
-5966.358383 3
-4104.520399 4
-2738.834088 5
-1644.171084 6
-1606.662149 7
-1342.975602 8
-1267.004562 9
-1062.341804 10
-1015.039183 11
-985.466780 12
-957.300128 13
-916.375775 14
-880.292255 15
-787.058191 16
-769.241006 17
-729.504884 18
-717.003647 19
-674.659122 20
-661.492798 21
-640.214505 22
-635.586778 23
-613.361475 24
-608.134940 25
-579.738831 26
-579.565649 27
-563.756995 28
-551.640889 29
-548.587928 30
-542.384320 31
-514.597867 32
-453.790546 33
-450.615980 34
-438.324480 35
-431.764619 36
-397.428966 37
-394.906760 38
-369.334673 39
-351.104528 40
-336.210893 41
-335.420975 42
-332.294490 43
-330.465786 44
-327.618293 45
-326.381969 46
-321.348149 47
-315.698543 48
-309.525318 49
-305.308717 50
-304.006989 51
-300.017598 52
-299.679807 53
-299.415141 54
-298.890324 55
-293.523560 56
-283.027153 57
-280.934701 58
-277.789751 59
-277.632260 60
-272.511964 61
-269.137361 62
-262.338284 63
-258.575223 64
-253.080870 65
-252.130265 66
-250.505093 67
-248.624380 68
-242.208630 69
-241.220396 70
-237.172246 71
-235.903963 72
-229.886939 73
-228.360529 74
-225.558713 75
-225.071809 76
-221.887706 77
-216.597731 78
-207.808064 79
-206.308387 80
-206.210671 81
-202.455138 82
-202.312902 83
-199.341167 84
-199.139254 85
-198.076497 86
-197.788093 87
-195.656660 88
-194.891641 89
-194.169528 90
-188.365145 91
-188.193596 92
-188.050690 93
-185.696794 94
-184.920113 95
-184.573859 96
-182.256614 97
-178.028793 98
-177.723445 99
-172.269759 100
-170.945374 101
-168.103169 102
-166.135102 103
-166.087621 104
-163.936470 105
-163.757989 106
-159.669871 107
-156.596927 108
-153.742163 109
-152.849280 110
-150.229487 111
-145.734865 112
-145.414885 113
-144.711629 114
-144.242483 115
-142.842859 116
-141.737500 117
-140.224856 118
-140.176022 119
-137.290144 120
-137.219208 121
-136.241119 122
-136.192399 123
-135.310357 124
-133.707241 125
-133.430936 126
-131.906147 127
-131.892917 128
-130.224717 129
-128.941582 130
-128.828667 131
-128.730142 132
-128.181712 133
-127.204997 134
-125.995263 135
-125.888868 136
-124.867699 137
-123.682275 138
-122.386558 139
-121.779100 140
-119.993044 141
-117.710252 142
-117.267595 143
-116.680094 144
-115.628982 145
-115.492238 146
-115.220080 147
-114.494297 148
-114.244378 149
-113.610454 150
-113.527970 151
-112.399491 152
-112.327917 153
-112.327094 154
-111.871568 155
-110.881465 156
-109.484087 157
-109.290244 158
-107.983095 159
-107.316610 160
-107.218303 161
-106.274577 162
-105.454855 163
-104.188322 164
-103.912104 165
-103.794232 166
-103.227864 167
-102.916171 168
-101.718897 169
-101.594586 170
-101.234889 171
-101.224024 172
-101.190401 173
-99.678158 174
-99.386700 175
-98.658138 176
-98.463120 177
-97.998032 178
-97.828190 179
-96.807917 180
-95.944928 181
-95.919983 182
-95.881020 183
-95.303966 184
-94.809589 185
-94.777499 186
-94.270543 187
-94.246060 188
-93.538408 189
-93.232200 190
-92.652620 191
-91.836245 192
-91.423649 193
-90.844280 194
-90.517333 195
-88.251972 196
-87.351376 197
-86.808241 198
-86.589495 199
-86.536224 200
-86.407683 201
-86.285496 202
-86.076163 203
-85.988765 204
-85.966213 205
-85.535090 206
-85.334328 207
-85.239309 208
-85.162492 209
-84.797763 210
-83.955848 211
-83.894155 212
-83.872601 213
-83.341525 214
-82.684516 215
-82.261369 216
-82.101939 217
-81.329680 218
-80.881207 219
-80.136483 220
-79.858116 221
-79.747223 222
-79.674217 223
-79.206577 224
-79.032988 225
-78.947262 226
-78.818495 227
-78.129495 228
-77.969285 229
-77.966044 230
-77.573691 231
-77.236560 232
-77.123016 233
-77.025644 234
-76.890528 235
-76.871337 236
-76.670359 237
-76.486861 238
-76.337532 239
-75.993997 240
-75.467146 241
-74.198039 242
-73.857341 243
-73.834303 244
-73.499104 245
-73.468583 246
-73.173669 247
-73.003765 248
-72.930887 249
-72.107949 250
-71.811467 251
-71.693303 252
-71.617057 253
-71.258541 254
-71.153203 255
-71.105698 256
-71.036832 257
-71.035485 258
-69.809053 259
-69.664837 260
-69.405661 261
-69.183094 262
-69.106987 263
-68.709955 264
-68.690980 265
-68.259284 266
-68.168058 267
-67.991345 268
-67.455243 269
-67.367435 270
-67.235349 271
-67.097396 272
-67.091713 273
-66.960235 274
-32.987952 596
-21.989822 918
-15.980163 1240
-12.542254 1562
-10.433651 1884
-8.862151 2206
-7.611808 2528
-6.648381 2850
-5.962984 3172
-5.370537 3494
-4.845145 3816
-4.361543 4138
-4.014865 4460
-3.664793 4782
-3.348695 5104
-3.044018 5426
-2.788676 5748
-2.556248 6070
-2.323718 6392
-2.109347 6714
-1.925330 7036
-1.755200 7358
-1.597663 7680
-1.443312 8002
-1.279438 8324
-1.130043 8646
-0.999532 8968
-0.876481 9290
-0.744118 9612
-0.623566 9934
-0.495098 10256
-0.381427 10578
-0.260722 10900
-0.145359 11222
-0.040691 11544
0.060835 11866
0.164311 12188
0.276085 12510
0.380852 12832
0.480802 13154
0.606150 13476
0.727688 13798
0.834823 14120
0.964407 14442
1.094687 14764
1.251550 15086
1.428799 15408
1.613835 15730
1.912171 16052
