-10932.268010 1
-8199.811234 2
-5468.914379 3
-4687.932149 4
-2987.073445 5
-2348.545361 6
-1932.742253 7
-1880.605151 8
-1776.985633 9
-1606.899321 10
-1568.188386 11
-1529.022633 12
-1497.156371 13
-1462.526897 14
-1429.758150 15
-1319.162716 16
-1291.676888 17
-1046.859279 18
-1000.066197 19
-954.654965 20
-879.700890 21
-804.221061 22
-757.549065 23
-704.017753 24
-702.346809 25
-701.287038 26
-681.411019 27
-666.956663 28
-636.782079 29
-624.090305 30
-607.110831 31
-591.819037 32
-586.147716 33
-579.647700 34
-575.198402 35
-562.129357 36
-561.222464 37
-555.380625 38
-542.579328 39
-541.850217 40
-521.146050 41
-490.270781 42
-483.420549 43
-445.647536 44
-417.975569 45
-404.990848 46
-392.899510 47
-372.893728 48
-371.790887 49
-368.907112 50
-355.084348 51
-353.654667 52
-351.142796 53
-340.326792 54
-334.188872 55
-330.246508 56
-328.834431 57
-324.098709 58
-323.340617 59
-320.070766 60
-313.935048 61
-307.908512 62
-304.748609 63
-300.465918 64
-293.055755 65
-286.197291 66
-286.063789 67
-283.767493 68
-280.762490 69
-272.024162 70
-268.309084 71
-264.352480 72
-261.741809 73
-258.105282 74
-250.880864 75
-250.388449 76
-249.063594 77
-248.910473 78
-238.802387 79
-234.420033 80
-233.860093 81
-231.345412 82
-230.238670 83
-225.653678 84
-221.969564 85
-220.584471 86
-219.083542 87
-216.120762 88
-213.329055 89
-212.923476 90
-209.225837 91
-207.325702 92
-204.565261 93
-200.132677 94
-195.192666 95
-194.851506 96
-191.767878 97
-191.302084 98
-189.203303 99
-186.789011 100
-186.419751 101
-184.713751 102
-184.275320 103
-183.135826 104
-183.035478 105
-182.275631 106
-177.042662 107
-176.183728 108
-175.836665 109
-175.255603 110
-175.225634 111
-174.186741 112
-173.850657 113
-171.909268 114
-171.632563 115
-171.118803 116
-170.644548 117
-168.163933 118
-167.669678 119
-167.014685 120
-166.786370 121
-159.236084 122
-157.564795 123
-157.279386 124
-155.104382 125
-154.497234 126
-153.773170 127
-153.346731 128
-152.944153 129
-150.350291 130
-149.658202 131
-148.632514 132
-146.022343 133
-145.357942 134
-144.956298 135
-144.643264 136
-142.359995 137
-142.286860 138
-141.693003 139
-140.680165 140
-140.669403 141
-140.499598 142
-138.915992 143
-138.758994 144
-138.432839 145
-138.092376 146
-138.020948 147
-137.384787 148
-137.091300 149
-136.954165 150
-136.906289 151
-135.266124 152
-133.197318 153
-131.869051 154
-131.211792 155
-130.499454 156
-129.256711 157
-129.247169 158
-129.212130 159
-128.889357 160
-128.610465 161
-128.554478 162
-127.476797 163
-127.074262 164
-126.538275 165
-125.857234 166
-123.887346 167
-123.805921 168
-121.212236 169
-120.598208 170
-120.072522 171
-119.982861 172
-119.699585 173
-119.336925 174
-119.038090 175
-118.567092 176
-116.815914 177
-116.446152 178
-113.913256 179
-113.237985 180
-112.516216 181
-111.535609 182
-111.199606 183
-110.620373 184
-109.836225 185
-109.559062 186
-109.154713 187
-107.856071 188
-106.509234 189
-106.385980 190
-106.150957 191
-105.844952 192
-105.806510 193
-105.090209 194
-104.638281 195
-104.472738 196
-104.092423 197
-103.397824 198
-102.267927 199
-102.254377 200
-101.953371 201
-101.878286 202
-101.779050 203
-100.215804 204
-100.127726 205
-99.719556 206
-99.344017 207
-98.766790 208
-98.263490 209
-97.446558 210
-96.938261 211
-96.797174 212
-96.512166 213
-93.817258 214
-93.572963 215
-93.414482 216
-92.610828 217
-92.467934 218
-92.354207 219
-91.829200 220
-91.368507 221
-91.053889 222
-88.864009 223
-88.424522 224
-87.976959 225
-87.843562 226
-87.287297 227
-87.080156 228
-87.017661 229
-86.981665 230
-86.405270 231
-86.010440 232
-85.598837 233
-84.471488 234
-84.331647 235
-83.993088 236
-83.561310 237
-82.834533 238
-82.568548 239
-81.309501 240
-81.260503 241
-81.105160 242
-81.054400 243
-80.683318 244
-80.521077 245
-79.873493 246
-79.872686 247
-79.735573 248
-79.649605 249
-79.390346 250
-79.024621 251
-78.825756 252
-78.788469 253
-78.445173 254
-77.412802 255
-76.937355 256
-76.924667 257
-75.831618 258
-75.794419 259
-74.727778 260
-74.594692 261
-73.547291 262
-72.839831 263
-72.696818 264
-72.694022 265
-72.194517 266
-72.115304 267
-71.863564 268
-71.835743 269
-71.123068 270
-71.056483 271
-70.787217 272
-70.568772 273
-69.987933 274
-31.292804 596
-21.152830 918
-15.976925 1240
-12.815549 1562
-10.633143 1884
-9.021211 2206
-7.862505 2528
-6.893108 2850
-6.193927 3172
-5.601017 3494
-5.033466 3816
-4.515387 4138
-4.126795 4460
-3.744963 4782
-3.397528 5104
-3.113835 5426
-2.830381 5748
-2.599615 6070
-2.358693 6392
-2.161759 6714
-1.963750 7036
-1.788143 7358
-1.610085 7680
-1.440981 8002
-1.294666 8324
-1.141131 8646
-1.012197 8968
-0.873291 9290
-0.746069 9612
-0.618192 9934
-0.503138 10256
-0.388276 10578
-0.274075 10900
-0.167019 11222
-0.053628 11544
0.048280 11866
0.168652 12188
0.275598 12510
0.376997 12832
0.491001 13154
0.604038 13476
0.723882 13798
0.851660 14120
0.976469 14442
1.110348 14764
1.259400 15086
1.437790 15408
1.644588 15730
1.885088 16052
