-13118.376141 1
-13115.338986 2
-6560.343221 3
-5048.735897 4
-2987.917252 5
-2630.578478 6
-2434.070289 7
-2347.338683 8
-1938.843946 9
-1688.724271 10
-1688.269930 11
-1643.882306 12
-1566.608785 13
-1118.258667 14
-1079.755672 15
-1050.067679 16
-983.751000 17
-957.064492 18
-943.198808 19
-916.668783 20
-882.221931 21
-868.448599 22
-795.979937 23
-760.044310 24
-696.103835 25
-695.808122 26
-688.070102 27
-661.394468 28
-618.864537 29
-608.501392 30
-589.858315 31
-564.632636 32
-557.895080 33
-530.606215 34
-509.626508 35
-508.359233 36
-505.547392 37
-483.396045 38
-473.352047 39
-464.232827 40
-449.946248 41
-442.608887 42
-430.903017 43
-424.330685 44
-409.615846 45
-408.908677 46
-405.041045 47
-404.430718 48
-395.465847 49
-394.698494 50
-376.686220 51
-376.084296 52
-373.140258 53
-372.695236 54
-358.434220 55
-350.544219 56
-331.544366 57
-329.435246 58
-321.715229 59
-315.106985 60
-310.657251 61
-309.607996 62
-307.894991 63
-305.361866 64
-305.357162 65
-302.691527 66
-299.962900 67
-295.120786 68
-288.837263 69
-285.069612 70
-279.243569 71
-279.169847 72
-278.386205 73
-278.187627 74
-276.847260 75
-275.900969 76
-267.901225 77
-265.579062 78
-248.740593 79
-244.616731 80
-240.847883 81
-230.835418 82
-228.027251 83
-225.419349 84
-224.497081 85
-218.818561 86
-215.924094 87
-215.382409 88
-214.860264 89
-213.728208 90
-208.113825 91
-206.206915 92
-198.178355 93
-195.267214 94
-194.556497 95
-193.352154 96
-193.205681 97
-193.029388 98
-192.102079 99
-191.875421 100
-190.922051 101
-189.294908 102
-187.846563 103
-181.753370 104
-177.419485 105
-176.025083 106
-175.535917 107
-173.454771 108
-172.353498 109
-171.118728 110
-168.388588 111
-167.918830 112
-165.831049 113
-165.034344 114
-162.384219 115
-161.470716 116
-159.331853 117
-159.030841 118
-157.937948 119
-157.500305 120
-155.069045 121
-153.497120 122
-152.268939 123
-151.461741 124
-151.049056 125
-148.396257 126
-147.677955 127
-145.573529 128
-145.396489 129
-144.789458 130
-144.669508 131
-144.373234 132
-143.246224 133
-141.199180 134
-140.891228 135
-140.063703 136
-137.674971 137
-137.393819 138
-137.225024 139
-137.054020 140
-134.675263 141
-133.324911 142
-131.264349 143
-129.510718 144
-129.438139 145
-129.367094 146
-122.143186 147
-122.071325 148
-120.674688 149
-119.930685 150
-119.106603 151
-118.964698 152
-118.638540 153
-118.048711 154
-117.557002 155
-116.963050 156
-116.750287 157
-115.060700 158
-113.374464 159
-112.798035 160
-112.618228 161
-112.021297 162
-112.005119 163
-111.438667 164
-111.268185 165
-110.633292 166
-110.542304 167
-110.277556 168
-109.880865 169
-108.691137 170
-108.081288 171
-107.721265 172
-107.247548 173
-106.868858 174
-105.982430 175
-105.364501 176
-105.211042 177
-105.116660 178
-103.632262 179
-103.436171 180
-103.189007 181
-103.126729 182
-102.173331 183
-101.930099 184
-101.555363 185
-101.405959 186
-101.123855 187
-100.763202 188
-100.171198 189
-100.022563 190
-99.693136 191
-99.620987 192
-99.246945 193
-99.235790 194
-98.598548 195
-97.480826 196
-97.468229 197
-97.133108 198
-96.374267 199
-96.141447 200
-95.933662 201
-95.014687 202
-94.901583 203
-94.567162 204
-94.135252 205
-93.901580 206
-93.555120 207
-93.142149 208
-93.134824 209
-92.646620 210
-92.121920 211
-92.087513 212
-91.342971 213
-90.947665 214
-90.862234 215
-90.292201 216
-90.184823 217
-89.128055 218
-89.115850 219
-89.111045 220
-89.092940 221
-88.399414 222
-88.312079 223
-87.743896 224
-86.720789 225
-85.688289 226
-85.298236 227
-85.040760 228
-84.952982 229
-84.823205 230
-84.469086 231
-83.723181 232
-82.241638 233
-81.561555 234
-81.541800 235
-81.031180 236
-80.844821 237
-79.615544 238
-79.200297 239
-78.978024 240
-78.785665 241
-78.632289 242
-78.378989 243
-77.152018 244
-77.021925 245
-76.971570 246
-76.655158 247
-76.241351 248
-76.198571 249
-75.834753 250
-75.810537 251
-75.096175 252
-75.069730 253
-74.884134 254
-74.767686 255
-74.583927 256
-74.544409 257
-74.382945 258
-74.349203 259
-73.950062 260
-73.539014 261
-73.240728 262
-73.032455 263
-72.264411 264
-71.915315 265
-71.800107 266
-71.654419 267
-71.244806 268
-71.111370 269
-70.558946 270
-69.987115 271
-69.811026 272
-69.276045 273
-68.979120 274
-29.699590 596
-19.799938 918
-14.865194 1240
-11.817627 1562
-9.690273 1884
-8.366872 2206
-7.273363 2528
-6.409178 2850
-5.778180 3172
-5.219819 3494
-4.705814 3816
-4.285528 4138
-3.904716 4460
-3.576532 4782
-3.282119 5104
-2.987115 5426
-2.731785 5748
-2.512992 6070
-2.307285 6392
-2.111799 6714
-1.918530 7036
-1.737377 7358
-1.586028 7680
-1.434560 8002
-1.274278 8324
-1.132611 8646
-0.987603 8968
-0.845624 9290
-0.723391 9612
-0.599159 9934
-0.486715 10256
-0.370458 10578
-0.261001 10900
-0.136880 11222
-0.020166 11544
0.085324 11866
0.184739 12188
0.289703 12510
0.400238 12832
0.508032 13154
0.615997 13476
0.730119 13798
0.848328 14120
0.975251 14442
1.100969 14764
1.244601 15086
1.421664 15408
1.628662 15730
1.906916 16052
